timestamp,linear_x,linear_y,linear_z,angular_x,angular_y,angular_z
2025-12-16 17:24:39.212,0.000408,-0.000338,-0.000367,-0.000528,0.001778,0.000541
2025-12-16 17:24:39.263,0.000583,-0.002692,-0.004041,-0.001189,0.006978,-0.002037
2025-12-16 17:24:39.312,0.001428,-0.001383,-0.002284,0.001263,0.004036,-0.002307
2025-12-16 17:24:39.362,0.002418,-0.003211,0.002926,0.000698,-0.006666,-0.003174
2025-12-16 17:24:39.412,0.001907,-0.001003,0.001091,0.000148,-0.004435,-0.002077
2025-12-16 17:24:39.462,0.003850,-0.005051,0.000308,0.003916,0.001962,-0.011861
2025-12-16 17:24:39.513,0.002558,-0.004599,-0.002283,-0.000674,0.005385,-0.002132
2025-12-16 17:24:39.562,0.004687,-0.007358,-0.000979,0.001856,-0.003909,-0.001673
2025-12-16 17:24:39.612,0.005831,-0.003835,0.000589,0.008465,0.001314,-0.007985
2025-12-16 17:24:39.662,0.002964,-0.003173,0.000956,0.001610,-0.001889,0.010915
2025-12-16 17:24:39.712,0.005524,-0.006236,0.003481,0.001995,-0.007985,0.004936
2025-12-16 17:24:39.762,0.005586,-0.006936,-0.001017,-0.000197,0.001924,-0.005990
2025-12-16 17:24:39.812,0.001625,-0.004303,-0.002773,-0.002015,0.001834,0.001901
2025-12-16 17:24:39.862,0.003160,-0.004782,-0.005113,0.000546,0.002065,0.001082
2025-12-16 17:24:39.912,0.005665,-0.004945,0.000979,-0.000466,-0.004527,-0.000951
2025-12-16 17:24:39.962,0.005253,-0.009161,-0.002148,-0.002477,0.002694,-0.009190
2025-12-16 17:24:40.012,0.007686,-0.008470,-0.001143,-0.000996,-0.006304,-0.000229
2025-12-16 17:24:40.062,0.008146,-0.008883,-0.004682,-0.000571,-0.001675,0.004824
2025-12-16 17:24:40.112,0.011291,-0.015027,-0.007787,0.003162,0.000965,-0.002762
2025-12-16 17:24:40.162,0.013040,-0.017049,-0.009564,-0.004386,-0.002803,0.005525
2025-12-16 17:24:40.212,0.014533,-0.021243,-0.009933,-0.007480,0.000664,-0.004302
2025-12-16 17:24:40.262,0.013729,-0.016510,-0.007007,0.003393,0.003654,0.000089
2025-12-16 17:24:40.312,0.014854,-0.016825,-0.008364,0.003400,0.002463,-0.001790
2025-12-16 17:24:40.362,0.013477,-0.017960,-0.009572,-0.004320,0.004694,-0.007308
2025-12-16 17:24:40.412,0.014986,-0.015608,-0.007886,-0.002201,0.002351,-0.004897
2025-12-16 17:24:40.462,0.011254,-0.013767,-0.008905,-0.002043,0.001811,-0.002839
2025-12-16 17:24:40.512,0.010067,-0.011973,-0.008396,-0.002901,-0.002061,0.008260
2025-12-16 17:24:40.562,0.011779,-0.009257,-0.003343,0.001232,-0.009489,0.001528
2025-12-16 17:24:40.612,0.012245,-0.008696,-0.003292,0.002900,-0.010686,0.008773
2025-12-16 17:24:40.662,0.016234,-0.016750,-0.006471,-0.001592,-0.007682,-0.006231
2025-12-16 17:24:40.713,0.014696,-0.011568,-0.007230,-0.000566,-0.001611,0.006718
2025-12-16 17:24:40.762,0.013717,-0.013573,-0.007977,-0.002398,-0.007155,0.003772
2025-12-16 17:24:40.813,0.014616,-0.012956,-0.006321,0.001451,-0.006427,0.001951
2025-12-16 17:24:40.862,0.012414,-0.013868,-0.011279,0.001559,0.002209,0.004284
2025-12-16 17:24:40.913,0.012685,-0.011808,-0.011152,0.000559,-0.002170,0.008220
2025-12-16 17:24:40.967,0.012758,-0.010483,-0.012610,0.005912,-0.004014,0.008994
2025-12-16 17:24:41.012,0.014986,-0.014613,-0.015013,-0.001000,-0.001971,0.005630
2025-12-16 17:24:41.062,0.018776,-0.011719,-0.012287,0.002939,0.001245,-0.000785
2025-12-16 17:24:41.112,0.014563,-0.009234,-0.015232,0.002901,0.007901,0.006571
2025-12-16 17:24:41.163,0.012878,-0.006592,-0.015284,0.005148,0.007149,0.006385
2025-12-16 17:24:41.212,0.013095,-0.005277,-0.013285,-0.003934,0.000460,0.002297
2025-12-16 17:24:41.262,0.016756,-0.006901,-0.013523,-0.000645,-0.000779,-0.010454
2025-12-16 17:24:41.313,0.015420,-0.005203,-0.016018,-0.002636,-0.000106,-0.001488
2025-12-16 17:24:41.363,0.014537,-0.007111,-0.013538,-0.003652,-0.001112,0.001560
2025-12-16 17:24:41.413,0.013354,-0.006310,-0.014928,-0.001651,0.001856,0.005637
2025-12-16 17:24:41.462,0.010914,-0.005282,-0.010559,-0.000355,0.002051,0.006607
2025-12-16 17:24:41.512,0.012141,-0.007491,-0.007127,-0.000160,-0.005426,0.000979
2025-12-16 17:24:41.562,0.009580,-0.007353,-0.008003,-0.003575,-0.000389,0.002929
2025-12-16 17:24:41.612,0.007891,-0.004788,-0.008082,0.004261,0.005079,0.008181
2025-12-16 17:24:41.662,0.008951,-0.008839,-0.009752,-0.001880,0.006445,-0.005043
2025-12-16 17:24:41.712,0.008491,-0.007755,-0.012379,-0.003722,0.004157,0.004207
2025-12-16 17:24:41.762,0.008371,-0.007166,-0.013814,-0.003065,0.001371,-0.003827
2025-12-16 17:24:41.812,0.004464,-0.003671,-0.016061,-0.003642,0.003895,0.006793
2025-12-16 17:24:41.863,0.005068,-0.005285,-0.014785,-0.000247,-0.000957,0.000751
2025-12-16 17:24:41.912,0.005224,-0.004821,-0.015781,-0.003871,0.003376,0.002155
2025-12-16 17:24:41.962,0.004273,-0.002954,-0.016586,-0.001972,-0.003013,0.009579
2025-12-16 17:24:42.012,0.008313,-0.006370,-0.015269,0.001501,-0.000972,-0.006251
2025-12-16 17:24:42.062,0.007120,-0.005256,-0.014867,-0.001330,-0.002048,0.001896
2025-12-16 17:24:42.113,0.009919,-0.005351,-0.012290,0.000855,-0.001944,-0.000671
2025-12-16 17:24:42.164,0.012954,-0.006773,-0.011568,0.005695,0.004607,-0.009827
2025-12-16 17:24:42.213,0.012046,-0.007786,-0.010594,0.000661,0.001227,-0.006352
2025-12-16 17:24:42.262,0.011523,-0.007928,-0.008480,0.000538,-0.006423,-0.007437
2025-12-16 17:24:42.312,0.008543,-0.007206,-0.007163,0.002102,0.000972,-0.007993
2025-12-16 17:24:42.362,0.007865,-0.006238,-0.004345,0.004635,0.005328,-0.010140
2025-12-16 17:24:42.412,0.004323,-0.006115,-0.008290,-0.006394,0.001777,-0.000966
2025-12-16 17:24:42.462,0.009052,-0.004008,-0.002413,-0.000081,-0.006446,-0.006373
2025-12-16 17:24:42.512,0.008818,-0.006154,-0.005694,0.003433,-0.002719,0.003954
2025-12-16 17:24:42.562,0.010042,-0.009287,-0.010821,-0.002758,-0.002835,-0.007357
2025-12-16 17:24:42.612,0.008568,-0.004891,-0.013110,0.006065,-0.000951,0.007449
2025-12-16 17:24:42.667,0.009543,-0.005085,-0.013573,0.009549,0.005714,0.001629
2025-12-16 17:24:42.712,0.009788,-0.005740,-0.011816,0.002256,-0.008768,0.011011
2025-12-16 17:24:42.762,0.006506,-0.007185,-0.015921,-0.000761,0.004954,0.006703
2025-12-16 17:24:42.812,0.005933,-0.004704,-0.012130,-0.002539,-0.006314,0.005550
2025-12-16 17:24:42.862,0.003043,-0.002414,-0.009256,-0.001788,-0.002484,0.005180
2025-12-16 17:24:42.912,0.003934,-0.006302,-0.007601,-0.001368,0.004219,-0.004303
2025-12-16 17:24:42.962,0.004116,-0.002965,-0.004523,-0.000703,0.004870,-0.004548
2025-12-16 17:24:43.013,0.001937,-0.005072,-0.003247,0.003946,0.000872,0.001191
2025-12-16 17:24:43.066,0.000371,-0.007843,-0.005864,-0.006084,0.000875,0.001586
2025-12-16 17:24:43.114,-0.000031,-0.006654,-0.007272,-0.005696,0.005374,-0.002873
2025-12-16 17:24:43.162,0.002449,-0.005032,0.000549,0.005016,-0.001962,-0.004974
2025-12-16 17:24:43.212,0.000358,-0.003992,-0.004211,-0.003718,-0.002181,0.003195
2025-12-16 17:24:43.262,-0.001086,-0.004463,-0.005190,0.002984,-0.000818,0.009904
2025-12-16 17:24:43.313,0.001247,-0.008473,-0.005406,-0.003784,-0.007851,0.004408
2025-12-16 17:24:43.363,0.001066,-0.008799,-0.004793,0.008288,0.002526,0.000373
2025-12-16 17:24:43.412,0.002376,-0.008361,-0.003570,0.002766,0.000215,-0.006339
2025-12-16 17:24:43.462,0.000839,-0.006078,-0.003959,0.005688,-0.000694,-0.000609
2025-12-16 17:24:43.512,-0.001286,-0.005177,-0.002801,0.001393,-0.003101,0.000567
2025-12-16 17:24:43.562,-0.002656,-0.005533,-0.004074,-0.001589,0.006965,-0.004115
2025-12-16 17:24:43.613,-0.001209,-0.008855,-0.003543,0.002347,0.003086,-0.005843
2025-12-16 17:24:43.662,-0.005340,-0.005719,-0.004294,0.002583,0.000464,0.009584
2025-12-16 17:24:43.712,-0.001829,-0.012705,-0.004674,-0.004823,0.001349,-0.001576
2025-12-16 17:24:43.762,-0.003279,-0.013499,-0.005649,-0.004621,-0.001023,0.004204
2025-12-16 17:24:43.812,-0.003908,-0.015189,-0.005304,0.000928,0.000138,-0.001536
2025-12-16 17:24:43.863,-0.005112,-0.012429,-0.006497,-0.000321,-0.001232,0.004704
2025-12-16 17:24:43.913,-0.003641,-0.009791,-0.007596,0.002456,0.011347,-0.006887
2025-12-16 17:24:43.962,0.000683,-0.007304,-0.005383,-0.003251,0.001590,-0.007518
2025-12-16 17:24:44.012,-0.001031,-0.001868,-0.000307,-0.000843,-0.011740,0.006779
2025-12-16 17:24:44.062,-0.006397,-0.000429,-0.004383,-0.002225,0.004178,0.008080
2025-12-16 17:24:44.113,-0.009047,-0.002325,-0.004098,-0.002739,0.002945,0.004359
2025-12-16 17:24:44.162,-0.007841,-0.003628,-0.004311,-0.005977,-0.005742,0.008531
2025-12-16 17:24:44.212,-0.009793,-0.004004,-0.007613,0.002101,0.005875,-0.002486
2025-12-16 17:24:44.262,-0.006223,-0.003458,-0.004394,-0.001768,-0.012149,0.009803
2025-12-16 17:24:44.312,-0.005458,-0.007306,-0.006144,-0.001605,-0.001860,-0.002912
2025-12-16 17:24:44.362,-0.005424,-0.005415,-0.003644,0.001626,0.000913,-0.008483
2025-12-16 17:24:44.412,-0.007668,-0.002471,-0.006344,-0.000806,0.002139,0.003440
2025-12-16 17:24:44.462,-0.004612,-0.004054,-0.004238,0.002135,-0.008161,0.000414
2025-12-16 17:24:44.512,-0.009129,-0.003123,-0.006307,-0.001977,0.004377,0.003455
2025-12-16 17:24:44.562,-0.006209,-0.003733,-0.006634,-0.001574,0.005093,-0.000672
2025-12-16 17:24:44.612,-0.009116,-0.002322,-0.007042,-0.002552,0.006036,0.007024
2025-12-16 17:24:44.663,-0.006797,-0.002652,-0.006800,-0.003911,0.004551,-0.000036
2025-12-16 17:24:44.712,-0.007008,-0.000882,-0.005251,0.000956,0.004312,0.002306
2025-12-16 17:24:44.762,-0.004600,-0.001922,-0.004731,0.000942,0.000387,-0.002687
2025-12-16 17:24:44.812,-0.003258,-0.000297,-0.001162,0.007534,-0.003385,-0.005484
2025-12-16 17:24:44.862,-0.005586,-0.002570,-0.005922,-0.003414,0.001622,-0.004401
2025-12-16 17:24:44.913,-0.005936,-0.002271,-0.004933,-0.000785,-0.000663,-0.000741
2025-12-16 17:24:44.963,-0.004770,-0.002037,-0.003045,-0.000072,-0.006331,0.005798
2025-12-16 17:24:45.012,-0.007994,-0.006702,-0.008545,-0.000962,0.010606,-0.007919
2025-12-16 17:24:45.062,-0.011511,-0.002024,-0.008662,-0.001390,0.005665,0.007630
2025-12-16 17:24:45.112,-0.004945,-0.000400,-0.004022,0.001947,0.006349,-0.002390
2025-12-16 17:24:45.162,-0.002880,0.000235,-0.002580,-0.001127,0.002731,0.003868
2025-12-16 17:24:45.212,-0.003872,-0.000811,-0.002706,0.003782,0.004312,-0.004792
2025-12-16 17:24:45.263,-0.004177,-0.000729,-0.003963,-0.004157,-0.001272,-0.002015
2025-12-16 17:24:45.313,-0.008450,-0.001267,-0.007784,-0.001001,0.000685,0.000457
2025-12-16 17:24:45.362,-0.005622,-0.001403,-0.004654,-0.001772,-0.001915,0.002965
2025-12-16 17:24:45.412,-0.000958,-0.001849,-0.005689,-0.000906,-0.000424,0.002325
2025-12-16 17:24:45.463,0.004337,-0.000790,-0.006697,0.000154,-0.002420,0.003400
2025-12-16 17:24:45.512,0.002930,-0.000426,-0.010012,-0.001519,0.006170,0.003563
2025-12-16 17:24:45.563,0.003635,-0.000551,-0.012756,-0.003224,-0.005023,-0.001474
2025-12-16 17:24:45.613,-0.000135,0.003664,-0.012720,0.002029,0.000934,-0.003386
2025-12-16 17:24:45.663,0.000215,0.003861,-0.011218,-0.003586,-0.004015,-0.001435
2025-12-16 17:24:45.712,-0.001600,0.003070,-0.009314,-0.001969,0.002259,-0.001292
2025-12-16 17:24:45.763,0.000101,0.001522,-0.004395,0.001481,-0.001958,-0.007198
2025-12-16 17:24:45.812,-0.003180,-0.000038,-0.007209,-0.000096,0.001220,-0.004745
2025-12-16 17:24:45.862,-0.006839,0.001556,-0.009543,-0.002590,-0.002504,0.012669
2025-12-16 17:24:45.912,-0.004234,-0.003351,-0.009362,0.003598,-0.008353,-0.000263
2025-12-16 17:24:45.963,-0.008594,-0.003225,-0.012666,0.002654,0.004565,0.001436
2025-12-16 17:24:46.012,-0.001463,-0.007778,-0.010367,-0.002992,-0.008844,0.003017
2025-12-16 17:24:46.062,-0.004894,-0.005041,-0.014480,-0.001998,0.000517,0.006593
2025-12-16 17:24:46.112,-0.002552,-0.000313,-0.012988,0.003753,0.002257,0.003745
2025-12-16 17:24:46.162,-0.001218,0.000560,-0.010009,0.004143,-0.002430,0.005272
2025-12-16 17:24:46.213,0.001087,-0.001856,-0.008978,-0.003976,0.000567,-0.008889
2025-12-16 17:24:46.262,0.003018,0.000351,-0.005239,0.003629,-0.004752,-0.003931
2025-12-16 17:24:46.312,-0.001157,-0.000357,-0.009777,-0.005365,0.001463,-0.007954
2025-12-16 17:24:46.362,-0.001385,0.001885,-0.011300,0.002138,0.000680,0.004685
2025-12-16 17:24:46.412,0.000582,0.001707,-0.009622,0.002174,-0.006872,0.007023
2025-12-16 17:24:46.462,0.001124,-0.001728,-0.007640,-0.001744,-0.011025,0.011538
2025-12-16 17:24:46.514,-0.001806,-0.005405,-0.009849,0.004117,0.004254,0.004994
2025-12-16 17:24:46.563,-0.000113,-0.009901,-0.011617,-0.000444,0.002378,-0.002166
2025-12-16 17:24:46.613,0.000181,-0.003306,-0.009341,0.002364,-0.001002,0.008482
2025-12-16 17:24:46.665,-0.001856,-0.004871,-0.011742,-0.003357,-0.004230,0.009261
2025-12-16 17:24:46.713,0.000773,-0.009034,-0.006182,0.002191,0.005516,-0.009825
2025-12-16 17:24:46.763,-0.003869,-0.009420,-0.006699,0.003988,0.006750,-0.001533
2025-12-16 17:24:46.812,-0.002685,-0.008047,-0.006407,-0.002257,0.006281,-0.006231
2025-12-16 17:24:46.862,0.000830,-0.003974,-0.005097,0.000571,-0.003369,0.002081
2025-12-16 17:24:46.912,-0.000819,-0.002542,-0.006030,-0.002327,0.002198,0.002325
2025-12-16 17:24:46.962,0.002036,-0.003475,-0.005919,-0.000232,0.001973,-0.002211
2025-12-16 17:24:47.012,-0.001541,-0.003732,-0.007627,0.004929,0.005608,0.004697
2025-12-16 17:24:47.063,-0.000448,-0.001988,-0.004724,-0.001065,0.001284,0.001435
2025-12-16 17:24:47.112,0.001224,-0.002657,-0.002450,-0.000541,-0.002471,-0.000602
2025-12-16 17:24:47.162,0.000633,0.000507,0.001276,0.001333,-0.001921,0.000728
2025-12-16 17:24:47.212,-0.000398,0.000218,-0.001249,-0.000210,0.000325,0.001807
2025-12-16 17:24:47.262,0.001020,-0.000077,0.000604,0.000235,-0.002752,-0.000241
2025-12-16 17:24:47.312,-0.000481,-0.002824,-0.001743,0.002857,-0.000546,-0.000007
2025-12-16 17:24:47.362,-0.001100,-0.002968,-0.007301,-0.000382,0.007960,0.000133
2025-12-16 17:24:47.412,-0.001276,-0.004177,-0.009201,-0.000676,0.008666,-0.000631
2025-12-16 17:24:47.462,-0.001646,-0.002536,-0.007045,0.001325,0.004650,0.005103
2025-12-16 17:24:47.512,-0.003321,0.000347,-0.006624,-0.001458,-0.005142,0.014541
2025-12-16 17:24:47.564,-0.001287,-0.000708,-0.003592,0.004446,-0.001343,-0.007206
2025-12-16 17:24:47.612,-0.002763,0.001584,-0.001333,0.004488,-0.000794,-0.001196
2025-12-16 17:24:47.662,-0.004828,0.005255,-0.004812,0.000533,-0.007923,0.010586
2025-12-16 17:24:47.713,-0.002034,0.004240,-0.007721,0.006801,0.005377,-0.006710
2025-12-16 17:24:47.762,-0.003342,0.004200,-0.015355,0.001203,-0.001772,0.004153
2025-12-16 17:24:47.813,-0.002197,0.007559,-0.017128,0.000324,-0.007873,0.015228
2025-12-16 17:24:47.862,-0.005613,0.012421,-0.021519,0.006153,0.007067,0.003965
2025-12-16 17:24:47.912,-0.002798,0.008492,-0.013323,-0.001521,0.000866,0.006525
2025-12-16 17:24:47.962,-0.004919,0.003340,-0.011337,-0.002548,-0.003246,-0.000112
2025-12-16 17:24:48.012,-0.008300,-0.000656,-0.008343,0.005281,-0.012241,0.007662
2025-12-16 17:24:48.062,-0.016381,0.005148,-0.017866,0.004124,-0.007808,0.004113
2025-12-16 17:24:48.112,-0.021976,0.004338,-0.027460,-0.000041,-0.002234,-0.008024
2025-12-16 17:24:48.162,-0.014560,0.009827,-0.022208,0.001834,0.000010,-0.001613
2025-12-16 17:24:48.212,-0.009683,0.010398,-0.014822,0.001229,-0.002625,0.010489
2025-12-16 17:24:48.262,-0.009643,-0.005132,-0.015086,0.002177,0.010682,-0.006057
2025-12-16 17:24:48.312,-0.016313,-0.001874,-0.024156,0.005984,0.000214,0.003813
2025-12-16 17:24:48.364,-0.007847,-0.005563,-0.026447,-0.007259,-0.001719,0.004851
2025-12-16 17:24:48.412,-0.002800,-0.011005,-0.030945,-0.008278,0.000408,-0.015920
2025-12-16 17:24:48.462,-0.005280,-0.015271,-0.045075,-0.003708,0.013582,-0.051069
2025-12-16 17:24:48.512,-0.017643,0.047393,-0.069151,0.004860,0.022301,-0.004135
2025-12-16 17:24:48.563,-0.005292,0.057275,-0.075366,-0.008645,0.007143,0.012026
2025-12-16 17:24:48.612,0.010680,0.046927,-0.039652,0.004908,0.005291,-0.008983
2025-12-16 17:24:48.662,0.006968,0.019910,-0.016682,-0.006774,-0.002848,-0.000963
2025-12-16 17:24:48.713,0.004070,-0.007649,0.009473,0.003136,-0.003772,-0.014096
2025-12-16 17:24:48.763,0.005134,-0.022005,0.025124,0.005900,0.000318,0.001578
2025-12-16 17:24:48.813,-0.002913,-0.027622,0.024913,0.006461,-0.009598,0.007432
2025-12-16 17:24:48.863,-0.000961,-0.025779,0.019812,0.011254,0.000705,-0.003533
2025-12-16 17:24:48.912,0.001618,-0.020993,0.003857,0.001372,-0.000657,-0.006396
2025-12-16 17:24:48.962,0.004118,-0.011886,-0.000092,0.000300,0.001140,-0.008566
2025-12-16 17:24:49.012,-0.000449,-0.003498,-0.003815,-0.002434,-0.002744,0.001121
2025-12-16 17:24:49.062,-0.003129,0.007270,-0.002650,-0.008624,-0.004471,0.009397
2025-12-16 17:24:49.112,0.000077,0.007098,0.000639,0.001594,-0.003240,-0.006701
2025-12-16 17:24:49.162,-0.000897,0.003755,-0.001695,-0.008465,-0.005319,-0.001428
2025-12-16 17:24:49.213,0.000875,-0.001050,0.000430,-0.000081,-0.001311,-0.002231
2025-12-16 17:24:49.262,0.000084,-0.000618,-0.000005,0.000297,0.000503,-0.001885
2025-12-16 17:24:49.312,-0.000077,-0.000349,-0.000501,0.001249,0.012091,-0.008324
2025-12-16 17:24:49.362,0.004426,-0.000954,0.000961,0.005354,-0.000729,-0.004002
2025-12-16 17:24:49.412,0.000346,-0.001702,-0.000664,-0.003021,0.006570,-0.002893
2025-12-16 17:24:49.462,0.002787,0.000032,0.003691,0.001804,0.001936,-0.001088
2025-12-16 17:24:49.512,0.001145,0.000225,0.002122,0.000417,0.007968,-0.001821
2025-12-16 17:24:49.562,-0.000528,0.000593,0.000308,0.002649,0.005874,-0.001327
2025-12-16 17:24:49.612,-0.000926,-0.000632,-0.000226,-0.000948,0.001233,-0.000951
2025-12-16 17:24:49.662,0.000076,0.001978,0.000986,0.001634,-0.001793,0.003312
2025-12-16 17:24:49.712,0.001019,0.000397,0.000930,0.000999,-0.002055,0.000257
2025-12-16 17:24:49.762,0.000013,0.000944,0.000324,-0.000437,-0.001045,0.001518
2025-12-16 17:24:49.812,-0.000160,0.000517,0.000259,-0.000079,0.000355,0.000267
2025-12-16 17:24:49.862,0.000056,-0.000021,-0.000140,0.002339,0.001567,-0.000117
2025-12-16 17:24:49.912,-0.000780,-0.003192,-0.001865,-0.002441,0.001743,-0.003483
2025-12-16 17:24:49.962,0.000845,-0.005478,0.003338,-0.001939,-0.004537,-0.005028
2025-12-16 17:24:50.012,0.001001,-0.001623,0.003602,0.002051,0.002415,0.003469
2025-12-16 17:24:50.062,-0.000321,-0.004109,0.002087,-0.002431,0.007829,0.001191
2025-12-16 17:24:50.113,-0.001620,-0.003474,0.002416,-0.000282,0.002227,-0.006565
2025-12-16 17:24:50.162,-0.002972,-0.002310,0.004200,0.001679,-0.002278,-0.002077
2025-12-16 17:24:50.212,-0.003897,0.000692,0.003183,0.001308,-0.001025,0.003429
2025-12-16 17:24:50.262,-0.005715,0.000152,-0.000379,-0.000610,0.005500,0.003578
2025-12-16 17:24:50.312,0.002111,-0.002926,0.002998,0.003016,-0.003769,-0.006889
2025-12-16 17:24:50.362,0.000209,-0.001413,-0.000021,0.001414,0.003662,-0.002553
