timestamp,linear_x,linear_y,linear_z,angular_x,angular_y,angular_z
2025-12-16 17:59:49.362,-0.003305,0.001997,-0.002075,0.003470,0.002767,0.000872
2025-12-16 17:59:49.412,-0.001946,0.003123,0.000109,0.001555,-0.000990,0.004694
2025-12-16 17:59:49.462,-0.000784,0.003299,0.001166,0.003391,-0.001920,-0.004012
2025-12-16 17:59:49.513,-0.001149,0.001529,-0.001470,-0.002832,-0.006205,0.006445
2025-12-16 17:59:49.563,-0.003971,-0.000408,-0.002982,-0.000360,0.006171,-0.000411
2025-12-16 17:59:49.612,-0.003219,0.003464,-0.001754,0.002102,0.002766,0.001380
2025-12-16 17:59:49.662,-0.002211,0.003569,-0.001507,-0.004224,-0.006865,0.006184
2025-12-16 17:59:49.712,-0.005574,0.005965,-0.000965,0.002712,-0.001255,0.006384
2025-12-16 17:59:49.762,-0.003256,0.004201,-0.000513,0.005184,0.002496,-0.001455
2025-12-16 17:59:49.812,-0.002663,0.000848,-0.002380,0.002583,0.003237,-0.002329
2025-12-16 17:59:49.863,0.000936,-0.000794,-0.000377,-0.004452,-0.006665,-0.001891
2025-12-16 17:59:49.914,0.000320,0.000526,-0.000064,-0.000918,-0.004345,-0.000194
2025-12-16 17:59:49.962,-0.000394,0.000727,-0.000622,-0.001388,-0.000197,0.001222
2025-12-16 17:59:50.012,-0.003283,0.002109,-0.002047,0.000734,-0.001630,0.000594
2025-12-16 17:59:50.062,-0.003728,-0.001870,-0.003302,-0.001740,-0.000357,-0.002823
2025-12-16 17:59:50.112,-0.002066,-0.005284,-0.004600,0.001029,0.002654,-0.008323
2025-12-16 17:59:50.162,-0.002105,-0.000844,-0.005490,0.001458,0.001007,-0.007595
2025-12-16 17:59:50.212,-0.000755,-0.002426,-0.006431,-0.001204,-0.008902,0.007258
2025-12-16 17:59:50.262,0.001631,-0.004816,-0.005874,0.005626,0.003982,-0.009273
2025-12-16 17:59:50.312,-0.004703,-0.005312,-0.017037,0.002313,0.006110,-0.001285
2025-12-16 17:59:50.362,-0.005980,-0.004536,-0.016647,0.001260,-0.001119,-0.004782
2025-12-16 17:59:50.412,-0.007117,-0.004871,-0.022764,0.004678,-0.008959,-0.004731
2025-12-16 17:59:50.462,-0.010895,-0.004079,-0.025180,0.000248,-0.008855,0.000180
2025-12-16 17:59:50.512,-0.012783,0.000558,-0.027455,0.004754,0.003778,-0.001935
2025-12-16 17:59:50.562,-0.009323,0.003567,-0.027215,0.001399,0.002216,-0.001154
2025-12-16 17:59:50.612,-0.006918,0.001938,-0.025845,-0.004139,0.003853,0.000078
2025-12-16 17:59:50.662,-0.005480,-0.003202,-0.022471,-0.000030,0.008285,-0.010050
2025-12-16 17:59:50.712,-0.006201,-0.007036,-0.019597,-0.001569,0.000213,0.006148
2025-12-16 17:59:50.762,-0.003819,-0.011052,-0.012258,-0.000473,-0.000991,-0.008197
2025-12-16 17:59:50.812,-0.003918,-0.006829,-0.011534,-0.002313,-0.001048,0.001976
2025-12-16 17:59:50.862,-0.001716,-0.002319,-0.007874,0.001088,0.001734,-0.000147
2025-12-16 17:59:50.913,-0.005291,-0.001371,-0.010914,-0.002107,-0.003300,0.014876
2025-12-16 17:59:50.962,-0.003314,-0.001005,-0.008967,0.002542,0.003347,-0.000479
2025-12-16 17:59:51.013,-0.003403,-0.000927,-0.008226,0.002770,-0.002339,0.001043
2025-12-16 17:59:51.062,-0.002592,-0.002368,-0.010904,-0.000331,0.003352,-0.004879
2025-12-16 17:59:51.112,-0.000435,-0.001051,-0.009535,0.000546,-0.006443,0.000051
2025-12-16 17:59:51.162,-0.001058,-0.001633,-0.015481,0.001556,0.001099,0.006658
2025-12-16 17:59:51.212,0.000126,-0.003817,-0.018978,0.001070,0.002478,0.004595
2025-12-16 17:59:51.262,0.002194,-0.005131,-0.017655,0.001260,-0.000091,0.001293
2025-12-16 17:59:51.312,0.003404,-0.002411,-0.016208,0.003433,-0.007905,0.006627
2025-12-16 17:59:51.362,0.001695,-0.002616,-0.018525,0.003373,0.005046,0.001660
2025-12-16 17:59:51.412,0.005064,-0.007187,-0.017635,-0.003500,-0.003538,-0.003904
2025-12-16 17:59:51.462,0.004632,-0.004049,-0.015157,-0.001645,0.007685,-0.003035
2025-12-16 17:59:51.512,0.004780,-0.002907,-0.011369,0.000768,0.001645,-0.000543
2025-12-16 17:59:51.562,0.007738,-0.004471,-0.010541,-0.001512,0.001399,-0.003553
2025-12-16 17:59:51.613,0.009484,-0.011418,-0.010211,0.009172,0.007489,-0.013658
2025-12-16 17:59:51.663,0.008002,-0.006552,-0.013141,0.001607,0.012283,-0.006798
2025-12-16 17:59:51.712,0.006193,-0.005262,-0.012645,0.001614,0.005450,-0.000078
2025-12-16 17:59:51.762,0.003155,-0.004126,-0.014099,-0.004220,-0.000405,0.007695
2025-12-16 17:59:51.812,0.004270,-0.008884,-0.011652,0.000702,0.000481,-0.001063
2025-12-16 17:59:51.862,0.006686,-0.004402,-0.008881,0.002670,0.000191,-0.000054
2025-12-16 17:59:51.912,0.005134,-0.003948,-0.011948,-0.001065,-0.001302,0.004987
2025-12-16 17:59:51.963,0.005616,-0.002450,-0.010643,-0.001363,-0.004005,0.007379
2025-12-16 17:59:52.012,0.008533,-0.003621,-0.012074,0.000666,-0.002883,0.000255
2025-12-16 17:59:52.062,0.006597,-0.003992,-0.012708,0.001895,-0.005601,0.007174
2025-12-16 17:59:52.112,0.010797,-0.007625,-0.016082,-0.002209,0.005496,-0.006783
2025-12-16 17:59:52.163,0.012263,-0.004452,-0.018258,-0.002262,-0.005599,0.005692
2025-12-16 17:59:52.212,0.009789,-0.005223,-0.022687,-0.004008,0.000187,0.005680
2025-12-16 17:59:52.263,0.008440,-0.004284,-0.025199,0.001245,0.006144,0.000450
2025-12-16 17:59:52.312,0.009881,-0.000840,-0.022035,0.006081,0.004626,-0.000477
2025-12-16 17:59:52.363,0.011057,-0.001184,-0.019549,0.002798,-0.005154,0.001251
2025-12-16 17:59:52.413,0.009328,0.000762,-0.018451,0.000587,0.003028,-0.004797
2025-12-16 17:59:52.463,0.009534,0.000569,-0.013916,-0.002513,-0.008411,0.004495
2025-12-16 17:59:52.512,0.003740,0.003165,-0.016790,0.000869,-0.001615,0.004681
2025-12-16 17:59:52.562,-0.001146,0.003023,-0.016679,-0.004260,0.008404,0.000853
2025-12-16 17:59:52.613,0.002163,0.004226,-0.006880,0.005268,0.002295,-0.001317
2025-12-16 17:59:52.662,0.008864,0.001341,-0.005777,-0.000299,-0.008206,-0.005890
2025-12-16 17:59:52.712,0.010590,0.001672,-0.005446,0.001394,-0.005715,0.001798
2025-12-16 17:59:52.763,0.013469,-0.007275,-0.007734,-0.000389,-0.000548,-0.015485
2025-12-16 17:59:52.812,0.012881,-0.003376,-0.010283,0.006617,0.000456,0.008156
2025-12-16 17:59:52.863,0.012260,-0.005312,-0.014070,0.002926,0.012225,0.002725
2025-12-16 17:59:52.912,0.016351,-0.008613,-0.010947,0.005336,-0.000915,-0.002570
2025-12-16 17:59:52.962,0.013516,-0.007394,-0.014330,0.001939,0.008751,-0.003211
2025-12-16 17:59:53.019,0.014264,-0.009266,-0.010946,-0.004035,-0.005186,-0.002530
2025-12-16 17:59:53.062,0.013608,-0.008477,-0.010824,-0.003480,0.000249,0.000987
2025-12-16 17:59:53.112,0.011657,-0.006365,-0.008310,-0.000605,-0.001687,0.000427
2025-12-16 17:59:53.162,0.010485,-0.006024,-0.006842,0.001940,-0.004280,0.004056
2025-12-16 17:59:53.212,0.009789,-0.005931,-0.004496,0.004561,-0.003708,0.004151
2025-12-16 17:59:53.263,0.008751,-0.006154,-0.007284,0.001699,0.000937,-0.000845
2025-12-16 17:59:53.312,0.006298,-0.002186,-0.002959,0.004353,-0.001303,-0.001317
2025-12-16 17:59:53.362,0.002270,0.000778,-0.001777,-0.002985,-0.000199,0.006437
2025-12-16 17:59:53.412,0.003641,-0.000151,-0.001997,0.000333,0.001114,-0.002575
2025-12-16 17:59:53.462,0.003462,-0.000310,-0.001881,-0.000320,0.001043,-0.002322
2025-12-16 17:59:53.512,0.003839,0.000588,-0.000603,0.000897,-0.006868,0.002730
2025-12-16 17:59:53.562,0.000856,-0.002067,-0.004411,-0.000748,-0.001770,0.002834
2025-12-16 17:59:53.612,0.002146,0.000836,-0.002471,0.000185,-0.007305,0.007649
2025-12-16 17:59:53.663,0.001377,-0.001726,-0.004233,-0.001261,0.004243,-0.002659
2025-12-16 17:59:53.712,0.006293,-0.004206,-0.001284,0.001844,-0.006844,-0.006374
2025-12-16 17:59:53.762,0.004120,-0.001419,-0.002537,0.004338,0.002565,-0.002609
2025-12-16 17:59:53.812,0.004506,-0.002802,-0.003281,0.002596,0.003049,-0.004775
2025-12-16 17:59:53.862,0.005272,-0.003534,-0.004013,0.002094,-0.001203,-0.001838
2025-12-16 17:59:53.912,0.002473,0.000299,-0.003090,0.000058,-0.003629,0.003779
2025-12-16 17:59:53.962,-0.002092,-0.000398,-0.006426,-0.004295,0.001523,0.006980
2025-12-16 17:59:54.012,-0.000555,0.000005,-0.003854,-0.001194,-0.002553,0.000217
2025-12-16 17:59:54.062,0.000393,-0.000261,-0.003894,-0.001697,0.000650,-0.007248
2025-12-16 17:59:54.112,-0.005419,0.001372,-0.003926,0.000983,-0.000357,0.000622
2025-12-16 17:59:54.162,-0.003024,0.002178,-0.003819,-0.000701,-0.006182,-0.002271
2025-12-16 17:59:54.212,-0.006153,0.007158,-0.006957,0.004906,0.004301,0.004621
2025-12-16 17:59:54.262,-0.004394,0.009374,-0.000642,0.010132,-0.003974,-0.001867
2025-12-16 17:59:54.312,-0.005223,0.006467,-0.004278,0.002643,0.000491,0.000139
2025-12-16 17:59:54.362,-0.002547,0.001445,-0.002555,-0.000920,-0.001245,-0.002240
2025-12-16 17:59:54.412,0.000715,-0.000369,0.000321,0.002484,-0.001757,-0.003556
2025-12-16 17:59:54.462,-0.000418,0.000543,0.000038,-0.000038,-0.003662,0.003668
2025-12-16 17:59:54.512,-0.001542,0.000100,-0.000689,-0.000245,-0.001820,0.004032
2025-12-16 17:59:54.562,-0.001220,-0.000613,-0.003668,-0.001264,-0.000509,0.004379
2025-12-16 17:59:54.612,-0.005920,0.000550,-0.004933,-0.000504,0.002299,0.008007
2025-12-16 17:59:54.662,-0.003712,0.000256,-0.003185,-0.001539,-0.004654,0.000782
2025-12-16 17:59:54.712,-0.003780,0.000803,-0.005875,-0.000148,-0.001874,0.009158
2025-12-16 17:59:54.762,-0.000923,-0.000921,-0.004294,-0.000920,-0.003911,0.003289
2025-12-16 17:59:54.812,-0.001923,0.001230,-0.004557,0.002019,0.001655,0.003801
2025-12-16 17:59:54.863,-0.001000,-0.000233,-0.003879,-0.001034,0.003229,0.002213
2025-12-16 17:59:54.912,-0.001819,-0.001863,-0.003628,-0.001385,0.002674,0.000947
2025-12-16 17:59:54.962,-0.003245,-0.005090,-0.004353,-0.002416,-0.005541,0.002438
2025-12-16 17:59:55.012,-0.002729,-0.002595,-0.002954,0.004256,-0.000164,-0.006955
2025-12-16 17:59:55.062,-0.004300,-0.003875,-0.005990,-0.000102,0.002668,-0.002275
2025-12-16 17:59:55.113,-0.005868,-0.001417,-0.005567,0.000355,0.002019,0.000194
2025-12-16 17:59:55.162,-0.004372,-0.000659,-0.004263,0.002259,0.002693,-0.007128
2025-12-16 17:59:55.212,-0.002525,-0.002024,-0.004053,-0.006576,-0.005810,-0.004794
2025-12-16 17:59:55.262,-0.002232,-0.001682,-0.002738,-0.002826,-0.002496,-0.002840
2025-12-16 17:59:55.312,-0.000818,0.000418,-0.003272,-0.003544,0.003740,-0.003577
2025-12-16 17:59:55.362,-0.002788,0.000795,-0.005691,-0.001465,0.003637,0.001098
2025-12-16 17:59:55.412,-0.003332,0.001671,-0.004203,0.002989,0.005547,-0.002327
2025-12-16 17:59:55.462,-0.003042,-0.001277,-0.003464,-0.001307,-0.003760,-0.002273
2025-12-16 17:59:55.512,-0.003754,-0.000554,-0.003323,0.004524,-0.005484,-0.001264
2025-12-16 17:59:55.563,-0.005788,-0.001592,-0.005111,0.002211,0.002134,-0.001656
2025-12-16 17:59:55.612,-0.002924,-0.002600,-0.004779,-0.008987,-0.013329,0.004083
2025-12-16 17:59:55.662,-0.006590,-0.002182,-0.005499,-0.002399,-0.001337,0.003319
2025-12-16 17:59:55.712,-0.006077,-0.002326,-0.005754,-0.000896,0.005237,0.001935
2025-12-16 17:59:55.762,-0.004282,-0.001627,-0.008224,-0.000613,0.002063,0.004905
2025-12-16 17:59:55.812,-0.003141,0.001060,-0.008150,0.005709,0.004654,-0.000063
2025-12-16 17:59:55.862,-0.000624,0.000748,-0.007995,0.001820,-0.008513,-0.007091
2025-12-16 17:59:55.912,-0.007584,0.000181,-0.013353,0.002821,0.003925,-0.001202
2025-12-16 17:59:55.963,-0.007817,0.000099,-0.011988,-0.000569,-0.006498,0.000980
2025-12-16 17:59:56.012,-0.007781,0.002686,-0.008986,0.001990,-0.008949,0.003264
2025-12-16 17:59:56.062,-0.006713,0.002665,-0.005574,0.006717,-0.003934,0.000922
2025-12-16 17:59:56.113,-0.004642,-0.002189,-0.003900,0.004300,0.001483,-0.006885
2025-12-16 17:59:56.162,-0.002537,-0.005155,-0.003442,-0.001907,0.003735,-0.004931
2025-12-16 17:59:56.215,-0.002245,-0.002281,-0.002170,-0.001723,-0.000227,0.001179
2025-12-16 17:59:56.263,-0.001407,-0.000452,-0.001486,-0.000819,-0.008506,0.008537
2025-12-16 17:59:56.313,-0.001643,-0.000218,-0.003144,0.005053,0.005307,-0.008544
2025-12-16 17:59:56.363,-0.001160,-0.000407,-0.001315,0.000542,0.001321,-0.000277
2025-12-16 17:59:56.413,-0.002834,-0.000521,-0.002754,0.001353,0.003046,-0.001563
2025-12-16 17:59:56.463,-0.003906,-0.000451,-0.004726,0.004425,0.000776,-0.002038
2025-12-16 17:59:56.512,-0.004465,-0.000871,-0.007658,0.002463,0.005048,-0.000208
2025-12-16 17:59:56.563,-0.005416,-0.000781,-0.009031,0.000077,-0.000359,0.002128
2025-12-16 17:59:56.612,-0.004869,-0.001567,-0.009814,-0.000951,-0.001960,-0.000938
2025-12-16 17:59:56.663,-0.001579,-0.009007,-0.008107,-0.001586,0.001618,-0.010759
2025-12-16 17:59:56.712,-0.002050,-0.004266,-0.004971,-0.002275,-0.001842,0.001660
2025-12-16 17:59:56.762,-0.000441,-0.004170,-0.004613,-0.000070,0.000578,-0.000969
2025-12-16 17:59:56.812,-0.001169,0.000620,-0.000240,0.001661,-0.007530,0.004285
2025-12-16 17:59:56.862,-0.002661,-0.001745,-0.002920,-0.001604,-0.000456,0.002611
2025-12-16 17:59:56.913,-0.001454,-0.003174,-0.003501,-0.001894,0.005958,-0.004687
2025-12-16 17:59:56.963,-0.000475,-0.000252,-0.001400,0.000113,-0.004301,0.004845
2025-12-16 17:59:57.012,-0.005677,-0.000035,-0.007047,0.000526,0.006269,0.002864
2025-12-16 17:59:57.062,-0.003171,-0.003708,-0.008894,-0.009082,-0.005645,-0.007119
2025-12-16 17:59:57.112,-0.000080,-0.014862,-0.018417,-0.034094,-0.006056,-0.028380
2025-12-16 17:59:57.162,0.000252,-0.002354,-0.032330,-0.005670,0.005733,-0.061953
2025-12-16 17:59:57.212,-0.021563,0.049609,-0.061831,-0.007144,0.019779,-0.009014
2025-12-16 17:59:57.262,-0.024523,0.048562,-0.068137,-0.003977,0.006736,-0.000088
2025-12-16 17:59:57.312,-0.019327,0.036899,-0.062127,-0.007458,0.002567,-0.004314
2025-12-16 17:59:57.362,-0.024544,0.018928,-0.037229,0.008184,-0.002543,0.001363
2025-12-16 17:59:57.412,-0.013614,-0.013636,-0.020256,-0.012601,-0.009110,-0.003270
2025-12-16 17:59:57.462,-0.008523,-0.017106,-0.004476,0.009388,0.009560,-0.009788
2025-12-16 17:59:57.512,-0.001350,-0.018131,-0.002142,0.006513,0.002292,0.012473
2025-12-16 17:59:57.562,0.004618,-0.023697,0.006576,-0.004793,-0.014901,0.016365
2025-12-16 17:59:57.612,0.006409,-0.020875,0.006473,0.003759,0.009688,-0.004255
2025-12-16 17:59:57.662,0.006055,-0.014440,0.009090,-0.002845,-0.004675,0.006754
2025-12-16 17:59:57.712,0.005504,-0.011637,0.010816,0.003617,-0.000329,0.007276
2025-12-16 17:59:57.763,0.005540,-0.010652,0.005673,-0.003582,0.005538,-0.000984
2025-12-16 17:59:57.812,0.003270,-0.008786,0.004753,-0.000163,0.005059,-0.005306
2025-12-16 17:59:57.865,-0.000239,-0.000507,0.002134,0.006254,-0.000278,0.009325
2025-12-16 17:59:57.913,-0.001570,-0.000889,-0.002268,-0.001186,0.004395,-0.000411
2025-12-16 17:59:57.962,0.001883,0.000380,0.000963,-0.000122,-0.003008,-0.000788
2025-12-16 17:59:58.012,0.000182,0.000454,0.000201,-0.000180,0.000471,-0.000176
2025-12-16 17:59:58.062,0.000422,0.000081,-0.000106,-0.000782,-0.000770,0.000243
2025-12-16 17:59:58.112,0.006748,0.002119,0.003774,-0.005815,-0.012834,-0.003448
2025-12-16 17:59:58.162,0.002450,0.004867,-0.000233,-0.006126,0.000310,0.001620
2025-12-16 17:59:58.212,0.002057,-0.000492,-0.005012,-0.000701,0.007485,-0.003085
2025-12-16 17:59:58.262,0.000743,0.000689,-0.003065,-0.003117,0.002537,0.001236
2025-12-16 17:59:58.312,-0.000894,0.005492,0.001301,0.001367,-0.004987,0.012148
2025-12-16 17:59:58.362,-0.003013,0.009696,0.000453,0.004842,0.002287,0.004506
2025-12-16 17:59:58.412,-0.004756,0.006097,-0.000947,0.000935,0.003053,0.006203
2025-12-16 17:59:58.462,-0.003842,0.004616,-0.006515,-0.008401,0.000264,0.007030
2025-12-16 17:59:58.512,-0.002430,-0.000638,-0.003934,0.002503,0.006819,-0.007675
2025-12-16 17:59:58.563,0.002267,0.000678,0.002263,0.001182,0.001209,-0.004714
2025-12-16 17:59:58.612,-0.000072,0.000088,-0.000408,0.000520,0.002277,-0.001071
2025-12-16 17:59:58.662,0.002308,-0.002078,0.000384,-0.001515,-0.001679,-0.004186
2025-12-16 17:59:58.712,0.003905,-0.003603,-0.003654,-0.001643,0.001470,-0.006253
2025-12-16 17:59:58.762,0.002842,-0.000007,-0.000405,0.005267,0.001601,0.003171
2025-12-16 17:59:58.813,0.005615,-0.005743,-0.001146,-0.003473,-0.003015,-0.007481
2025-12-16 17:59:58.862,0.001679,-0.005578,0.001592,-0.003947,-0.000049,0.000336
2025-12-16 17:59:58.913,0.002509,-0.005223,0.003183,-0.001068,-0.000559,-0.006661
2025-12-16 17:59:58.962,0.002859,-0.004987,0.004680,0.000963,0.000233,-0.006639
2025-12-16 17:59:59.012,0.000947,-0.006148,0.001621,-0.000742,0.006200,0.001192
