timestamp, data
2025-12-16 17:24:09.678,0.009495662577521762,-0.5639880908337205,-0.8257166661096027,0.0,-0.9999417950065322,-0.007538371170814032,-0.006350311835929523,0.0,-0.002643109350562012,0.8257448038411869,-0.5640377052132605,0.0,0.39770805927972797,0.2256808969569594,0.19587215273550815,1.0
2025-12-16 17:24:09.728,0.009491794206086158,-0.5639861418321959,-0.8257180418067611,0.0,-0.999941825336702,-0.00753817179852505,-0.006345770989296183,0.0,-0.0026455284936987545,0.8257461368619593,-0.564035742339561,0.0,0.39770664151265844,0.22568188917438373,0.19587278586922266,1.0
2025-12-16 17:24:09.778,0.009495048047724471,-0.5639836206359314,-0.8257197264315329,0.0,-0.9999418061114053,-0.007536343303053827,-0.00635097012179648,0.0,-0.002641115056299376,0.8257478755616438,-0.564033217564969,0.0,0.39770920682128547,0.2256787007724538,0.19587363519334805,1.0
2025-12-16 17:24:09.828,0.009497371479130514,-0.5639809536729543,-0.8257215212953705,0.0,-0.9999417697730981,-0.007542091369025309,-0.006349867875330936,0.0,-0.0026465135725410854,0.8257496446373683,-0.5640306023144226,0.0,0.39770825644365737,0.22567975407655524,0.19587351111532336,1.0
2025-12-16 17:24:09.878,0.009499461826371881,-0.5639839486698681,-0.8257194516111155,0.0,-0.9999417514820683,-0.007542805121320696,-0.0063519001159486575,0.0,-0.0026459221416376536,0.8257475925094839,-0.5640336094248387,0.0,0.39770757307691984,0.22567932298878413,0.19587309683344822,1.0
2025-12-16 17:24:09.928,0.009509489004629347,-0.5639845729695817,-0.8257189097824983,0.0,-0.9999416682403021,-0.007544696898194255,-0.006362748362481734,0.0,-0.002641357833612428,0.8257471488225003,-0.5640342803769167,0.0,0.3977074356958626,0.2256812480923316,0.19587290312774883,1.0
2025-12-16 17:24:09.978,0.00952349700806948,-0.5639868523174636,-0.8257171914880936,0.0,-0.9999415350622826,-0.007552573291589933,-0.0063743231145565364,0.0,-0.0026413060311324768,0.8257455199911045,-0.5640366652240529,0.0,0.39770637619221344,0.22568050104892953,0.19587410643584827,1.0
2025-12-16 17:24:10.029,0.00952770739653597,-0.5639867098016812,-0.8257172402584607,0.0,-0.9999414917239042,-0.007555956591646433,-0.006377111428151579,0.0,-0.002642528408825562,0.8257455863792644,-0.564036562306712,0.0,0.39770516156011976,0.22567960761876124,0.1958717061606328,1.0
2025-12-16 17:24:10.078,0.009535927115410252,-0.5639815736234794,-0.8257206534951403,0.0,-0.9999414321591631,-0.00755467434779371,-0.0063879611918875815,0.0,-0.0026354089739460676,0.8257491061807912,-0.5640314426174879,0.0,0.39770783950211597,0.22567706782617417,0.1958738494092127,1.0
2025-12-16 17:24:10.128,0.009466721008044682,-0.5639553529176591,-0.8257393583995393,0.0,-0.9999422726292386,-0.007457357602811288,-0.0063707242810861105,0.0,-0.002565079007739933,0.8257678990977733,-0.5640042528113896,0.0,0.39773482265470067,0.22563116251126852,0.1958807213719696,1.0
2025-12-16 17:24:10.178,0.009392162521963404,-0.563863091484366,-0.8258032139959633,0.0,-0.9999431711856734,-0.007350702414062652,-0.006353618997605283,0.0,-0.002487710324689867,0.8258318586230324,-0.5639109438382696,0.0,0.3977938654464139,0.22559374618037678,0.19592817090066386,1.0
2025-12-16 17:24:10.228,0.009355915700629823,-0.5638695103800931,-0.8257992425561586,0.0,-0.9999435152820283,-0.00732888285592483,-0.0063246045498904025,0.0,-0.0024859821031701767,0.8258276697275603,-0.5639170859313719,0.0,0.3977968097989676,0.22558805619788758,0.19592849855435585,1.0
2025-12-16 17:24:10.278,0.009356698493082446,-0.5638608950794608,-0.8258051162924017,0.0,-0.9999435155771346,-0.007326725575486777,-0.0063270568821744335,0.0,-0.002482915312919738,0.8258335713859394,-0.563908456669603,0.0,0.39780576677865653,0.22557577009193208,0.19593322535789306,1.0
2025-12-16 17:24:10.328,0.009223710837087142,-0.5638063406827647,-0.8258438594949485,0.0,-0.9999450183151564,-0.007160430630806875,-0.006279767598476045,0.0,-0.0023728705628677663,0.8258722765691185,-0.5638522433047803,0.0,0.3978513869557436,0.225461901182353,0.1959406822512003,1.0
2025-12-16 17:24:10.378,0.00912117740211293,-0.5637603359357561,-0.8258764039791977,0.0,-0.9999461841868876,-0.007022200776131769,-0.006250146202390019,0.0,-0.00227592922099474,0.8259048686893178,-0.5638049024453955,0.0,0.3978977898532792,0.22534376428918518,0.1959506902454915,1.0
2025-12-16 17:24:10.428,0.009187265741608799,-0.5636887690793098,-0.8259245199552161,0.0,-0.999945822473646,-0.00696844267530844,-0.006367089240210207,0.0,-0.002166392684779749,0.8259541717258858,-0.5637331043599813,0.0,0.39804973584976966,0.2251262371062897,0.1960270109179669,1.0
2025-12-16 17:24:10.478,0.009288013640920457,-0.5636698087214992,-0.8259363331635697,0.0,-0.9999450053164903,-0.00698125793128721,-0.006480376648747994,0.0,-0.0021133225986021804,0.8259670033073532,-0.563714505148719,0.0,0.3981711537362792,0.2249616468846975,0.19609861597780764,1.0
2025-12-16 17:24:10.529,0.009238616850293053,-0.5636881464010757,-0.8259243721230299,0.0,-0.9999454232392155,-0.006968993293931463,-0.006428886110631184,0.0,-0.002132015563400935,0.825954592047055,-0.5637326195866443,0.0,0.3982495968381026,0.2249244314813378,0.19615244133925155,1.0
2025-12-16 17:24:10.578,0.009285543067630544,-0.5636387437225867,-0.8259575607535606,0.0,-0.9999451778137947,-0.0069201563446456655,-0.006519179726966678,0.0,-0.002041332485023657,0.8259887169208555,-0.5636829538677965,0.0,0.39856113907180213,0.22477641794027547,0.19636953945541377,1.0
2025-12-16 17:24:10.628,0.009157340041435385,-0.5636469638452956,-0.8259533825662038,0.0,-0.9999466501617676,-0.006726182616640926,-0.0064963219498126576,0.0,-0.0018939176045818617,0.8259847098811893,-0.5636893400789079,0.0,0.39928141730433603,0.22472133609752606,0.19683372616692707,1.0
2025-12-16 17:24:10.678,0.009125825141781336,-0.5636598309477715,-0.8259449504613606,0.0,-0.9999471781045963,-0.006600170083924623,-0.006544131472260348,0.0,-0.001762747051992574,0.8259769456988341,-0.5637011423590127,0.0,0.4001733546275683,0.22500210599211376,0.1974888858152184,1.0
2025-12-16 17:24:10.728,0.009025571487300968,-0.5635965872208534,-0.8259892086665195,0.0,-0.9999482834785227,-0.006448491257007565,-0.006526425520339564,0.0,-0.0016481447723483466,0.8260212995676445,-0.5636364930337542,0.0,0.40120791384685844,0.22557840733448653,0.1983230788591952,1.0
2025-12-16 17:24:10.778,0.008711663097129344,-0.5634748396612145,-0.8260756375151483,0.0,-0.9999513048159536,-0.006145996913778852,-0.006353079569478878,0.0,-0.0014972866543567448,0.8261066626119696,-0.563511792352909,0.0,0.4023207017968677,0.22655232938094988,0.1993513208487292,1.0
2025-12-16 17:24:10.828,0.008651512686704305,-0.5634249343877004,-0.8261103083363962,0.0,-0.9999519731522997,-0.006028287373739805,-0.00636066359513674,0.0,-0.0013963007554247222,0.826141568009448,-0.5634608770368099,0.0,0.40343971576111437,0.2278761848284369,0.2004249122949098,1.0
2025-12-16 17:24:10.879,0.009016008717435103,-0.5635271003323403,-0.8260367217497294,0.0,-0.9999484976359767,-0.006376868614420863,-0.006563880211889429,0.0,-0.0015686334636051723,0.8260692633001349,-0.5635664216574914,0.0,0.40445477275597835,0.2293977779855809,0.20144000035387577,1.0
2025-12-16 17:24:10.929,0.009422511785034685,-0.5638049755111106,-0.8258425471975787,0.0,-0.9999439262597476,-0.006986634158398806,-0.00663914004864573,0.0,-0.0020267185777811604,0.8258746971395823,-0.5638500483607407,0.0,0.4052935879326367,0.23101742738084838,0.2021653787734382,1.0
2025-12-16 17:24:10.978,0.00959878175262692,-0.5639359257973788,-0.8257511016554122,0.0,-0.9999417859435674,-0.00726646376599699,-0.0066610907165935455,0.0,-0.002243905301959128,0.8257828685693533,-0.5639837044333516,0.0,0.40617202542847164,0.23255750006556133,0.20267316425630225,1.0
2025-12-16 17:24:11.028,0.009882121355499835,-0.5639741369819677,-0.8257216621805245,0.0,-0.9999390226537372,-0.007427797667286676,-0.006893888402839214,0.0,-0.002245361903905956,0.8257553364556919,-0.564024008943651,0.0,0.4073317063773656,0.23395029557929986,0.20298731552231755,1.0
2025-12-16 17:24:11.078,0.009952993272219017,-0.5640101343881724,-0.8256962232767975,0.0,-0.9999384026586455,-0.00743732720108399,-0.006973087823114167,0.0,-0.0022081232942096824,0.825730663554908,-0.5640602764392195,0.0,0.4087114163284231,0.23516415962110362,0.2029582779546237,1.0
2025-12-16 17:24:11.128,0.009884251579871698,-0.5640217287934045,-0.8256891291041764,0.0,-0.9999388778642753,-0.007474354597135276,-0.006864507272807677,0.0,-0.0022998063569994983,0.8257224094531409,-0.56407199311579,0.0,0.4102525294619134,0.2362965507919688,0.2025788106992284,1.0
2025-12-16 17:24:11.178,0.009524766433786363,-0.5640370258865811,-0.8256829047246953,0.0,-0.999942022352348,-0.007391535886009019,-0.00648567902001218,0.0,-0.002444948788274672,0.8257127056782992,-0.5640855873950736,0.0,0.41189829100076863,0.23729917929689417,0.20185807474762182,1.0
2025-12-16 17:24:11.228,0.009265012787345503,-0.5640630601176834,-0.8256680753486434,0.0,-0.9999440541634069,-0.007378798266158004,-0.0061797071617422355,0.0,-0.0026067438184174,0.8256950349113746,-0.5641107286777738,0.0,0.41368007263618617,0.2382839641548783,0.20091447684752703,1.0
2025-12-16 17:24:11.278,0.009474980513132138,-0.5640181838584217,-0.8256963484977585,0.0,-0.9999422589470878,-0.007441620367872316,-0.006391240826644081,0.0,-0.0025397916198720816,0.8257251265709342,-0.5640669861000043,0.0,0.41558697152803786,0.23914813594367024,0.20000504363421745,1.0
2025-12-16 17:24:11.328,0.009723855144848227,-0.564016253444996,-0.8256947737464494,0.0,-0.9999392323459229,-0.007779892312468381,-0.006461562679500113,0.0,-0.0027794435617250176,0.825723327244364,-0.564068490112667,0.0,0.41728376114949395,0.23990870479142112,0.1990578005557571,1.0
2025-12-16 17:24:11.379,0.009460411722504017,-0.5640409731289744,-0.8256809481530797,0.0,-0.9999415409501158,-0.007695495645698536,-0.006200075022397701,0.0,-0.0028569827979143896,0.8257072323146819,-0.5640916628993199,0.0,0.41877233095207983,0.24030164072657867,0.19817248852283129,1.0
2025-12-16 17:24:11.429,0.009455522626929672,-0.5640822047400832,-0.8256528364201426,0.0,-0.9999415308880109,-0.007709263783619327,-0.006184574234700424,0.0,-0.002876622623867462,0.8256789364917342,-0.5641329797806175,0.0,0.4201773648621474,0.24063943664185805,0.19749485387661087,1.0
2025-12-16 17:24:11.478,0.00949028745786597,-0.5640309291717895,-0.8256874664682656,0.0,-0.9999415377607107,-0.00762993842035471,-0.006281082840988987,0.0,-0.002757272618645607,0.8257147017784572,-0.5640812252810935,0.0,0.42164938476521036,0.2410241984938104,0.19697894009774763,1.0
2025-12-16 17:24:11.531,0.009677610325033375,-0.5639856622518405,-0.8257162124688833,0.0,-0.9999400789775867,-0.007632113048304123,-0.006506627845825241,0.0,-0.002632365345916249,0.825745601479673,-0.5640365877225154,0.0,0.4230594147986488,0.24156757568015388,0.19650493243101824,1.0
2025-12-16 17:24:11.578,0.009660567005136107,-0.5640012736410294,-0.8257057488461882,0.0,-0.9999399115122903,-0.007724464072710049,-0.006422843668561444,0.0,-0.002755695437803262,0.8257340796878825,-0.5640528661257382,0.0,0.42450238748664676,0.24234973648707536,0.19587763199128527,1.0
2025-12-16 17:24:11.629,0.009383967331290053,-0.5640518085119868,-0.8256744185044675,0.0,-0.999942252449126,-0.0076549981825775396,-0.006135117847414693,0.0,-0.002860066920934967,0.8257002068620881,-0.5641019308645491,0.0,0.4258074175978684,0.24305958122061902,0.19521049550772135,1.0
2025-12-16 17:24:11.678,0.009336565170681611,-0.5641060751561489,-0.8256378815339975,0.0,-0.9999425448945624,-0.007671932457427921,-0.006065909936953758,0.0,-0.002912477488853944,0.8256629757567473,-0.5641561556336949,0.0,0.42736451878761533,0.24389044749640765,0.19443005924748807,1.0
2025-12-16 17:24:11.728,0.009495352036856244,-0.5640996194841653,-0.8256404813771697,0.0,-0.9999410379885797,-0.007764782249939665,-0.006194804608782273,0.0,-0.0029164877834635854,0.8256665184432861,-0.5641509500308863,0.0,0.4287223154717984,0.24456670826564772,0.19376013689359645,1.0
2025-12-16 17:24:11.779,0.009638242795434585,-0.5640467401997998,-0.8256749518103381,0.0,-0.9999404424453733,-0.0076156374892543685,-0.006469971328538586,0.0,-0.0026387256835430227,0.8257040331451584,-0.5640974089415642,0.0,0.43015988336890404,0.244996305989323,0.19328963112412867,1.0
2025-12-16 17:24:11.828,0.009569957079751381,-0.5639054332594265,-0.825772259865393,0.0,-0.9999417721662184,-0.007353799409689137,-0.00656664393224044,0.0,-0.002369642988436021,0.82580291870127,-0.5639538316711492,0.0,0.4314436783106358,0.24528325649738533,0.19292574930325346,1.0
2025-12-16 17:24:11.878,0.009268816399387779,-0.5637402990581393,-0.8258884374790594,0.0,-0.9999454114664967,-0.006879474316396069,-0.006526394214039134,0.0,-0.0020025254226716856,0.8259197469046212,-0.5637841444781307,0.0,0.432784492758628,0.24544441222327396,0.19273856669575673,1.0
2025-12-16 17:24:11.928,0.009124791155047765,-0.5636850281087291,-0.8259277657117761,0.0,-0.9999470390754225,-0.00666776527999985,-0.006496680050183716,0.0,-0.0018450467261664815,0.8259592069365379,-0.5637268702832461,0.0,0.43407979359854304,0.24551032478055632,0.1926079343853314,1.0
2025-12-16 17:24:11.978,0.009085724321497124,-0.5636303884428739,-0.8259654845927263,0.0,-0.9999476032212581,-0.00654896421866122,-0.006530603412571923,0.0,-0.0017284051434077465,0.8259974449346504,-0.5636712105271029,0.0,0.4352982324527388,0.2455818304788462,0.19247707997570293,1.0
2025-12-16 17:24:12.028,0.008990788434038421,-0.5636087689730835,-0.8259812759144047,0.0,-0.9999485578456964,-0.006448378894950143,-0.006484363742662691,0.0,-0.0016716281446764948,0.8260129885103679,-0.5636486037164615,0.0,0.4364454340737297,0.2456211539649876,0.19224287385653932,1.0
2025-12-16 17:24:12.078,0.009095967349974159,-0.5635681877330596,-0.8260078135553266,0.0,-0.9999477443993822,-0.00643749534292354,-0.006619216381564443,0.0,-0.0015870722286680514,0.826040762041401,-0.563608144589663,0.0,0.4375945473943027,0.2455580627700303,0.19197145745238342,1.0
2025-12-16 17:24:12.128,0.008913121087462098,-0.5636021392633083,-0.8259866414122634,0.0,-0.9999493713091558,-0.006344873530094042,-0.006460982860169869,0.0,-0.0015993878087441067,0.8260183137247286,-0.5636410092869337,0.0,0.43870643020184125,0.2453977145490212,0.1914880053771382,1.0
2025-12-16 17:24:12.178,0.008925746282775902,-0.5636625860894077,-0.8259452566590022,0.0,-0.9999490201055379,-0.006470413204963359,-0.006390449447395823,0.0,-0.0017421833758991864,0.8259760921866892,-0.5637024569159609,0.0,0.4399185874750085,0.24507839347442092,0.19082990914261583,1.0
2025-12-16 17:24:12.229,0.008799695876432867,-0.5636756771641479,-0.825937675146999,0.0,-0.9999499286720652,-0.006495184593296574,-0.006220902429626866,0.0,-0.001858082046883153,0.8259669638238241,-0.5637154620930321,0.0,0.44114431476103017,0.24463653716471598,0.19004390957386777,1.0
2025-12-16 17:24:12.278,0.008677059848672983,-0.5637116292770925,-0.82591443536928,0.0,-0.9999508440587527,-0.006494289617276974,-0.006072937490472138,0.0,-0.001940379413442313,0.8259424339611591,-0.5637511247971467,0.0,0.4423280870027309,0.2441328049886312,0.18928545098986763,1.0
2025-12-16 17:24:12.328,0.008585304950819174,-0.5637052676494132,-0.8259197362119477,0.0,-0.9999518176186345,-0.006363267331544203,-0.006051295007250661,0.0,-0.0018444367153496537,0.8259477956997321,-0.5637435913888127,0.0,0.4434888546035743,0.2436682794664833,0.18852427400374847,1.0
2025-12-16 17:24:12.378,0.00862040126617328,-0.5637105551065751,-0.8259157618332847,0.0,-0.9999514578656302,-0.006408764009042356,-0.006062718654621296,0.0,-0.0018755168201970555,0.8259438351652176,-0.5637492914312433,0.0,0.44462820762540084,0.24327039335939693,0.18784078806870214,1.0
2025-12-16 17:24:12.429,0.008740952123724442,-0.5637227223881575,-0.8259061901453839,0.0,-0.999950511623423,-0.006432014105479326,-0.006192769962547245,0.0,-0.0018212701875019238,0.8259353499094723,-0.5637619007567126,0.0,0.4458906631203745,0.2428542911463431,0.18714036373250117,1.0
2025-12-16 17:24:12.478,0.008925221783179532,-0.5637315014020958,-0.8258982271710407,0.0,-0.9999490809597212,-0.0064437694954686394,-0.006407825193195867,0.0,-0.001709637801549344,0.8259292661846992,-0.5637711631488364,0.0,0.4471273947433596,0.2423961072572543,0.18659651247622422,1.0
2025-12-16 17:24:12.528,0.008860597112274606,-0.5637455300419375,-0.8258893473569915,0.0,-0.9999496242641362,-0.006422542471128941,-0.006344035263729498,0.0,-0.0017279211553340634,0.8259198560304966,-0.5637848931135393,0.0,0.44811371771801173,0.24191208581652568,0.18585957358307953,1.0
2025-12-16 17:24:12.578,0.00875711718588011,-0.5637434001770337,-0.8258919048862494,0.0,-0.999950334203056,-0.006457514318889829,-0.006194879920221731,0.0,-0.001840921575188874,0.8259210371353398,-0.5637828051874574,0.0,0.4489439128941345,0.24155158709417293,0.18519703212547642,1.0
2025-12-16 17:24:12.629,0.0087048472520741,-0.5637031911971879,-0.8259199021513121,0.0,-0.9999508445888572,-0.0064033223006714724,-0.0061686927912803086,0.0,-0.001811354390239003,0.8259489033232765,-0.5637420758594747,0.0,0.44980600688450545,0.24130827797140203,0.18465982491982064,1.0
2025-12-16 17:24:12.678,0.008672330081287495,-0.563705090889909,-0.8259189476558636,0.0,-0.9999513354182998,-0.006286805726265204,-0.0062088461188527224,0.0,-0.0016924663890270036,0.8259485018868279,-0.5637430334721901,0.0,0.45067743340379196,0.24121011951041485,0.18413637135936872,1.0
2025-12-16 17:24:12.729,0.008667869827130014,-0.5637206242440126,-0.8259083924599684,0.0,-0.9999513432615983,-0.0062993727491021945,-0.006194829578067959,0.0,-0.0017105845579369152,0.8259378042898983,-0.5637586516810644,0.0,0.4515755361702083,0.2412323145842898,0.18363374624095463,1.0
2025-12-16 17:24:12.778,0.00871557804820013,-0.5636893188316388,-0.8259292569195121,0.0,-0.9999507810105922,-0.006395574388641823,-0.006187009435462923,0.0,-0.0017947754230919182,0.8259584311390563,-0.5637281692549074,0.0,0.45243242518298243,0.2413313070593771,0.18315003749952677,1.0
2025-12-16 17:24:12.828,0.0087275318455987,-0.5636832423464476,-0.8259332778057124,0.0,-0.9999507297250241,-0.006377684677064204,-0.006213707569585585,0.0,-0.0017650131622949565,0.8259627165184753,-0.563721984359274,0.0,0.4533259208749593,0.24135102832684122,0.18264515852699004,1.0
2025-12-16 17:24:12.878,0.00866639987047565,-0.5636550384015527,-0.8259531694345859,0.0,-0.9999514423287832,-0.006255734453813655,-0.006222995439322921,0.0,-0.0016593529136296982,0.825982896769325,-0.563692736153716,0.0,0.45414214021108196,0.24126294199799636,0.18211785334168146,1.0
2025-12-16 17:24:12.928,0.008620899488708327,-0.5636248350079565,-0.825974256472602,0.0,-0.9999519477104724,-0.0061728857131413736,-0.006224520319936117,0.0,-0.001590381068638533,0.8260041306216604,-0.5636618196081861,0.0,0.4548360786492373,0.24103384356198337,0.18157986250766017,1.0
2025-12-16 17:24:12.978,0.008577113949281132,-0.5636401651238214,-0.8259642512098817,0.0,-0.9999522213883993,-0.006200692914654555,-0.006152499410166062,0.0,-0.0016537867372843032,0.8259934614069548,-0.5636772717631828,0.0,0.45533769713910716,0.24076011759062163,0.1810266274467332,1.0
2025-12-16 17:24:13.028,0.008572562850817401,-0.5636234412386645,-0.8259757106317732,0.0,-0.9999520148156646,-0.006315608327276925,-0.0060686125891515905,0.0,-0.0017961613468245056,0.826004002734547,-0.563661388841672,0.0,0.45580423057999836,0.2404949120925104,0.1805753674148386,1.0
2025-12-16 17:24:13.078,0.008701999195977908,-0.5636362442690251,-0.8259656205057869,0.0,-0.9999509018686381,-0.006386326623117126,-0.006177020768037474,0.0,-0.0017933279726677503,0.8259947225250018,-0.5636749970822085,0.0,0.4563352630316705,0.24022934264912238,0.18007346168978847,1.0
2025-12-16 17:24:13.129,0.008698015692696818,-0.5636621980943172,-0.8259479510621118,0.0,-0.9999509530713788,-0.006376635230544454,-0.006178743884145567,0.0,-0.0017840787931845319,0.8259770862816188,-0.5637008692565474,0.0,0.45681860395404705,0.23996565034552503,0.17941101321673594,1.0
2025-12-16 17:24:13.178,0.008740582938737482,-0.5637237768108725,-0.8259054743547745,0.0,-0.9999504849194055,-0.006445326755709112,-0.00618323326958203,0.0,-0.001837630419994055,0.8259345264409038,-0.5637630540814815,0.0,0.4572783472034689,0.23976766869393806,0.1787050603475458,1.0
2025-12-16 17:24:13.228,0.008659736339213357,-0.5636438841175434,-0.8259608512300284,0.0,-0.9999512477028936,-0.006372228761627041,-0.0061354559116678295,0.0,-0.0018050340438002666,0.8259896180314439,-0.5636824396381088,0.0,0.45783312145345223,0.23951072333122517,0.1780279412418146,1.0
2025-12-16 17:24:13.278,0.008604310291033588,-0.5636634911780769,-0.8259480500967153,0.0,-0.9999518066309062,-0.006303841523277242,-0.0061149733314300354,0.0,-0.001759892281194761,0.8259767626176602,-0.5637014195430131,0.0,0.4583641965960506,0.2392425397271835,0.1773150185714454,1.0
2025-12-16 17:24:13.328,0.008847860211771428,-0.563691532041908,-0.8259263399208963,0.0,-0.9999494399988508,-0.0065504997636129,-0.006241418111270816,0.0,-0.0018920321846397916,0.825955706485987,-0.5637318432884968,0.0,0.45873577686864203,0.23912098718907854,0.17672416859848952,1.0
2025-12-16 17:24:13.378,0.009084414066185086,-0.5637909947542582,-0.8258558800155668,0.0,-0.9999464487450245,-0.007026974005185295,-0.006202272144406972,0.0,-0.0023065270266596346,0.8258838992293763,-0.5638354945609196,0.0,0.4588723233737454,0.2390948431543311,0.17612936589928893,1.0
2025-12-16 17:24:13.428,0.009191451504382078,-0.5638639085271845,-0.8258049144809552,0.0,-0.999945011368558,-0.007245763416932877,-0.006182236880627855,0.0,-0.0024976948762839794,0.825832228158821,-0.5639103585274365,0.0,0.4590119506500109,0.2390324018627857,0.1757013596907925,1.0
2025-12-16 17:24:13.478,0.009314306759774954,-0.5639789155246164,-0.8257249986735721,0.0,-0.9999434849357205,-0.007440939580461718,-0.00619727794880495,0.0,-0.0026490867315638457,0.8257519544040411,-0.5640272086853567,0.0,0.45918830535730054,0.2389617551492006,0.17520975751788181,1.0
2025-12-16 17:24:13.529,0.009381485856668401,-0.5640950682949404,-0.8256448925232056,0.0,-0.9999423207754369,-0.007640880475516322,-0.0061415770776134665,0.0,-0.0028442753590698206,0.8256707838057018,-0.5641450760818176,0.0,0.4593987327280441,0.23887553778686418,0.17461026899953808,1.0
2025-12-16 17:24:13.579,0.009390119252226123,-0.5641297967970333,-0.8256210661843455,0.0,-0.9999421776892754,-0.007663953526298472,-0.006136122194402933,0.0,-0.0028660072944410374,0.8256468420458843,-0.5641800051595651,0.0,0.45975809794096983,0.23873143826896742,0.17402276042599024,1.0
2025-12-16 17:24:13.630,0.00946324594151691,-0.5641264869339742,-0.8256224927998217,0.0,-0.9999411304323138,-0.007806132882076702,-0.00612754929660118,0.0,-0.002988263564354023,0.8256477715447237,-0.564178010581857,0.0,0.46005931181218795,0.23865238492905524,0.17336507018545133,1.0
2025-12-16 17:24:13.678,0.009579859741630586,-0.5641421180220826,-0.8256104673888878,0.0,-0.9999397580917919,-0.007943384518619253,-0.006174927604933481,0.0,-0.0030746638641938784,0.8256357820265429,-0.5641950920377994,0.0,0.4603727072562601,0.23859818118379758,0.17271557130458326,1.0
2025-12-16 17:24:13.728,0.009668258760040254,-0.5641731949962432,-0.8255882010551557,0.0,-0.9999386080174665,-0.00807262368280054,-0.006193532447295625,0.0,-0.003170498916903828,0.8256132928473666,-0.5642274706271808,0.0,0.46067345410855537,0.2385803108794334,0.17196021842010062,1.0
2025-12-16 17:24:13.778,0.009636032297022637,-0.5641856825312735,-0.8255800442170949,0.0,-0.999938692567749,-0.008112869695559154,-0.006126936625443458,0.0,-0.0032411558024283494,0.8256043648260696,-0.5642401330011955,0.0,0.46097022401419996,0.23853595500535876,0.171264773179287,1.0
2025-12-16 17:24:13.828,0.009696489988333744,-0.564172013932531,-0.825588677053184,0.0,-0.9999381798190342,-0.00812855910109889,-0.0061895046930279885,0.0,-0.003218963001727128,0.825613551101317,-0.5642268183231514,0.0,0.46133663742270475,0.23841113161740712,0.17066847737033652,1.0
2025-12-16 17:24:13.878,0.009745371995327658,-0.564190672469102,-0.8255753507250224,0.0,-0.9999378220691924,-0.008125984023101187,-0.006250382419077448,0.0,-0.0031822659181295655,0.8256008258340376,-0.5642456464748145,0.0,0.46159558656682564,0.23833732469605418,0.1702420788622676,1.0
2025-12-16 17:24:13.928,0.009826291817722066,-0.5642069729680536,-0.8255632516921689,0.0,-0.9999369889041961,-0.008182450194599218,-0.0063097251311430135,0.0,-0.0031952007904764586,0.8255891283965032,-0.564262688617111,0.0,0.4618187288301441,0.2383031892113836,0.1698496310369131,1.0
2025-12-16 17:24:13.978,0.00986792639691225,-0.5641958008552429,-0.8255703902315928,0.0,-0.9999364587031462,-0.008236734995847478,-0.006323104777525678,0.0,-0.0032325975984292825,0.8255962236365538,-0.5642520942183804,0.0,0.4620433700433782,0.23826405111902468,0.16948328069359272,1.0
2025-12-16 17:24:14.028,0.009781979797251608,-0.5641988188779695,-0.825569350538862,0.0,-0.9999381245235852,-0.007969526346687813,-0.006401615051871286,0.0,-0.002967670175807369,0.8255967838075322,-0.5642527301665333,0.0,0.4624648148452287,0.23808241073593642,0.16914600754952783,1.0
2025-12-16 17:24:14.078,0.00964819264503459,-0.564196414984693,-0.8255725677360606,0.0,-0.9999396448591699,-0.007831881693590016,-0.006333653705621468,0.0,-0.002892417653518945,0.8255997438519992,-0.5642487898716583,0.0,0.4628200813165718,0.23792338308462446,0.1687173765135639,1.0
2025-12-16 17:24:14.128,0.009876084972680737,-0.5642546106444424,-0.8255300989142124,0.0,-0.9999364377358403,-0.008226530463985084,-0.006339683421999818,0.0,-0.003214114788434508,0.8255561321179389,-0.5643108559903796,0.0,0.46306056979221116,0.23791823025986164,0.16814417931712738,1.0
2025-12-16 17:24:14.178,0.009970153608027492,-0.5642347993885408,-0.8255425089583296,0.0,-0.9999347381723459,-0.008469430109550015,-0.00628769043684196,0.0,-0.0034442071414967006,0.8255672165120627,-0.5642932823077833,0.0,0.4632354352662546,0.23795587049331704,0.16741913399854222,1.0
2025-12-16 17:24:14.228,0.009935015508319366,-0.5642152638352037,-0.8255562842250245,0.0,-0.9999348164318517,-0.00851379793307308,-0.006214904131372509,0.0,-0.0035221434242530348,0.8255801116650896,-0.5642739350074193,0.0,0.46355825273197016,0.23794199554619727,0.16661023592748536,1.0
2025-12-16 17:24:14.278,0.010012966054080391,-0.5642177255487979,-0.8255536600297703,0.0,-0.9999340816992786,-0.00854775676798958,-0.006286096695405973,0.0,-0.0035099722826393027,0.825578078344473,-0.564276985754002,0.0,0.46400553101450026,0.23788329773641975,0.1657335666953739,1.0
2025-12-16 17:24:14.328,0.01006605576503162,-0.564160793973438,-0.8255919209668925,0.0,-0.9999332572865574,-0.008645027078444261,-0.006284216762420647,0.0,-0.003592024951926504,0.8256159716641275,-0.5642210246790205,0.0,0.46443668145628403,0.2378985559794851,0.1648278938827614,1.0
2025-12-16 17:24:14.378,0.010091898781782906,-0.5640969019526745,-0.8256352618969113,0.0,-0.9999327186897232,-0.008722372605918995,-0.006263003361864195,0.0,-0.003668628229965328,0.8256588141613952,-0.564157835862012,0.0,0.4648404695546723,0.23792237029943686,0.1640235501785312,1.0
2025-12-16 17:24:14.428,0.010180083402624565,-0.5640816655424761,-0.825644589034501,0.0,-0.9999315474576482,-0.00883379656234931,-0.006293753924018919,0.0,-0.003743457209511687,0.8256680391714921,-0.5641438430212848,0.0,0.46515011935586786,0.2379576982327939,0.16334122524806607,1.0
2025-12-16 17:24:14.478,0.010174603044521818,-0.564065752354023,-0.8256555282776133,0.0,-0.9999314104838192,-0.008872809724148887,-0.006260549228875722,0.0,-0.0037945960468962897,0.8256784924372264,-0.5641282018898099,0.0,0.4653529208328013,0.23794797976971027,0.16273621260133908,1.0
2025-12-16 17:24:14.528,0.0101778340710107,-0.5640354019784402,-0.825676222202051,0.0,-0.9999312785574664,-0.008895880675173513,-0.00624886954990377,0.0,-0.003820607059071857,0.825698977762397,-0.5640980420847362,0.0,0.4654571965893759,0.23792127919072995,0.16219458072421697,1.0
2025-12-16 17:24:14.578,0.010311392843734007,-0.5640113671136917,-0.8256909832651529,0.0,-0.999930313544164,-0.008882632694582176,-0.006419796966548218,0.0,-0.0037135427570831633,0.8257155384182473,-0.5640745156580425,0.0,0.46554271711618117,0.2379152427447602,0.16171641749788898,1.0
2025-12-16 17:24:14.628,0.010364283548997781,-0.5639469459404417,-0.825734322098926,0.0,-0.9999300513248264,-0.00884801464817424,-0.006507841080119802,0.0,-0.0036361022818686816,0.8257599106244337,-0.5640100608727856,0.0,0.46557622441876667,0.23788161362761276,0.16118007381265723,1.0
2025-12-16 17:24:14.678,0.01024781456419984,-0.5639401716597634,-0.8257404022973702,0.0,-0.9999308721463926,-0.008867270988041374,-0.006353686724094352,0.0,-0.0037390367191302617,0.8257643305613048,-0.5640029166387824,0.0,0.4654990758593587,0.23766305058725679,0.16052840327678178,1.0
2025-12-16 17:24:14.728,0.010503106943293518,-0.564015108303496,-0.8256860112967529,0.0,-0.9999287864995497,-0.008884851679284943,-0.006650431668941631,0.0,-0.0035852228326581533,0.8257129590338275,-0.564079121631745,0.0,0.465491912539002,0.23727043683166463,0.1599413557507638,1.0
2025-12-16 17:24:14.778,0.010807126878915801,-0.5639695637169614,-0.825713197248737,0.0,-0.9999261763757264,-0.008907261728503745,-0.007003526849241573,0.0,-0.003405133138291995,0.8257438262386283,-0.5640350507699858,0.0,0.4655040781048202,0.2368298958887819,0.15942893848715115,1.0
2025-12-16 17:24:14.828,0.010919983371433154,-0.5639665941041091,-0.8257137407110209,0.0,-0.9999246769372343,-0.009036415093708505,-0.007051989466127074,0.0,-0.003484472715671207,0.8257444511703037,-0.5640336513111147,0.0,0.46534088478312424,0.23645904537091544,0.1587066208980116,1.0
2025-12-16 17:24:14.878,0.011049285793519166,-0.5639669210342361,-0.8257117972778547,0.0,-0.9999231626787389,-0.00913150164958947,-0.007143620747220638,0.0,-0.0035112904443037646,0.825743181817511,-0.5640353433263812,0.0,0.46523969820115646,0.23611102790891048,0.15802558971565786,1.0
2025-12-16 17:24:14.928,0.01108570606547255,-0.5639048876644509,-0.8257536749481538,0.0,-0.9999225601129547,-0.009198041079903246,-0.0071425988726255595,0.0,-0.0035676384972504493,0.8257848083449798,-0.5639740439614203,0.0,0.46500693408308874,0.23587841992956737,0.1573696220323443,1.0
2025-12-16 17:24:14.978,0.011203915114673219,-0.5637696341538347,-0.8258444277182979,0.0,-0.9999208838920643,-0.00934542627624683,-0.0071858100055724496,0.0,-0.0036667973341613313,0.82587549998934,-0.5638405919359372,0.0,0.4647291728203783,0.2358282352638745,0.156888795921171,1.0
2025-12-16 17:24:15.028,0.01117708829776667,-0.5636643027183541,-0.8259166867423275,0.0,-0.9999213710182325,-0.009286989709560347,-0.007193782340368789,0.0,-0.0036154710729603278,0.8259480533541056,-0.5637346375108453,0.0,0.46444072436785927,0.2358904446210707,0.15648780746406907,1.0
2025-12-16 17:24:15.078,0.011093510243263287,-0.5635965481134259,-0.825964049996319,0.0,-0.9999222172919497,-0.0092585200359751,-0.007112388762084945,0.0,-0.0036387570080823545,0.825994608589145,-0.5636662718569398,0.0,0.4640456846858726,0.23611695163654572,0.15612386793986638,1.0
2025-12-16 17:24:15.128,0.011128383628109103,-0.5636324124902286,-0.8259391076644081,0.0,-0.999921879888067,-0.009267094433510302,-0.007148565106568745,0.0,-0.0036249625019576536,0.8259700396665367,-0.5637023622623194,0.0,0.4637973606504359,0.23630225793038953,0.15587054827091554,1.0
2025-12-16 17:24:15.178,0.01102258070108728,-0.5636091441417502,-0.8259564045733289,0.0,-0.99992316749459,-0.009180768569152674,-0.007079512502591355,0.0,-0.00359290579064104,0.8259868815783218,-0.5636778889476677,0.0,0.46354096159561997,0.2363729129345517,0.1554891852009544,1.0
2025-12-16 17:24:15.228,0.01110383709354118,-0.5635713161005973,-0.8259811277333455,0.0,-0.9999224475968738,-0.00918477659681119,-0.007175344727063913,0.0,-0.0035427018680950664,0.8260126480740088,-0.5636404478789981,0.0,0.46324894663848426,0.23638949934925807,0.1550656335029352,1.0
2025-12-16 17:24:15.279,0.0114568327815485,-0.5634968012075948,-0.8260271441742288,0.0,-0.9999187643506217,-0.009312521367497724,-0.007515886276039614,0.0,-0.00345728411889998,0.8260620538293679,-0.5635685676204163,0.0,0.4629012572556212,0.23636164512332974,0.1544438631755429,1.0
2025-12-16 17:24:15.328,0.011621516719613874,-0.563426876151852,-0.8260725406888365,0.0,-0.9999167386775276,-0.009434455435435191,-0.007632408816450883,0.0,-0.0034933075715945787,0.8261083661092976,-0.563500456296565,0.0,0.46260421807342744,0.23630037589696196,0.15372359811568137,1.0
2025-12-16 17:24:15.378,0.011643237893058595,-0.5633065044878759,-0.8261543220937747,0.0,-0.9999156881180035,-0.009628487646590647,-0.007527003543713055,0.0,-0.003714678148046068,0.8261882128442233,-0.5633819646771847,0.0,0.46221472004309505,0.2363952557435887,0.15284083452525568,1.0
2025-12-16 17:24:15.428,0.011835828109516675,-0.5632388622846608,-0.82619770278454,0.0,-0.9999121772065498,-0.01000279402951379,-0.0075052572819792026,0.0,-0.004037110602844938,0.8262298822149934,-0.5633186340544563,0.0,0.4619310150342246,0.23652054142637138,0.15201382206096983,1.0
2025-12-16 17:24:15.478,0.011942132948242295,-0.5631851460623929,-0.8262327902089919,0.0,-0.9999105130843818,-0.010143107594108627,-0.007538573662888243,0.0,-0.004135034991671784,0.8262647879915272,-0.5632667233300171,0.0,0.46196835590708,0.23647099056724089,0.15151595171963758,1.0
2025-12-16 17:24:15.528,0.011956038667600892,-0.563282400245591,-0.826166289323253,0.0,-0.9999103744935777,-0.01014631374531936,-0.007552628595610484,0.0,-0.004128359097486579,0.8261984501510969,-0.5633640719988167,0.0,0.46200404804179274,0.23621867722492357,0.1511117594986746,1.0
2025-12-16 17:24:15.578,0.011985445164919997,-0.5632645811447691,-0.8261780120731941,0.0,-0.9999090412036828,-0.010353745714530828,-0.0074468899561257965,0.0,-0.004359551634852283,0.8262080252716236,-0.563348287728211,0.0,0.4618989922351732,0.2361039035798144,0.15083870815815487,1.0
2025-12-16 17:24:15.628,0.012062926016708834,-0.5632283956913202,-0.8262015534989664,0.0,-0.9999068061654891,-0.010636142543349875,-0.00734835743122375,0.0,-0.0046488834310095236,0.8262291067707713,-0.5633150548384254,0.0,0.46169143726821044,0.23612744904198282,0.15055380412304611,1.0
2025-12-16 17:24:15.678,0.012138153042841304,-0.563131778460913,-0.8262663082985813,0.0,-0.9999056621791358,-0.010718957572591213,-0.007383602905697669,0.0,-0.004698862534244055,0.8262938921556165,-0.5632196059062634,0.0,0.46158123232576426,0.23624725246527295,0.15038052813920036,1.0
2025-12-16 17:24:15.728,0.012194190870825896,-0.563063891037099,-0.8263117469940604,0.0,-0.9999055572770749,-0.010647092483136441,-0.007500856570170486,0.0,-0.004574444175862113,0.8263410843659335,-0.5631513888373312,0.0,0.4615130839151698,0.2364648638597726,0.15012067053752529,1.0
2025-12-16 17:24:15.778,0.012275141947240527,-0.5630107203140008,-0.8263467774505407,0.0,-0.999904837275503,-0.010643011987070461,-0.007601946467945425,0.0,-0.004514928227535926,0.8263773653368426,-0.563098628556347,0.0,0.4613972180738798,0.23681014563294056,0.14978686339755415,1.0
2025-12-16 17:24:15.828,0.01232625338709292,-0.5629030844587838,-0.8264193414274819,0.0,-0.9999040066617998,-0.010707566995932474,-0.007620523073606904,0.0,-0.004559412304561946,0.8264498548951952,-0.562991873034725,0.0,0.4613234681733451,0.2372064605426554,0.14927327658611503,1.0
2025-12-16 17:24:15.878,0.012337251717607205,-0.5629228365965517,-0.8264057230920879,0.0,-0.999903231125423,-0.010828196762417206,-0.007551519120133532,0.0,-0.004697651655861461,0.8264348291639665,-0.5630127931172131,0.0,0.46129219342979916,0.23744684843745514,0.14875982137350224,1.0
2025-12-16 17:24:15.928,0.012290826469254943,-0.5629404787892347,-0.8263943972622626,0.0,-0.9999036840432818,-0.010823063308814702,-0.007498722457514094,0.0,-0.004722875399065239,0.8264228789930631,-0.5630301231060219,0.0,0.46121497105138914,0.23757716548343227,0.1484136071406619,1.0
2025-12-16 17:24:15.979,0.012264710095555941,-0.5629582583019181,-0.8263826735823732,0.0,-0.9999040697286029,-0.010797127237202088,-0.007484669986672704,0.0,-0.004709092758254262,0.8264111067504468,-0.5630475176083239,0.0,0.46106409729638753,0.2377230626264028,0.14817557612289484,1.0
2025-12-16 17:24:16.028,0.012299657788276531,-0.5629150005049536,-0.826411621122312,0.0,-0.999904015782614,-0.010749976418997428,-0.0075593736513983895,0.0,-0.004628709733662048,0.8264411879124621,-0.5630040301525736,0.0,0.46097753864854146,0.23784477697099596,0.14808619532907535,1.0
2025-12-16 17:24:16.078,0.012365971564306896,-0.5628646932762689,-0.8264448963551599,0.0,-0.9999038394134036,-0.01067053321045646,-0.0076940593022877075,0.0,-0.0044879797914567565,0.8264764816810338,-0.5629533579840618,0.0,0.4609853319029052,0.23790347603364406,0.14807653143434854,1.0
2025-12-16 17:24:16.128,0.012341041225655389,-0.5628653265676936,-0.8264448376936714,0.0,-0.9999046919013984,-0.010554841713227526,-0.007742695343772036,0.0,-0.004364983742847502,0.8264775359836761,-0.5629527772657987,0.0,0.4610315745190381,0.23785661669522348,0.1480922717283546,1.0
2025-12-16 17:24:16.178,0.012314695033596633,-0.5629156682383105,-0.8264109423520808,0.0,-0.9999041638755668,-0.01069849205640746,-0.007612636417870418,0.0,-0.004556166306181136,0.826441401184007,-0.5630043088268559,0.0,0.46090078025302234,0.23780834733030337,0.14794245707998097,1.0
2025-12-16 17:24:16.228,0.01260263807062421,-0.5629898692883254,-0.8263560537042028,0.0,-0.999899831018434,-0.010994135821574784,-0.007759111292687786,0.0,-0.004716860453120976,0.8263869742413189,-0.5630828713712959,0.0,0.4606869493046168,0.23762378007863516,0.14765168493713476,1.0
2025-12-16 17:24:16.278,0.012670974223642946,-0.562913075000423,-0.8264073228783736,0.0,-0.9998993074457845,-0.010971847962250616,-0.00785750742551438,0.0,-0.0046442112502350676,0.82643958361121,-0.5630062574629106,0.0,0.4605075051973363,0.23722452057009316,0.1472313222691144,1.0
2025-12-16 17:24:16.328,0.012858477264888833,-0.562882623399897,-0.8264251682627327,0.0,-0.9998969100726965,-0.01107779037339577,-0.008012408422254409,0.0,-0.0046450087316548495,0.8264589114188184,-0.5629778784555433,0.0,0.4603789696775333,0.23681440962509856,0.14681584722507326,1.0
2025-12-16 17:24:16.378,0.013053883370413629,-0.5628514544832948,-0.826443333336412,0.0,-0.9998935310673985,-0.011335367746897968,-0.008073590825644973,0.0,-0.0048238996412395515,0.8264766467464031,-0.5629503373967124,0.0,0.4603337190416015,0.23649139197684885,0.1462408291753919,1.0
2025-12-16 17:24:16.428,0.013173347685829728,-0.5627925219630676,-0.8264815708982303,0.0,-0.9998908658724329,-0.011586002895518397,-0.008047843375084589,0.0,-0.0050464489638722045,0.8265133035342266,-0.562894566001302,0.0,0.46031366549610603,0.2361964853700767,0.14567050254466474,1.0
2025-12-16 17:24:16.478,0.013296959592155537,-0.5627724216396156,-0.8264932783808321,0.0,-0.9998883420519181,-0.011798322796850814,-0.008052944123515836,0.0,-0.005219360110900963,0.8265239866578417,-0.5628773025795774,0.0,0.4603582740336839,0.2359617749294471,0.14514340483886182,1.0
2025-12-16 17:24:16.528,0.013363575088100675,-0.5627793314101096,-0.8264874989373178,0.0,-0.9998858654148736,-0.01208051099623272,-0.007941303345651103,0.0,-0.00551529611831173,0.8265152053119721,-0.562887374966641,0.0,0.460259026759343,0.23585432280395063,0.1447266522159669,1.0
2025-12-16 17:24:16.579,0.013293796902424321,-0.5627169137352417,-0.8265311227421568,0.0,-0.9998854882803712,-0.012232514430633685,-0.0077538905225858525,0.0,-0.0057474191976304365,0.8265554676418511,-0.5628259287594414,0.0,0.46003127308384356,0.23587046304971887,0.14444127654499966,1.0
2025-12-16 17:24:16.628,0.013199212599417238,-0.5626114187191302,-0.8266044514849962,0.0,-0.9998865626415439,-0.012203925196630163,-0.007659827666561935,0.0,-0.005778423635057003,0.8266277024981975,-0.5627195138635636,0.0,0.4597962659022492,0.23612282948722024,0.14415539364621757,1.0
2025-12-16 17:24:16.678,0.013240556993840542,-0.5624970766323025,-0.8266816033587625,0.0,-0.9998880193170298,-0.011930365107180662,-0.007896968778253226,0.0,-0.00542069586862868,0.8267095079732357,-0.5626028843535646,0.0,0.45961541774366876,0.23659279034186073,0.14370924906683416,1.0
2025-12-16 17:24:16.728,0.0131773807208683,-0.5625064710290643,-0.8266762205295214,0.0,-0.9998899308623764,-0.011727535499644693,-0.007958515712413685,0.0,-0.0052182586026012796,0.8267060180349863,-0.562609926611585,0.0,0.45961432234131866,0.2370044451873361,0.14302119740875263,1.0
2025-12-16 17:24:16.778,0.012937596005290559,-0.5625864269686965,-0.8266255970518984,0.0,-0.99989215242797,-0.011735154307763165,-0.00766267365495718,0.0,-0.005389766513288519,0.8266514996673362,-0.5626884115695615,0.0,0.45970706837405145,0.23722221811480898,0.14221922723944216,1.0
2025-12-16 17:24:16.828,0.012852370138060561,-0.562583151971838,-0.8266291554261044,0.0,-0.9998928951956029,-0.01174148483841978,-0.0075553009438963465,0.0,-0.005455473711092573,0.8266536386405101,-0.562684635945387,0.0,0.4599590490699952,0.23718587753106876,0.1417584433771757,1.0
2025-12-16 17:24:16.878,0.01291956315731588,-0.5626119553242629,-0.8266085043811502,0.0,-0.9998915311210019,-0.011854420886367782,-0.007559470825121993,0.0,-0.005546023235179753,0.8266324233797824,-0.5627149173813887,0.0,0.46009006096375715,0.23713368516248984,0.14144931761277954,1.0
2025-12-16 17:24:16.928,0.01313028508069845,-0.5625940345174523,-0.8266173811627021,0.0,-0.9998880301340151,-0.012084182338863816,-0.0076581089786273825,0.0,-0.005680698102425606,0.8266412934858697,-0.5627005434270324,0.0,0.46013851624245317,0.2371696931431843,0.1412539956192679,1.0
2025-12-16 17:24:16.978,0.013112414214414501,-0.5625363520116627,-0.8266569204694826,0.0,-0.9998886006309319,-0.012024441150774383,-0.007677632742981225,0.0,-0.005621248203190645,0.8266814198898651,-0.5626421878756644,0.0,0.46014766897561904,0.2373557605387461,0.14091899523389392,1.0
2025-12-16 17:24:17.028,0.013107951312994371,-0.5625606715040882,-0.8266404414196379,0.0,-0.9998884977524328,-0.01204583006910784,-0.007657476185885377,0.0,-0.005649884118212144,0.8266645588319335,-0.5626666739559536,0.0,0.4601401143798038,0.23767398273252305,0.14037702163279678,1.0
2025-12-16 17:24:17.078,0.012789103410768691,-0.5626589037814824,-0.8265785768640376,0.0,-0.9998918754061923,-0.011975952806906566,-0.007318534844001339,0.0,-0.00578133854379348,0.8265987154768293,-0.5627620631285464,0.0,0.46022730316802113,0.23801911931413153,0.13952827899414486,1.0
2025-12-16 17:24:17.128,0.012148977109975412,-0.5635732932401992,-0.825965067301751,0.0,-0.9999030025345248,-0.011150533042798436,-0.007099157450846554,0.0,-0.005209155523727067,0.8259871010962802,-0.5636649479267742,0.0,0.460609686593922,0.23790519807828642,0.13830260197712507,1.0
2025-12-16 17:24:17.178,0.0098150309353392,-0.5643930718199092,-0.8254361710941879,0.0,-0.9999374534317037,-0.008084437290182921,-0.006362232267739403,0.0,-0.0030824464956853924,0.8254628811192632,-0.5644479873450577,0.0,0.4613883646314605,0.23751659545396486,0.1363308926991717,1.0
2025-12-16 17:24:17.228,0.008869368436448416,-0.5642560483719004,-0.825540545994244,0.0,-0.9999481426220362,-0.006992012135876372,-0.005964120575530644,0.0,-0.0024069447494323385,0.8255665283228387,-0.5642996667817097,0.0,0.4621820472456085,0.23954185873235723,0.13394598171783248,1.0
2025-12-16 17:24:17.278,0.009396894740196813,-0.5643363403692094,-0.8254798242289982,0.0,-0.999942341303052,-0.007602921902327508,-0.006185187881226801,0.0,-0.002785585973334593,0.825506243250699,-0.564386111509579,0.0,0.4626355253200649,0.24240576397419003,0.13115934723975572,1.0
2025-12-16 17:24:17.328,0.009366987397245535,-0.5642740908385047,-0.8255227173474312,0.0,-0.9999422091341568,-0.0077048170612218254,-0.006079563073396758,0.0,-0.0029300180030345058,0.8255478512198489,-0.5643245168702068,0.0,0.46289476736627555,0.24444409420242877,0.12886138207771516,1.0
2025-12-16 17:24:17.378,0.009359217206539708,-0.5642158446257244,-0.8255626158128587,0.0,-0.9999426227546083,-0.0076019723715413275,-0.006140693438516621,0.0,-0.002811281787272394,0.8255886145269115,-0.564265483844482,0.0,0.46288128950405816,0.24566424318983,0.1273697849835944,1.0
2025-12-16 17:24:17.428,0.00957075047523575,-0.5642428620174442,-0.8255417253530635,0.0,-0.9999407682647784,-0.0076777358641801135,-0.006345016568385685,0.0,-0.002758214108195071,0.8255694484246601,-0.5642937870318405,0.0,0.46264392525474646,0.24603955421640722,0.12702933753984091,1.0
2025-12-16 17:24:17.478,0.00975652303724249,-0.564153383228113,-0.825600700915222,0.0,-0.9999402719251912,-0.007352567197736728,-0.006792587061363667,0.0,-0.0022382667540088927,0.8256335574113888,-0.5642022855662258,0.0,0.46237102491024434,0.2457358392131313,0.12758360690231807,1.0
2025-12-16 17:24:17.528,0.009504431690581714,-0.5638596354536173,-0.8258042892753471,0.0,-0.9999434740134223,-0.006896011632315874,-0.0068000516721093895,0.0,-0.0018605171486782597,0.8258381404430896,-0.5639041623054748,0.0,0.46207925120309434,0.24510995475421615,0.12862977281086205,1.0
2025-12-16 17:24:17.578,0.009608075323860777,-0.5638195267570545,-0.8258304747569144,0.0,-0.9999423271972558,-0.007022013895616526,-0.006839627284743285,0.0,-0.001942715053572903,0.8258644629030755,-0.5638653338981174,0.0,0.4619690593038662,0.24435643241373606,0.12960497021283526,1.0
2025-12-16 17:24:17.628,0.009652323152784954,-0.5638234455821453,-0.8258272832565172,0.0,-0.9999416931336315,-0.007133078916191204,-0.0068173616179543,0.0,-0.002046942275379946,0.8258608356131112,-0.5638702778367866,0.0,0.46203228448515876,0.24370844048003232,0.13017767170488048,1.0
2025-12-16 17:24:17.678,0.009327899476189044,-0.5638129381382165,-0.8258381851068175,0.0,-0.999944810460253,-0.006934510783846783,-0.006560144434853853,0.0,-0.0020281285396688774,0.8258697003962444,-0.56385736198266,0.0,0.4621424999579059,0.2433416944358454,0.13026737230153937,1.0
2025-12-16 17:24:17.728,0.009245669430188605,-0.5638207542590612,-0.8258337735675015,0.0,-0.9999454698711987,-0.0069301426184807694,-0.0064635368462957945,0.0,-0.002078909635573834,0.8258644009193905,-0.5638649389958409,0.0,0.46221779974047256,0.24331041001076087,0.13017160751473209,1.0
2025-12-16 17:24:17.778,0.009229740788448635,-0.5638024634690132,-0.8258464390989757,0.0,-0.9999455363759688,-0.006952762359557993,-0.006428862928652444,0.0,-0.0021173460455362037,0.8258766979330604,-0.5638467847358074,0.0,0.4623176350007381,0.24335231742939914,0.13007511439161457,1.0
2025-12-16 17:24:17.828,0.009261759433218879,-0.5638086289949955,-0.825841871416189,0.0,-0.9999454017880902,-0.006906709165610555,-0.006499054743955725,0.0,-0.002039665747588229,0.825872875220327,-0.5638526702419242,0.0,0.46233358337930425,0.2433239517854884,0.13010765143523534,1.0
2025-12-16 17:24:17.878,0.009198044159396589,-0.5638474337929738,-0.8258160898710609,0.0,-0.9999459064483543,-0.006904542482667038,-0.006423267976022867,0.0,-0.002080179160434515,0.825846400150574,-0.5638912982242222,0.0,0.4622153380143597,0.24327589964192856,0.130118488463732,1.0
2025-12-16 17:24:17.928,0.009374197798264653,-0.5639103630646656,-0.8257711388424303,0.0,-0.9999439522752417,-0.007126408306576581,-0.006484868080767101,0.0,-0.0022279408840920846,0.8258015459237581,-0.5639564194415632,0.0,0.4620272547796984,0.24320550203630842,0.13003483065654897,1.0
2025-12-16 17:24:17.981,0.009422311163731052,-0.5640184723030128,-0.8256967541746291,0.0,-0.9999433022458046,-0.0072263104775962044,-0.0064745371916007065,0.0,-0.0023150271017790902,0.825726841927544,-0.5640654422758792,0.0,0.461839131460368,0.24300969432654446,0.12981063338543633,1.0
2025-12-16 17:24:18.028,0.009507002262297146,-0.564092105857769,-0.8256454807713419,0.0,-0.9999426078452813,-0.007236038548410489,-0.006570210263906075,0.0,-0.0022682424531832663,0.8256764550323682,-0.5641393858625322,0.0,0.46176257820765504,0.24272572792891786,0.12952612996509263,1.0
2025-12-16 17:24:18.078,0.009607977098227508,-0.5641161416464009,-0.8256278897973749,0.0,-0.9999419741197697,-0.00716841207673016,-0.0067386321285827205,0.0,-0.0021171105406964834,0.8256606231610374,-0.5641631441385423,0.0,0.4617912607210728,0.24247228534098839,0.12929603292886635,1.0
2025-12-16 17:24:18.128,0.009843169078861852,-0.564083831535132,-0.8256471945839448,0.0,-0.9999395042118446,-0.007370582092797327,-0.006885443877642877,0.0,-0.0022015752501936365,0.8256809179107235,-0.5641331180355597,0.0,0.4617641146088925,0.24247255564192327,0.12924451667264697,1.0
2025-12-16 17:24:18.178,0.009910859478391359,-0.5640638934038951,-0.8256600062517546,0.0,-0.9999388336690542,-0.007409325141274182,-0.006941017413226186,0.0,-0.0022024485401365,0.8256941922786388,-0.5641136854019362,0.0,0.461768025695361,0.24249664574164892,0.12927545931384812,1.0
2025-12-16 17:24:18.228,0.00981249600834901,-0.5640863745383529,-0.8256458223012282,0.0,-0.9999397181684457,-0.007385827361562965,-0.006837871350250291,0.0,-0.0022409705914184425,0.8256790443243857,-0.5641357051405076,0.0,0.4617255180898788,0.24247230547653287,0.12923721179054293,1.0
2025-12-16 17:24:18.278,0.00981644720194509,-0.564081698865934,-0.8256489697626115,0.0,-0.9999396881280644,-0.007384794455736162,-0.006843377704323768,0.0,-0.002237066883320677,0.8256822479254906,-0.5641310317581085,0.0,0.46172609719095037,0.24247547495634822,0.12924224287820563,1.0
2025-12-16 17:24:18.328,0.009812329691967615,-0.5640865973872915,-0.8256456720259923,0.0,-0.999939704475668,-0.007391373177475172,-0.006833880074556409,0.0,-0.002247798393186569,0.8256788424479756,-0.5641359734462558,0.0,0.4617133563829242,0.24247371768516168,0.12924052061583396,1.0
2025-12-16 17:24:18.378,0.009766954812030949,-0.5641091186991788,-0.8256308228835354,0.0,-0.9999400493968301,-0.007402085712906427,-0.006771531626725535,0.0,-0.002291551499473008,0.8256633596393463,-0.5641584576524515,0.0,0.4616101646004446,0.24245446201589707,0.12926188078197004,1.0
2025-12-16 17:24:18.428,0.009732708163275221,-0.5641037350487449,-0.8256349056314612,0.0,-0.999940276245124,-0.007420912765491918,-0.006717209075205073,0.0,-0.002337806892436745,0.8256668688961367,-0.5641531319297828,0.0,0.46149240925840107,0.24246155888695478,0.12930309042356128,1.0
2025-12-16 17:24:18.478,0.009733891200120375,-0.5640993796957701,-0.825637867403234,0.0,-0.9999403302866724,-0.007398250698271585,-0.006734140924738611,0.0,-0.0023095956774802327,0.8256700479304635,-0.5641485954235045,0.0,0.4614943710387258,0.2424558328595579,0.12931388768761526,1.0
2025-12-16 17:24:18.528,0.009718811777356291,-0.5640864978607537,-0.8256468461334024,0.0,-0.9999404819800606,-0.0073878437398672,-0.006723032319392095,0.0,-0.0023074225525315586,0.8256789420318779,-0.5641355869702627,0.0,0.46150220257073504,0.24244898873826892,0.1293153466912353,1.0
2025-12-16 17:24:18.578,0.009688811636264671,-0.5640305554420011,-0.8256854160986936,0.0,-0.9999407238342828,-0.007388018091204841,-0.006686771093947497,0.0,-0.0023286804118624483,0.8257171571127226,-0.5640795632685363,0.0,0.4615006672180686,0.24244593448053295,0.12932653442167572,1.0
