timestamp, data
2025-12-16 18:53:14.678,0.010581961714773347,-0.5747662226072546,-0.8182374706265066,0.0,-0.9999299484221539,-0.008519362370203237,-0.006947345858851739,0.0,-0.0029778191129529387,0.818269422570565,-0.5748271780973521,0.0,0.3504315271669321,0.2490279886114461,0.1399794700181521,1.0
2025-12-16 18:53:14.728,0.010588191838921679,-0.5747640710834856,-0.8182389013523669,0.0,-0.9999298782370453,-0.008524088872920128,-0.006951648649269935,0.0,-0.0029792405956250937,0.8182708846377613,-0.5748250894660121,0.0,0.35043098057930017,0.249030291568604,0.13998063666968225,1.0
2025-12-16 18:53:14.778,0.01059186920733808,-0.5747674323899624,-0.8182364926301887,0.0,-0.9999298503952536,-0.008523179672372379,-0.006956766346993812,0.0,-0.0029755111979913587,0.8182685330277994,-0.5748284563151372,0.0,0.3504321963443328,0.24903008699634924,0.13998221098146157,1.0
2025-12-16 18:53:14.828,0.010576655803565543,-0.5747560346586852,-0.8182446955994557,0.0,-0.99993006571801,-0.008499361377556624,-0.006954957265040572,0.0,-0.0029572106397618915,0.8182767867971128,-0.5748168013325854,0.0,0.35043875552532433,0.24903357065847645,0.13999925686669276,1.0
2025-12-16 18:53:14.878,0.010536998054782176,-0.5747491642049619,-0.8182500331921164,0.0,-0.9999306125494948,-0.008440783708244394,-0.006947672847167675,0.0,-0.002913558482388657,0.8182822189921151,-0.5748092912073621,0.0,0.35043426648897025,0.24902911786157247,0.14003795080968467,1.0
2025-12-16 18:53:14.928,0.010562992601963698,-0.5746942615822708,-0.8182882595961573,0.0,-0.9999309041383633,-0.008290648663441468,-0.007085124909497202,0.0,-0.002712412059986389,0.8183223146261631,-0.5747531924275809,0.0,0.35049396775798003,0.24903725261805226,0.14018260844565275,1.0
2025-12-16 18:53:14.978,0.010396554676558504,-0.5746561285828433,-0.8183171710493704,0.0,-0.9999329461786198,-0.008102946544416335,-0.007013722624383119,0.0,-0.0026003516679366898,0.8183509740988515,-0.5747129034245392,0.0,0.350531680168072,0.2490489089534823,0.1402750625749995,1.0
2025-12-16 18:53:15.029,0.010322036228869815,-0.5746666511242825,-0.8183107249418771,0.0,-0.9999338259398657,-0.008026021060134819,-0.006976648795295517,0.0,-0.00255858097346717,0.8183443428848565,-0.5747225331686191,0.0,0.35052303695451004,0.24904252076601519,0.14038771105167938,1.0
2025-12-16 18:53:15.078,0.010444996379912962,-0.5746929096373917,-0.8182907237433042,0.0,-0.9999324886426512,-0.00811616910650454,-0.00706348760580216,0.0,-0.0025820993612326363,0.8183250132206338,-0.5747499504135154,0.0,0.35051588204658746,0.24903320298704218,0.14050521286408138,1.0
2025-12-16 18:53:15.128,0.010465313932469697,-0.5747589559979442,-0.8182440752035155,0.0,-0.9999320237041288,-0.008206977386887498,-0.007024271801757593,0.0,-0.002678099056431634,0.8182777195934914,-0.5748168416133258,0.0,0.3504624513102647,0.24893563005316563,0.14061528149740019,1.0
2025-12-16 18:53:15.178,0.010251022117145528,-0.5747611209171485,-0.8182452672205475,0.0,-0.9999342599187292,-0.008078791033652638,-0.00685243587537843,0.0,-0.002671970247111806,0.8182774745589525,-0.5748172189526175,0.0,0.35044824044464407,0.2487207862835273,0.14084578220820318,1.0
2025-12-16 18:53:15.228,0.010315308845845498,-0.5747475930736706,-0.8182539615306762,0.0,-0.9999336343130228,-0.008104731438195428,-0.006912828586976512,0.0,-0.002658648201966443,0.8182867200613319,-0.5748041191232068,0.0,0.3504697338827721,0.2486131583994645,0.141237831301414,1.0
2025-12-16 18:53:15.278,0.010314144659798699,-0.5747183112965066,-0.8182745431587349,0.0,-0.9999338027745736,-0.00805511517516985,-0.006946372398834918,0.0,-0.002599138316824895,0.8183077765045864,-0.5747744143506476,0.0,0.35050009579231794,0.2486468620260863,0.14174598200605726,1.0
2025-12-16 18:53:15.328,0.010279176191853454,-0.5746522155172651,-0.8183214017970714,0.0,-0.9999347476295241,-0.00784159292057839,-0.007053850349714957,0.0,-0.0023634780839758944,0.8183562680504444,-0.5747063880921248,0.0,0.3505802676460434,0.2487042050412057,0.14234846568396006,1.0
2025-12-16 18:53:15.378,0.01031944801783544,-0.5746502454644292,-0.8183222783729444,0.0,-0.9999347644012109,-0.007709023759199267,-0.007196165352675339,0.0,-0.0021732295417446,0.8183589110283581,-0.5747033755023879,0.0,0.3506789426386636,0.24871692970339082,0.14296823304569414,1.0
2025-12-16 18:53:15.428,0.010354142002848893,-0.5745982643841719,-0.8183583403444303,0.0,-0.9999343755144109,-0.007739856494955426,-0.007217076087397736,0.0,-0.002187098830398387,0.8183951192720538,-0.574651760068989,0.0,0.35075801462664313,0.2487866410371303,0.14354852789105024,1.0
2025-12-16 18:53:15.478,0.01040134970443726,-0.5746095654035871,-0.8183498067282934,0.0,-0.9999337575944036,-0.007814351123360567,-0.007222412399333133,0.0,-0.0022448487018567323,0.8183864765812348,-0.5746638457422374,0.0,0.35077392147590597,0.24881152999517794,0.14420186481416672,1.0
2025-12-16 18:53:15.528,0.010366643815216032,-0.574613970912044,-0.8183471537372811,0.0,-0.9999341789745254,-0.00777208026355845,-0.007209673232996997,0.0,-0.0022175234911089273,0.8183837858267365,-0.5746677837546355,0.0,0.3508500988918626,0.24883315571158746,0.14476512924982923,1.0
2025-12-16 18:53:15.578,0.010451408169798676,-0.5745749338319652,-0.8183734846513965,0.0,-0.9999334942411234,-0.00774597921803443,-0.007331698432112477,0.0,-0.0021265348055779427,0.8184114416309851,-0.5746287410643619,0.0,0.3509497271127247,0.24886576108771102,0.14538792541395945,1.0
2025-12-16 18:53:15.628,0.010476323948922162,-0.5745921051221213,-0.8183611099441706,0.0,-0.999933146601104,-0.00779358315993677,-0.007328662303069256,0.0,-0.0021670155865234804,0.8183989338783706,-0.5746464035127986,0.0,0.3510460063640662,0.2488908906890829,0.145946326869706,1.0
2025-12-16 18:53:15.678,0.010483472272796824,-0.574603390696029,-0.8183530943980969,0.0,-0.9999327645775635,-0.007910210157166248,-0.007255466955924579,0.0,-0.0023043734118277995,0.8183898911101751,-0.5746587474248126,0.0,0.35113725285645503,0.2489309081049256,0.14647393325237548,1.0
2025-12-16 18:53:15.728,0.010501346581311424,-0.5746318821618219,-0.818332859308698,0.0,-0.9999324232771462,-0.007974567560003091,-0.007232015800138172,0.0,-0.0023701494547919305,0.8183692611044934,-0.5746878586422786,0.0,0.35128495020467565,0.24894621390090052,0.1469644798141133,1.0
2025-12-16 18:53:15.778,0.01031171097555278,-0.5747002851708942,-0.8182872342536318,0.0,-0.9999342674316369,-0.007910350443648155,-0.007045145351433925,0.0,-0.0024241384161467925,0.8183218488661098,-0.5747551437101639,0.0,0.3515799995878883,0.24890827733758322,0.14738634801168954,1.0
2025-12-16 18:53:15.828,0.010094376956841034,-0.5747695039793964,-0.8182413261076101,0.0,-0.9999361522882668,-0.007895317437567398,-0.006789860875213046,0.0,-0.0025577192868424764,0.8182733769846171,-0.5748235717072158,0.0,0.3519909702791215,0.2490159694070611,0.14778550335679355,1.0
2025-12-16 18:53:15.878,0.010099596757075287,-0.5747723839447088,-0.8182392386711047,0.0,-0.9999356223247788,-0.008045830162217948,-0.006690495061388308,0.0,-0.0027379548643213284,0.818269887864359,-0.5748277082897192,0.0,0.35251388843280496,0.24906848007357416,0.14820940686892398,1.0
2025-12-16 18:53:15.929,0.01015903346688342,-0.5748392172870098,-0.8181915516607863,0.0,-0.9999349919294139,-0.00808899168664072,-0.006732535170703823,0.0,-0.002748272324337677,0.8182225119756156,-0.5748950929478742,0.0,0.35315037037036306,0.24893770304709303,0.14876293053347417,1.0
2025-12-16 18:53:15.978,0.01010452206864304,-0.5749340832862003,-0.8181255682417151,0.0,-0.9999352254219686,-0.008151421449005177,-0.006621645557257604,0.0,-0.0028619316876904413,0.8181552350904875,-0.5749902787361226,0.0,0.3536255142093005,0.24875728110286385,0.14940083519579778,1.0
2025-12-16 18:53:16.028,0.009987050574410813,-0.5749065868000373,-0.8181463329844874,0.0,-0.999936662635603,-0.00800897665102526,-0.0065782909166312515,0.0,-0.002770665444031948,0.8181759638988046,-0.5749612295722722,0.0,0.3541212627330096,0.24862459951826957,0.15019155276218915,1.0
2025-12-16 18:53:16.079,0.010012365138003585,-0.5748821248962787,-0.8181632122750881,0.0,-0.9999361594805739,-0.008095997525504555,-0.006548182077140438,0.0,-0.002859469568973916,0.8181922958376902,-0.5749375535357156,0.0,0.35448752658887867,0.24867300684183324,0.15106780650243923,1.0
2025-12-16 18:53:16.128,0.010064538671925137,-0.5748766365459611,-0.8181664284949198,0.0,-0.9999355854449401,-0.008140289664701969,-0.006580846926334639,0.0,-0.002876991966258842,0.8181957126597342,-0.5749326036175507,0.0,0.35485298165843165,0.2487595780000551,0.1520652516327186,1.0
2025-12-16 18:53:16.178,0.010058117695818127,-0.57486672288728,-0.8181734731011905,0.0,-0.9999354485088622,-0.00819315481302272,-0.006535895562078457,0.0,-0.002946209789789188,0.8182021505171388,-0.5749230911495934,0.0,0.35529774202255376,0.24885695975944044,0.1530884629890087,1.0
2025-12-16 18:53:16.228,0.010044256922431506,-0.5749199330167784,-0.8181362541924588,0.0,-0.9999355561109872,-0.008194403379232894,-0.006517843161485873,0.0,-0.002956957462806397,0.8181647494085386,-0.5749762597080218,0.0,0.35597666257306065,0.24887340333977953,0.15402421743528125,1.0
2025-12-16 18:53:16.278,0.010037898101147691,-0.5750007844018346,-0.8180795104634966,0.0,-0.9999356841417335,-0.008173568804491372,-0.0065243585286071815,0.0,-0.0029351744058529624,0.8181081369405193,-0.575056919811352,0.0,0.35694440299400015,0.24882940056158007,0.15491486851568337,1.0
2025-12-16 18:53:16.328,0.010116667484318926,-0.5750952028381546,-0.8180121683769513,0.0,-0.9999342337472683,-0.008396128473885234,-0.006463753408161472,0.0,-0.0031509223465510682,0.8180395122214236,-0.5751533953067663,0.0,0.35787981758300014,0.24868234502294137,0.15574553489280824,1.0
2025-12-16 18:53:16.378,0.010030731588725715,-0.57508529746481,-0.8180201904383623,0.0,-0.9999349945763101,-0.008373717881755212,-0.006374509527764753,0.0,-0.0031840448910745636,0.8180467056174182,-0.5751429816025062,0.0,0.3589194280588418,0.24851316160165982,0.15666404610047663,1.0
2025-12-16 18:53:16.428,0.009925844718624953,-0.5750447102244886,-0.8180500019868369,0.0,-0.9999363370337719,-0.00823593457033613,-0.006343355771502905,0.0,-0.0030897525974642034,0.818076636171866,-0.5751009222550515,0.0,0.3601074924533788,0.24840505305210508,0.15770559058335964,1.0
2025-12-16 18:53:16.479,0.010051927885827214,-0.5750438512057603,-0.818049066277466,0.0,-0.9999353032705052,-0.008247948622614883,-0.006489030594005581,0.0,-0.0030158075897071123,0.818077118965482,-0.5751006280032379,0.0,0.3613980496763428,0.24837481777286183,0.1587754084568958,1.0
2025-12-16 18:53:16.528,0.01014824093558382,-0.5750439428849441,-0.8180478126970688,0.0,-0.9999344326181836,-0.008275468170640602,-0.0065874116552735494,0.0,-0.0029817348720180604,0.8180767765974084,-0.5751012926860336,0.0,0.3627425994485629,0.24846119846732298,0.15987723131983297,1.0
2025-12-16 18:53:16.578,0.010131585932371477,-0.5751057656195104,-0.8180045575783179,0.0,-0.9999344895790454,-0.008296902890556151,-0.006551706184418246,0.0,-0.0030190385028022204,0.8180330986016816,-0.5751632246577053,0.0,0.36415517241776746,0.24856997584960705,0.16104742986804238,1.0
2025-12-16 18:53:16.628,0.009988481364750381,-0.5751557018379665,-0.817971207185504,0.0,-0.9999359353406051,-0.008213345961473195,-0.006435298270823877,0.0,-0.0030170401050172474,0.8179988320078998,-0.5752119681497566,0.0,0.36561753972517963,0.24870983601853383,0.16229050293028516,1.0
2025-12-16 18:53:16.678,0.009929178238906109,-0.5751664772447048,-0.81796435238623,0.0,-0.9999364465128134,-0.008200764572971836,-0.006371600815671946,0.0,-0.0030432604796379577,0.8179913815282871,-0.5752224250766806,0.0,0.36702082816974196,0.24883061035964069,0.16351333826725392,1.0
2025-12-16 18:53:16.728,0.009990856882861774,-0.575209947537247,-0.8179330326708613,0.0,-0.9999355396837654,-0.008313993354649498,-0.006367173081039116,0.0,-0.0031378889183540292,0.817959670222256,-0.575267008912413,0.0,0.36837493552043166,0.2488669334455897,0.1647297805031206,1.0
2025-12-16 18:53:16.778,0.010084352732225408,-0.5751974896577223,-0.8179406461489948,0.0,-0.9999343835076919,-0.00842380445112987,-0.006404303152529999,0.0,-0.0032064946944068144,0.8179673074102503,-0.5752557712876942,0.0,0.3697607206156686,0.2488688944887486,0.1659977276868566,1.0
2025-12-16 18:53:16.831,0.01012222568210533,-0.5751265819576016,-0.8179900379431373,0.0,-0.9999343497218817,-0.008354467520067611,-0.006499693834475976,0.0,-0.003095784108379066,0.8180178774165128,-0.5751844646265557,0.0,0.37105020726644905,0.2488408417412115,0.1670610178437848,1.0
2025-12-16 18:53:16.878,0.010228018801159448,-0.5751390962083124,-0.8179799230698129,0.0,-0.9999333763195528,-0.008388026114549977,-0.006605364584172201,0.0,-0.0030622924974399056,0.8180087352329533,-0.5751976455508526,0.0,0.3722891118687606,0.2487577915447634,0.16795454630015044,1.0
2025-12-16 18:53:16.928,0.01028764298487089,-0.5750980255990538,-0.8180080514610443,0.0,-0.9999332234464319,-0.008296280768069727,-0.006742942581242213,0.0,-0.0029086275003547962,0.8180385464654706,-0.5751560452457443,0.0,0.3736007102198295,0.24863497292342285,0.16878886964588558,1.0
2025-12-16 18:53:16.978,0.010352146056305448,-0.5751020278092649,-0.8180044239384704,0.0,-0.999932586277134,-0.008325376156423946,-0.00680131709187961,0.0,-0.002898799086458072,0.8180354371599289,-0.5751605171727457,0.0,0.3747701815382471,0.24854451873382488,0.16953849743345342,1.0
2025-12-16 18:53:17.028,0.010300140319824682,-0.5750632583455622,-0.8180323361038887,0.0,-0.9999334052760771,-0.008214193270843656,-0.006816079746148158,0.0,-0.002799852588432422,0.8180638163075956,-0.5751206423644828,0.0,0.37575817882184415,0.24849788583035515,0.17027438803386571,1.0
2025-12-16 18:53:17.078,0.01007726995486751,-0.5750867031850051,-0.8180186301981558,0.0,-0.9999354715778676,-0.008145216340288058,-0.006592043107094721,0.0,-0.002871997670492376,0.8180480245040506,-0.5751427485715186,0.0,0.3765206909661505,0.24850261298472637,0.17086174491205053,1.0
2025-12-16 18:53:17.128,0.010115765366157667,-0.5751237247278387,-0.8179921267637253,0.0,-0.9999347637320676,-0.008256867342535312,-0.006560436189021384,0.0,-0.0029810473754568706,0.8180208772801291,-0.5751808043479838,0.0,0.37720670136147605,0.24861246572397572,0.17150453275904395,1.0
2025-12-16 18:53:17.179,0.010132967117446361,-0.5750757593064562,-0.8180256358676712,0.0,-0.9999347275449065,-0.008228213586100817,-0.006601821876052177,0.0,-0.0029343984189112685,0.8180548874616393,-0.5751326720036374,0.0,0.37781664230972983,0.2487138001527473,0.17212639028288643,1.0
2025-12-16 18:53:17.228,0.010075464925664798,-0.5750989917972222,-0.8180100131059268,0.0,-0.9999350159131271,-0.008275577424200382,-0.006498128216544372,0.0,-0.0030324965962820194,0.8180380769030103,-0.5751560733411566,0.0,0.3782834363764159,0.24881572934182355,0.17274794581377226,1.0
2025-12-16 18:53:17.278,0.009888660331494312,-0.5750781959436218,-0.8180269126674781,0.0,-0.9999367016509845,-0.008215812810997921,-0.006311894518513467,0.0,-0.003090982587134491,0.8180532991563834,-0.5751341109393553,0.0,0.3785577993963343,0.24895938034097687,0.17337980771712735,1.0
2025-12-16 18:53:17.328,0.009875406107823562,-0.5750611410150791,-0.8180390622396032,0.0,-0.9999377566976053,-0.007950363822079351,-0.006482387435640344,0.0,-0.0027759924966942132,0.818067911337672,-0.5751149331266554,0.0,0.37889886249486243,0.24908697918631095,0.17419344377686113,1.0
2025-12-16 18:53:17.378,0.00988748746544345,-0.5750151434927468,-0.8180712494928818,0.0,-0.9999383758430871,-0.007727730099500438,-0.006653841372253657,0.0,-0.0024958223191112925,0.8181023773208944,-0.5750671883292009,0.0,0.3792168287293766,0.2492223002379652,0.17495118890554112,1.0
2025-12-16 18:53:17.428,0.009879765614171802,-0.5750057539137123,-0.8180779425572731,0.0,-0.9999381180995498,-0.007829928845980036,-0.006572601235914179,0.0,-0.0026262591154843484,0.8181080052134038,-0.5750586009867199,0.0,0.37946535244818697,0.2494422752051963,0.1756554300396759,1.0
2025-12-16 18:53:17.478,0.009771877972841611,-0.5750148777717127,-0.8180728253910374,0.0,-0.9999385290823293,-0.00796146179892952,-0.006348234707413832,0.0,-0.0028627812611537566,0.81810032284498,-0.5750684013614297,0.0,0.3797846285173981,0.2496233686680537,0.17625565461442508,1.0
2025-12-16 18:53:17.528,0.009910305432664475,-0.5750874376658184,-0.8180201536553993,0.0,-0.9999370233590154,-0.008082260135754877,-0.006432207103192971,0.0,-0.0029124262498523065,0.8180481325923763,-0.5751423915305367,0.0,0.3802794442053913,0.2497553727895259,0.1768821955733018,1.0
2025-12-16 18:53:17.578,0.010031830549200751,-0.5750460392213497,-0.818047774920804,0.0,-0.9999360272457707,-0.00809045074778778,-0.00657517481526114,0.0,-0.002837401626404014,0.8180771537113889,-0.5751014864591145,0.0,0.3809756156213426,0.24989878346416558,0.17744692764684813,1.0
2025-12-16 18:53:17.628,0.010122655417608397,-0.5750440799284413,-0.8180480333621962,0.0,-0.9999354576599199,-0.008040752294317145,-0.006721139650105732,0.0,-0.002712822265188147,0.8180790209647271,-0.5750994314488159,0.0,0.3818474842512968,0.2500886056049294,0.1780155130489224,1.0
2025-12-16 18:53:17.678,0.010163682119576592,-0.5750453024684663,-0.8180466652801236,0.0,-0.9999349210500607,-0.008100386867408244,-0.006729360921789574,0.0,-0.0027568601557732314,0.8180775732757604,-0.5751012813629652,0.0,0.38268916612882115,0.2502321402823511,0.17857386870832306,1.0
2025-12-16 18:53:17.728,0.010228335171581556,-0.5750853805833525,-0.8180176850778514,0.0,-0.9999342779266865,-0.008133115098650964,-0.006785216815726276,0.0,-0.0027510059560471073,0.8180490747110359,-0.5751418462698117,0.0,0.3835675156585041,0.25032777558513736,0.1793068943870631,1.0
2025-12-16 18:53:17.778,0.010108473119698383,-0.5750363495185713,-0.8180536427427926,0.0,-0.999935655491857,-0.00801607784506734,-0.006721180942423789,0.0,-0.0026927101710969327,0.8180846970258965,-0.5750914516874528,0.0,0.38439055155602947,0.2504432651925064,0.18001229869161922,1.0
2025-12-16 18:53:17.828,0.010147804796961167,-0.5750431127376434,-0.8180484016560469,0.0,-0.9999350022246288,-0.008114876926755022,-0.006699776093548132,0.0,-0.002785755634516747,0.8180789689049817,-0.5750991568424585,0.0,0.38525527478732063,0.2505676318508483,0.180716848015725,1.0
2025-12-16 18:53:17.878,0.010135267408979012,-0.5750330529131271,-0.8180556284954988,0.0,-0.9999354402450328,-0.008014387683330642,-0.006755133843387496,0.0,-0.0026718411577154578,0.8180870308228844,-0.5750882291129118,0.0,0.386252171628189,0.2505720505539119,0.18131840221792367,1.0
2025-12-16 18:53:17.928,0.010185220760588207,-0.5749934825981325,-0.8180828216928513,0.0,-0.9999352041960812,-0.007958004955018548,-0.006855980432146847,0.0,-0.0025682125293920153,0.8181153942894883,-0.5750483509331706,0.0,0.3872093546195179,0.2505562950430276,0.1817418197889197,1.0
2025-12-16 18:53:17.978,0.010314326607666206,-0.5749600899748026,-0.8181046733175443,0.0,-0.9999340547727348,-0.007975798458760624,-0.007001403138740747,0.0,-0.002499558738202094,0.8181386896826381,-0.5750155099216806,0.0,0.38814040507855607,0.25051421177238536,0.1820633741483988,1.0
2025-12-16 18:53:18.028,0.010381367748361384,-0.5749223853614368,-0.8181303226963277,0.0,-0.9999335819142665,-0.007940388629749051,-0.007108367584897387,0.0,-0.002409559455542035,0.8181655308461963,-0.5749777023140916,0.0,0.3889803601037052,0.25045675984949384,0.18232410145195213,1.0
2025-12-16 18:53:18.078,0.010311832097988638,-0.5749206144115037,-0.8181324465786028,0.0,-0.9999344708700086,-0.007841986256365206,-0.007092539649482168,0.0,-0.002338181166170495,0.8181677244132007,-0.5749748756575014,0.0,0.3896797230792997,0.25039888133222105,0.18254355357229746,1.0
2025-12-16 18:53:18.128,0.010324616625095335,-0.5749436515523116,-0.8181160961211111,0.0,-0.9999343409935508,-0.007848821719794577,-0.007103280975177972,0.0,-0.0023373060830629965,0.8181514700350079,-0.5749980078920531,0.0,0.39023645548087815,0.25044619694857656,0.1827908234014501,1.0
2025-12-16 18:53:18.178,0.010323462313117137,-0.5749384906174224,-0.818119737589577,0.0,-0.9999339494180408,-0.007984489912581386,-0.00700654146375041,0.0,-0.0025039866279524723,0.8181537840671745,-0.5749940135927766,0.0,0.39065314998713374,0.2505725181668151,0.18304484593209075,1.0
2025-12-16 18:53:18.228,0.01042632266731439,-0.5749688876116232,-0.81809707063129,0.0,-0.9999326078474389,-0.008131657040777894,-0.007028713851003077,0.0,-0.0026112432947121996,0.8181309725036813,-0.5750259935330199,0.0,0.3909877091773432,0.2506629803137813,0.18333512272008004,1.0
2025-12-16 18:53:18.278,0.010466851226740645,-0.5749677147572755,-0.8180973774028382,0.0,-0.9999323714247612,-0.008095541490614219,-0.007103638929112796,0.0,-0.0025386270970327754,0.8181321549538413,-0.5750246363444317,0.0,0.39136748554548406,0.25070414592505835,0.18364243367048352,1.0
2025-12-16 18:53:18.328,0.010392429530606116,-0.5749737085641246,-0.8180941136383251,0.0,-0.9999332543702557,-0.008018118479297969,-0.007067070239500576,0.0,-0.0024962440065119875,0.8181287049737531,-0.575029730417332,0.0,0.3917269263751406,0.25073390738401247,0.18386187520665073,1.0
2025-12-16 18:53:18.378,0.010336751857520763,-0.5749756073577036,-0.8180934845149936,0.0,-0.9999336873322147,-0.008032826534149837,-0.0069886720685064735,0.0,-0.0025533362422487074,0.8181272262068336,-0.575031583665755,0.0,0.3920762372964142,0.2507471442065145,0.183986248080325,1.0
2025-12-16 18:53:18.428,0.010345473171501661,-0.5749347841518805,-0.8181220642778781,0.0,-0.9999338297077381,-0.007961592713366673,-0.007049549538117282,0.0,-0.0024605707971465493,0.8181566118774726,-0.5749901773356888,0.0,0.3925942579476881,0.25068788549682675,0.1840495355320015,1.0
2025-12-16 18:53:18.478,0.010286074396458695,-0.5749176306421102,-0.8181348675808781,0.0,-0.9999348460800727,-0.007788293243428441,-0.007098801616054035,0.0,-0.0022906921588155623,0.8181703340030434,-0.5749713534488323,0.0,0.39329589085630196,0.25060072955484447,0.18391695803788766,1.0
2025-12-16 18:53:18.528,0.01002061282237692,-0.574887763219905,-0.8181591495056978,0.0,-0.9999375698302162,-0.007625276558586587,-0.00688901303923954,0.0,-0.0022783243518015683,0.8181928565713767,-0.5749393521874445,0.0,0.39397016717726696,0.25051531932190363,0.18366904943981063,1.0
2025-12-16 18:53:18.578,0.010051160768261813,-0.5748691779120243,-0.8181718336359253,0.0,-0.9999371280019818,-0.0076906333633182476,-0.006880487106835848,0.0,-0.0023369246269872336,0.8182053034076355,-0.5749214035491345,0.0,0.3946974426086344,0.25039090286810783,0.18342838295510247,1.0
2025-12-16 18:53:18.628,0.010093732409937956,-0.5748878966417164,-0.8181581569367304,0.0,-0.9999364932088957,-0.007786069761929342,-0.006865389134383929,0.0,-0.002423454026107855,0.8181912484553174,-0.5749410472576404,0.0,0.3954220763921008,0.25026108297783217,0.1832425140540605,1.0
2025-12-16 18:53:18.678,0.010304808282270402,-0.5749267990345953,-0.818128188965096,0.0,-0.9999343808874798,-0.007894004190073212,-0.007047376691206614,0.0,-0.0024066279640869875,0.818162878155825,-0.5749814892234524,0.0,0.3961660580177288,0.25015721211991376,0.1831346043324286,1.0
2025-12-16 18:53:18.728,0.010246734770047946,-0.5749333173993652,-0.8181243376601882,0.0,-0.9999349983775712,-0.007853615700229372,-0.007004758474659639,0.0,-0.002398011284718567,0.8181586862431233,-0.574987490008961,0.0,0.3968477005399439,0.2501167338712585,0.18308399527214667,1.0
2025-12-16 18:53:18.778,0.010384710381766353,-0.5749982019851712,-0.8180769966239824,0.0,-0.999933526140736,-0.007950108785691043,-0.007105348074348707,0.0,-0.00241828531048879,0.8181121540648806,-0.5750536107768371,0.0,0.397583343486323,0.2501903542327018,0.18310462430557367,1.0
2025-12-16 18:53:18.828,0.01035381252652597,-0.5750139695675163,-0.818066305545939,0.0,-0.999933776154355,-0.0079561487841693,-0.007063278518154284,0.0,-0.0024472205399330973,0.8181010128904151,-0.5750693382708781,0.0,0.3983359428497374,0.2503365152187579,0.18320772345408087,1.0
2025-12-16 18:53:18.878,0.010355446791769094,-0.5750073737466345,-0.8180709209842074,0.0,-0.9999339782045903,-0.007882439353679369,-0.007117111983516925,0.0,-0.002356047912587084,0.8181063624303059,-0.5750621086363511,0.0,0.3992117243699705,0.25057704602228864,0.18351178602819765,1.0
2025-12-16 18:53:18.928,0.01030358960756408,-0.5749263259488433,-0.8181285367675252,0.0,-0.9999350539149565,-0.007654254562571262,-0.007214377339215182,0.0,-0.0021144693377660954,0.8181654887263594,-0.5749789231585599,0.0,0.4001473249189946,0.2509046878574221,0.18399635773938894,1.0
2025-12-16 18:53:18.978,0.010095925134680633,-0.5748207411752227,-0.818205313299572,0.0,-0.9999375079684318,-0.0073987061002114595,-0.007140462669432867,0.0,-0.0019492121271312743,0.8182420252583895,-0.5748705842823518,0.0,0.40113616523902984,0.25132857608701054,0.18453921501607537,1.0
2025-12-16 18:53:19.028,0.009997197562597608,-0.5747879181202008,-0.818229583995316,0.0,-0.9999383552821419,-0.007401259615067188,-0.007018111780465426,0.0,-0.0020220426470361494,0.8182650600514925,-0.5748375447397822,0.0,0.4022046431849975,0.2518204995249888,0.185009389284528,1.0
2025-12-16 18:53:19.078,0.010038042879124248,-0.5748478190767073,-0.8181870015461737,0.0,-0.999937868114127,-0.007456512684383077,-0.007029027754273809,0.0,-0.002060240146459631,0.8182224770449511,-0.5748980200600481,0.0,0.4034834187756265,0.2522645420773358,0.18548894936276536,1.0
2025-12-16 18:53:19.128,0.01020557485123832,-0.5750458685501846,-0.8180457457908622,0.0,-0.999936033843179,-0.0076086722034648556,-0.007126235365292418,0.0,-0.0021263706612583357,0.8180818964884009,-0.5750978083645879,0.0,0.4048473847574211,0.25250018758201587,0.18589217605964084,1.0
2025-12-16 18:53:19.178,0.010329877592018625,-0.5750917467915234,-0.8180119334718878,0.0,-0.999934314135415,-0.007843492554424833,-0.007112941746842403,0.0,-0.002325521189088652,0.8180474274162973,-0.5751460670549498,0.0,0.40622874833830663,0.252618173841013,0.18629391334081846,1.0
2025-12-16 18:53:19.228,0.010445196982067955,-0.5750900238883783,-0.8180116803477067,0.0,-0.9999328892983956,-0.007988008850778733,-0.00715230838057008,0.0,-0.0024211099590879573,0.8180472402241616,-0.5751459388609109,0.0,0.40752637790991375,0.2526868232108259,0.18656289446988716,1.0
2025-12-16 18:53:19.278,0.010439644840396068,-0.5749994123125798,-0.8180754467388707,0.0,-0.9999332729223299,-0.007870747591246941,-0.00722827340381445,0.0,-0.00228265634085837,0.8181120707546623,-0.5750542836685492,0.0,0.40887341742878075,0.2527295020443338,0.18676581869119388,1.0
2025-12-16 18:53:19.328,0.010412397911260533,-0.5749888057203693,-0.8180832489222655,0.0,-0.9999335667168844,-0.007851504985873213,-0.007208531300838251,0.0,-0.00227840377043857,0.8181197104020457,-0.5750434316883654,0.0,0.41005488218470193,0.2527272969437232,0.18679584682868716,1.0
2025-12-16 18:53:19.378,0.010341865974952494,-0.5750172894070859,-0.8180641231543478,0.0,-0.9999343003260127,-0.007810601833801367,-0.0071509741804373795,0.0,-0.0022776832030809834,0.8181000819864204,-0.5750713590616721,0.0,0.41112183529480156,0.2526489241134776,0.18681853040617283,1.0
2025-12-16 18:53:19.428,0.010286348723223575,-0.5750519225875607,-0.8180404783746966,0.0,-0.9999347812862032,-0.00781161909723785,-0.007082279463618628,0.0,-0.002317586822057101,0.8180757281159938,-0.5751058440485616,0.0,0.4120244570127766,0.2524954955887684,0.18686502455899084,1.0
2025-12-16 18:53:19.478,0.010311384653260924,-0.5750432813428061,-0.8180462375869957,0.0,-0.9999343514445891,-0.007885709750820029,-0.007060827431910819,0.0,-0.002390639844145202,0.8180810915369343,-0.5750979155855755,0.0,0.4128384076534984,0.2523137665524486,0.18704723259105685,1.0
2025-12-16 18:53:19.528,0.010392993524408521,-0.575057563122636,-0.8180351653090872,0.0,-0.9999332908404914,-0.0080052467100739,-0.007076495970766664,0.0,-0.002479228520250684,0.8180698912279948,-0.5751134727096566,0.0,0.41356351359376536,0.2520684840384252,0.1873253428369582,1.0
2025-12-16 18:53:19.578,0.010306070632582851,-0.575064784266133,-0.8180311887124295,0.0,-0.9999340781172744,-0.007992067011193848,-0.006979483208161023,0.0,-0.002524153669826045,0.8180649438884465,-0.5751203145682162,0.0,0.41434968752156565,0.25178326854334376,0.1875674104283582,1.0
2025-12-16 18:53:19.628,0.010218690980083553,-0.5750127765410007,-0.8180688431119174,0.0,-0.9999348547009212,-0.007979966376915112,-0.006881380099864556,0.0,-0.002571329890446309,0.8181016194605242,-0.5750679338118776,0.0,0.41521149109647015,0.2515253294971146,0.18774558452083487,1.0
2025-12-16 18:53:19.678,0.01036071301505192,-0.5750512810835912,-0.8180399908630068,0.0,-0.9999333506897538,-0.008075469497838607,-0.006987694323552339,0.0,-0.0025878242452830693,0.8180736170095527,-0.5751076945395387,0.0,0.41630931382171044,0.2512091501235471,0.1877902364927823,1.0
2025-12-16 18:53:19.728,0.010388244522952577,-0.5750731271952513,-0.8180242842696138,0.0,-0.9999330538280083,-0.00809503482695711,-0.007007508441113712,0.0,-0.002592155184400687,0.818058066539141,-0.5751297944827255,0.0,0.41753485925082084,0.25088676303187235,0.1877053703711059,1.0
2025-12-16 18:53:19.778,0.010479586685226352,-0.5750541591438247,-0.8180364534759462,0.0,-0.9999322843034877,-0.00808865297834958,-0.007123721065097202,0.0,-0.0025203360930219068,0.8180714636308575,-0.5751110573609629,0.0,0.4187553602450068,0.25054421288903383,0.18762213475790762,1.0
2025-12-16 18:53:19.828,0.010468474328503088,-0.5750287076046603,-0.8180544868020441,0.0,-0.999932352128305,-0.008097747338840406,-0.007103840961071241,0.0,-0.002539534950571132,0.8180892642872419,-0.5750856513774224,0.0,0.4198995167754762,0.25020672601432536,0.18756400125136558,1.0
2025-12-16 18:53:19.878,0.010482821798575329,-0.5750397488312233,-0.818046541837609,0.0,-0.9999321090265135,-0.0081357751893892,-0.007094603658011622,0.0,-0.0025758132456748842,0.8180811259241422,-0.5750970671050333,0.0,0.4209117366693181,0.24992604075160407,0.18759336185563538,1.0
2025-12-16 18:53:19.928,0.010508373216263222,-0.57499232454008,-0.8180795485241955,0.0,-0.999931861189136,-0.008143582547827532,-0.007120529708213851,0.0,-0.002567897845204505,0.8181143819772573,-0.5750497925420258,0.0,0.42191175011378335,0.24955459135464608,0.18762965270024812,1.0
2025-12-16 18:53:19.978,0.010423889644216963,-0.5749667177434463,-0.8180986266418137,0.0,-0.9999328563667671,-0.00805913969658901,-0.007076717230262419,0.0,-0.002524342840833656,0.8181332150467439,-0.5750231909501566,0.0,0.42289568560117335,0.2491703642269809,0.1876059001176285,1.0
2025-12-16 18:53:20.028,0.010400275470394224,-0.574987532933391,-0.8180842976995223,0.0,-0.9999328334121549,-0.00813110514521179,-0.006997191912872553,0.0,-0.002628681937070569,0.8181178737963367,-0.5750445501056722,0.0,0.42380207105863704,0.24886726298985268,0.18743193484780785,1.0
2025-12-16 18:53:20.078,0.010411774842734077,-0.5749715393849819,-0.818095392202582,0.0,-0.9999323478255276,-0.008248600521018773,-0.006928727356504296,0.0,-0.002764374266988064,0.8181279381175732,-0.5750295949830756,0.0,0.42475649707015295,0.2486415414096315,0.1871973733842965,1.0
2025-12-16 18:53:20.128,0.010421955084062134,-0.5749713948405321,-0.8180953641651854,0.0,-0.9999319919238456,-0.00832722659162725,-0.006885907762299244,0.0,-0.002853320415390677,0.8181272431794063,-0.5750301492359091,0.0,0.42577327444864155,0.24833738667968988,0.1869726724215855,1.0
2025-12-16 18:53:20.178,0.01042910875456726,-0.5749738808701076,-0.818093525771327,0.0,-0.9999319644954844,-0.008317800722039439,-0.006901266011258327,0.0,-0.0028367458340941183,0.8181255918721801,-0.5750325806394517,0.0,0.42677761884441345,0.24803654595383523,0.18677745646248686,1.0
2025-12-16 18:53:20.228,0.010493057506638518,-0.5749456644863258,-0.8181125384283925,0.0,-0.9999314999706688,-0.008294589651916793,-0.006995859498527837,0.0,-0.0027637219175286874,0.8181456574907099,-0.5750043869139231,0.0,0.4278718969869647,0.2477946891111394,0.18662674434433393,1.0
2025-12-16 18:53:20.278,0.010618654743950491,-0.5749596626188932,-0.8181010802057442,0.0,-0.9999300803876482,-0.00839450776816949,-0.007079087263926334,0.0,-0.002797420107023948,0.8181348009090563,-0.5750196709524324,0.0,0.42895604642351187,0.24753598954820788,0.18647153619232854,1.0
2025-12-16 18:53:20.328,0.010627439677212521,-0.5749946152246951,-0.8180764003989605,0.0,-0.9999299814908473,-0.008401490142710253,-0.007084771012807411,0.0,-0.002799409528779741,0.8181101640414078,-0.5750547128738541,0.0,0.43004885527824993,0.24723145086222764,0.1863177108434492,1.0
2025-12-16 18:53:20.378,0.01056956669476922,-0.5749485909163247,-0.8181094969283916,0.0,-0.9999307290590731,-0.008328261027863939,-0.007065695496615612,0.0,-0.002751070736807864,0.8181432588465427,-0.5750078604799765,0.0,0.4311709006727626,0.2468678174207793,0.1862105949867827,1.0
2025-12-16 18:53:20.429,0.010586266125284379,-0.5749680427992557,-0.8180956103233449,0.0,-0.9999305765765469,-0.00833083173971972,-0.007084219860171651,0.0,-0.0027422696460328647,0.8181295622913812,-0.5750273900103381,0.0,0.4323278529563913,0.24645391478277173,0.1861109228795087,1.0
2025-12-16 18:53:20.478,0.010530735183860444,-0.5749867834279834,-0.8180831555537843,0.0,-0.9999312799409252,-0.008263877055978194,-0.007063330157609549,0.0,-0.0026992691007440813,0.8181170701791876,-0.5750453664083764,0.0,0.43340359017887287,0.24603047224364366,0.18598085726112631,1.0
2025-12-16 18:53:20.528,0.010447229101114494,-0.5749631453967984,-0.8181008395917567,0.0,-0.9999322659619406,-0.0081820341502446,-0.007018882146848535,0.0,-0.00265818162979566,0.8181345058126386,-0.5750207513378389,0.0,0.43444689041972123,0.2456373858867114,0.1858270233649141,1.0
2025-12-16 18:53:20.578,0.010425967571732635,-0.5749627261038674,-0.8181014055070501,0.0,-0.99993259047128,-0.008137993939292945,-0.007023850030251537,0.0,-0.002619302748299883,0.8181352397480997,-0.5750198855130423,0.0,0.4354786838399952,0.24520790781252905,0.18570940092911073,1.0
2025-12-16 18:53:20.628,0.010419471436368634,-0.5749999316557086,-0.8180753388974181,0.0,-0.999932725242099,-0.008113528946770473,-0.007032960908985632,0.0,-0.0025935758351510055,0.8181093339521822,-0.5750568589841393,0.0,0.43647449329196614,0.24477092913278356,0.185604548223681,1.0
2025-12-16 18:53:20.678,0.010449959792251887,-0.5749852418284963,-0.8180852748466838,0.0,-0.9999326495238566,-0.008053030549587056,-0.007112806504881857,0.0,-0.0024983550432954847,0.8181202563060012,-0.5750417414795909,0.0,0.437449154272768,0.24442669742987252,0.18556040064707421,1.0
2025-12-16 18:53:20.728,0.010437334511777207,-0.5749688146460369,-0.8180969814967104,0.0,-0.9999327512201275,-0.008055482048005927,-0.0070957133206891905,0.0,-0.0025104000038890357,0.8181317773783495,-0.5750252974744358,0.0,0.4383480110876816,0.24413147906644023,0.18547537415031484,1.0
2025-12-16 18:53:20.779,0.01045573595835117,-0.5749571240503012,-0.8181049626976873,0.0,-0.9999325437321045,-0.008070924630012374,-0.007107394900225462,0.0,-0.002516464611790393,0.8181398411617726,-0.5750137978428403,0.0,0.4392433862876458,0.24379341871475776,0.18540377254518375,1.0
2025-12-16 18:53:20.829,0.010423409350733928,-0.5750156333189262,-0.8180642522916824,0.0,-0.9999328003734489,-0.008078962005898412,-0.00706201185414587,0.0,-0.0025483918582708733,0.8180986398537635,-0.5750722747345404,0.0,0.4400747638900843,0.24338886833279033,0.18531857172264776,1.0
2025-12-16 18:53:20.878,0.0104357081780591,-0.5750223663031224,-0.8180593628503915,0.0,-0.9999328666015121,-0.008022687742708756,-0.007116577314505693,0.0,-0.0024708912680954666,0.8180944611227604,-0.5750785575698346,0.0,0.44085348703953964,0.24306533491671053,0.18529162664333593,1.0
2025-12-16 18:53:20.928,0.010392642359578446,-0.575022198524823,-0.8180600290257882,0.0,-0.9999332127768386,-0.008031525716067755,-0.00705772496422761,0.0,-0.0025119699981005677,0.8180944923335773,-0.5750783352032968,0.0,0.44150667500899776,0.24279451331927954,0.18523914765994295,1.0
2025-12-16 18:53:20.978,0.010386390858508605,-0.575017693035485,-0.8180632753536191,0.0,-0.9999332766293066,-0.008028250297543752,-0.007052402976777526,0.0,-0.0025124086153554,0.8180976913439283,-0.5750737824146429,0.0,0.4420532196578496,0.24248994023741027,0.18526013599243485,1.0
2025-12-16 18:53:21.028,0.010393586441925378,-0.5750194246281791,-0.8180619668230276,0.0,-0.999933310969929,-0.007996563240089823,-0.007083465978636426,0.0,-0.0024686012488275527,0.8180967845780944,-0.5750752620925866,0.0,0.4425568432577564,0.24215588357147733,0.18533674245041026,1.0
2025-12-16 18:53:21.078,0.01044540562134528,-0.5750477085061741,-0.8180414252007119,0.0,-0.9999325300143203,-0.008104954955461409,-0.0070705039098412446,0.0,-0.002564361203514626,0.8180758367336576,-0.575104642134059,0.0,0.44299848689061977,0.24179865053346777,0.18544647357118635,1.0
2025-12-16 18:53:21.128,0.010418160266949703,-0.5750604658999714,-0.8180328045969602,0.0,-0.9999324282513321,-0.008209117602886947,-0.006963922801489039,0.0,-0.0027107029946726886,0.8180658302559662,-0.5751182047691511,0.0,0.4434452147992798,0.2413486054913899,0.18553013444003313,1.0
2025-12-16 18:53:21.179,0.01033947723660817,-0.5750240009558246,-0.8180594357602862,0.0,-0.9999334071793005,-0.008114038257646254,-0.006934730791976689,0.0,-0.0026501799374096593,0.818092411180138,-0.5750806754845512,0.0,0.44413524414823485,0.24070290088708646,0.18559118574886094,1.0
2025-12-16 18:53:21.228,0.010388559690764812,-0.5750296681003104,-0.8180548303953755,0.0,-0.9999330636441475,-0.008090708400056032,-0.0070111033384938695,0.0,-0.0025871004719362615,0.8180886587934396,-0.5750863007103364,0.0,0.44483043240426345,0.2400280042183576,0.18558680274858744,1.0
2025-12-16 18:53:21.278,0.010472276941575124,-0.5750309978307762,-0.8180528282761506,0.0,-0.9999322113579033,-0.008132224689732017,-0.007084243904434698,0.0,-0.0025789792197103397,0.8180873124656942,-0.5750882524003093,0.0,0.44558143623271784,0.23927672718915843,0.1855470265622065,1.0
2025-12-16 18:53:21.328,0.010488193387753109,-0.5749990898456081,-0.8180750524110803,0.0,-0.9999322813665953,-0.008064587545481722,-0.007151364200332539,0.0,-0.0024854578253630352,0.818110409537765,-0.5750558062530527,0.0,0.4463095775167628,0.23863162211542527,0.18549208896679442,1.0
2025-12-16 18:53:21.378,0.010458744248551158,-0.5750126370321266,-0.8180659073835749,0.0,-0.9999325447674285,-0.008062545406725807,-0.007116753312252541,0.0,-0.002503518635280642,0.8181009078379063,-0.5750692453863588,0.0,0.44690820899268746,0.23808141641727837,0.18536218874944185,1.0
2025-12-16 18:53:21.428,0.010281008668801309,-0.5749916131343698,-0.8180829374746157,0.0,-0.9999344544667034,-0.007938305535123898,-0.006986914685026403,0.0,-0.002476822651680795,0.8181168996081342,-0.5750466102196643,0.0,0.44748850628555986,0.2376433025472202,0.1851863372634294,1.0
2025-12-16 18:53:21.478,0.010105690896192501,-0.5749337394236497,-0.8181257954526662,0.0,-0.9999361410426908,-0.007869964491846966,-0.006820879470977268,0.0,-0.0025171156819464653,0.8181582325732735,-0.5749876264766234,0.0,0.4480106637816843,0.23735597137361472,0.18488339333628503,1.0
2025-12-16 18:53:21.529,0.010000799409607514,-0.5749209687211979,-0.8181360587561561,0.0,-0.99993702402357,-0.007864580199931673,-0.0066965115077543555,0.0,-0.002584381522805769,0.8181672585623939,-0.5749744846413983,0.0,0.4485030746649558,0.23708641527570717,0.18435013729528807,1.0
2025-12-16 18:53:21.578,0.009916282802203963,-0.5749678097030321,-0.8181041694319207,0.0,-0.9999378725736175,-0.007814195880298127,-0.0066284415136942405,0.0,-0.0025817354379635577,0.8181348238565375,-0.5750206471383099,0.0,0.4489973485970809,0.23676996461059485,0.18363029464394576,1.0
2025-12-16 18:53:21.628,0.009993693080675131,-0.5750483082029739,-0.8180466467339835,0.0,-0.9999367099345312,-0.007980123436096923,-0.0066061075118185675,0.0,-0.002729334817097121,0.8180766424295023,-0.575102736772073,0.0,0.4492782927225506,0.23644677082349236,0.1828730301584414,1.0
2025-12-16 18:53:21.679,0.010214312345347865,-0.5752145103707432,-0.8179270638531693,0.0,-0.999933865180442,-0.008285795102466948,-0.006660162612890451,0.0,-0.0029462106071703235,0.8179567475776568,-0.5752721781341765,0.0,0.4494663889755773,0.23607475712144363,0.18202128755246344,1.0
2025-12-16 18:53:21.728,0.010453293309666099,-0.5753423653193097,-0.8178341141264361,0.0,-0.9999309209780219,-0.008552650510318739,-0.006764047789740809,0.0,-0.0031030658426903527,0.8178640719389738,-0.5754031028885552,0.0,0.4495743155835091,0.23572604406229516,0.18124636855474446,1.0
2025-12-16 18:53:21.778,0.010557009022263704,-0.575366388402586,-0.8178158812093812,0.0,-0.999929451839184,-0.008710663166388516,-0.0067795717415733096,0.0,-0.003223043019038383,0.8178455038634007,-0.5754288346999283,0.0,0.4497252731635727,0.23543113965851448,0.18037102633312932,1.0
2025-12-16 18:53:21.829,0.010523917252118275,-0.5753739236530785,-0.817811006313158,0.0,-0.9999293533730481,-0.008802837834174751,-0.006674219821934418,0.0,-0.0033589502915103465,0.8178392156004199,-0.5754369947083945,0.0,0.4499453947143063,0.23518750375332417,0.17948304455209346,1.0
2025-12-16 18:53:21.878,0.010594193908509514,-0.5754172622073456,-0.817779606196217,0.0,-0.9999283483669124,-0.008906917248976179,-0.006686692646367369,0.0,-0.00343632306436273,0.8178075964008759,-0.5754814740309366,0.0,0.4502989102955598,0.23496498659057782,0.1786951904066658,1.0
2025-12-16 18:53:21.928,0.010655289347579592,-0.5754508843091889,-0.8177551537336224,0.0,-0.9999275992192012,-0.008966049628757794,-0.006719611222985429,0.0,-0.0034652937897109,0.8177832918863825,-0.5755158375322288,0.0,0.4507358593173093,0.2347454233956421,0.1779799799727172,1.0
2025-12-16 18:53:21.978,0.010678307182686449,-0.5754402031661076,-0.817762369663137,0.0,-0.9999273467321356,-0.008980847863482782,-0.006737397872535387,0.0,-0.0034672965860467805,0.8177906455628292,-0.5755053760689949,0.0,0.4511911636042713,0.23458725065305253,0.17730091254772753,1.0
2025-12-16 18:53:22.028,0.010627625730120698,-0.5754077073946305,-0.8177858954172568,0.0,-0.9999274983223571,-0.009041578001809488,-0.006632862672946332,0.0,-0.0035775435368904465,0.8178128415813256,-0.5754731595191207,0.0,0.4515925470375748,0.2345012055145261,0.17658951654224322,1.0
2025-12-16 18:53:22.078,0.010543930781575702,-0.575382960572993,-0.8178043904914789,0.0,-0.9999277599231445,-0.009132636625659328,-0.0064665898706148155,0.0,-0.003748016865600665,0.8178292412626221,-0.5754487679241124,0.0,0.45192972049385605,0.23445865256199783,0.17595027050974016,1.0
2025-12-16 18:53:22.129,0.010565475684972467,-0.5753462521932354,-0.8178299381362584,0.0,-0.9999270029892221,-0.009258191323771007,-0.006404801918290518,0.0,-0.0038867220892893164,0.8178536549916015,-0.5754131493181912,0.0,0.45226021926092125,0.23447797536360487,0.17546297518632614,1.0
2025-12-16 18:53:22.179,0.010633126930558533,-0.5753151699968814,-0.817850926932498,0.0,-0.9999261013450231,-0.009335473629633157,-0.006433325909748016,0.0,-0.003933911511924352,0.8178746418412888,-0.5753829981613984,0.0,0.45257776747010076,0.23451913686179465,0.175074307597889,1.0
2025-12-16 18:53:22.228,0.010720316279045895,-0.5753309382251307,-0.8178386963460926,0.0,-0.9999253623863859,-0.00934560143824591,-0.006532709347634799,0.0,-0.0038847994931269065,0.8178634339333332,-0.5753992629189529,0.0,0.45292688635914624,0.234512464562008,0.17469203430996358,1.0
2025-12-16 18:53:22.278,0.010612823639981707,-0.5753261796009695,-0.8178434458631724,0.0,-0.999926702910785,-0.009242628274576637,-0.006473757004469808,0.0,-0.0038345748993148378,0.8178679516530054,-0.5753931783522105,0.0,0.4531724533473155,0.23443134370011678,0.1742777101504425,1.0
2025-12-16 18:53:22.329,0.010601920846960431,-0.5753537853160318,-0.8178241668586693,0.0,-0.9999270811280161,-0.00918006422037645,-0.0065042869650644985,0.0,-0.003765484743856704,0.8178492361106501,-0.5754202361039017,0.0,0.4533698279463245,0.23435137679372683,0.17389068915675382,1.0
2025-12-16 18:53:22.378,0.010652034476354287,-0.5753467828154326,-0.8178284420137604,0.0,-0.9999266102473483,-0.0091954134467836,-0.006554799157772402,0.0,-0.003749060226456638,0.8178539899569692,-0.5754135866130413,0.0,0.45357682770917,0.234301914609826,0.17349491438147227,1.0
2025-12-16 18:53:22.428,0.010650447180930266,-0.5753535024892059,-0.8178237353179828,0.0,-0.999926432706564,-0.009236682995913369,-0.006523784420614437,0.0,-0.003800569546521903,0.8178487975843557,-0.5754206287238455,0.0,0.45376238087422005,0.23428322720761208,0.17304854461615166,1.0
2025-12-16 18:53:22.478,0.010738456582942988,-0.575352228242753,-0.8178234808976345,0.0,-0.9999252539696474,-0.009338004492837837,-0.006560110291474566,0.0,-0.0038625396311094814,0.8178485434172557,-0.5754205773326772,0.0,0.45405373414599653,0.23429861426637064,0.17255311909699314,1.0
2025-12-16 18:53:22.528,0.01081479957365527,-0.5753365312241527,-0.8178335178080863,0.0,-0.9999245459152386,-0.009357423887688471,-0.006639879185520465,0.0,-0.0038327236291516072,0.8178593642182346,-0.575405396733579,0.0,0.4544943599694825,0.23428942479128367,0.17193770915615508,1.0
2025-12-16 18:53:22.578,0.010821296455939476,-0.5753192019928767,-0.8178456225122811,0.0,-0.9999243585552874,-0.009385904984907333,-0.006627884777194274,0.0,-0.003863146301843674,0.8178712283494505,-0.575388329685971,0.0,0.4549088808491861,0.2342225908540705,0.17118850521314571,1.0
2025-12-16 18:53:22.628,0.010781244961935966,-0.5754028271609483,-0.8177873184107632,0.0,-0.9999246021174053,-0.009403308715081106,-0.006566183576928542,0.0,-0.003911781338384831,0.8178121960311534,-0.5754719019982322,0.0,0.4552524779715432,0.23408797766252018,0.17024773953317765,1.0
2025-12-16 18:53:22.678,0.010733376615791653,-0.575402045255884,-0.8177884982334842,0.0,-0.9999247516505333,-0.009451262537744963,-0.0064739149106211626,0.0,-0.004004107008236776,0.817812193384646,-0.575471270767239,0.0,0.4554863167954211,0.23393141528131572,0.1691828886162322,1.0
2025-12-16 18:53:22.728,0.010759214269912094,-0.5753624282191253,-0.8178160321265989,0.0,-0.9999240289842906,-0.009555479098609808,-0.006432416359976844,0.0,-0.004113732507399383,0.8178388554901456,-0.5754326056589306,0.0,0.45566400883386793,0.23376786381413037,0.16815129565832818,1.0
2025-12-16 18:53:22.778,0.0109296181147376,-0.5753541069415837,-0.8178196267970871,0.0,-0.9999215868505502,-0.00976957777018726,-0.006490177322576692,0.0,-0.004255684203764457,0.817842180140391,-0.575426848118134,0.0,0.4557464075363774,0.2335990085902115,0.16719980765788608,1.0
2025-12-16 18:53:22.828,0.011147939923370636,-0.5753762701433984,-0.8178010871187102,0.0,-0.9999200899887729,-0.009715216087410444,-0.006795227327141226,0.0,-0.004035379417169052,0.8178272351192178,-0.5754496756539315,0.0,0.455873978644455,0.23331234789195482,0.1664345160183298,1.0
2025-12-16 18:53:22.878,0.011171670886263432,-0.5753456084013909,-0.8178223349628271,0.0,-0.9999204080408843,-0.00960828684806766,-0.006899660020963906,0.0,-0.0038882573535578887,0.8178500697601501,-0.5754182347198168,0.0,0.45596440455979415,0.23312447895123353,0.1657664957836027,1.0
2025-12-16 18:53:22.928,0.011225697837174208,-0.5753530411499879,-0.8178163660924971,0.0,-0.9999192353769498,-0.00975666454313268,-0.006861276949443775,0.0,-0.004031581003240908,0.8178430840974712,-0.5754271771028469,0.0,0.4558986424239803,0.2330224393167814,0.16511828987318217,1.0
2025-12-16 18:53:22.978,0.011272308801418046,-0.5753338997398868,-0.8178291910696192,0.0,-0.9999182575483843,-0.00987406805027802,-0.006835781063630135,0.0,-0.004142524265447854,0.8178551409874131,-0.5754092524917972,0.0,0.4558958115999652,0.2329490842827003,0.1645073869261455,1.0
2025-12-16 18:53:23.028,0.011220146081195526,-0.5753454020450236,-0.8178218165155386,0.0,-0.999918379490425,-0.00993468830747447,-0.00672928129032674,0.0,-0.004253225676451477,0.8178463150771322,-0.5754209893513628,0.0,0.4558241324982922,0.23285601071695644,0.16397758415671218,1.0
2025-12-16 18:53:23.078,0.011166946172852877,-0.5753429832227432,-0.8178242463211366,0.0,-0.99991925735518,-0.00984933588199194,-0.006724303246955856,0.0,-0.004186325603996371,0.8178490490894383,-0.5754175940840173,0.0,0.45585334190594046,0.23274132445705278,0.16353772364460972,1.0
2025-12-16 18:53:23.128,0.011214981382980582,-0.575311003802379,-0.817846085762894,0.0,-0.9999192134732979,-0.00977885877770836,-0.00683281414611145,0.0,-0.0040666865056995455,0.8178723912796386,-0.5753852740932724,0.0,0.45593087271413724,0.23266037272597237,0.16318618584295416,1.0
2025-12-16 18:53:23.178,0.011221968572223908,-0.5753216713351551,-0.8178384857749702,0.0,-0.9999189197261841,-0.009826001094920945,-0.006808125829627754,0.0,-0.004119298834999188,0.8178643222032957,-0.575396369335132,0.0,0.4559130292098387,0.2326386055251845,0.16286569426068453,1.0
2025-12-16 18:53:23.228,0.011163957916944842,-0.5752849034438527,-0.8178651434157309,0.0,-0.9999195487158422,-0.009796357777606969,-0.0067582816904478505,0.0,-0.004124241533428307,0.8178905412144492,-0.5753590646054944,0.0,0.4558667153178007,0.2326307217876963,0.16260559028715854,1.0
2025-12-16 18:53:23.278,0.011102033351736967,-0.5752890067170537,-0.8178631001012157,0.0,-0.9999205965902969,-0.00968891647622788,-0.006758129417963134,0.0,-0.004036407419094954,0.8178889348570542,-0.5753619709830851,0.0,0.45583775049524095,0.23260963520740507,0.16235870037968256,1.0
2025-12-16 18:53:23.328,0.01107691211740537,-0.5753002728437712,-0.8178555159592884,0.0,-0.999921539040215,-0.009537183542223094,-0.006834090629921608,0.0,-0.0038684584425029,0.8178827936300767,-0.5753718544673001,0.0,0.4558199054320985,0.23262635445756305,0.16214115826777023,1.0
2025-12-16 18:53:23.378,0.011018215310795037,-0.5753272096099236,-0.8178373601854053,0.0,-0.9999225723538822,-0.009421202488826932,-0.006843766657937117,0.0,-0.0037676787381929907,0.8178651894975646,-0.5753975464016498,0.0,0.45575790698975716,0.23265933429495902,0.16188750473684335,1.0
2025-12-16 18:53:23.428,0.011147207940372448,-0.5753346758275334,-0.8178303598221146,0.0,-0.9999216484051334,-0.009383681785264077,-0.007027835237259225,0.0,-0.003630972450372063,0.8178603685963269,-0.5754052776248624,0.0,0.4557117974492057,0.23275585868266446,0.16163780145467369,1.0
2025-12-16 18:53:23.478,0.01117470258252888,-0.5753174552726354,-0.8178420988075994,0.0,-0.9999215337093816,-0.009355743527733103,-0.007081199653274295,0.0,-0.0035776520387158436,0.817872802657716,-0.5753879378981649,0.0,0.4556142391687306,0.2329440981899483,0.1612659202230482,1.0
2025-12-16 18:53:23.528,0.011039372982767795,-0.5753034888796726,-0.8178537612729013,0.0,-0.9999228717536117,-0.009315272009343373,-0.006944289208391705,0.0,-0.0036235262048524694,0.8178830890290775,-0.5753730292063549,0.0,0.4554658778756326,0.2331599076346129,0.1607152680152183,1.0
2025-12-16 18:53:23.578,0.010889399899536124,-0.5753022873365626,-0.8178566170523752,0.0,-0.9999242219873596,-0.009294653383739767,-0.006775441141209351,0.0,-0.0037038382972124843,0.8178841687960946,-0.5753709829445606,0.0,0.45531993836500656,0.23335678826390058,0.16005298508663693,1.0
2025-12-16 18:53:23.628,0.01087936578049533,-0.5752669151918344,-0.8178816311588697,0.0,-0.9999248998108193,-0.009160308463395975,-0.0068578705431691315,0.0,-0.0035470102867463564,0.8179105646886615,-0.5753344478550723,0.0,0.4553053596123719,0.23352480369245937,0.15938860810177857,1.0
2025-12-16 18:53:23.678,0.01087515566266644,-0.5752626102934173,-0.817884715035637,0.0,-0.99992551832108,-0.009022635932428935,-0.00694958648829876,0.0,-0.0033817038630248536,0.817915122844413,-0.5753289632040017,0.0,0.4553306389397698,0.23359300429302918,0.15874150967069164,1.0
2025-12-16 18:53:23.728,0.010811316023375737,-0.5752702565642694,-0.817880183315093,0.0,-0.9999262038295356,-0.008987605471910538,-0.006896139800172152,0.0,-0.0033837054455971606,0.817910130540933,-0.5753360486671867,0.0,0.45522092612508624,0.23358208102878059,0.15808551640926044,1.0
2025-12-16 18:53:23.778,0.010959920962550563,-0.5752191723551957,-0.8179141341172108,0.0,-0.999924314085352,-0.009137652850457029,-0.006972539173876018,0.0,-0.0034631438824854143,0.8179443959803826,-0.5752868603737933,0.0,0.4551059272752101,0.23356063931411147,0.15748887053650282,1.0
2025-12-16 18:53:23.828,0.011066634312994095,-0.5751755525343092,-0.8179433722899423,0.0,-0.9999224782437133,-0.009350602310498961,-0.0069534624893080035,0.0,-0.003648871809566677,0.8179726638182627,-0.5752455188704844,0.0,0.4549553929890252,0.23350513353293595,0.1567822764228563,1.0
2025-12-16 18:53:23.878,0.011101255462503484,-0.5751178710653109,-0.8179834615746635,0.0,-0.9999214570785683,-0.009509654805529571,-0.006884260349598366,0.0,-0.00381955273831303,0.8180113879507847,-0.5751893429121494,0.0,0.4548013994793478,0.2334236550134346,0.15598297547202153,1.0
2025-12-16 18:53:23.928,0.011184497262891823,-0.5750555669612665,-0.8180261296737661,0.0,-0.9999204944779571,-0.009564491254523645,-0.006947814851340471,0.0,-0.0038286978690553718,0.8180545499805371,-0.5751278938886275,0.0,0.45471725289189313,0.2333225602012099,0.1551937212699284,1.0
2025-12-16 18:53:23.978,0.01130369683144917,-0.5749686667809791,-0.8180855734941512,0.0,-0.9999186823225016,-0.009731537365129899,-0.006976591155544466,0.0,-0.003949985060405264,0.8181136611698002,-0.5750429853718484,0.0,0.4545626905746957,0.2332296766711491,0.15435888371915557,1.0
2025-12-16 18:53:24.028,0.011521729153413873,-0.5749044158166957,-0.8181276852258379,0.0,-0.9999160878343459,-0.009878235726399315,-0.007140353646595733,0.0,-0.003976713851098144,0.8181570556393839,-0.5749810588658035,0.0,0.4544258492307649,0.23316291423396854,0.15360811367274993,1.0
2025-12-16 18:53:24.078,0.011771283210835707,-0.5748038677644288,-0.8181947796190291,0.0,-0.9999131429474476,-0.010028688559935897,-0.0073402226078877015,0.0,-0.003986309029700411,0.8182258708547311,-0.5748830608083149,0.0,0.4543065114949238,0.23307942348346725,0.1529482973932141,1.0
2025-12-16 18:53:24.129,0.01204594287540939,-0.5747345002574008,-0.818239510397369,0.0,-0.9999096413183209,-0.010232943373842802,-0.007532792960303795,0.0,-0.004043720432703364,0.818272069220591,-0.5748169004635426,0.0,0.45410820500212434,0.2329976050238989,0.15230629775938564,1.0
2025-12-16 18:53:24.178,0.012271243471886809,-0.5746730231437821,-0.818279341029485,0.0,-0.9999068489323336,-0.010372552099859886,-0.007710416483905259,0.0,-0.004056754851665797,0.8183134889036068,-0.5747578417198674,0.0,0.45391860446262494,0.2329697223457656,0.15179973860959614,1.0
2025-12-16 18:53:24.229,0.012521901924141347,-0.574536488754566,-0.8183714144341706,0.0,-0.9999035058086224,-0.010562495785311415,-0.007884139497741359,0.0,-0.004114398006808192,0.8184069276372649,-0.5746243751568275,0.0,0.45373915691370026,0.2331146914579967,0.15124108367640027,1.0
2025-12-16 18:53:24.278,0.012536844780178932,-0.5744395866152914,-0.818439207121347,0.0,-0.999903013044266,-0.010630386806662537,-0.00785533465534007,0.0,-0.00418799078910015,0.818474068467564,-0.5745282064261978,0.0,0.4535876947893793,0.23322524593283203,0.15067002231049192,1.0
2025-12-16 18:53:24.328,0.0125433749157039,-0.5744073955113638,-0.8184617001599918,0.0,-0.999902449125412,-0.010726775684667718,-0.0077958590047631435,0.0,-0.004301538815360052,0.8184954034604743,-0.574496972383576,0.0,0.4534932917469718,0.23315704071185492,0.15010357729659748,1.0
2025-12-16 18:53:24.378,0.012614881957600346,-0.5743812534087204,-0.8184789474305565,0.0,-0.9999011218530934,-0.010848073048927303,-0.007798251679623456,0.0,-0.00439983454704617,0.8185121506686653,-0.5744723671889838,0.0,0.45343918417945056,0.2330783338597991,0.14961199114776694,1.0
2025-12-16 18:53:24.428,0.012702303941086414,-0.5743677751736668,-0.8184870537875651,0.0,-0.9998990655463879,-0.011070689449968057,-0.007748900294283484,0.0,-0.004610586137301673,0.8185186281507605,-0.5744614851020629,0.0,0.4533197210536868,0.23305934979508064,0.1490390695712749,1.0
2025-12-16 18:53:24.478,0.01273147589842127,-0.5743200356001456,-0.8185200994055696,0.0,-0.9998979622534039,-0.011214837995670896,-0.0076837094836813185,0.0,-0.00476675378160648,0.8185501640483591,-0.5744152739915521,0.0,0.45321308897905366,0.23304668970325698,0.14836715471514925,1.0
2025-12-16 18:53:24.528,0.012792782216795183,-0.5742707153395459,-0.8185537472443506,0.0,-0.9998971105327936,-0.011261464114720366,-0.007726232935355005,0.0,-0.00478125638989742,0.8185841269817811,-0.5743667527293074,0.0,0.4531688680071111,0.23298404172785375,0.1476979386366129,1.0
2025-12-16 18:53:24.578,0.012854867463388497,-0.5742159696999409,-0.8185911796649556,0.0,-0.9998964368948597,-0.011275557970215629,-0.007792572016514426,0.0,-0.0047555445622692455,0.8186223373177538,-0.5743125052097805,0.0,0.4531550524182336,0.23292410802181274,0.14702141015233358,1.0
2025-12-16 18:53:24.628,0.012851464966128252,-0.5741734084519864,-0.8186210868137108,0.0,-0.9998957552300072,-0.011396133410005505,-0.007704136390463595,0.0,-0.0049056993169948795,0.8186505208450747,-0.5742710673839481,0.0,0.4530192782602031,0.2328844544514537,0.14643323648707346,1.0
2025-12-16 18:53:24.678,0.012977803849724662,-0.5740925953150144,-0.8186757694673253,0.0,-0.9998941681000524,-0.011460463851737511,-0.007813915088864292,0.0,-0.004896587543820131,0.8187062975457513,-0.5741916246248752,0.0,0.45293609883655805,0.23283725840130215,0.14606740495512674,1.0
2025-12-16 18:53:24.728,0.013067065381450705,-0.5740334874545214,-0.8187157956118382,0.0,-0.9998934343429344,-0.011438807838915682,-0.007938547368675764,0.0,-0.004808233202713781,0.818748045579636,-0.5741328406849713,0.0,0.45288293778299277,0.23275781173388538,0.14582782925645038,1.0
2025-12-16 18:53:24.778,0.013150286478998309,-0.5740576469663105,-0.8186975234030157,0.0,-0.9998918087543767,-0.011576823597977511,-0.007943226201654921,0.0,-0.004918141755363764,0.8187291662718111,-0.5741588318379672,0.0,0.4527539596040835,0.23268977062982116,0.1456531571260296,1.0
2025-12-16 18:53:24.828,0.013100877428654761,-0.5740819603074222,-0.8186812668929191,0.0,-0.9998925646540248,-0.011530783065715849,-0.007914991642232867,0.0,-0.004896276439211872,0.8187127676809188,-0.5741824017795046,0.0,0.45271592041295045,0.23262838803976368,0.14561508475600415,1.0
2025-12-16 18:53:24.878,0.012970627000706123,-0.574113811973206,-0.8186610047131909,0.0,-0.9998941726396392,-0.011471328507232266,-0.007797374223340228,0.0,-0.004914643704503126,0.8186912671565142,-0.574212900724913,0.0,0.4526137165795522,0.23256075051406136,0.14559432795814334,1.0
2025-12-16 18:53:24.928,0.013007451444276443,-0.5741527666682762,-0.8186331007449535,0.0,-0.9998929222307175,-0.01161946085092117,-0.007738158932099129,0.0,-0.005069287505083788,0.8186618588428876,-0.5742534834026685,0.0,0.4524876836630047,0.23253399872241715,0.14551063038341727,1.0
2025-12-16 18:53:24.978,0.013196908468582999,-0.574101013471419,-0.8186663635689264,0.0,-0.9998906265699935,-0.011697475507656162,-0.007915229966438312,0.0,-0.00503228507827971,0.8186970422411217,-0.5742036477875511,0.0,0.45247765600785844,0.23252206380794954,0.14541593694272847,1.0
2025-12-16 18:53:25.029,0.013446664375201412,-0.5739746333449959,-0.8187509110803277,0.0,-0.9998871943744858,-0.011856640909419621,-0.00810959268230561,0.0,-0.00505303234706684,0.8187833624596479,-0.5740803708744732,0.0,0.4524511495531235,0.23251095848007214,0.14501975274517703,1.0
2025-12-16 18:53:25.079,0.013529794701285373,-0.5739920469951192,-0.8187373336686818,0.0,-0.999886309384937,-0.011866057574875837,-0.008204381963797676,0.0,-0.005006030723886814,0.8187710184005682,-0.5740983879821367,0.0,0.45240101191959314,0.2324580156044645,0.1442594076827111,1.0
2025-12-16 18:53:25.128,0.013529141903312544,-0.5739510061414903,-0.8187661154259739,0.0,-0.9998861644894371,-0.011890339108934894,-0.008186867513578631,0.0,-0.005036642887737844,0.818799436485969,-0.574057588608217,0.0,0.45232091836250027,0.2323728635042868,0.14335149826711635,1.0
2025-12-16 18:53:25.178,0.013457821383865079,-0.5739785237792502,-0.8187480004158795,0.0,-0.9998869398224535,-0.011879975423517273,-0.00810682784042749,0.0,-0.005073658730266314,0.8187802969205982,-0.574084561159509,0.0,0.4521935997452377,0.23222226185340236,0.14226123978393687,1.0
2025-12-16 18:53:25.228,0.013345554725290943,-0.5740987426991416,-0.8186655463017528,0.0,-0.9998885294618828,-0.011802969653776441,-0.008022808679863463,0.0,-0.005056897584515247,0.8186971205015976,-0.5742033199740421,0.0,0.4520225697347578,0.23202440896375556,0.14132026190270228,1.0
2025-12-16 18:53:25.278,0.012634594609069237,-0.5751824742063761,-0.8179157874048552,0.0,-0.9999016999996907,-0.010709863218481481,-0.007914295216792353,0.0,-0.004207683313890767,0.8179511282882607,-0.5752723243239598,0.0,0.45194145372362504,0.23120872705163492,0.14015072903374165,1.0
2025-12-16 18:53:25.328,0.010735927654160782,-0.5752111421072384,-0.8179227523148498,0.0,-0.9999282542174973,-0.008626227792677237,-0.007058435579139804,0.0,-0.0029955548610276815,0.8179555968406008,-0.5752735594899273,0.0,0.4517975871706808,0.2307862448689466,0.13866543465946074,1.0
2025-12-16 18:53:25.378,0.010863128018480082,-0.575397388265128,-0.8177900616469559,0.0,-0.999926260504782,-0.00886480976150936,-0.007045253865106499,0.0,-0.00319579417664715,0.8178220373237535,-0.5754623377487058,0.0,0.45098733305218436,0.23208294686595035,0.1364759224041141,1.0
2025-12-16 18:53:25.428,0.010325330774301204,-0.5753377493592362,-0.8178389869698426,0.0,-0.9999333034201753,-0.00818436422389717,-0.006866716440539074,0.0,-0.0027428637721036227,0.8178710875779943,-0.5753949607029214,0.0,0.4500254559336895,0.2332496953466317,0.13427865649737655,1.0
2025-12-16 18:53:25.479,0.010587220572966573,-0.5752359747136429,-0.8179072264364662,0.0,-0.9999309348918266,-0.008220979143313658,-0.007161553566837085,0.0,-0.002604465147240986,0.8179423064566863,-0.5752943594974779,0.0,0.44908203668957325,0.23405157758627532,0.1324886892075274,1.0
2025-12-16 18:53:25.528,0.010624284155108825,-0.5752364668458565,-0.8179063997170433,0.0,-0.9999304492050455,-0.008271184908584441,-0.007171551715803158,0.0,-0.0026397678228838777,0.8179414541876294,-0.5752954103304384,0.0,0.4482125232802658,0.2344415245060162,0.13159323924374217,1.0
2025-12-16 18:53:25.578,0.010745749378708957,-0.5753618643687689,-0.8178166058485193,0.0,-0.9999288813425007,-0.008424249537019545,-0.007211877569779342,0.0,-0.002740104594543107,0.8178516870376732,-0.5754225489468091,0.0,0.447752601212366,0.23428800003221678,0.13131485115942157,1.0
2025-12-16 18:53:25.628,0.010609195495332652,-0.5752721867434368,-0.8178814724833756,0.0,-0.9999311961491819,-0.008072643266408122,-0.007292619527193786,0.0,-0.0024072705264833916,0.8179183153769223,-0.5753293269246665,0.0,0.4477432749768769,0.23392955434511611,0.13151685637838353,1.0
2025-12-16 18:53:25.678,0.010433984967102815,-0.5752647283725102,-0.81788897238526,0.0,-0.9999324104791331,-0.00817508289181075,-0.007006382398293058,0.0,-0.002655836611404093,0.8179225436936494,-0.5753222219327216,0.0,0.44788231878565055,0.2335138667726502,0.13182743273070474,1.0
2025-12-16 18:53:25.729,0.010352937783432903,-0.5752567332825652,-0.8178956256109533,0.0,-0.9999329289786117,-0.008225949933325045,-0.0068715495456193685,0.0,-0.0027751167523558645,0.8179276568828582,-0.575314389558551,0.0,0.44811138511900034,0.2330266660669305,0.13223366723147623,1.0
2025-12-16 18:53:25.778,0.010266955567332701,-0.5752226391144419,-0.8179206880711622,0.0,-0.999933624784923,-0.008231731232090332,-0.006762508899473768,0.0,-0.0028430097939264693,0.8179515768904869,-0.5752800493304784,0.0,0.44832554107748973,0.23259668478928033,0.13249155676011545,1.0
2025-12-16 18:53:25.829,0.010208423419172776,-0.5751606232726261,-0.8179650312997172,0.0,-0.9999345043750474,-0.008115444501888272,-0.006772992099011365,0.0,-0.002742644263311074,0.8179963487044772,-0.5752168733691565,0.0,0.44858250775145503,0.23230024736450586,0.13266324756181092,1.0
2025-12-16 18:53:25.878,0.01005761816389018,-0.5751682374317626,-0.8179615454700284,0.0,-0.9999360189088633,-0.00803282927376655,-0.0066467017204326385,0.0,-0.002747626634318096,0.8179918102629283,-0.5752233035010453,0.0,0.4486780925746294,0.2321323097533799,0.13271743566533892,1.0
2025-12-16 18:53:25.928,0.010116766507087106,-0.5752182026970623,-0.8179256795226634,0.0,-0.999935205224725,-0.00813096332298511,-0.006649788630925046,0.0,-0.002825498636134674,0.8179557047529583,-0.5752742664325847,0.0,0.44875137466038606,0.2321392227905317,0.13269827817111102,1.0
2025-12-16 18:53:25.978,0.010171260564043154,-0.5751688438259093,-0.8179597138317471,0.0,-0.9999347909301667,-0.008121452052639531,-0.006723303147213045,0.0,-0.0027760395463652106,0.8179905087598839,-0.5752250178696884,0.0,0.44890862551856103,0.23220171717077387,0.13269625967307075,1.0
2025-12-16 18:53:26.028,0.010106237054641004,-0.5751414982185811,-0.8179797478548534,0.0,-0.9999355799915495,-0.008045258784364656,-0.006697505450881789,0.0,-0.0027288979722566134,0.8180104894071109,-0.5751968292122237,0.0,0.4490726594986914,0.23224464599179004,0.13264633487133864,1.0
2025-12-16 18:53:26.078,0.010028199179873763,-0.5751066198959934,-0.8180052309577381,0.0,-0.9999365366921116,-0.007948214449051395,-0.006670485474513013,0.0,-0.0026654919607654983,0.8180359603240357,-0.5751609016347858,0.0,0.449265632519217,0.2323011565395888,0.13260314623069053,1.0
2025-12-16 18:53:26.129,0.010021880306720455,-0.575062614504929,-0.8180362450497419,0.0,-0.9999367079594516,-0.00791084514037467,-0.006689208143540862,0.0,-0.002624695063323168,0.8180672586396603,-0.5751165719379121,0.0,0.4494664692599091,0.23237466899984802,0.1325908206343378,1.0
2025-12-16 18:53:26.178,0.010066829741664987,-0.5750799657568221,-0.8180234952770569,0.0,-0.9999362561980263,-0.007936917360012254,-0.0067257553258779496,0.0,-0.00262478827337568,0.8180548084731584,-0.5751342806862274,0.0,0.4495576102804388,0.2323910729390885,0.1325929195487894,1.0
2025-12-16 18:53:26.228,0.010080705285045784,-0.5750843036223017,-0.8180202748156165,0.0,-0.9999360767305427,-0.007957265327740957,-0.0067283937490475254,0.0,-0.00263986156202718,0.8180515612671198,-0.5751388304047653,0.0,0.44955280139035064,0.23239753089473603,0.13259727752095873,1.0
2025-12-16 18:53:26.278,0.010090795164242702,-0.57508794520866,-0.8180175902936581,0.0,-0.9999359955974629,-0.007956694188443494,-0.0067411146934650895,0.0,-0.0026320326840387335,0.8180490067524206,-0.5751424996949266,0.0,0.4495555284179237,0.23239256752042067,0.13260207857991654,1.0
2025-12-16 18:53:26.328,0.01007329255680553,-0.5750878318626605,-0.8180178856979702,0.0,-0.9999361752434385,-0.007945639630021527,-0.006727492222341524,0.0,-0.002630827066222391,0.8180491938848282,-0.5751422390446821,0.0,0.4495838993732897,0.23239829503985993,0.1325966892370064,1.0
2025-12-16 18:53:26.378,0.010023818057305976,-0.5750631789053352,-0.8180358245456325,0.0,-0.9999367213345466,-0.007901717292683982,-0.00669799162081653,0.0,-0.0026121697594615016,0.818066950103527,-0.5751170678370284,0.0,0.4497395463626007,0.23244203392362742,0.1325519196402407,1.0
2025-12-16 18:53:26.428,0.010006515682136036,-0.5750499437594052,-0.8180453402638611,0.0,-0.9999367769455046,-0.00792820179859903,-0.006658275248527667,0.0,-0.0026568388831963567,0.8180759975724246,-0.5751039935551056,0.0,0.45001265616528413,0.2325427923717757,0.13250638775849977,1.0
2025-12-16 18:53:26.478,0.010178561577976168,-0.5750240610952181,-0.8180614114765312,0.0,-0.9999350875987338,-0.008012373804893889,-0.006809504837473311,0.0,-0.0026390355080290664,0.8180933709427245,-0.5750793614025435,0.0,0.45049294472951207,0.23270609841614207,0.1324867543401576,1.0
2025-12-16 18:53:26.528,0.010300206931242551,-0.575019386839763,-0.8180631744534188,0.0,-0.9999340714959071,-0.008009922307271485,-0.006959935880319315,0.0,-0.0025505735139102746,0.8180966804480788,-0.5750750525058308,0.0,0.4511541258993903,0.23290860535245775,0.13240821268646705,1.0
2025-12-16 18:53:26.578,0.010275351971724807,-0.5750381450849764,-0.81805030147314,0.0,-0.9999344207908656,-0.00796555373199341,-0.0069606732854871345,0.0,-0.002513619372190691,0.8180839283999991,-0.5750933557356379,0.0,0.45175572649695805,0.233039828139946,0.13231127348411648,1.0
2025-12-16 18:53:26.628,0.010140495163314953,-0.5750614913125299,-0.8180355728624886,0.0,-0.9999356431142685,-0.007937829816391045,-0.006815232106739785,0.0,-0.002574299185430073,0.8180677868087345,-0.5751160484368025,0.0,0.4521875489991761,0.23314685187401357,0.13222733388522692,1.0
2025-12-16 18:53:26.678,0.01009928195633481,-0.5750278485386809,-0.8180597318106734,0.0,-0.9999361103666393,-0.007897847703478554,-0.006793091173912245,0.0,-0.0025547437582612497,0.8180918224201389,-0.5750819449205702,0.0,0.45252074362152517,0.23326797654501955,0.13222732285284447,1.0
2025-12-16 18:53:26.729,0.010073386842619499,-0.5750465004642962,-0.8180469400239166,0.0,-0.9999364233295541,-0.007866468404474497,-0.006783426490239765,0.0,-0.002534403537827717,0.8180790139584313,-0.5751002553638003,0.0,0.4527427402782317,0.23330038927094313,0.1322058288424353,1.0
2025-12-16 18:53:26.778,0.010053627601663109,-0.5750500966917903,-0.8180446551185442,0.0,-0.9999366699701329,-0.007839652807035084,-0.006778111397363633,0.0,-0.0025154808931406626,0.8180767434462954,-0.5751035682276545,0.0,0.45285508762446897,0.23332065363789176,0.13217226687962852,1.0
2025-12-16 18:53:26.828,0.009990976074897694,-0.5750570892289514,-0.8180405072035277,0.0,-0.9999373597144675,-0.007783481366368147,-0.006740991491415435,0.0,-0.0024907960547250274,0.8180723644253424,-0.5751099047126069,0.0,0.45288947604794805,0.2333262268159415,0.13220264092313325,1.0
2025-12-16 18:53:26.878,0.009956671061302795,-0.5750721640164016,-0.8180303281517614,0.0,-0.9999376319397233,-0.00778671962547903,-0.006696725278885161,0.0,-0.002518721005688844,0.8180617365011672,-0.5751249006234996,0.0,0.4528880609357862,0.23332424829107284,0.1322004456033534,1.0
2025-12-16 18:53:26.929,0.00985410190596676,-0.5751056268415944,-0.8180080449188577,0.0,-0.9999385023684584,-0.00777476001058553,-0.006579626821569636,0.0,-0.0025758854221463678,0.8180383254474112,-0.5751579460578521,0.0,0.4528853460434678,0.2333278822076491,0.13222473444373256,1.0
