timestamp, data
2025-12-16 17:41:24.931,0.009441106454676168,-0.5758485257117435,-0.8174901148305901,0.0,-0.9999428950040651,-0.007409143732979757,-0.006329156439989385,0.0,-0.0024123128005996974,0.8175189260732715,-0.5758966801944222,0.0,0.37192495198060765,0.24763335671594058,0.14559112532874216,1.0
2025-12-16 17:41:24.978,0.009402118574980295,-0.5758457135327233,-0.8174925450874148,0.0,-0.9999433670014044,-0.007350878100194225,-0.006322521827475643,0.0,-0.0023685365553544895,0.8175214329540847,-0.5758933032214263,0.0,0.3719075407352382,0.24767976416323895,0.14556340900828912,1.0
2025-12-16 17:41:25.028,0.009380213367845513,-0.5759181350497731,-0.817441777877283,0.0,-0.9999431631569875,-0.007475364516657714,-0.0062077598334373384,0.0,-0.002535562612104793,0.8174692859959785,-0.5759666113373807,0.0,0.3718082041994729,0.2477781722505618,0.145419958513611,1.0
2025-12-16 17:41:25.078,0.009323580224017929,-0.5760156421282074,-0.8173737197736684,0.0,-0.9999430544504049,-0.007639957637872848,-0.006022109671411071,0.0,-0.0027759246691888466,0.817399059065447,-0.5760651633983372,0.0,0.37165060667115696,0.24796659574378668,0.14521652703125915,1.0
2025-12-16 17:41:25.128,0.009272079628039283,-0.5760281260920554,-0.8173655078307713,0.0,-0.9999433438177201,-0.0076655101724550515,-0.005941044490749466,0.0,-0.0028433696335311643,0.81739002215001,-0.5760776570382965,0.0,0.3715141464642577,0.24819097791696082,0.14504824359188592,1.0
2025-12-16 17:41:25.178,0.009282401933007684,-0.575958963498776,-0.8174141277718278,0.0,-0.9999435268957239,-0.007589356037439388,-0.006007628108159259,0.0,-0.0027435524093174335,0.8174394693201763,-0.5760079746997655,0.0,0.37145281375552425,0.24830530713130858,0.14492509000092385,1.0
2025-12-16 17:41:25.228,0.009371148302272767,-0.5758906268858265,-0.8174612616789587,0.0,-0.9999432603614391,-0.007465994452308211,-0.006203376965929946,0.0,-0.0025307433196046715,0.8174887511796436,-0.5759390046115967,0.0,0.3714751220420893,0.2483057374948402,0.1448973917265847,1.0
2025-12-16 17:41:25.278,0.009395792330156659,-0.575885147040638,-0.8174648392473401,0.0,-0.9999430799499669,-0.007463656264904238,-0.006235190176870642,0.0,-0.00251057149323477,0.8174926329262541,-0.5759335830997167,0.0,0.37148274463473585,0.24830809659457356,0.1449084821048118,1.0
2025-12-16 17:41:25.328,0.009393546056311356,-0.5758873206453857,-0.8174633338037708,0.0,-0.9999430734136249,-0.0074713596942395,-0.006227007117518865,0.0,-0.0025215567069328936,0.8174910313204292,-0.5759358084564936,0.0,0.3714789641375018,0.2483112081689913,0.14490633591412025,1.0
2025-12-16 17:41:25.378,0.00938839149698163,-0.5758868138667073,-0.817463750034679,0.0,-0.9999431304320138,-0.0074655938831459994,-0.006224765939785612,0.0,-0.0025181402298259576,0.817491441007465,-0.5759352418886358,0.0,0.37147938877177333,0.24831062812282287,0.14490606478720533,1.0
2025-12-16 17:41:25.428,0.00940130393061517,-0.5758821492216467,-0.8174668877657794,0.0,-0.9999430504106589,-0.007459545228185443,-0.006244839599492254,0.0,-0.0025016877369739535,0.8174947823050994,-0.5759305708697923,0.0,0.37148408500160485,0.24830759592073798,0.14491481231086312,1.0
2025-12-16 17:41:25.478,0.009409888994303737,-0.5758865922124119,-0.8174636590089487,0.0,-0.9999432645308229,-0.00736578308609539,-0.006321381192252863,0.0,-0.002380907159984209,0.8174925025839428,-0.5759343187379423,0.0,0.37154297307106976,0.24825524137847418,0.14499382415682532,1.0
2025-12-16 17:41:25.528,0.009327002580873977,-0.5758367246259932,-0.8174997373064241,0.0,-0.9999441810003094,-0.007269012852401658,-0.006288341353682441,0.0,-0.002321402903080101,0.8175284966217862,-0.5758834676389694,0.0,0.3716288621423873,0.2480727862084774,0.1450407064735064,1.0
2025-12-16 17:41:25.578,0.0092032246223559,-0.5759074054480359,-0.8174513489547073,0.0,-0.9999452836493726,-0.007213773660536381,-0.006175603465107649,0.0,-0.00234037830072802,0.8174791954736558,-0.5759533727630685,0.0,0.37170656383434,0.2479380007549517,0.144960686476778,1.0
2025-12-16 17:41:25.628,0.009287793778576603,-0.5758773182910154,-0.8174715885374143,0.0,-0.9999444253018483,-0.007288765025783809,-0.006226324225708848,0.0,-0.0023728051100430727,0.8174997260190278,-0.5759240989529125,0.0,0.3718992764475011,0.24785068289250867,0.14495462000565731,1.0
2025-12-16 17:41:25.678,0.009124506252981827,-0.5759056687605497,-0.817453454929583,0.0,-0.9999460304289375,-0.007159535213855541,-0.0061175310493658186,0.0,-0.0023295108364100024,0.8174808958080169,-0.5759510034440303,0.0,0.37226819251291904,0.24767141911950283,0.1449991285506018,1.0
2025-12-16 17:41:25.728,0.009041665592198843,-0.5759309866175083,-0.8174365381106417,0.0,-0.9999468996666091,-0.007070587820356454,-0.006078777526733753,0.0,-0.0022788443666950766,0.8174638329434825,-0.5759754236924545,0.0,0.3728741890192193,0.24751880330667556,0.14527945469712342,1.0
2025-12-16 17:41:25.779,0.009156879752097245,-0.5759545610535262,-0.8174186455275252,0.0,-0.9999459892923501,-0.007086935689755498,-0.006208119029214728,0.0,-0.0022174415946433364,0.8174470815568895,-0.5759994373321022,0.0,0.3736636950401599,0.24736634009231537,0.145758048617488,1.0
2025-12-16 17:41:25.829,0.009133971725772766,-0.5759342876160813,-0.8174331861442121,0.0,-0.9999462641706826,-0.007049327676413437,-0.00620666187370132,0.0,-0.0021877671192976488,0.8174616908388012,-0.5759788170462523,0.0,0.37450783381138064,0.24730578587806323,0.1462987474033684,1.0
2025-12-16 17:41:25.878,0.009012660015014978,-0.5759002943918796,-0.8174584819915984,0.0,-0.9999474462284661,-0.006948554851076479,-0.006129377444587796,0.0,-0.0021502862254924203,0.8174865026087049,-0.57594374232362,0.0,0.37540939635533865,0.2473202588800206,0.1469486241962447,1.0
2025-12-16 17:41:25.928,0.009012848971575302,-0.5759976930996817,-0.8173898537408382,0.0,-0.9999470407968352,-0.0070966965996752795,-0.006024898358715989,0.0,-0.0023304851089313143,0.8174166047271302,-0.57604224077365,0.0,0.37624308929681505,0.2474083033033715,0.14769916881943335,1.0
2025-12-16 17:41:25.978,0.008810624083174937,-0.5760727128890752,-0.8173391886292339,0.0,-0.9999482630982452,-0.00717431166966329,-0.005722523925436367,0.0,-0.002567305625345834,0.8173630578107463,-0.5761172108764785,0.0,0.3770902933464016,0.24747355248908726,0.14857844235932335,1.0
2025-12-16 17:41:26.028,0.008653573411236305,-0.5761382247837438,-0.817294688904474,0.0,-0.9999493086501324,-0.00718558184507458,-0.005522177548601277,0.0,-0.0026912521238191566,0.8173167815830004,-0.5761822938140428,0.0,0.3778646979740061,0.24739406389694313,0.14975969774405312,1.0
2025-12-16 17:41:26.081,0.008711312356383826,-0.5761563154233431,-0.8172813225175496,0.0,-0.9999486758420731,-0.007258544551199188,-0.005541309763089936,0.0,-0.0027396650216767304,0.8173033839448858,-0.5762010697905788,0.0,0.37873730404466566,0.24722037184384216,0.15132435853237855,1.0
2025-12-16 17:41:26.128,0.008859857469745457,-0.5762071494573864,-0.8172438869401333,0.0,-0.9999472564384481,-0.007378328980365135,-0.005638395506420189,0.0,-0.0027810639968689,0.8172664728795658,-0.5762532238435109,0.0,0.3795470820315691,0.24695955633068697,0.1527113579231268,1.0
2025-12-16 17:41:26.178,0.008928984160091726,-0.5763113980286048,-0.8171696229335695,0.0,-0.9999462442381151,-0.007532789248408518,-0.005613610374394909,0.0,-0.0029204351343308337,0.8171915526657085,-0.5763587748186322,0.0,0.3806113765527417,0.2465823264137432,0.15412123774500885,1.0
2025-12-16 17:41:26.228,0.00877800950291662,-0.5762534575791771,-0.8172121181666473,0.0,-0.9999477274785434,-0.007404020986804663,-0.00551993522894834,0.0,-0.0028698291653868947,0.8172335887515811,-0.5762994234742672,0.0,0.3819099436681414,0.2462079892477591,0.15544067000535222,1.0
2025-12-16 17:41:26.278,0.008753513230525345,-0.5762505191352977,-0.8172144529458782,0.0,-0.9999480189510942,-0.007367929366935207,-0.0055154250819103015,0.0,-0.002842966536156667,0.8172359869530527,-0.5762961557828962,0.0,0.38322551613309835,0.24587587997077853,0.1565055299634149,1.0
2025-12-16 17:41:26.328,0.008818667044576395,-0.5762550228476915,-0.8172105766909603,0.0,-0.9999477812428778,-0.007307198307033747,-0.00563795544109042,0.0,-0.002722672020839809,0.817233356496734,-0.5763004668453332,0.0,0.3847105445937947,0.24554439353094504,0.15743858143903253,1.0
2025-12-16 17:41:26.378,0.008958977484619579,-0.5762861605480488,-0.8171870928890317,0.0,-0.9999469470146417,-0.007260651177081246,-0.005842345572689832,0.0,-0.0025664969422192273,0.8172118139763889,-0.5763317310289845,0.0,0.3862007392993211,0.24527123974412313,0.1582395370986799,1.0
2025-12-16 17:41:26.428,0.009173853220608144,-0.576335921773248,-0.8171496145701078,0.0,-0.9999452734538303,-0.007295497746533656,-0.006080518989630742,0.0,-0.0024571389624677155,0.8171764097608617,-0.576382405871716,0.0,0.38758456449258494,0.24514107185077916,0.15906493909296113,1.0
2025-12-16 17:41:26.478,0.009092553560116571,-0.5762309119868138,-0.8172245765037967,0.0,-0.9999464400957188,-0.007101478127449709,-0.006118239085973437,0.0,-0.002278027826087021,0.8172521710870732,-0.5762757147778212,0.0,0.3887924599778936,0.245215285393463,0.16000034694278847,1.0
2025-12-16 17:41:26.528,0.008955790139058907,-0.5762031103569667,-0.817245689091812,0.0,-0.9999476161431123,-0.007043217437670554,-0.005992074685845962,0.0,-0.0023034313649885466,0.817272277397873,-0.5762470987352915,0.0,0.38978174073247107,0.24538469539324828,0.16093202021053007,1.0
2025-12-16 17:41:26.578,0.008751248684957379,-0.5762343125623193,-0.8172259048595398,0.0,-0.999949076177908,-0.007046222619105675,-0.005739573064134573,0.0,-0.002451063907303241,0.8172502516240135,-0.5762777268871396,0.0,0.39067934695403617,0.2455760859661606,0.16181557066489788,1.0
2025-12-16 17:41:26.628,0.008699296702146753,-0.576258848126833,-0.8172091587186427,0.0,-0.9999491973424347,-0.007124296634246297,-0.005620856953919701,0.0,-0.002583021636353747,0.8172322740776641,-0.576302644627869,0.0,0.3915571060459529,0.2457271198097369,0.1627155377214975,1.0
2025-12-16 17:41:26.678,0.00850513396068841,-0.5762691924216163,-0.8172039081301907,0.0,-0.9999508987423785,-0.007002604511292366,-0.005469052530072123,0.0,-0.002570958787825693,0.817226031548495,-0.5763115507522034,0.0,0.3925046782563363,0.24581490692902644,0.16365350927303948,1.0
2025-12-16 17:41:26.728,0.008584641006276646,-0.5762913464738125,-0.8171874539047952,0.0,-0.999950184854618,-0.007059508014087661,-0.005526124955390943,0.0,-0.002584333144949348,0.8172099192151807,-0.576334338000534,0.0,0.39350594506290615,0.24580590924952322,0.1646102372812169,1.0
2025-12-16 17:41:26.778,0.008633497325853126,-0.5763386451377374,-0.8171535814924452,0.0,-0.9999496490160007,-0.007124110396714448,-0.005540161102451597,0.0,-0.0026285339894155275,0.8171760011418814,-0.5763822290518946,0.0,0.39457926686368494,0.2457528040582258,0.16553451740336006,1.0
2025-12-16 17:41:26.828,0.008721916526153112,-0.5763184251257364,-0.8171669033520081,0.0,-0.9999488875898721,-0.007173106289200774,-0.00561388057850755,0.0,-0.0026262928041863504,0.8171898332164849,-0.5763626281029335,0.0,0.3958279363298423,0.24568082392981988,0.16638700222934885,1.0
2025-12-16 17:41:26.878,0.008845487581552786,-0.5762833375162696,-0.8171903200306295,0.0,-0.999947920431077,-0.0072069521163365385,-0.005741355934410003,0.0,-0.002580853436070078,0.8172142801109222,-0.5763281700371141,0.0,0.3971154114650442,0.2455465364490979,0.16718029383132024,1.0
2025-12-16 17:41:26.928,0.008918241641078828,-0.5762583231630405,-0.8172071688700244,0.0,-0.9999477102670334,-0.007105785477108796,-0.005901817150574868,0.0,-0.0024059738999938525,0.8172328054207946,-0.5763026574931357,0.0,0.39848123706148053,0.24542735978548263,0.16800584909592264,1.0
2025-12-16 17:41:26.978,0.008972962529092991,-0.5762197378754239,-0.8172337771576977,0.0,-0.9999476241694164,-0.006994862160481128,-0.006047125143711468,0.0,-0.0022320077319635716,0.817260969293342,-0.576263417380621,0.0,0.3999003049036532,0.24548543454762167,0.16890689911641796,1.0
2025-12-16 17:41:27.028,0.00890422915315343,-0.5762029842467892,-0.8172463414108936,0.0,-0.9999485590593565,-0.006833743199453056,-0.006076684145878639,0.0,-0.0020834882023182872,0.8172741447383288,-0.576245287546149,0.0,0.4013800324784264,0.24559193532630844,0.16983816420240644,1.0
2025-12-16 17:41:27.079,0.008984250632743222,-0.5762185590674327,-0.8172344842993522,0.0,-0.9999480231899285,-0.006807882601057747,-0.006192782432219105,0.0,-0.001995278672231868,0.8172633794198455,-0.5762608675958083,0.0,0.40291916360999996,0.2457978012888817,0.17083424007054562,1.0
2025-12-16 17:41:27.128,0.008873634884833715,-0.5762065401557925,-0.8172441670558623,0.0,-0.9999491414109669,-0.006689690726301612,-0.006140808632808934,0.0,-0.0019287737642799,0.8172728294988614,-0.5762476915308998,0.0,0.4045390896389895,0.24611944982775305,0.17190643510572728,1.0
2025-12-16 17:41:27.178,0.008969238457312644,-0.5762202404344072,-0.8172334636910178,0.0,-0.9999482269104152,-0.006770751864781548,-0.006200590222766647,0.0,-0.0019604171533551453,0.8172625023976718,-0.5762622310539536,0.0,0.40634110896221,0.2465486622165204,0.17293887842246508,1.0
2025-12-16 17:41:27.228,0.00890089753652636,-0.5762127476740249,-0.817239493870801,0.0,-0.9999489936544791,-0.006664864635871347,-0.0061916532515989674,0.0,-0.001879117247818233,0.817268655696145,-0.5762537751156036,0.0,0.40833566673619104,0.2468909876867906,0.173962481526532,1.0
2025-12-16 17:41:27.278,0.008987584799566588,-0.5761939375946478,-0.8172518072784264,0.0,-0.9999483978881752,-0.006634458576956779,-0.006319210510092057,0.0,-0.001780966765161532,0.8172821650138675,-0.5762349268376805,0.0,0.4102034703057393,0.24713788518892785,0.17484657027038367,1.0
2025-12-16 17:41:27.328,0.00907734830249616,-0.5762811988086723,-0.8171892856301061,0.0,-0.9999471814944806,-0.0068623859877195974,-0.006268076340335496,0.0,-0.001995732179418597,0.8172187544188536,-0.5763241487905617,0.0,0.4118049734866593,0.24724368029266322,0.17543840530468266,1.0
2025-12-16 17:41:27.378,0.009031522979295683,-0.5762805034927077,-0.8171902837088031,0.0,-0.9999473190477597,-0.006945853962060454,-0.006153140916949081,0.0,-0.002130190236938194,0.817218539569359,-0.5763239721490672,0.0,0.4131274702974275,0.24723360270517308,0.17592265540556323,1.0
2025-12-16 17:41:27.428,0.009104157216825202,-0.5763026724133313,-0.8171738438005908,0.0,-0.9999464445550461,-0.007068801345899073,-0.006155239269333709,0.0,-0.0022292016456701264,0.8172018516257786,-0.5763472602168088,0.0,0.4142160426542471,0.2471403656257985,0.1764278913713831,1.0
2025-12-16 17:41:27.478,0.008966949033247285,-0.5762820156064429,-0.81718992848347,0.0,-0.9999475721729449,-0.00703024156086367,-0.006014608070146872,0.0,-0.0022789760139470547,0.8172167516301017,-0.576325938270587,0.0,0.41512058894258375,0.247020181105477,0.17702534493632377,1.0
2025-12-16 17:41:27.528,0.00890712211967061,-0.5762398536946779,-0.8172203136796647,0.0,-0.9999478291977943,-0.007092499496976565,-0.0058976465401298535,0.0,-0.002397721847840305,0.8172459442151742,-0.5762840598123368,0.0,0.41595311145653957,0.24683362956340726,0.1776388647320653,1.0
2025-12-16 17:41:27.578,0.008888225207688727,-0.5762709723131324,-0.8171985761264778,0.0,-0.9999478646963988,-0.007126534051895241,-0.005850410475165571,0.0,-0.002452418963635586,0.8172237050851987,-0.5763153663473213,0.0,0.4168277063561353,0.24661461125641101,0.17841306144467298,1.0
2025-12-16 17:41:27.628,0.00875528807507759,-0.5762685394907279,-0.8172017267634437,0.0,-0.9999490255109077,-0.007053888330406524,-0.00573898426698323,0.0,-0.0024573009529680104,0.8172260509173458,-0.5763120191129684,0.0,0.4177947705030194,0.2463113615626385,0.1791375602083276,1.0
2025-12-16 17:41:27.678,0.008884017646029767,-0.5762752480671677,-0.8171956066920563,0.0,-0.9999479825706188,-0.007097138210281152,-0.005865976762867174,0.0,-0.0024193795319037673,0.8172209457539702,-0.5763194187459482,0.0,0.41886589848929245,0.24603404640186743,0.1799325018081345,1.0
2025-12-16 17:41:27.728,0.008997849266206346,-0.5762967947390688,-0.8171791663908634,0.0,-0.9999468624289685,-0.007197169603452536,-0.005934641469272392,0.0,-0.002461309588092686,0.8172048762104682,-0.5763420271444246,0.0,0.41984107795642645,0.2457276925711643,0.18056503881742142,1.0
2025-12-16 17:41:27.778,0.00900467151258146,-0.5762402417885865,-0.8172189709836589,0.0,-0.9999468605855548,-0.0071808135232526975,-0.005954731181625319,0.0,-0.0024369882219874264,0.8172448993410877,-0.576285376865821,0.0,0.42061967128123917,0.24547560575740468,0.18108766881581803,1.0
2025-12-16 17:41:27.828,0.008977107161304725,-0.5761971000568762,-0.8172496927709848,0.0,-0.9999470225890799,-0.007193196069159015,-0.00591243154321223,0.0,-0.0024719589609480327,0.8172752086100652,-0.5762422431671161,0.0,0.4213005579086293,0.24523135311788127,0.18143477485036588,1.0
2025-12-16 17:41:27.878,0.009042290499201166,-0.5761563201816505,-0.8172777242764393,0.0,-0.9999466074874892,-0.007172698062421714,-0.006006785993732923,0.0,-0.0024012848672848278,0.8173041385065646,-0.5762015090322381,0.0,0.42194333312364424,0.24506270170395195,0.1817417504341403,1.0
2025-12-16 17:41:27.929,0.009190585812263079,-0.5761295532417442,-0.8172949393671198,0.0,-0.9999455992746918,-0.007137224348261746,-0.006213326080926047,0.0,-0.0022535799502102585,0.817323318042741,-0.5761748998012777,0.0,0.42270164898494916,0.24485377341563597,0.18200398039137056,1.0
2025-12-16 17:41:27.978,0.009298811312115705,-0.5761119947231751,-0.8173060923212759,0.0,-0.9999446240286552,-0.007190243723433721,-0.006308420768906863,0.0,-0.002242316299246403,0.8173352302528692,-0.5761580455093059,0.0,0.4235008982990757,0.24469019035308628,0.18211490924246276,1.0
2025-12-16 17:41:28.028,0.00922247889066547,-0.5761145831058804,-0.8173051326873321,0.0,-0.9999451011816057,-0.007228203304813908,-0.00618826317324654,0.0,-0.0023425441041605094,0.817333070922125,-0.5761607099274723,0.0,0.424401449837676,0.24452654268771765,0.18201105406991583,1.0
2025-12-16 17:41:28.078,0.009103831576180978,-0.5761400422070008,-0.8172885163255119,0.0,-0.9999460681725577,-0.007201534574032937,-0.0060618105571124134,0.0,-0.0023933257959905794,0.8173153600180079,-0.576185624838271,0.0,0.42548411348053283,0.24433723731418008,0.18180544026354478,1.0
2025-12-16 17:41:28.128,0.009107046563885415,-0.576159549747682,-0.8172747284962627,0.0,-0.9999460988052445,-0.0071829656112917,-0.006078765533201874,0.0,-0.0023681630516122175,0.8173017716044663,-0.5762050033937243,0.0,0.42677393997287494,0.244149938986698,0.1816227102581119,1.0
2025-12-16 17:41:28.178,0.009229936755330187,-0.5761403069879002,-0.8172869152461631,0.0,-0.9999452088484416,-0.007170098810067644,-0.006238259798109073,0.0,-0.002265958650063276,0.8173154497534212,-0.5761860125217889,0.0,0.42812547836103615,0.24400387269166324,0.18148307612487405,1.0
2025-12-16 17:41:28.228,0.009319474797342422,-0.5761113492069537,-0.8173063119820215,0.0,-0.9999445654864744,-0.0071526970450953185,-0.006360171401425058,0.0,-0.0021818195221759047,0.8173360147123349,-0.5761571649452348,0.0,0.42937518849450096,0.24388887514377314,0.18138707700373877,1.0
2025-12-16 17:41:28.278,0.009212726208117274,-0.5760914688755417,-0.8173215353004247,0.0,-0.9999456300885055,-0.007062560841624983,-0.0062931710980104845,0.0,-0.002146982224552573,0.8173508113991139,-0.5761363046819196,0.0,0.43039676577870534,0.24383732502907537,0.18135208864343508,1.0
2025-12-16 17:41:28.329,0.009194869124384202,-0.5761667760689277,-0.8172686507124397,0.0,-0.999945828298531,-0.007039917774198624,-0.0062870444014332776,0.0,-0.0021311590280851662,0.8172979219471572,-0.5762113891117178,0.0,0.43126629396708177,0.24398073068980175,0.18153492012230818,1.0
2025-12-16 17:41:28.378,0.009067623179155469,-0.5761229165677081,-0.8173009911388868,0.0,-0.9999466689717067,-0.007085409561024952,-0.006099433166190189,0.0,-0.002276932869748853,0.8173284471034988,-0.5761675321745313,0.0,0.4318949255738454,0.2441541245998471,0.1818448214218062,1.0
2025-12-16 17:41:28.428,0.009038419903635795,-0.5761072834032289,-0.817312334347528,0.0,-0.9999468948605931,-0.0070822365511664705,-0.006065994172390636,0.0,-0.0022937800266128014,0.8173394941825645,-0.5761517940808472,0.0,0.43258349019412445,0.24430585944885277,0.18225268828495428,1.0
2025-12-16 17:41:28.478,0.00892672595652775,-0.5761232460919943,-0.8173023099057831,0.0,-0.9999478329239774,-0.007041117614296213,-0.005958271107582949,0.0,-0.0023220679058885392,0.8173285975956355,-0.5761671385570268,0.0,0.4332652006342343,0.24442901387733368,0.18267211640432027,1.0
2025-12-16 17:41:28.528,0.008930841842862101,-0.576111726711819,-0.8173103849274842,0.0,-0.9999479147940672,-0.007001182215730061,-0.005991497958553268,0.0,-0.0022704104096292425,0.8173370605396165,-0.5761553390406366,0.0,0.4339188911642512,0.24448327767113634,0.18300322535466507,1.0
2025-12-16 17:41:28.581,0.008842790009946993,-0.576120353080891,-0.8173052616568658,0.0,-0.9999486765810747,-0.006957966168186698,-0.0059142042379504885,0.0,-0.002279532813999372,0.8173313489838915,-0.5761634053793439,0.0,0.43439055124563225,0.24450693685783628,0.18325399363674635,1.0
2025-12-16 17:41:28.628,0.008727520647924996,-0.5761930981999888,-0.8172552177081812,0.0,-0.9999494948830009,-0.006960510153155717,-0.005771124920438602,0.0,-0.0023632763929644163,0.817280044923143,-0.5762358398217833,0.0,0.43466132061208645,0.2445484465265819,0.183352563676412,1.0
2025-12-16 17:41:28.678,0.008676958046505746,-0.576170720958312,-0.8172715323628044,0.0,-0.9999498489809598,-0.0069607083646021015,-0.005709199876220271,0.0,-0.00239936117782966,0.8172958193275806,-0.5762133170758872,0.0,0.4349200203117333,0.2446621250932526,0.18350761147434214,1.0
2025-12-16 17:41:28.728,0.008660797102811152,-0.5761356772580537,-0.817296408217457,0.0,-0.9999503022716822,-0.006841395934873816,-0.005773663450733322,0.0,-0.0022650784320963043,0.8173215309424727,-0.5761773897659896,0.0,0.43529281757177296,0.24476444508006154,0.18365568672726282,1.0
2025-12-16 17:41:28.778,0.008813644339466294,-0.5761212383600117,-0.8173049524413715,0.0,-0.9999492868048896,-0.00681002757691452,-0.00598282909692047,0.0,-0.00211907515542374,0.8173319709968409,-0.5761631354980161,0.0,0.43589009765687736,0.24491621367764985,0.18383946052284347,1.0
2025-12-16 17:41:28.828,0.009052220377754789,-0.5760196448632505,-0.8173739492662191,0.0,-0.9999472857169311,-0.006895752545326323,-0.0062146025925880815,0.0,-0.0020567149109225434,0.8174028554746416,-0.5760627932662178,0.0,0.4367242433434015,0.24499846352592022,0.18389329429643542,1.0
2025-12-16 17:41:28.878,0.009059641260546302,-0.5760168198479224,-0.8173758578852968,0.0,-0.9999474639388704,-0.006799458290035434,-0.006291552303819188,0.0,-0.0019337103329362274,0.8174056529758952,-0.5760592497715827,0.0,0.4376941961747426,0.24486533503214242,0.18369186713034738,1.0
2025-12-16 17:41:28.929,0.008996978535337874,-0.5760677863209193,-0.8173406308521307,0.0,-0.9999479591016913,-0.0067933153989090875,-0.006219071913216923,0.0,-0.001969883630068517,0.8173697854692188,-0.57611001845176,0.0,0.4386719393353745,0.2446937196622399,0.18337651166662186,1.0
2025-12-16 17:41:28.978,0.008981193178089033,-0.5760666901937769,-0.8173415770163006,0.0,-0.999947876526553,-0.006874807311511376,-0.0061423249405338975,0.0,-0.0020807171113379165,0.817369876644152,-0.5761094994625817,0.0,0.4396164966243857,0.24455645365162473,0.18304323656212215,1.0
2025-12-16 17:41:29.028,0.008979372328070742,-0.5760728429988491,-0.8173372604580225,0.0,-0.9999477811306339,-0.006917150128304425,-0.00611023299334184,0.0,-0.0021337463254143575,0.8173651829000644,-0.5761159648103521,0.0,0.4406159056371347,0.24447521614573453,0.18281927610633367,1.0
2025-12-16 17:41:29.078,0.009043528058770931,-0.5760816056499835,-0.8173303769793435,0.0,-0.9999474549349607,-0.006854829469551057,-0.006232622501505084,0.0,-0.0020121999174838572,0.8173595319018147,-0.5761244194275561,0.0,0.44169898851513695,0.24439800108500434,0.18271559403122375,1.0
2025-12-16 17:41:29.129,0.008956933603901285,-0.5760891732960771,-0.8173259965599198,0.0,-0.9999484105374433,-0.00673179612361336,-0.006213379579549761,0.0,-0.0019226482869502547,0.8173552206001834,-0.5761308417201687,0.0,0.44262993438835113,0.2442552153234631,0.18265580026560413,1.0
2025-12-16 17:41:29.178,0.008981739080866228,-0.5761588956884789,-0.8172765763089777,0.0,-0.999948208785804,-0.006737775093372664,-0.006239313588954268,0.0,-0.0019118265415707628,0.817306024123082,-0.5762006663059279,0.0,0.44336809565991686,0.24407287412485645,0.1827128228795732,1.0
2025-12-16 17:41:29.228,0.008942804647070715,-0.5761934431922334,-0.8172526470856679,0.0,-0.9999487068326975,-0.006650513036367139,-0.006253101724540514,0.0,-0.0018321884454595377,0.8172823830945356,-0.576234456943367,0.0,0.4440276951325048,0.2438624917414777,0.18281668527996153,1.0
2025-12-16 17:41:29.278,0.008916957454862779,-0.5761933328516381,-0.8172530073045176,0.0,-0.9999488738356469,-0.00666382021723594,-0.006212094344298289,0.0,-0.001866695708119642,0.8172823524917949,-0.5762343895955975,0.0,0.444693329064879,0.24382572906275155,0.18299119448662468,1.0
2025-12-16 17:41:29.328,0.0090186741742078,-0.5761889237347352,-0.8172549997294328,0.0,-0.9999477278918413,-0.006821512120028737,-0.006225380112813405,0.0,-0.001987958093120232,0.8172841600152154,-0.5762314203606428,0.0,0.4453388267654316,0.2437923316762051,0.18312192869658847,1.0
2025-12-16 17:41:29.378,0.008993760009615612,-0.5761543445756154,-0.8172796525111464,0.0,-0.9999482469223336,-0.006680871347177118,-0.006294150951663762,0.0,-0.0018337731026912738,0.8173096996013285,-0.5761957065214854,0.0,0.44593910923872687,0.243593798774617,0.1832064712629448,1.0
2025-12-16 17:41:29.429,0.008920418733953767,-0.576143027448355,-0.8172884343690807,0.0,-0.9999490218112904,-0.006585005627654708,-0.0062720316274142525,0.0,-0.0017682956948390169,0.8173184555464416,-0.5761834910456174,0.0,0.4464641640345571,0.24340692156465682,0.18317729811372294,1.0
2025-12-16 17:41:29.478,0.00893432746273783,-0.5761984547810404,-0.8172492064247833,0.0,-0.9999488276652506,-0.006625431992021017,-0.0062603995893308045,0.0,-0.0018074312666689415,0.8172790534891544,-0.5762392575311821,0.0,0.44693346362598296,0.24337376699209146,0.18306339569306918,1.0
2025-12-16 17:41:29.528,0.008891195093601397,-0.5762156709219417,-0.8172375383785258,0.0,-0.9999488746984233,-0.0067461188515485675,-0.0061224807885528415,0.0,-0.0019853504127136288,0.8172659279357137,-0.5762572875193124,0.0,0.44730071384357534,0.24340661402576488,0.182939587731749,1.0
2025-12-16 17:41:29.578,0.009049967491015297,-0.5762339883522181,-0.817222880037824,0.0,-0.9999474239902056,-0.006848571279405389,-0.006244455780231591,0.0,-0.0019985799646254974,0.8172521604780724,-0.5762767667293625,0.0,0.4476470247091578,0.2434485023074475,0.1828733025696207,1.0
2025-12-16 17:41:29.628,0.008911704223723326,-0.5761859018871175,-0.8172583036565405,0.0,-0.9999488382750665,-0.0066963931534086965,-0.006182722077546609,0.0,-0.0019103223924291518,0.8172873252160754,-0.5762271936567295,0.0,0.44793126950773726,0.24333355110677532,0.1827812002932188,1.0
2025-12-16 17:41:29.678,0.008754495296687705,-0.5762020357957085,-0.8172486278105272,0.0,-0.9999503892596647,-0.00653487893606147,-0.0061042016631130975,0.0,-0.0018234025243599272,0.8172772578255985,-0.5762417539924577,0.0,0.4482440162573382,0.24323501824897625,0.18263345718385648,1.0
2025-12-16 17:41:29.728,0.00856225831101556,-0.5761898747571824,-0.8172592384678967,0.0,-0.9999519362338667,-0.00647580446587361,-0.00591067507728244,0.0,-0.001886776220026125,0.8172863019317049,-0.5762287226009251,0.0,0.4486180686415614,0.24307676489890737,0.1823935764335931,1.0
2025-12-16 17:41:29.778,0.008589280902589208,-0.5761794395880149,-0.8172663118903322,0.0,-0.9999517366008355,-0.006477325164384465,-0.005942695423500829,0.0,-0.0018696767263266367,0.8172936467557315,-0.5762183607640914,0.0,0.4490922077725435,0.24286566705080273,0.1821402798053029,1.0
2025-12-16 17:41:29.828,0.008595977253473242,-0.5761954227414473,-0.8172549729968432,0.0,-0.999951586456842,-0.006521256528703616,-0.005919869672563657,0.0,-0.0019185644580251575,0.8172820290646321,-0.5762346779554476,0.0,0.449517584979996,0.2426741358833445,0.18182849182773458,1.0
2025-12-16 17:41:29.878,0.008490265487312812,-0.5762182896664496,-0.8172399555497974,0.0,-0.9999523989568334,-0.006498652786353494,-0.005806395925585898,0.0,-0.0019652450219423156,0.817266086823037,-0.5762571310977103,0.0,0.4499391412511481,0.24244702295053597,0.18143297447277149,1.0
2025-12-16 17:41:29.929,0.008510338673181789,-0.5762220343817828,-0.8172371064322738,0.0,-0.9999522413623206,-0.006504814769924519,-0.005826601109420476,0.0,-0.00195859776472589,0.8172633975030954,-0.5762609677884609,0.0,0.4503171679841373,0.24224493542658485,0.18113366054370592,1.0
2025-12-16 17:41:29.978,0.008502198859999224,-0.5762232586784002,-0.8172363279209992,0.0,-0.9999522878298278,-0.006509607908497571,-0.005813258120784919,0.0,-0.0019701914577396258,0.8172624961143946,-0.5762622066303578,0.0,0.45057389716462165,0.24210713896284097,0.18086477810892226,1.0
2025-12-16 17:41:30.028,0.008528255489390455,-0.5762346710998558,-0.8172280095432101,0.0,-0.9999519286733328,-0.006580673061322203,-0.005794996613460841,0.0,-0.002038671630522882,0.8172538801899747,-0.5762741874597659,0.0,0.4507470997293854,0.24199797716129642,0.18065316344722512,1.0
2025-12-16 17:41:30.078,0.008518033224257949,-0.5762317840791071,-0.8172301518104967,0.0,-0.9999520537417178,-0.00655948277812536,-0.005797439487597661,0.0,-0.0020199770983553344,0.8172560861768986,-0.5762711248182922,0.0,0.45092713299897347,0.2419012685179009,0.18050646193725584,1.0
2025-12-16 17:41:30.128,0.008540081907553626,-0.5762405318509234,-0.8172237535426791,0.0,-0.9999519548596529,-0.006535767290998134,-0.00584111457554667,0.0,-0.001975335339542323,0.8172501081067208,-0.5762797574527927,0.0,0.4511064247761402,0.24184428932052693,0.18041898066370518,1.0
2025-12-16 17:41:30.178,0.008558866145201528,-0.5762217018484888,-0.8172368341125773,0.0,-0.9999518579036323,-0.0065199066989394,-0.005875337685556304,0.0,-0.0019428482350939272,0.8172635117020924,-0.5762608591437556,0.0,0.451295518687748,0.2417628352759852,0.18031756723347356,1.0
2025-12-16 17:41:30.228,0.008480143776036474,-0.576228565506754,-0.8172328152716181,0.0,-0.999952567526059,-0.006458133392270023,-0.005822552046906336,0.0,-0.0019227147382039544,0.8172591627473037,-0.5762670943873264,0.0,0.4514943494885332,0.24174053929228465,0.18020824429966154,1.0
2025-12-16 17:41:30.278,0.008458071850474435,-0.5762457565311505,-0.8172209223959105,0.0,-0.9999526067665183,-0.00650710784912349,-0.00576096081332532,0.0,-0.0019980539250991215,0.8172466528049598,-0.5762845792311312,0.0,0.4516716422418416,0.2416604103950267,0.18001039333722196,1.0
2025-12-16 17:41:30.328,0.008382171612742618,-0.576229096725884,-0.8172334514609241,0.0,-0.9999532980983571,-0.006441751113324906,-0.005714224883570344,0.0,-0.001971749814940428,0.8172589174849395,-0.5762672765254089,0.0,0.45189227780459834,0.24155216574904953,0.17977702857876915,1.0
2025-12-16 17:41:30.378,0.008386957724714931,-0.5762344745236689,-0.817229610459486,0.0,-0.9999533071200248,-0.006424043498541988,-0.005732551444349902,0.0,-0.001946662275954559,0.8172552650183468,-0.5762725416899327,0.0,0.4521551033595017,0.24145691866483981,0.1794975428529771,1.0
2025-12-16 17:41:30.428,0.008413965658882252,-0.5762423649593402,-0.8172237691777975,0.0,-0.9999530747824545,-0.006441949385296167,-0.005752949021186788,0.0,-0.0019494587411668562,0.8172495604766723,-0.5762806221896606,0.0,0.4524677873649757,0.2413892074306842,0.17915901792887098,1.0
2025-12-16 17:41:30.478,0.008343264017715171,-0.5762480260992466,-0.8172205022290256,0.0,-0.9999536979231806,-0.006388306892356474,-0.005704248067335745,0.0,-0.001933630906168791,0.81724598978798,-0.5762857392361741,0.0,0.45281769743739775,0.24130181299293998,0.17877753682733455,1.0
2025-12-16 17:41:30.528,0.008208619672820511,-0.5762248045670576,-0.8172382394785084,0.0,-0.9999548767604894,-0.006283058910611474,-0.005613779016735608,0.0,-0.0018999938666163427,0.817263179267296,-0.5762614734972473,0.0,0.45320930488322814,0.24113322917527238,0.17837478794167308,1.0
2025-12-16 17:41:30.578,0.008191143004090786,-0.5762147184177524,-0.8172455263604966,0.0,-0.9999552492146637,-0.006171010556992316,-0.005671428211053564,0.0,-0.0017753045412804303,0.8172711444629778,-0.5762505745957746,0.0,0.4537049755120524,0.2409525467731288,0.17798971099205743,1.0
2025-12-16 17:41:30.628,0.008240401475932958,-0.5762121117380846,-0.8172468690494082,0.0,-0.9999548146400724,-0.006213060933636011,-0.005702056925490518,0.0,-0.0017920448353556952,0.8172726637251196,-0.576248368069668,0.0,0.45415306250926507,0.2407888652800884,0.17759691926271146,1.0
2025-12-16 17:41:30.678,0.008275761692904938,-0.5761716112276823,-0.8172750657428055,0.0,-0.9999545828459583,-0.006205424173829169,-0.005750813629072653,0.0,-0.0017581167442907012,0.8173012753805823,-0.5762078915519876,0.0,0.45460790197862544,0.24059718892474666,0.1772559917660132,1.0
2025-12-16 17:41:30.728,0.008264167761316941,-0.5761928860877353,-0.8172601840627666,0.0,-0.9999546353417067,-0.006218923587915361,-0.005727054151130368,0.0,-0.001782625097068691,0.8172861739615116,-0.5762292357205744,0.0,0.4550079368982548,0.24043500956279773,0.1769059832133937,1.0
2025-12-16 17:41:30.778,0.00824125287979956,-0.5762221468897842,-0.8172397849382439,0.0,-0.9999547536040265,-0.006238053504312276,-0.00568544935742603,0.0,-0.0018219387474950684,0.8172653979006643,-0.5762585790541164,0.0,0.45531150393574554,0.24034029119325512,0.17655444345046536,1.0
2025-12-16 17:41:30.828,0.008270497836032028,-0.5761956986982848,-0.8172581370462749,0.0,-0.9999544743487953,-0.0062715838924521546,-0.005697663250200509,0.0,-0.001842569386048515,0.8172837885944874,-0.5762324303948009,0.0,0.4555350083799447,0.2402047129659891,0.17625036489029977,1.0
2025-12-16 17:41:30.878,0.008205062561937785,-0.5761433081103396,-0.817295731280445,0.0,-0.9999549163182513,-0.006275984815639427,-0.005614645737824411,0.0,-0.0018945315057475006,0.8173206890553141,-0.5761799215457967,0.0,0.4557483510502755,0.2400052008966104,0.17585829840130007,1.0
2025-12-16 17:41:30.929,0.008220045518073406,-0.5761019679759625,-0.8173247214217324,0.0,-0.9999547338139008,-0.006309773059162069,-0.005609276987392956,0.0,-0.0019256550712819823,0.8173495692729532,-0.5761388491170026,0.0,0.4559956547210178,0.2397125561835407,0.1754298490310026,1.0
2025-12-16 17:41:30.979,0.008220034405958943,-0.576114126820249,-0.8173161510784643,0.0,-0.9999548410634413,-0.006263690105112663,-0.005641712617917415,0.0,-0.0018691807371379742,0.8173413533759003,-0.5761506905532817,0.0,0.4563216873134775,0.239423301459886,0.17501492156872897,1.0
2025-12-16 17:41:31.028,0.008219218073570823,-0.5760981450267406,-0.8173274243852436,0.0,-0.9999547211864994,-0.006317495302643108,-0.005602832421174426,0.0,-0.0019357180681121567,0.817352204233461,-0.5761350772434046,0.0,0.4566613201332058,0.23916508422013247,0.17454737538102494,1.0
2025-12-16 17:41:31.078,0.008293175005990104,-0.5760792333062784,-0.817340007036716,0.0,-0.9999540703656169,-0.00637685627149873,-0.005651527628571592,0.0,-0.0019563697127214148,0.8173650728271967,-0.5761167506154795,0.0,0.45708474839026003,0.2389508137536553,0.17415391080119935,1.0
2025-12-16 17:41:31.128,0.008327641145386356,-0.5760771278182547,-0.8173411405886971,0.0,-0.9999537675250088,-0.00640353645714635,-0.005674895117199308,0.0,-0.001964734339123622,0.8173663482099803,-0.5761149126978558,0.0,0.45743198810934366,0.23867039723159642,0.17371950688460408,1.0
2025-12-16 17:41:31.178,0.008217759548553792,-0.5760832024176918,-0.8173379712342914,0.0,-0.9999546591434696,-0.006347509269363318,-0.005579935891316889,0.0,-0.001973591008799724,0.8173625037630857,-0.576120336718528,0.0,0.45767077175599447,0.23841987298699574,0.17328325370231412,1.0
2025-12-16 17:41:31.228,0.00827779570741637,-0.5760755394847827,-0.8173427664124466,0.0,-0.9999540778161313,-0.006417335573176646,-0.005604191666970472,0.0,-0.002016763901405721,0.8173673594558886,-0.5761132981970424,0.0,0.4578590372174563,0.23822023142529106,0.17293528554440335,1.0
2025-12-16 17:41:31.278,0.008448252277029394,-0.5760970721751406,-0.8173258452819798,0.0,-0.9999525407658553,-0.006560261412143816,-0.005711925010270692,0.0,-0.0020712878077591597,0.817351047947264,-0.5761362462007809,0.0,0.4580256339760285,0.2381388154289351,0.172687178315078,1.0
2025-12-16 17:41:31.328,0.008599175738309043,-0.5761027211874874,-0.8173202895549592,0.0,-0.9999510698516562,-0.006718534300783826,-0.005784989246830009,0.0,-0.0021584879105434615,0.8173457805301841,-0.5761433987988098,0.0,0.45814221965783347,0.23810805756960007,0.17247916616206815,1.0
2025-12-16 17:41:31.378,0.008594620003523049,-0.5760931870461435,-0.8173270576991932,0.0,-0.9999512100530243,-0.0066771593280941805,-0.005808610677954019,0.0,-0.002111162596069189,0.8173528397318827,-0.5761335594935607,0.0,0.4582929249978482,0.23808631699141777,0.17237261559264597,1.0
2025-12-16 17:41:31.430,0.008649672105892136,-0.5760990407122968,-0.8173223509509819,0.0,-0.9999505850888157,-0.006766150825343966,-0.005813216386153336,0.0,-0.0021811799104153214,0.817347981936665,-0.5761401902994265,0.0,0.458398483585973,0.2380875026577923,0.17221500635439974,1.0
2025-12-16 17:41:31.478,0.008759078223360136,-0.5761234263099057,-0.8173039967520164,0.0,-0.9999493370417512,-0.006936919604246283,-0.005826611139839942,0.0,-0.0023127694720169257,0.8173293615794471,-0.5761660921969484,0.0,0.4584953680077834,0.23809351053906905,0.1720044141717025,1.0
2025-12-16 17:41:31.528,0.00876899969726316,-0.5761678319307262,-0.8172725867137379,0.0,-0.9999486881001133,-0.0071320881826476565,-0.005700998704274134,0.0,-0.002544177077714062,0.8172963784484164,-0.5762119028084203,0.0,0.45859772941297033,0.23810747051048592,0.17169251666707777,1.0
2025-12-16 17:41:31.578,0.008771473558020815,-0.5762250081106296,-0.8172322486176951,0.0,-0.9999478092242218,-0.007393105745231596,-0.0055197569083111405,0.0,-0.0028613175524134222,0.8172537477015592,-0.5762708779121328,0.0,0.4586684122911707,0.2381409262272626,0.17132519428762974,1.0
2025-12-16 17:41:31.628,0.008791212206202603,-0.5763585439295265,-0.8171378649460505,0.0,-0.9999476525900782,-0.007400609612632636,-0.005538046421070481,0.0,-0.002855472943406106,0.8171595088893202,-0.5764045309555039,0.0,0.4587860221365523,0.2381495727780484,0.17097698897440494,1.0
2025-12-16 17:41:31.678,0.008806519274425106,-0.576361624367137,-0.8171355273614974,0.0,-0.9999475851524559,-0.007390127782010886,-0.0055641585478734806,0.0,-0.0028318230249022524,0.8171574310096534,-0.5764075933955581,0.0,0.45893815467553767,0.23816882767994452,0.1706730612369293,1.0
2025-12-16 17:41:31.728,0.008893652021443108,-0.5763608284874994,-0.8171351450281239,0.0,-0.9999466783725766,-0.007479155012378919,-0.00560799011767476,0.0,-0.0028793100209957324,0.8171571823729731,-0.5764077106268327,0.0,0.4591156407932167,0.2382073745108601,0.1704016051618317,1.0
2025-12-16 17:41:31.778,0.008896251379248645,-0.5763604587247984,-0.8171353775422684,0.0,-0.9999464545056977,-0.007536949242156698,-0.005570405623810737,0.0,-0.002948203085929144,0.8171569121560381,-0.5764077454494979,0.0,0.4593273918464591,0.23825458062133714,0.170056830554258,1.0
2025-12-16 17:41:31.828,0.008883705943829269,-0.5764050093735475,-0.81710408874206,0.0,-0.9999462729373069,-0.0076099318750412065,-0.0055033695909673126,0.0,-0.003045995294325461,0.8171248106413079,-0.5764527437241266,0.0,0.4595239681721686,0.23826898704859667,0.16964263830879783,1.0
2025-12-16 17:41:31.878,0.008978085713316635,-0.5764250983287832,-0.8170888855533314,0.0,-0.9999452366257205,-0.007715821213737242,-0.0055440737492897345,0.0,-0.0031088283551643434,0.8171096460709338,-0.576473903558601,0.0,0.4597173860136167,0.23824391221760652,0.1692210597066698,1.0
2025-12-16 17:41:31.931,0.00898491868967681,-0.5764547187110749,-0.8170679135867983,0.0,-0.9999450768387961,-0.007745697085726912,-0.005531219008375929,0.0,-0.0031403237204704285,0.8170884666720813,-0.5765037519378322,0.0,0.45985654387679414,0.23823371024394685,0.16874879477985757,1.0
2025-12-16 17:41:31.978,0.009074501954933402,-0.5765082935817447,-0.8170291229490801,0.0,-0.9999440939930286,-0.007842563618031989,-0.005572251391227115,0.0,-0.003195215251342949,0.8170497422587848,-0.5765583311984579,0.0,0.45994743896328666,0.23822052376205605,0.16824988074155386,1.0
2025-12-16 17:41:32.028,0.009159157159573493,-0.5765374528564421,-0.8170076022872371,0.0,-0.9999435008488775,-0.007845478920338066,-0.0056736647600603585,0.0,-0.003138796123925864,0.8170291383811723,-0.5765878380567973,0.0,0.4600613115291045,0.2382150870412973,0.16776567569604922,1.0
2025-12-16 17:41:32.078,0.009170590409175124,-0.5765721741320777,-0.8169829711746535,0.0,-0.9999434060704486,-0.00784970581027373,-0.00568451195185066,0.0,-0.0031356049308774564,0.8170045950989069,-0.5766226318563888,0.0,0.4601546444120073,0.2382094140276911,0.16717460853732644,1.0
2025-12-16 17:41:32.128,0.00905606756982577,-0.5766022880742618,-0.816962995446492,0.0,-0.999944428307007,-0.007789468686765254,-0.005586714290104186,0.0,-0.0031424559307995656,0.8169839185639222,-0.5766518895994891,0.0,0.4602414807893711,0.2382053466795804,0.1665930472120061,1.0
2025-12-16 17:41:32.178,0.009137125434177707,-0.5765620496892624,-0.8169904911919876,0.0,-0.9999436088172035,-0.007857192128595682,-0.005638317008660307,0.0,-0.003168472648137011,0.8170116681479623,-0.5766124303994512,0.0,0.4603323158731971,0.23821033179706452,0.16610208532342025,1.0
2025-12-16 17:41:32.228,0.009219935875987555,-0.5765138271982286,-0.8170235900712427,0.0,-0.9999429540172189,-0.007877305030728457,-0.005725703273761351,0.0,-0.0031350572881021156,0.8170455034324157,-0.5765646683041467,0.0,0.4604248405211126,0.23822216806418417,0.16572839499262265,1.0
2025-12-16 17:41:32.278,0.00929898268981304,-0.5764927082545523,-0.8170375959229016,0.0,-0.9999421723317096,-0.007935657509506394,-0.005781369529948262,0.0,-0.003150873819979412,0.8170598403328306,-0.5765442648309492,0.0,0.46049562654919907,0.23821260812938486,0.16544201519521337,1.0
2025-12-16 17:41:32.328,0.009286918121645124,-0.5764847605319676,-0.8170433409112456,0.0,-0.9999421439358819,-0.007964829083050488,-0.005746057761462673,0.0,-0.003195157347862946,0.8170651642036052,-0.5765364762219801,0.0,0.46046818635639714,0.23816840838589734,0.1651941553780121,1.0
2025-12-16 17:41:32.378,0.009361769248641969,-0.5764853347543601,-0.8170420815300135,0.0,-0.9999413046108633,-0.008043888760566968,-0.005781875815067454,0.0,-0.0032390913643183155,0.8170639845279151,-0.5765379028949449,0.0,0.46043524202930475,0.23809017326333012,0.16494217236143444,1.0
2025-12-16 17:41:32.428,0.00946619447221282,-0.5765314808995305,-0.8170083167234082,0.0,-0.9999401401205047,-0.00814979072622543,-0.005834722625172906,0.0,-0.003294608958584333,0.8170303736895841,-0.5765852183506516,0.0,0.4604160009277848,0.2379781370409504,0.16472490711464285,1.0
2025-12-16 17:41:32.478,0.009418158445114361,-0.5766018517857113,-0.8169592093305514,0.0,-0.999940346243598,-0.008183273200504429,-0.005751947076226873,0.0,-0.00336888192951085,0.8169803767977248,-0.5766556290907016,0.0,0.46040270497507507,0.2378433615151217,0.16446477728610182,1.0
2025-12-16 17:41:32.528,0.009412516422821057,-0.5766405495177626,-0.8169319605007819,0.0,-0.9999406859451258,-0.008109896643466482,-0.005796642927743864,0.0,-0.0032827176036796853,0.8169537948425232,-0.5766937843063118,0.0,0.46055437445949216,0.2376468984845882,0.1641654663552066,1.0
2025-12-16 17:41:32.578,0.009379075261325547,-0.5766022124320408,-0.8169594044179471,0.0,-0.9999412987927031,-0.008014960780629177,-0.005822909380677159,0.0,-0.0031904565802621,0.8169817908510466,-0.576654640495181,0.0,0.46073587524030657,0.23737074542755646,0.1638056856346244,1.0
2025-12-16 17:41:32.628,0.009477707341317622,-0.5766344697322723,-0.8169354982379832,0.0,-0.9999405179392302,-0.008033600321382455,-0.005930324654567665,0.0,-0.0031433641881677046,0.8169588401018042,-0.5766874134581881,0.0,0.4608957275030481,0.23699783208203762,0.163269450495488,1.0
2025-12-16 17:41:32.679,0.009460862374468774,-0.5766385274392134,-0.8169328293422141,0.0,-0.9999403971896685,-0.008095751480651791,-0.0058658142947012794,0.0,-0.0032312928580124256,0.816955362433791,-0.5766918540582475,0.0,0.46105309623865975,0.23665362825881325,0.1626589224408376,1.0
2025-12-16 17:41:32.729,0.009446402377680262,-0.5765933334826996,-0.8169648953086267,0.0,-0.9999400212249027,-0.008213675193829735,-0.005765101365956301,0.0,-0.0033862304757935075,0.8169860837359413,-0.5766474420518782,0.0,0.46121461189378826,0.23633390816841024,0.1620367304486743,1.0
2025-12-16 17:41:32.778,0.00949040326056036,-0.5765211152255986,-0.817015350434857,0.0,-0.9999395727779943,-0.00824620014293846,-0.005796367567089942,0.0,-0.0033956091815016656,0.817036720821255,-0.5765756382886266,0.0,0.4614319007193417,0.23602313082931323,0.16152277670012866,1.0
2025-12-16 17:41:32.828,0.009507324965204586,-0.5764674727393642,-0.8170530035112195,0.0,-0.9999396408893578,-0.008199948935002966,-0.00584998433618311,0.0,-0.003327531285426965,0.8170750358470908,-0.5765217370845782,0.0,0.461652136876816,0.23567552542258505,0.16102893228261816,1.0
2025-12-16 17:41:32.878,0.009564291569312757,-0.5764847437426059,-0.8170401529056007,0.0,-0.9999392487489319,-0.008195555867689311,-0.005922716998928714,0.0,-0.003281805412819606,0.8170628942790217,-0.5765392064253918,0.0,0.46179768815505273,0.2354305110608605,0.16065116272263716,1.0
2025-12-16 17:41:32.929,0.009811933075800371,-0.5765053502581604,-0.8170226765483564,0.0,-0.9999367039726409,-0.0083744659200449,-0.006099448343354144,0.0,-0.003325827989586004,0.817046540315371,-0.5765621300665406,0.0,0.46184359657635443,0.23530181044711904,0.16041042264162125,1.0
2025-12-16 17:41:32.978,0.009867118186302438,-0.576499622047142,-0.8170260538436999,0.0,-0.9999353618046517,-0.008595944161440007,-0.006010728556669327,0.0,-0.003557996098584704,0.8170482820343727,-0.5765582758823625,0.0,0.46178005752215745,0.23527013345018105,0.1602130112776963,1.0
2025-12-16 17:41:33.028,0.009907652219804537,-0.576507613684692,-0.8170199242933317,0.0,-0.9999343472907442,-0.008757045538026888,-0.00594660936052471,0.0,-0.0037264868569803667,0.8170409322290021,-0.576567626873091,0.0,0.46172726333401487,0.23519101953408744,0.16000403654247256,1.0
2025-12-16 17:41:33.078,0.010077313294099713,-0.5765434579471347,-0.8169925555085195,0.0,-0.9999331572071757,-0.008742249172297234,-0.006164503086773555,0.0,-0.003588317652227449,0.817015797159158,-0.5766041199721108,0.0,0.4617491455822417,0.2350368856158685,0.15988661300034174,1.0
2025-12-16 17:41:33.128,0.010097519042136396,-0.5764592281886503,-0.8170517396386521,0.0,-0.9999333899048137,-0.008652117987234292,-0.0062532798603101725,0.0,-0.003464533874119615,0.8170761896055667,-0.5765192948936604,0.0,0.4617339202504248,0.23494194199456755,0.15966321238215353,1.0
2025-12-16 17:41:33.178,0.01009844091000916,-0.5763622701911258,-0.8171201269657522,0.0,-0.9999330042522275,-0.008739321974553876,-0.006193396463034442,0.0,-0.0035715045983446938,0.8171436595876455,-0.5764230078255156,0.0,0.46159335556720915,0.23493581175913544,0.1593802947487351,1.0
2025-12-16 17:41:33.228,0.010119024098096221,-0.576275536774599,-0.8171810435684729,0.0,-0.9999325841825768,-0.008798636792187148,-0.006177214725233658,0.0,-0.0036303713601620693,0.8172041937381767,-0.5763368165756236,0.0,0.4614472354208948,0.2349026813539957,0.1590780832058983,1.0
2025-12-16 17:41:33.278,0.01019745128909597,-0.5762838200227681,-0.81717422724189,0.0,-0.9999315771919908,-0.00889086080623476,-0.006208093883796534,0.0,-0.0036878292525766975,0.8171973542030005,-0.5763461496349389,0.0,0.4612617941169736,0.23481380911556013,0.158693387332684,1.0
2025-12-16 17:41:33.328,0.010319819974428534,-0.5762609553678802,-0.8171888151066444,0.0,-0.9999306933891088,-0.0088777098516214,-0.006367227605076497,0.0,-0.003585649566626247,0.817213621056612,-0.5763237290592202,0.0,0.4611619203927617,0.23477933609310359,0.15837617458152825,1.0
2025-12-16 17:41:33.379,0.010563435312099278,-0.5761837159241218,-0.8172401643577525,0.0,-0.9999285565187458,-0.008923207616136266,-0.0066336359098787805,0.0,-0.003470277483763243,0.8172675867927959,-0.5762479056378995,0.0,0.4610473894934339,0.23482424102377994,0.15798234418181148,1.0
2025-12-16 17:41:33.428,0.010558232108157187,-0.5760597654558892,-0.8173276070578215,0.0,-0.9999288979868706,-0.008850898382466551,-0.006678882376152711,0.0,-0.003386713384866678,0.8173557472408733,-0.5761233484461139,0.0,0.46076656868694876,0.23499177766801488,0.15751560763224762,1.0
2025-12-16 17:41:33.479,0.01063744893765469,-0.575909664006303,-0.817432352238064,0.0,-0.9999283281701012,-0.008829402883844345,-0.0067916911641832155,0.0,-0.003306102644519933,0.8174617503053568,-0.5759733991019084,0.0,0.4603052987783361,0.23526017226673554,0.1569095595439517,1.0
2025-12-16 17:41:33.528,0.010686085112817222,-0.5758092807049163,-0.8175024322534196,0.0,-0.9999282234748746,-0.008752218310290655,-0.0069060462087894335,0.0,-0.0031784554513943873,0.8175332934163948,-0.5758725653967953,0.0,0.4597072151381599,0.2355924054084065,0.15624465378012378,1.0
2025-12-16 17:41:33.578,0.010730189579311518,-0.5757431930046305,-0.817548399571324,0.0,-0.9999280114907321,-0.00870920963147445,-0.006990594037226856,0.0,-0.0030954730611996322,0.8175802968343012,-0.5758062836361404,0.0,0.4591402280457982,0.23582082703572274,0.15550171889694023,1.0
2025-12-16 17:41:33.628,0.010852280957025222,-0.5757116019984222,-0.8175690345308145,0.0,-0.9999266225502325,-0.008798013362306348,-0.007077526218233231,0.0,-0.003118429372553888,0.8176015920672771,-0.5757759217328404,0.0,0.4587158298615944,0.23582564994295482,0.15479274912593505,1.0
2025-12-16 17:41:33.678,0.010879907845869051,-0.5756966862305455,-0.8175791704597437,0.0,-0.9999261507208662,-0.008858396246544175,-0.007068862829290455,0.0,-0.0031729804383182807,0.8176114429574126,-0.5757616351757348,0.0,0.45849376180005286,0.23558179942742827,0.15414154605370242,1.0
2025-12-16 17:41:33.728,0.010988028346805342,-0.5757265144741194,-0.817556720152027,0.0,-0.9999248643180528,-0.008947608743882163,-0.007138131232929668,0.0,-0.0032056279615302508,0.8175894675894488,-0.5757926592413051,0.0,0.4584389003268981,0.23517771891690264,0.1535070753811838,1.0
2025-12-16 17:41:33.778,0.011204516002796084,-0.5756369714115026,-0.8176168313253735,0.0,-0.9999213287040741,-0.009346130426375642,-0.0071227206838510235,0.0,-0.00354152036694633,0.8176480572463911,-0.5757074883260532,0.0,0.4583388903531974,0.23487235901549408,0.15292575061691116,1.0
2025-12-16 17:41:33.828,0.011579142234479709,-0.5755358080728328,-0.8176828260348101,0.0,-0.9999157380330405,-0.009851701317510314,-0.007225490723786289,0.0,-0.0038971133636241545,0.8177133349719651,-0.5756124688681248,0.0,0.4582188751722223,0.2345889356015094,0.1523252010472974,1.0
2025-12-16 17:41:33.878,0.011806844480534432,-0.5754724417041283,-0.817724167530659,0.0,-0.9999129903126027,-0.009999989713022017,-0.007399926422366913,0.0,-0.003918854986787921,0.8177561317264931,-0.5755515195004831,0.0,0.45812774968091086,0.23429158556554242,0.15180164650803069,1.0
2025-12-16 17:41:33.928,0.011835631564391488,-0.575480619940926,-0.8177179958880004,0.0,-0.9999125796903124,-0.01003126899427519,-0.007413064186770508,0.0,-0.003936750198988175,0.8177499932454475,-0.5755601189666821,0.0,0.45799267461818677,0.23397083636007665,0.1513004074915443,1.0
2025-12-16 17:41:33.978,0.011818079686838618,-0.575487415596119,-0.8177134671657448,0.0,-0.9999121618022007,-0.010148633456584167,-0.007308954796807927,0.0,-0.004092541538160285,0.8177437626001366,-0.5755678846429237,0.0,0.4578177469010798,0.23373245145674681,0.15082688397111702,1.0
2025-12-16 17:41:34.028,0.011974488134629513,-0.5754466819333097,-0.8177398576485472,0.0,-0.9999093471770156,-0.010423743049001346,-0.007306839952481745,0.0,-0.004319296510824413,0.8177689674770167,-0.5755304157985272,0.0,0.45769730120597546,0.23368762937326998,0.15054647586816317,1.0
2025-12-16 17:41:34.078,0.01213384309730344,-0.5754044116598093,-0.8177672528264548,0.0,-0.9999067006975807,-0.01064985772908806,-0.007342842204289623,0.0,-0.004484087432217111,0.8177957977107045,-0.5754910305179504,0.0,0.4576332204321841,0.233673793632326,0.15035012683542104,1.0
2025-12-16 17:41:34.128,0.01218652832143679,-0.575378916128808,-0.8177844082049484,0.0,-0.999905752221372,-0.01073565614775114,-0.007347058111779117,0.0,-0.004552197520298287,0.8178126143998948,-0.5754665978370466,0.0,0.4575904245054726,0.23366000827513592,0.15022635924102257,1.0
2025-12-16 17:41:34.178,0.012133070797056346,-0.5752680084974585,-0.8178632244413548,0.0,-0.9999067689282575,-0.010637436886476441,-0.007351550118625778,0.0,-0.0044709429151595665,0.8178919180083573,-0.5753545177767009,0.0,0.45751446629924075,0.23368454993325602,0.15018521106713,1.0
2025-12-16 17:41:34.228,0.012045026448048559,-0.5752195259625617,-0.8178986252528366,0.0,-0.999908329009546,-0.010494522149890424,-0.007344758906304986,0.0,-0.004358690420984126,0.817927863137003,-0.5753042782058467,0.0,0.4574229631245612,0.23374114541058927,0.15010312723240588,1.0
2025-12-16 17:41:34.278,0.012072200593507929,-0.5752460549345022,-0.8178795664132524,0.0,-0.9999082312781924,-0.010466975760800343,-0.007397184717704034,0.0,-0.00430560716670047,0.8179095582421174,-0.5753307016691449,0.0,0.45728072239640766,0.23385923237675466,0.14999319073889128,1.0
2025-12-16 17:41:34.328,0.01198635509301256,-0.5752269788136183,-0.8178942456318846,0.0,-0.9999090062814464,-0.01046603835362851,-0.007293017183507806,0.0,-0.004365056343951377,0.8179229866388178,-0.5753111629465836,0.0,0.4570638714217637,0.23406743163880092,0.14978810498126033,1.0
2025-12-16 17:41:34.378,0.011949269881950546,-0.5751458925227173,-0.8179518104171807,0.0,-0.9999092474419263,-0.010481766714098392,-0.007237150535955654,0.0,-0.004411247586029473,0.8179798065089592,-0.5752300209814335,0.0,0.45676110549277504,0.2343915394378388,0.14953835208714628,1.0
2025-12-16 17:41:34.428,0.011867348851870753,-0.5750650181470265,-0.8180098641434568,0.0,-0.9999111076883129,-0.010265974307640412,-0.007289265686937826,0.0,-0.004205947521678853,0.8180394034078802,-0.5751468025448151,0.0,0.45647623587600494,0.23474592933856564,0.14928552211257012,1.0
2025-12-16 17:41:34.478,0.011959413548546344,-0.5750924815074077,-0.817989215725021,0.0,-0.9999103461850746,-0.010253315907529956,-0.007410533459397598,0.0,-0.0041254391888109546,0.8180202549303015,-0.5751746198114654,0.0,0.4561811117810483,0.23505919625806865,0.14901944249595486,1.0
2025-12-16 17:41:34.528,0.01194283083867764,-0.5751149070853377,-0.8179736911056433,0.0,-0.9999107424674613,-0.01020447202553716,-0.007424469681946424,0.0,-0.004077144954896945,0.8180050991107575,-0.5751965183463966,0.0,0.4559870290674931,0.2351299626295595,0.14883960162204515,1.0
2025-12-16 17:41:34.578,0.011901281321532871,-0.5751018366443754,-0.817983486320097,0.0,-0.9999115034451254,-0.010126735648144114,-0.007428418703185848,0.0,-0.004011482524414551,0.8180152546288845,-0.5751825372891615,0.0,0.45599764157160233,0.23509422202887648,0.14879999335545763,1.0
2025-12-16 17:41:34.628,0.011891605066268554,-0.5751023151684292,-0.8179832906105533,0.0,-0.9999114172206852,-0.010161978560668533,-0.0073918065898335794,0.0,-0.004061361772878413,0.818014481135549,-0.5751832873033504,0.0,0.45598153084846227,0.23510802849195248,0.1487822762782843,1.0
2025-12-16 17:41:34.678,0.011880089138281601,-0.575107643304644,-0.81797971184856,0.0,-0.9999115916906604,-0.010147824165349673,-0.0073876497323208355,0.0,-0.004052098474999447,0.8180109108273825,-0.575188430225526,0.0,0.45598373802356484,0.23510025881891078,0.1487765412932341,1.0
2025-12-16 17:41:34.729,0.01190792304420197,-0.5751066382128817,-0.8179800137860703,0.0,-0.9999110047143466,-0.010215087645085738,-0.007374383822232962,0.0,-0.00411475966573165,0.818010780258503,-0.5751881710655814,0.0,0.45596040447486397,0.2351102213828898,0.1487260426817763,1.0
2025-12-16 17:41:34.778,0.01178294845921948,-0.5750978176976471,-0.8179880250383985,0.0,-0.9999123226393172,-0.010175285932938306,-0.007249654573655543,0.0,-0.004154081499055585,0.8180174776847927,-0.5751783634744174,0.0,0.45593618912675515,0.23511126973444635,0.14859535146372405,1.0
2025-12-16 17:41:34.828,0.011639394675251498,-0.5751159761090627,-0.8179773135099297,0.0,-0.9999133579328575,-0.010217785560753145,-0.00704417396720489,0.0,-0.004306782714887346,0.8180041813008915,-0.5751961500191956,0.0,0.4558998981056107,0.23513290775206716,0.14839948316200316,1.0
2025-12-16 17:41:34.878,0.011691124992862918,-0.575107322858391,-0.8179826597748047,0.0,-0.9999125426692003,-0.010287463045017658,-0.007058471372781687,0.0,-0.004355671669402464,0.8180093918814525,-0.5751883716818731,0.0,0.45596864044705754,0.23516582952896536,0.14826490897826636,1.0
2025-12-16 17:41:34.928,0.011767232709045063,-0.5750953756113886,-0.8179899682061971,0.0,-0.9999118916134399,-0.01028545371118761,-0.0071529960992295135,0.0,-0.004299825760737572,0.8180178167773823,-0.5751768101490116,0.0,0.45606900203389683,0.23520410618586743,0.14815046620199573,1.0
2025-12-16 17:41:34.978,0.011777114471984394,-0.5750622016851038,-0.8180131482250167,0.0,-0.9999117204569056,-0.010301261038232286,-0.0071541746653089365,0.0,-0.004312554568338929,0.8180409397550608,-0.5751438278880789,0.0,0.4561181871755974,0.23521479361853406,0.14795020549932938,1.0
2025-12-16 17:41:35.028,0.011805741631495757,-0.5750747317151729,-0.8180039268294867,0.0,-0.9999107361643932,-0.010438447200167797,-0.007092631700489904,0.0,-0.0044599833959265535,0.8180303920587327,-0.5751577055176639,0.0,0.4560915273373267,0.2352134188723655,0.14771008877538336,1.0
2025-12-16 17:41:35.078,0.011933951767803404,-0.5750388911534948,-0.8180272619890924,0.0,-0.9999087935845027,-0.010588230156876606,-0.007144284130507939,0.0,-0.004553307365323839,0.8180536622649529,-0.575123876262267,0.0,0.4561597090855365,0.23523374278863582,0.14747661551146996,1.0
2025-12-16 17:41:35.128,0.011907922619790784,-0.5750433946600237,-0.8180244755127841,0.0,-0.9999089610094365,-0.010598882621733955,-0.007104947671018491,0.0,-0.004584580437421199,0.8180503585617313,-0.5751283269664565,0.0,0.4563163351906933,0.23526940021707726,0.14722999960521668,1.0
2025-12-16 17:41:35.178,0.011788549061125208,-0.5750279634535104,-0.8180370518862516,0.0,-0.9999099619527483,-0.010603169380454556,-0.006956125929835895,0.0,-0.004673908480899432,0.8180611502714631,-0.5751122577341251,0.0,0.45654053535208167,0.23532074171424375,0.1469832164933897,1.0
2025-12-16 17:41:35.228,0.01165154505829159,-0.5749969765826269,-0.8180607956135051,0.0,-0.9999111500383193,-0.010596543525483264,-0.006793540723843961,0.0,-0.004762443142496977,0.8180830168221541,-0.5750804263079011,0.0,0.4568059277769753,0.23537997237980265,0.14672661569542547,1.0
2025-12-16 17:41:35.278,0.011588381967285928,-0.5749584545058278,-0.8180887677366426,0.0,-0.9999120874447504,-0.010524801766404352,-0.006767040037403435,0.0,-0.004719546092152899,0.8181110176796373,-0.5750409451820557,0.0,0.4571078270008808,0.23541785044170915,0.146550403392074,1.0
2025-12-16 17:41:35.328,0.011568879701541029,-0.5749040771160663,-0.8181272578511143,0.0,-0.9999131097897542,-0.010372497407789116,-0.006850625469024139,0.0,-0.00454765790487208,0.8181511766090328,-0.5749851920013552,0.0,0.4574410190644184,0.23541888324482832,0.1464471142931296,1.0
2025-12-16 17:41:35.378,0.011634906888991681,-0.5749245674967888,-0.8181119223746366,0.0,-0.9999127767013641,-0.01033190435470146,-0.006959715725645114,0.0,-0.004451428283737075,0.8181372912766494,-0.5750057020662854,0.0,0.45775113873566936,0.23539821422221427,0.1463415021182132,1.0
2025-12-16 17:41:35.428,0.01166357875535385,-0.5749486202028141,-0.8180946106403012,0.0,-0.9999124279672672,-0.010351298357571403,-0.006980968423187659,0.0,-0.0044547290042053905,0.8181201428552061,-0.5750300750778834,0.0,0.45805660803214315,0.23539558746886874,0.1461842672038873,1.0
2025-12-16 17:41:35.478,0.011757039322548258,-0.5749470418843264,-0.8180943820587201,0.0,-0.9999110612722744,-0.01045467501307511,-0.00702255060026456,0.0,-0.004515403135844016,0.8181199375327529,-0.5750298939585013,0.0,0.4583531009359611,0.23545347223541344,0.14603658490083843,1.0
2025-12-16 17:41:35.528,0.011825213581978519,-0.5749457343937536,-0.8180943183566161,0.0,-0.9999102402240028,-0.010496971450247902,-0.007076156213518315,0.0,-0.004519193881019365,0.8181203148036643,-0.575029327419236,0.0,0.45866087784532683,0.23548042286078943,0.14590341507881388,1.0
2025-12-16 17:41:35.578,0.011923639412326114,-0.5748639276896279,-0.8181503763768783,0.0,-0.9999089640605019,-0.010572236141641914,-0.0071441105553817835,0.0,-0.004542874989134869,0.8181768315262646,-0.5749487234879955,0.0,0.45896513106805514,0.23545476179871871,0.1458292358773009,1.0
2025-12-16 17:41:35.628,0.011806111000015485,-0.5749153489449286,-0.8181159478899029,0.0,-0.9999108883711947,-0.010408442692702196,-0.0071152328598412095,0.0,-0.004424741567144366,0.8181427992583089,-0.5749980710261927,0.0,0.4593397566560791,0.2353965131833761,0.14576312398360589,1.0
2025-12-16 17:41:35.678,0.011787745645000286,-0.5748971161504433,-0.8181290251517304,0.0,-0.9999109111432692,-0.010433400923369635,-0.007075367341547609,0.0,-0.004468345875597471,0.8181552936274836,-0.5749799556458138,0.0,0.45974245081691795,0.23545973372189347,0.14573599410320862,1.0
2025-12-16 17:41:35.728,0.011802234551460695,-0.574881579335878,-0.8181397337259003,0.0,-0.9999107825958963,-0.010433832736044814,-0.007092875587988195,0.0,-0.0044588554631374185,0.8181662054387783,-0.5749645022832885,0.0,0.4601042972651075,0.23556430011532656,0.1457612764552703,1.0
2025-12-16 17:41:35.778,0.011670407666464417,-0.574895477922126,-0.8181318585355281,0.0,-0.9999125757419639,-0.010312755146523168,-0.007016755344737096,0.0,-0.0044033773959316095,0.8181579744364977,-0.5749766422503407,0.0,0.4603823290897299,0.23561203535241745,0.145782992501983,1.0
2025-12-16 17:41:35.828,0.011501985071077633,-0.5749152429239106,-0.8181203546510585,0.0,-0.9999145002860523,-0.010221086337351425,-0.006875202759695032,0.0,-0.004409504811123511,0.8181452359053166,-0.5749947210477279,0.0,0.460542404144415,0.23562928070122335,0.14574838722527303,1.0
2025-12-16 17:41:35.878,0.011485782204174873,-0.5748988688492247,-0.8181320885433162,0.0,-0.9999147609006481,-0.010197807110280004,-0.006871867602714344,0.0,-0.004392608889346119,0.8181570325337331,-0.5749780648883408,0.0,0.46070517041529413,0.23566855111489182,0.1457121413533399,1.0
2025-12-16 17:41:35.928,0.011565363795956388,-0.5748905433540561,-0.8181368176677749,0.0,-0.9999137680693085,-0.01025753924230756,-0.006927208336592506,0.0,-0.004409768849968737,0.8181621359913523,-0.5749706715726969,0.0,0.46085734454142313,0.23569938188041703,0.14566202875558518,1.0
2025-12-16 17:41:35.978,0.011638764769153664,-0.5748630841015755,-0.8181550712383818,0.0,-0.999912891360335,-0.01030415379867103,-0.006984340134660713,0.0,-0.0044154413859067545,0.8181808444716144,-0.5749440056362737,0.0,0.46103400620934865,0.23574590033970239,0.14560443857736216,1.0
2025-12-16 17:41:36.028,0.011653226265871596,-0.574842202927005,-0.8181695368032429,0.0,-0.9999126524746274,-0.010325322187584312,-0.006987277301339168,0.0,-0.004431367512752826,0.8181952488361993,-0.5749233842555344,0.0,0.46131855000339217,0.23581903979611382,0.14557418756288523,1.0
2025-12-16 17:41:36.078,0.011709946886488316,-0.5748225518124711,-0.8181825334073829,0.0,-0.999912208610693,-0.010317143199295067,-0.007062473270706917,0.0,-0.004381721814473924,0.8182091582747119,-0.5749039692238417,0.0,0.4617779408118254,0.23594224895019217,0.1455734812315773,1.0
2025-12-16 17:41:36.128,0.011723401983852254,-0.5747997969452212,-0.8181983269225535,0.0,-0.999912330676113,-0.010272061153188681,-0.007110739957081019,0.0,-0.004317414489732378,0.818225711471803,-0.5748808963764457,0.0,0.4622245997583193,0.23605092822437052,0.14557717336011722,1.0
2025-12-16 17:41:36.178,0.011625069943992154,-0.5747887250991252,-0.8182075080008296,0.0,-0.9999135322407353,-0.010205274760676909,-0.007037564218075255,0.0,-0.004305002750329826,0.8182343251535668,-0.5748687294433459,0.0,0.4625614859363749,0.23613526383341912,0.14552870292409842,1.0
2025-12-16 17:41:36.228,0.01156173952730187,-0.5748081699371723,-0.8181947450661059,0.0,-0.9999141150766951,-0.010197697431778598,-0.006965367089219478,0.0,-0.004340036100104531,0.8182207595182915,-0.5748877740741751,0.0,0.4627568942158131,0.236166177773254,0.1454413600059041,1.0
2025-12-16 17:41:36.278,0.011487602289500768,-0.5748174289789146,-0.8181892844794026,0.0,-0.999914807143853,-0.010185639250906835,-0.006883175773588673,0.0,-0.00437729576578835,0.8182144049459358,-0.5748965357529536,0.0,0.46289451021542843,0.23618678328620132,0.14534277632428283,1.0
2025-12-16 17:41:36.328,0.011448031304074284,-0.5748239162602523,-0.8181852814465044,0.0,-0.9999150507880024,-0.010202017492001237,-0.006823265195455912,0.0,-0.004425049727600422,0.8182096432762255,-0.5749029471003779,0.0,0.46304257480686517,0.23622041870211458,0.14526108459023163,1.0
2025-12-16 17:41:36.378,0.011414673830549489,-0.5748359188096078,-0.8181773148705999,0.0,-0.9999151223433403,-0.010239774289316368,-0.006755888750906437,0.0,-0.004494510048657132,0.8182007390635692,-0.5749150806643115,0.0,0.46318905162053803,0.2362468186684983,0.1451590365262014,1.0
2025-12-16 17:41:36.428,0.011404527306719543,-0.5748152292475264,-0.8181919920674071,0.0,-0.9999151976990954,-0.010241121078643212,-0.006742681264884199,0.0,-0.004503494085537648,0.8182152577756948,-0.5748943472361461,0.0,0.46331512159454763,0.2362758231882114,0.14508580668219132,1.0
2025-12-16 17:41:36.479,0.011357934348523908,-0.5748156187920737,-0.8181923665136632,0.0,-0.9999156061034037,-0.010236421583653446,-0.006689039186081474,0.0,-0.004530485027164922,0.8182150429146722,-0.5748944409659569,0.0,0.4633384845153667,0.23628057101422742,0.14504433250534624,1.0
2025-12-16 17:41:36.528,0.011331468293489005,-0.5748197384069982,-0.8181898392581224,0.0,-0.9999159036622661,-0.010221729027981996,-0.006666990337497711,0.0,-0.004531084425998293,0.8182123324015603,-0.5748982939441749,0.0,0.4633538510371651,0.2362738948727618,0.14502378805346575,1.0
2025-12-16 17:41:36.578,0.011312016314900334,-0.57480250431637,-0.8182022159709231,0.0,-0.9999160671122769,-0.010220647584162666,-0.0066440947378055065,0.0,-0.004543601686225961,0.8182244533605014,-0.5748809438541388,0.0,0.4634670885264701,0.23630283182226872,0.1449471573449307,1.0
2025-12-16 17:41:36.628,0.01128496024783485,-0.5747918681574717,-0.8182100615816555,0.0,-0.9999164258610991,-0.010195443787136703,-0.006628809874828762,0.0,-0.0045319159307369745,0.8182322397423931,-0.5748699536278997,0.0,0.4636108765722357,0.23631887656750714,0.14485983585339762,1.0
2025-12-16 17:41:36.678,0.01123737779056183,-0.5747710711739441,-0.8182253259238297,0.0,-0.9999167569757342,-0.01020470820380157,-0.006564293626414973,0.0,-0.004576872735841238,0.8182467336057754,-0.5748489672770051,0.0,0.46378537985488366,0.23636591034541468,0.14472095157181553,1.0
2025-12-16 17:41:36.728,0.011288324478327632,-0.574753823656383,-0.8182367400844622,0.0,-0.9999157529541101,-0.010309990496094351,-0.00655270870664245,0.0,-0.004669908539587276,0.8182575291514097,-0.5748328521764061,0.0,0.4639877689699087,0.23641635404773623,0.14450286037478374,1.0
2025-12-16 17:41:36.778,0.011306377096924926,-0.5747326928457431,-0.8182513333398432,0.0,-0.9999149164072464,-0.010429479132091189,-0.0064909793198826456,0.0,-0.00480344966344245,0.8182708572861999,-0.574812779074577,0.0,0.4642401147732703,0.23647156660123567,0.14419060332248873,1.0
2025-12-16 17:41:36.828,0.011365687531591118,-0.5746926431996304,-0.8182786407455377,0.0,-0.9999139245994271,-0.010517295802913138,-0.006502059856222106,0.0,-0.004869486301612876,0.8182978622339753,-0.5747737787742795,0.0,0.4646252025260694,0.23653745723456404,0.14384117119950585,1.0
2025-12-16 17:41:36.879,0.011463402341202198,-0.5746482364445348,-0.8183084636365178,0.0,-0.9999124954827576,-0.010625473205284553,-0.006545807651927327,0.0,-0.004933472815381751,0.8183276505193134,-0.5747308215517244,0.0,0.4651095636079105,0.23660151140317942,0.14339593691322503,1.0
2025-12-16 17:41:36.928,0.01148789895120652,-0.5745947543248694,-0.8183456747495146,0.0,-0.9999120339395204,-0.010668939678292107,-0.006545610000660259,0.0,-0.004969903155694471,0.8183646394659092,-0.574677837518079,0.0,0.4655391626930779,0.23667662312905224,0.14304467802359072,1.0
2025-12-16 17:41:36.978,0.011521057241082558,-0.5745705779425646,-0.8183621833296083,0.0,-0.9999117487585077,-0.010671910539659038,-0.0065842175954805284,0.0,-0.00495048561258742,0.8183815753800646,-0.5746538869359915,0.0,0.46589669316361454,0.2366875102816178,0.14273677313845823,1.0
2025-12-16 17:41:37.028,0.011510340666314218,-0.5746180038915053,-0.8183290344126226,0.0,-0.999911149150151,-0.010783941159946603,-0.006492096694534706,0.0,-0.005094434596549994,0.8183468071389757,-0.5747021402270792,0.0,0.46595566492503837,0.23667226510216335,0.14248723950621606,1.0
2025-12-16 17:41:37.079,0.011603010410371407,-0.5748033000192929,-0.8181975820897764,0.0,-0.9999094761272147,-0.010934277423024689,-0.006498309737449778,0.0,-0.0052112498004911025,0.8182146687993266,-0.5748892055319228,0.0,0.46586141857779456,0.2366483866703064,0.14224055053416698,1.0
2025-12-16 17:41:37.128,0.011466629610060662,-0.5749491963396244,-0.8180969899315202,0.0,-0.9999122364694188,-0.010666385541226123,-0.006518778982223268,0.0,-0.004978267014847905,0.8181156905376381,-0.5750321154106546,0.0,0.46574751639136713,0.23660852361547816,0.14200324385685073,1.0
2025-12-16 17:41:37.178,0.011048465363947664,-0.5757841173483059,-0.8175153384027374,0.0,-0.9999205173500165,-0.009795677862554662,-0.006614422037986293,0.0,-0.004199718605376653,0.817539179492617,-0.5758576667529695,0.0,0.4656876148900938,0.2362692137103796,0.1414906758720674,1.0
2025-12-16 17:41:37.228,0.009420609708982624,-0.5763629166278736,-0.8171277668456324,0.0,-0.999942968869383,-0.007441365448743684,-0.006279489640935664,0.0,-0.0024613287552357494,0.8171560545325559,-0.576411245901349,0.0,0.465862973508288,0.23577861185076177,0.14047856177870507,1.0
2025-12-16 17:41:37.278,0.00901019439441881,-0.5763410869720068,-0.8171477924868358,0.0,-0.9999465603020298,-0.007267040231955085,-0.005900302332487919,0.0,-0.0025377080824299856,0.8171730203395002,-0.5763868621567524,0.0,0.46562548845116053,0.23724231002396065,0.13861889789124002,1.0
2025-12-16 17:41:37.328,0.008668478600520179,-0.576555844671609,-0.8169999769614243,0.0,-0.9999488905638335,-0.0072830457780926165,-0.005469954804303905,0.0,-0.0027965676629931884,0.8170213669325133,-0.5766006115024798,0.0,0.465218686700155,0.2388894491224069,0.13591625037413196,1.0
2025-12-16 17:41:37.378,0.008621221613356597,-0.5766008275755939,-0.8169687307836463,0.0,-0.9999493797619379,-0.007232411652057735,-0.005447663409165362,0.0,-0.002767580222303817,0.8169900707360738,-0.5766450943330554,0.0,0.46472923994195287,0.2405435536344791,0.13334016726206885,1.0
2025-12-16 17:41:37.428,0.008648707706192407,-0.5764867160674425,-0.81704896606874,0.0,-0.9999490645994856,-0.007270354180616379,-0.00545500301654596,0.0,-0.0027955524141263645,0.8170702592134603,-0.5765313316685822,0.0,0.4639131868411083,0.24182934887849586,0.13123463228517362,1.0
2025-12-16 17:41:37.478,0.008986138247675975,-0.5763565092870145,-0.8171371796847146,0.0,-0.9999467449956287,-0.007263492691818455,-0.005873308077363438,0.0,-0.002550199690663161,0.8171621743030636,-0.576402183696269,0.0,0.4634675846686188,0.24237629825059714,0.12995050445026926,1.0
2025-12-16 17:41:37.529,0.009253535338609816,-0.5763848288569388,-0.8171142197076875,0.0,-0.9999445106017706,-0.00735129973674947,-0.006138486032778102,0.0,-0.0024687688582384184,0.8171414137331463,-0.5764319692231856,0.0,0.46333118071378937,0.24226404120892803,0.12925129873925242,1.0
2025-12-16 17:41:37.578,0.009040442782713312,-0.5763835726521617,-0.817117491228912,0.0,-0.9999470558694323,-0.007020453175932359,-0.006111104357390438,0.0,-0.0022142375549793927,0.8171452093204917,-0.5764276225482431,0.0,0.4635011386133227,0.24184462015899083,0.1289485028516019,1.0
2025-12-16 17:41:37.628,0.009168050723322822,-0.5763607413712436,-0.8171321738575307,0.0,-0.9999455480743542,-0.007217304657131366,-0.006128482762806096,0.0,-0.002365320514971602,0.8171595985324625,-0.5764066236478608,0.0,0.46378017474962097,0.24129029489136256,0.12892869462847598,1.0
2025-12-16 17:41:37.678,0.00901206968093122,-0.5763331984357151,-0.8171533355999553,0.0,-0.9999466573413357,-0.007231043890691778,-0.005928016308060985,0.0,-0.0024924070225031698,0.8171789033906933,-0.5763787190384619,0.0,0.46415514235151,0.24077430609110193,0.12915023771212197,1.0
2025-12-16 17:41:37.728,0.00887574668732315,-0.5763878048316197,-0.8171163114657164,0.0,-0.9999472784405898,-0.007340352701035196,-0.005683877434469857,0.0,-0.002721856690717061,0.8171394129417106,-0.5764336660132124,0.0,0.464447450716327,0.24033487763568157,0.1293462395617694,1.0
2025-12-16 17:41:37.779,0.00873719433571476,-0.576341361036032,-0.8171505637858195,0.0,-0.9999485927632333,-0.007231731463358208,-0.005591135133396907,0.0,-0.0026870627441970283,0.8171731402827302,-0.5763860151792981,0.0,0.46473325013760436,0.24000392136607784,0.12951325729785337,1.0
2025-12-16 17:41:37.828,0.008786702815658833,-0.5763649682573322,-0.8171333820867691,0.0,-0.999948173973599,-0.007255858349583595,-0.005634606258125516,0.0,-0.0026814660425613776,0.8171562757117139,-0.5764099502999787,0.0,0.46485778813462736,0.23984751744559427,0.12959346850758025,1.0
2025-12-16 17:41:37.878,0.008822733888291082,-0.5764092174642403,-0.8171017808634411,0.0,-0.9999476635498169,-0.007335027836786323,-0.005622670993793817,0.0,-0.0027525579157989827,0.8171243561626662,-0.5764548637930539,0.0,0.46486153493769733,0.2398170239998056,0.1296213263466148,1.0
2025-12-16 17:41:37.928,0.00883088061871698,-0.5763762709851966,-0.817124933344899,0.0,-0.999947395611681,-0.007396956990510756,-0.005589090973053933,0.0,-0.002822872923631631,0.817147038195404,-0.5764223706249924,0.0,0.4648528731781861,0.23982068398357062,0.12962828891747039,1.0
2025-12-16 17:41:37.978,0.008838444026940572,-0.5763755778777817,-0.8171253404676936,0.0,-0.9999473839470976,-0.007385289471260207,-0.005606579883433442,0.0,-0.0028032654249702817,0.8171476326241324,-0.5764216236399645,0.0,0.4648604500911788,0.2398124029875099,0.12963464285424953,1.0
2025-12-16 17:41:38.028,0.008959524684209843,-0.5763638691601629,-0.8171322806898331,0.0,-0.9999465008964468,-0.0073975885775156925,-0.005746122988453179,0.0,-0.0027330033664392244,0.8171557801570488,-0.5764104107738894,0.0,0.4648519936264069,0.23981126347351328,0.1297255598143282,1.0
2025-12-16 17:41:38.078,0.009136928308504884,-0.5763495212329114,-0.817140436410344,0.0,-0.9999452075929699,-0.007404436041093888,-0.005958442747387006,0.0,-0.0026163688464496387,0.8171658381577761,-0.5763966928790959,0.0,0.4648308337207958,0.23980329996681177,0.12986832670950116,1.0
2025-12-16 17:41:38.128,0.009077280616245442,-0.5763194012304167,-0.8171623447291464,0.0,-0.9999463565679876,-0.0071714397410505195,-0.006049904103053519,0.0,-0.002373599102845358,0.8171891594373265,-0.576364679456865,0.0,0.4648394615279107,0.2396641507358183,0.12996988661873826,1.0
2025-12-16 17:41:38.178,0.009168404103658706,-0.5762594292867935,-0.8172036205410862,0.0,-0.9999457176707758,-0.007156080504772453,-0.006172448857211606,0.0,-0.0022910871521521314,0.8172315865710167,-0.5763048540748901,0.0,0.4649230078334166,0.23938170245991328,0.1301519915946728,1.0
2025-12-16 17:41:38.231,0.00913998940905207,-0.5763249980207853,-0.8171576984592095,0.0,-0.9999459873814404,-0.007136776081148214,-0.00615106886091319,0.0,-0.002286900797725292,0.8171855156898475,-0.576370196168625,0.0,0.46505277230809655,0.23888338946441237,0.1303383456026485,1.0
2025-12-16 17:41:38.279,0.009097645969562054,-0.5762757591461475,-0.8171928959306685,0.0,-0.999946010525444,-0.007237503520952302,-0.0060283893571618265,0.0,-0.002440468794955117,0.8172193542727065,-0.5763215865418903,0.0,0.465183117902497,0.23844220890453016,0.13060605717924043,1.0
2025-12-16 17:41:38.331,0.009054161342612511,-0.5762303387059485,-0.8172254069829316,0.0,-0.9999458042589933,-0.007404109095858577,-0.005857867746893099,0.0,-0.0026753964629946244,0.8172498895189949,-0.5762772425967873,0.0,0.4653074239783256,0.2380605438152067,0.13088586834588767,1.0
2025-12-16 17:41:38.378,0.008900416431648472,-0.576223952648588,-0.8172315986809305,0.0,-0.999947274134582,-0.007287918720905161,-0.00575170346464158,0.0,-0.002641699023375884,0.8172554366933303,-0.5762695312277614,0.0,0.4654487943029549,0.23772999687534296,0.1311050342488346,1.0
2025-12-16 17:41:38.428,0.008898605052705833,-0.5762340806146311,-0.8172244771588373,0.0,-0.9999472814745916,-0.007289660969498991,-0.005748218483309909,0.0,-0.002645020906410721,0.8172482799773851,-0.5762796653868761,0.0,0.46551193396265916,0.23763026298041726,0.1311730314702392,1.0
2025-12-16 17:41:38.478,0.008877299959133597,-0.5762375035653081,-0.8172222952975923,0.0,-0.9999472334083893,-0.007349563676064491,-0.005679895587762857,0.0,-0.002733311067493071,0.8172453299044241,-0.5762834369995525,0.0,0.4654806904746893,0.23765022965514515,0.1311427632508461,1.0
2025-12-16 17:41:38.528,0.008925771989000655,-0.5762419442322977,-0.8172186361084716,0.0,-0.9999468792470735,-0.007354285919046042,-0.005735857727329991,0.0,-0.00270486977680306,0.8172421562414223,-0.5762880718367869,0.0,0.4654896756453243,0.2376351588435101,0.13114381042681297,1.0
2025-12-16 17:41:38.578,0.00913404718461118,-0.576260624213293,-0.8172031626618583,0.0,-0.9999448945719468,-0.007505617294618804,-0.005883912791117835,0.0,-0.002742999744310868,0.8172276084327179,-0.5763085215123434,0.0,0.465472023725452,0.2376172070289478,0.13108723020563864,1.0
2025-12-16 17:41:38.628,0.009226470322760515,-0.5762771387701575,-0.8171904786997167,0.0,-0.9999438289043525,-0.0076227936013743,-0.005914300890373046,0.0,-0.0028210522712043304,0.8172148782556055,-0.5763261961960074,0.0,0.46543687014839447,0.2376114759728822,0.13102808564613652,1.0
2025-12-16 17:41:38.679,0.009398241821040352,-0.5762919420987999,-0.8171780818303163,0.0,-0.9999421616002809,-0.0077414109607279,-0.006040770787162739,0.0,-0.002844918604339084,0.8172033238787486,-0.5763424623257078,0.0,0.4654189092061258,0.23758560178986585,0.1309790230657618,1.0
2025-12-16 17:41:38.728,0.009537261001191259,-0.576318697414248,-0.8171576020355852,0.0,-0.9999405301076334,-0.007910587030487824,-0.006091449918245387,0.0,-0.002953636712939385,0.8171828348105412,-0.5763709660636764,0.0,0.4653532765492156,0.23757393756479694,0.13088622507980072,1.0
2025-12-16 17:41:38.778,0.009470666130821048,-0.5763331000365343,-0.8171482186155243,0.0,-0.9999408081819058,-0.007968570814401013,-0.005968995970907074,0.0,-0.003071432628476878,0.8171721135902218,-0.5763855507141884,0.0,0.4651506133130855,0.23753313034034335,0.13073515412977887,1.0
