timestamp, data
2025-12-16 17:33:36.333,0.00907860888243651,-0.5669504899552725,-0.8236901527282237,0.0,-0.9999475782353516,-0.006613249019418654,-0.006469360081983239,0.0,-0.0017794954874596892,0.8237215654194742,-0.5669917248591032,0.0,0.440301352140948,0.24279700747138874,0.21055969873595395,1.0
2025-12-16 17:33:36.378,0.009086565106528652,-0.5669511721452427,-0.8236895954416982,0.0,-0.9999474955880162,-0.0066225630341366715,-0.006472605914248781,0.0,-0.0017853191293833027,0.823721021041076,-0.5669924974200745,0.0,0.44029734266054693,0.2427988575739777,0.21055949360394074,1.0
2025-12-16 17:33:36.428,0.009074377481571121,-0.5669546790943415,-0.8236873159321823,0.0,-0.9999475768128688,-0.006629205493016932,-0.006453228789644356,0.0,-0.0018017389108080499,0.8237185537865862,-0.5669960298667287,0.0,0.4402808793511243,0.2427959120586946,0.2105523630272547,1.0
2025-12-16 17:33:36.478,0.008991128379639701,-0.5669853966919793,-0.8236670847191286,0.0,-0.9999481084499101,-0.006679779481163187,-0.006317266397604227,0.0,-0.0019201536662700293,0.8236970014302766,-0.5670269507216292,0.0,0.4401745732436035,0.24279810566071425,0.210510604765493,1.0
2025-12-16 17:33:36.528,0.008908187727414222,-0.5670343948746722,-0.8236342550681923,0.0,-0.9999486680866688,-0.006709634563077749,-0.006195877414504202,0.0,-0.0020130480221018003,0.8236630284507966,-0.5670759765683281,0.0,0.4400614819968025,0.24278137790023752,0.21046436001082797,1.0
2025-12-16 17:33:36.578,0.008918857152415437,-0.5670369321516211,-0.8236323927969206,0.0,-0.9999486019299463,-0.006703816491495739,-0.006212828985451419,0.0,-0.0019986154094089803,0.82366132904867,-0.567078495947628,0.0,0.4400683268147586,0.24277221559410161,0.21045611391147784,1.0
2025-12-16 17:33:36.628,0.009048449043348172,-0.5670293401272832,-0.8236362060436246,0.0,-0.999947450677618,-0.006771878870194069,-0.006323325162345059,0.0,-0.001992092080164483,0.8236659989274724,-0.5670717360087287,0.0,0.4401428216873176,0.24277741119551952,0.2104262603715386,1.0
2025-12-16 17:33:36.678,0.009080348367812394,-0.5670410536497087,-0.8236277907225786,0.0,-0.9999472673833633,-0.006745686588246171,-0.006380052210335036,0.0,-0.00193822073065073,0.8236581497424412,-0.5670833233866588,0.0,0.4403207449822975,0.242765244434431,0.21040406674309567,1.0
2025-12-16 17:33:36.728,0.009090575023460314,-0.5671040757358589,-0.8235842856870985,0.0,-0.9999471108730543,-0.006778772432520317,-0.006369505643905419,0.0,-0.001970755783747153,0.8236144866332581,-0.5671466243657592,0.0,0.44059470836302855,0.2428249531565338,0.2104574159696692,1.0
2025-12-16 17:33:36.778,0.009031617507987394,-0.5670705313981577,-0.8236080312904974,0.0,-0.9999478929825814,-0.006637951489863628,-0.006394984043965082,0.0,-0.001840698597426246,0.8236387301801604,-0.5671118531435281,0.0,0.44101740866089684,0.24296275017498817,0.21067055274289476,1.0
2025-12-16 17:33:36.828,0.009043819954269122,-0.5669992256662092,-0.8236569882637809,0.0,-0.9999479604968433,-0.006562548536464855,-0.006461900348856211,0.0,-0.0017414299966695664,0.8236884243812657,-0.5670399870925106,0.0,0.44147993813608366,0.24321448848492935,0.21097149743018812,1.0
2025-12-16 17:33:36.878,0.009015010848371459,-0.5669044937189046,-0.823722508786742,0.0,-0.9999481399062555,-0.0065831653354887,-0.006412981630502492,0.0,-0.001787187770340646,0.8237534633659968,-0.5669453567605957,0.0,0.4418671998750978,0.24356586845040923,0.21128286893518639,1.0
2025-12-16 17:33:36.928,0.008877451669733083,-0.566926280862517,-0.8237090079757865,0.0,-0.9999492935654024,-0.006540428744610083,-0.006275347886610147,0.0,-0.0018297856635289234,0.8237388092510933,-0.5669665122544862,0.0,0.4421086995291835,0.2436665370013431,0.21134699117154085,1.0
2025-12-16 17:33:36.978,0.008911010797947485,-0.5670488043668266,-0.8236243040694706,0.0,-0.9999492093056355,-0.006460657885870522,-0.006370683630862107,0.0,-0.001708699216956273,0.8236550987627831,-0.5670884927672718,0.0,0.4424020215349422,0.24354495436529716,0.21130591586029995,1.0
2025-12-16 17:33:37.028,0.008680273172034316,-0.5669768279467251,-0.8236763176942367,0.0,-0.9999512909801753,-0.0063039225996285525,-0.006198639217368615,0.0,-0.0016779392583720005,0.8237058620001868,-0.5670148476242702,0.0,0.4427239943028955,0.24325837305168035,0.2111522275836456,1.0
2025-12-16 17:33:37.079,0.008706407222608892,-0.5669904651802173,-0.8236666545206276,0.0,-0.9999507813859598,-0.00645113860965024,-0.006128989921320286,0.0,-0.001838544307560295,0.8236953349592375,-0.5670296420128479,0.0,0.4430548679742855,0.2428405810846359,0.2107677909416489,1.0
2025-12-16 17:33:37.128,0.008709339779488602,-0.5670091083751008,-0.8236537897208308,0.0,-0.9999504148796201,-0.0065986839734821735,-0.006030924730228758,0.0,-0.0020154806122117523,0.8236813325392448,-0.5670493807987765,0.0,0.44332166485695146,0.24244274749587216,0.21041021012055983,1.0
2025-12-16 17:33:37.178,0.00879140628757558,-0.5669990379587201,-0.8236598503208596,0.0,-0.9999495347171306,-0.006710090004978029,-0.006053892328719243,0.0,-0.002094320925017998,0.8236873648548171,-0.5670403326028851,0.0,0.4436014602226522,0.24205041116647963,0.2100550811271492,1.0
2025-12-16 17:33:37.228,0.008775494251088665,-0.5669799033197865,-0.8236731917656074,0.0,-0.9999496469877736,-0.0067117080344285,-0.006033520157910683,0.0,-0.002107409877276994,0.8237005232483202,-0.5670211696436498,0.0,0.4438383654746676,0.24162124087049996,0.20961466579177762,1.0
2025-12-16 17:33:37.278,0.008851179713895731,-0.5670292596538027,-0.8236384050148104,0.0,-0.9999491299336086,-0.006695331427810404,-0.006136528603297851,0.0,-0.002034980007146069,0.8236666801279161,-0.5670705942856036,0.0,0.4439727072103466,0.24115997047077734,0.20906009601930214,1.0
2025-12-16 17:33:37.328,0.009178799315275822,-0.5672120127144423,-0.8235089733431988,0.0,-0.9999459135488713,-0.006985704550747418,-0.006333783233669333,0.0,-0.0021602340377977363,0.823538424857219,-0.5672563760528325,0.0,0.44399921413273247,0.24073122940380565,0.2083173856982331,1.0
2025-12-16 17:33:37.378,0.009372249402870344,-0.5672291913763019,-0.8234949619110764,0.0,-0.9999438455325701,-0.007196983358339007,-0.006423092190172425,0.0,-0.002283358109102359,0.8235247732158192,-0.5672757126614703,0.0,0.4439692615047003,0.24041822607315846,0.20748577719754396,1.0
2025-12-16 17:33:37.428,0.009619253445112394,-0.56727089680561,-0.8234633850401157,0.0,-0.9999412490746292,-0.007425835461595879,-0.006565231753415823,0.0,-0.002390684729549098,0.8234940132439891,-0.5673199227753533,0.0,0.4438465053180833,0.24021192492996218,0.20655390931437567,1.0
2025-12-16 17:33:37.478,0.009946856115059301,-0.5672722183824692,-0.8234585825687086,0.0,-0.9999373989493202,-0.007822591407053275,-0.00668970457901215,0.0,-0.002646747433296614,0.8234894294484875,-0.5673254395094838,0.0,0.4436659456627562,0.24011596755386466,0.2056746625639726,1.0
2025-12-16 17:33:37.528,0.010041968077102448,-0.567284377831145,-0.8234490515187188,0.0,-0.999936027235816,-0.008003944112502067,-0.006680210753106528,0.0,-0.002801314920984577,0.8234793101983716,-0.5673393854739223,0.0,0.4434731283906172,0.23999557028830443,0.20473248058641896,1.0
2025-12-16 17:33:37.578,0.010041513173517718,-0.5672798274606308,-0.8234521918548952,0.0,-0.9999359711323141,-0.008021415935565612,-0.006667640007750931,0.0,-0.002822889210119731,0.8234822749240238,-0.5673349752857318,0.0,0.4433557946346997,0.23991223820352867,0.20385638614866006,1.0
2025-12-16 17:33:37.628,0.009879708441147862,-0.5672522719221957,-0.8234731314751162,0.0,-0.9999376611968734,-0.00790644063323662,-0.0065504822607440295,0.0,-0.0027950192952629765,0.823502368973043,-0.5673059458201768,0.0,0.4432911356541454,0.2398954732499407,0.20294292341258938,1.0
2025-12-16 17:33:37.678,0.009747609917017001,-0.5673270775743017,-0.8234231707045391,0.0,-0.9999388918489721,-0.007851383767466755,-0.00642769336495398,0.0,-0.002818461088052249,0.8234513614750641,-0.5673798653124364,0.0,0.4431945385611808,0.2399748074790726,0.20204890549899815,1.0
2025-12-16 17:33:37.728,0.009512071638498895,-0.5673611242738101,-0.8234024666328796,0.0,-0.999941004166129,-0.007763133798564427,-0.0062023255370404415,0.0,-0.002873280448283923,0.8234287398374589,-0.5674124202633917,0.0,0.44309363385022943,0.24008857724423122,0.20113564186127936,1.0
2025-12-16 17:33:37.778,0.009491997039461714,-0.5673461045244061,-0.8234130473671114,0.0,-0.9999412370672838,-0.007739521787422344,-0.006194280915527586,0.0,-0.002858577108858604,0.8234393110561279,-0.5673971532747784,0.0,0.44309229462444794,0.24023051422514755,0.20035138999783234,1.0
2025-12-16 17:33:37.828,0.009500402109659188,-0.5673785046586082,-0.8233906252273734,0.0,-0.9999413546778875,-0.007686960600485409,-0.006240572320367844,0.0,-0.002788658393903291,0.8234174785034309,-0.5674291845502961,0.0,0.44317959818741604,0.24029283585851952,0.1996693381994655,1.0
2025-12-16 17:33:37.878,0.009378208127330725,-0.567434245851547,-0.8233536134301077,0.0,-0.9999424339088058,-0.007639857961770215,-0.006124405282669635,0.0,-0.0028151615666392026,0.8233795047352563,-0.5674841548865289,0.0,0.44326616553470916,0.24027968456207321,0.19887480293319468,1.0
2025-12-16 17:33:37.928,0.009223431618801362,-0.5674895432505644,-0.8233172496138091,0.0,-0.9999436148413346,-0.007626886026039702,-0.0059451365668587875,0.0,-0.002905599932990694,0.8233415131761391,-0.5675388182052878,0.0,0.443411503299397,0.24026988698573531,0.19802971891234564,1.0
2025-12-16 17:33:37.978,0.009204409093869692,-0.5675040949592077,-0.8233074322262441,0.0,-0.9999432897679035,-0.007754005498753044,-0.00583434212882849,0.0,-0.0030729764714629844,0.8233302956019425,-0.5675542098862661,0.0,0.4436108460708076,0.24028748835853517,0.19716469242143725,1.0
2025-12-16 17:33:38.028,0.009340006519601731,-0.5674808310339696,-0.8233219404269615,0.0,-0.9999416297822528,-0.007936470943087666,-0.005873360076641941,0.0,-0.0032013130349467,0.8233445921022019,-0.5675327605089515,0.0,0.443861561324518,0.24033188199561922,0.1964472063976189,1.0
2025-12-16 17:33:38.078,0.009405200465244113,-0.5674939675414296,-0.8233121436669714,0.0,-0.999940913118868,-0.008000585720229794,-0.0059082823515615454,0.0,-0.003234127053838728,0.8233349170486223,-0.5675466102363204,0.0,0.44409039502829284,0.24033947386924323,0.19576792338105192,1.0
2025-12-16 17:33:38.128,0.009325606141891311,-0.5675001539002716,-0.8233087849005758,0.0,-0.999941537440913,-0.007986119619532273,-0.005821554340051653,0.0,-0.0032713724401664426,0.8233307933541034,-0.5675523789371871,0.0,0.44429082407858916,0.24032820061194177,0.1950328203782552,1.0
2025-12-16 17:33:38.178,0.009259631238888283,-0.5674806322615579,-0.8233229853092593,0.0,-0.9999423402945133,-0.007900351563248727,-0.0058006407160894205,0.0,-0.0032128516303078824,0.8233450764864834,-0.5675319925870863,0.0,0.444495574505794,0.24028506439966185,0.1943400059478728,1.0
2025-12-16 17:33:38.228,0.009231279848948028,-0.5675229919097426,-0.8232941054248919,0.0,-0.9999425515484386,-0.00789756450017467,-0.005767926748151289,0.0,-0.0032286494164859335,0.8233159051817752,-0.5675742207832025,0.0,0.44467709339036776,0.24027569075410107,0.19364031388033814,1.0
2025-12-16 17:33:38.278,0.009188716883882123,-0.5674807390756365,-0.8233237061820857,0.0,-0.9999427056054371,-0.007933119127632548,-0.00569192661525394,0.0,-0.0033015298840388054,0.8233446877876158,-0.5675320475465137,0.0,0.44485387051807074,0.24022369209247332,0.19299170544000055,1.0
2025-12-16 17:33:38.328,0.009138043968070239,-0.5674814432901345,-0.8233237847742478,0.0,-0.999943156389474,-0.007907747580435737,-0.005647868559771203,0.0,-0.00330563970895978,0.823344446480882,-0.5675323736979282,0.0,0.44507452129525493,0.24014579189811527,0.19235773153372698,1.0
2025-12-16 17:33:38.378,0.009106497227171531,-0.5674479337161848,-0.8233472299890807,0.0,-0.9999436188401192,-0.007845757148462404,-0.00565244521442456,0.0,-0.0032523766763138924,0.8233681350819879,-0.5674983138103273,0.0,0.4452926391797054,0.2400290448474943,0.1918371225642598,1.0
2025-12-16 17:33:38.428,0.009211637284222652,-0.5674353115066778,-0.8233547594415616,0.0,-0.999942843001834,-0.007857520700220923,-0.005772087929279256,0.0,-0.0031943020539561143,0.8233767218888327,-0.5674861851058473,0.0,0.44552318189732587,0.2398976452817201,0.19136553465721548,1.0
2025-12-16 17:33:38.479,0.009225363643964946,-0.5674388068961141,-0.823352196812008,0.0,-0.9999424589431378,-0.007930896111318,-0.0057381696412069135,0.0,-0.003273923634142624,0.8233736094514695,-0.5674902472139031,0.0,0.4456768290847321,0.23982516203867674,0.19093132825168402,1.0
2025-12-16 17:33:38.528,0.009370227058197142,-0.5674067687895992,-0.8233726401076444,0.0,-0.999941232212367,-0.007982465621252263,-0.005878712905643475,0.0,-0.003236984620690831,0.8233951901028633,-0.5674591464114709,0.0,0.445790411341873,0.239748552135352,0.19064489972111454,1.0
2025-12-16 17:33:38.578,0.009477564171247045,-0.5674229878989131,-0.8233602343339507,0.0,-0.9999405433346815,-0.007960103706802465,-0.006024404180266891,0.0,-0.0031357078051698207,0.8233842294551867,-0.5674756188780706,0.0,0.4458221893815209,0.23958789525213292,0.1904074498209617,1.0
2025-12-16 17:33:38.628,0.009528169856056395,-0.567414677437269,-0.8233653774049299,0.0,-0.9999402203750509,-0.007946943259605987,-0.006094970904887092,0.0,-0.0030849213804711307,0.8233900836601467,-0.5674674029318449,0.0,0.4458259457772212,0.23947918284035136,0.19020527030808573,1.0
2025-12-16 17:33:38.678,0.009640563957820408,-0.5674342021194949,-0.8233506134647596,0.0,-0.99993908901371,-0.008025265299531315,-0.006177400789344645,0.0,-0.0031023983502943974,0.8233758685311732,-0.5674879331272272,0.0,0.445795353972562,0.2393793023050043,0.19002489797979102,1.0
2025-12-16 17:33:38.728,0.00956717410872304,-0.5675015995130108,-0.8233050167653274,0.0,-0.9999401304262391,-0.007893183094786928,-0.006179006796938486,0.0,-0.002991958603995557,0.8233306931459169,-0.5675540660655828,0.0,0.4458411793143667,0.2391497836455618,0.18977658604592298,1.0
2025-12-16 17:33:38.778,0.00938060179869909,-0.5674934904994238,-0.8233127531211228,0.0,-0.9999421867389966,-0.007706473137096118,-0.0060811473119153515,0.0,-0.00289388181726913,0.8233380513562932,-0.56754390018469,0.0,0.44594289065272485,0.23879461974013386,0.18938878437125362,1.0
2025-12-16 17:33:38.828,0.009256946725086795,-0.5674372791787898,-0.8233528952015103,0.0,-0.9999437621241112,-0.007512321937081922,-0.0060650234460531095,0.0,-0.0027438244413213186,0.8233785877717971,-0.567485834736301,0.0,0.446155547383169,0.2384341465553834,0.18898211714835267,1.0
2025-12-16 17:33:38.878,0.009307417153763575,-0.5673683600412138,-0.8233998195963352,0.0,-0.9999432799875413,-0.00754454200804976,-0.006104391440165069,0.0,-0.0027487888906132145,0.8234257859639177,-0.5674173236422548,0.0,0.44634246648804377,0.2381411245915565,0.18854938219527925,1.0
2025-12-16 17:33:38.928,0.009408064130082642,-0.5674557672128336,-0.8233384404286169,0.0,-0.9999419378928407,-0.0077191732741112296,-0.006105907654364003,0.0,-0.0028907152275929704,0.8233639327417832,-0.5675063682686365,0.0,0.44647601479710153,0.23794558735562807,0.18804906457225218,1.0
2025-12-16 17:33:38.978,0.009618649138418938,-0.5675773072747097,-0.8232522266940735,0.0,-0.99993883190448,-0.008135248656351403,-0.006074296668067924,0.0,-0.0032497911931523675,0.8232761470686392,-0.5676317684247574,0.0,0.4465608705280533,0.2378292427661446,0.1874520679487763,1.0
2025-12-16 17:33:39.028,0.009658900694244807,-0.5675166110577888,-0.8232935981240651,0.0,-0.9999379507206146,-0.008279805197698312,-0.006023822354140551,0.0,-0.0033981567899916605,0.8233165482463375,-0.5675722984027383,0.0,0.44670486212892946,0.23778960756472206,0.18688684720099347,1.0
2025-12-16 17:33:39.078,0.009642266966307819,-0.5675519077818251,-0.8232694610892412,0.0,-0.9999381214709068,-0.008268145370910945,-0.006011480896406159,0.0,-0.0033951494995167167,0.8232923336182412,-0.5676074403716944,0.0,0.4469469560265587,0.23778339302182666,0.18625446148303879,1.0
2025-12-16 17:33:39.128,0.009601418368153846,-0.5675168539126173,-0.8232941030953963,0.0,-0.9999386258476821,-0.008217578291230224,-0.0059969030411587175,0.0,-0.0033622049346209775,0.8233170042963425,-0.5675718509708476,0.0,0.44721178020014457,0.2377746992292522,0.18565820481125367,1.0
2025-12-16 17:33:39.178,0.009635492397404334,-0.5674906055743655,-0.8233117980281273,0.0,-0.9999382503394035,-0.008248395079384407,-0.006017174419542714,0.0,-0.003376376034162821,0.8233347889884384,-0.5675459675887405,0.0,0.4474948885918239,0.2377931078209836,0.185051847661313,1.0
2025-12-16 17:33:39.228,0.009576918094672378,-0.5674456229312351,-0.8233434851610831,0.0,-0.9999385733847318,-0.008272666439591406,-0.005929531895108924,0.0,-0.0034466254562579655,0.8233655489371412,-0.567500919467453,0.0,0.44771217178005845,0.2377954647890173,0.18450437618625865,1.0
2025-12-16 17:33:39.278,0.00950897942433656,-0.5674751543524879,-0.8233239188825598,0.0,-0.9999392819654924,-0.00821990034337578,-0.005883240764158292,0.0,-0.003429113623862045,0.8233457238443779,-0.5675297879467935,0.0,0.44796564724143806,0.23775342881765768,0.18392960827615343,1.0
2025-12-16 17:33:39.328,0.009486475762512438,-0.5675057240292783,-0.8233031075325905,0.0,-0.9999394135375183,-0.008227007258234678,-0.005850855238798528,0.0,-0.00345299328373388,0.8233245820556836,-0.5675603134647599,0.0,0.44820915610070594,0.23768994504592647,0.18326901936570827,1.0
2025-12-16 17:33:39.378,0.00960899827235731,-0.567527341295512,-0.8232867853521382,0.0,-0.9999380865189411,-0.008333929657591568,-0.005925845636671234,0.0,-0.0034982020892722126,0.8233086054837495,-0.567583212153554,0.0,0.44849040856874406,0.23770589137360937,0.18252635536305317,1.0
2025-12-16 17:33:39.428,0.00957652609657145,-0.5675187159210244,-0.8232931094868229,0.0,-0.9999381853762802,-0.008365058701081304,-0.005864991093612264,0.0,-0.003558471486321028,0.8233142355236258,-0.5675746707393033,0.0,0.44885824077886904,0.23776756766057042,0.18163834040056834,1.0
2025-12-16 17:33:39.478,0.009585081892656997,-0.567518674877631,-0.8232930382138894,0.0,-0.9999379770254965,-0.00839900922205443,-0.005851978080410072,0.0,-0.0035938081667480208,0.8233139181641095,-0.5675749084483234,0.0,0.4492959893022679,0.2378376125233563,0.1806989705666453,1.0
2025-12-16 17:33:39.529,0.009652091370787779,-0.5675244745903301,-0.8232882574009837,0.0,-0.9999373533322125,-0.008432298295775171,-0.005910385573685357,0.0,-0.0035879927824614367,0.823309579977302,-0.5675812380843749,0.0,0.44974338623038007,0.2378854022444438,0.17980597103272136,1.0
2025-12-16 17:33:39.578,0.009669055922534918,-0.5675353209650457,-0.8232805814033742,0.0,-0.999937471743146,-0.00837650089294948,-0.005969400130999387,0.0,-0.0035084326541581536,0.8233026726951006,-0.5675917547264189,0.0,0.4501163223767869,0.23789575000324534,0.17905931773875217,1.0
2025-12-16 17:33:39.628,0.009602747198084611,-0.5675400724004118,-0.8232780820398374,0.0,-0.9999382546538027,-0.008304922089183953,-0.0059381857673729945,0.0,-0.0034671687024731474,0.8233001224249769,-0.5675957074857128,0.0,0.45042436273097375,0.23792773660055966,0.17833820351634677,1.0
2025-12-16 17:33:39.678,0.009528156060951854,-0.5675018605490463,-0.8233052893165796,0.0,-0.9999390599804889,-0.008240429375095166,-0.0058922449251758,0.0,-0.0034405953750303244,0.8233271109035858,-0.5675567202972928,0.0,0.45067665736414975,0.23797558942812375,0.17780640884782226,1.0
2025-12-16 17:33:39.728,0.009448469225638087,-0.5675206424978658,-0.8232932610372261,0.0,-0.9999395854047459,-0.0082500135053065,-0.005788757980409409,0.0,-0.003507008394857436,0.8233140683568122,-0.5675752335487102,0.0,0.4508818652579079,0.23797605547286318,0.177370641512424,1.0
2025-12-16 17:33:39.778,0.009458376209968119,-0.5675149103998581,-0.8232970985583031,0.0,-0.9999392141797516,-0.008320039364843532,-0.005752546545400074,0.0,-0.0035852773593818524,0.8233173149278519,-0.5675700350848772,0.0,0.45106315794613694,0.23795374052293472,0.17704990341837445,1.0
2025-12-16 17:33:39.829,0.009420800397895767,-0.5675457468618732,-0.8232762723655223,0.0,-0.9999401644253564,-0.008158850088019441,-0.0058178720715331665,0.0,-0.0034151448893905176,0.8232976711995998,-0.5675995783848856,0.0,0.45130270170846,0.23779397456064502,0.17679651420391848,1.0
2025-12-16 17:33:39.878,0.009352429172329105,-0.5675451162648931,-0.8232774866189732,0.0,-0.9999413772995399,-0.007978822121473076,-0.005858947265637222,0.0,-0.0032436301652123338,0.8232998703325446,-0.5675973946150268,0.0,0.451580617250504,0.23767034305108994,0.17658085854214864,1.0
2025-12-16 17:33:39.928,0.00933063237704814,-0.5675408110963853,-0.8232807017905313,0.0,-0.9999417321233132,-0.007927762270880762,-0.005867695017033804,0.0,-0.0031966788427391026,0.8233033314176006,-0.5675926406508957,0.0,0.45190531206278806,0.237608949234596,0.17628375720282777,1.0
2025-12-16 17:33:39.978,0.009287736379952626,-0.5675546104111066,-0.8232716739055473,0.0,-0.9999425665710758,-0.007788960043423362,-0.00591122338433668,0.0,-0.0030575469552359936,0.8232951434575875,-0.5676052837718895,0.0,0.45232314350724895,0.23745121962549973,0.1758710555130839,1.0
2025-12-16 17:33:40.028,0.00928530558497205,-0.5676069148247405,-0.8232356407764072,0.0,-0.9999425667424849,-0.007793980681667031,-0.005904573040734928,0.0,-0.003064865201814816,0.8232590357244328,-0.5676576139711083,0.0,0.45284666855301486,0.23729410561928188,0.17521064226346672,1.0
2025-12-16 17:33:40.078,0.009474448063093046,-0.5676683807592944,-0.8231911024915348,0.0,-0.99994013553662,-0.00807249565394626,-0.005941974262084793,0.0,-0.0032721986893237825,0.8232139689443343,-0.5677218104412179,0.0,0.4533185371935757,0.2371903381097934,0.17444985530687615,1.0
2025-12-16 17:33:40.128,0.00952205507901134,-0.5676057064828782,-0.8232337695553756,0.0,-0.9999393785608414,-0.008174684734383647,-0.0059296402977135195,0.0,-0.0033640436267047126,0.8232561765335125,-0.5676600664217097,0.0,0.4537439668108342,0.2371142664024991,0.17367958374143866,1.0
2025-12-16 17:33:40.178,0.00966029522154843,-0.5675219721975339,-0.8232898861703952,0.0,-0.9999375289821776,-0.008377862428987418,-0.00595789017570876,0.0,-0.0035162435214416195,0.8233118606958286,-0.5675783787892825,0.0,0.4540979553138475,0.2370816111164916,0.17288499766827586,1.0
2025-12-16 17:33:40.228,0.009713908260013584,-0.5674982525299707,-0.8233056056307123,0.0,-0.9999366939140585,-0.008481117546372423,-0.005951950150613759,0.0,-0.0036048997138129896,0.823327153672045,-0.5675556384393887,0.0,0.4544937033137769,0.23710620972868607,0.17205827479102218,1.0
2025-12-16 17:33:40.278,0.009731542830548088,-0.5674999729196045,-0.8233042115230516,0.0,-0.9999361133574848,-0.008583145559029169,-0.005903026092439726,0.0,-0.003716644296180579,0.8233249104882964,-0.5675581717538867,0.0,0.454836150061881,0.23715009631737285,0.1712212860932055,1.0
2025-12-16 17:33:40.328,0.009672357296686902,-0.5674929399593998,-0.8233097567147923,0.0,-0.9999366663741832,-0.008554202461581128,-0.005851133389358519,0.0,-0.0037223531251442885,0.8233300594304341,-0.5675506649855055,0.0,0.45515630195629064,0.23715367032580176,0.17042825462074981,1.0
2025-12-16 17:33:40.380,0.009640173987389472,-0.5674845920807164,-0.8233158881606039,0.0,-0.9999373150323524,-0.008460210450413426,-0.005876882356582594,0.0,-0.003630455391692539,0.8233367845836641,-0.5675415041607813,0.0,0.45539813281428987,0.23704016659964977,0.1696731791219836,1.0
2025-12-16 17:33:40.428,0.00963291539419493,-0.5674141574396475,-0.8233645169542295,0.0,-0.999937494925445,-0.00843054892229192,-0.005888886847517132,0.0,-0.0036000463842692614,0.8233856323674029,-0.5674708275118318,0.0,0.4554973633006414,0.23691054846540294,0.1690936809546643,1.0
2025-12-16 17:33:40.478,0.009842028755918445,-0.5673646388559394,-0.8233961670708977,0.0,-0.9999355338428032,-0.008531589507246744,-0.0060734701939277515,0.0,-0.003579074784389617,0.8234187145143103,-0.5674229558374322,0.0,0.4554692142414009,0.23680426364193294,0.16868118350118722,1.0
2025-12-16 17:33:40.528,0.010033508821399428,-0.5673079400877161,-0.8234329218068532,0.0,-0.9999337356040588,-0.008615614370823756,-0.006248399085630512,0.0,-0.0035496824428002086,0.8234569049861794,-0.5673677161992363,0.0,0.45546699197459356,0.23675628808810978,0.16837283015377755,1.0
2025-12-16 17:33:40.578,0.010101646128596898,-0.5673253094132261,-0.8234201217761734,0.0,-0.9999329076071299,-0.008687160376158382,-0.0062817537486239096,0.0,-0.003589453873839671,0.8234441864555727,-0.5673859247579266,0.0,0.45559424297068607,0.23673953597240344,0.1680856941968014,1.0
2025-12-16 17:33:40.628,0.009906556214856923,-0.5673723710104502,-0.8233900653148241,0.0,-0.9999347304090885,-0.008606262387624002,-0.006100333648865025,0.0,-0.0036252199798692437,0.8234126095246398,-0.5674315220851948,0.0,0.4557371603068404,0.23665405661136382,0.16774584166132145,1.0
2025-12-16 17:33:40.678,0.009765012315996288,-0.5673656766974046,-0.8233963689143723,0.0,-0.999936286298164,-0.008488496990500255,-0.006009630960940641,0.0,-0.003579808185063353,0.8234184447606426,-0.5674233426651769,0.0,0.45586019135832223,0.23661623236780802,0.16744425385972206,1.0
2025-12-16 17:33:40.728,0.00989698134768037,-0.5673225552562783,-0.8234245047112085,0.0,-0.9999353148371072,-0.008487094913262987,-0.006171082786414079,0.0,-0.00348755461653775,0.8234481703831978,-0.5673807783626096,0.0,0.4559621728232719,0.2366287143299907,0.16720468918894674,1.0
2025-12-16 17:33:40.778,0.009919393712347527,-0.5673137724280477,-0.8234302861463412,0.0,-0.9999352572566749,-0.008460639504737886,-0.006216572641451261,0.0,-0.0034400657634986952,0.8234544936929685,-0.5673718910594706,0.0,0.4559331230354228,0.23659942171491147,0.16689661659555713,1.0
2025-12-16 17:33:40.828,0.009851066682583946,-0.5673136536445866,-0.8234311882451707,0.0,-0.9999358250565945,-0.008447526373167553,-0.006142635246420149,0.0,-0.0034712226663301386,0.8234547101595712,-0.5673713871259437,0.0,0.4558791706491611,0.2365869664259577,0.1665205183465793,1.0
2025-12-16 17:33:40.878,0.009744072976150427,-0.5673417272304137,-0.82341311896657,0.0,-0.9999368077232788,-0.008402561112178394,-0.006043544336162316,0.0,-0.0034900913654878356,0.8234358280452924,-0.5673986749663982,0.0,0.4558753142876389,0.2365685812697646,0.1661008271504648,1.0
2025-12-16 17:33:40.928,0.009706423425961097,-0.567341252754415,-0.8234138905608377,0.0,-0.9999373707896694,-0.008334358360599925,-0.006044821764823118,0.0,-0.0034332157903406734,0.8234368481096658,-0.5673975415919214,0.0,0.45589496006465363,0.2365591535371932,0.1657350622587985,1.0
2025-12-16 17:33:40.981,0.009759438379180517,-0.5673163433396785,-0.8234304262312799,0.0,-0.999937050346905,-0.008316951298237462,-0.006121320596251898,0.0,-0.003375770529420547,0.8234541862675577,-0.567372723429464,0.0,0.4558611210183436,0.23656407925856493,0.16542070349188237,1.0
2025-12-16 17:33:41.029,0.009874466055062191,-0.5672801607562048,-0.8234539823413026,0.0,-0.9999361789185537,-0.008318315376398443,-0.006260241230916899,0.0,-0.0032985027776189046,0.8234790996816185,-0.5673370182413422,0.0,0.4558257458227603,0.23657474735359438,0.16515083944468947,1.0
2025-12-16 17:33:41.079,0.009777302236099177,-0.5672736265956383,-0.8234596431102282,0.0,-0.9999372432019802,-0.008235660948016995,-0.006199229595809814,0.0,-0.0032651378341381214,0.8234844317882359,-0.5673294717158012,0.0,0.4557766034867971,0.23659502724268658,0.1647772029644594,1.0
2025-12-16 17:33:41.129,0.009672636837588842,-0.567324080505886,-0.8234261197435794,0.0,-0.9999383591401795,-0.008151819941104959,-0.006129653571072194,0.0,-0.0032349836703843915,0.823450506936453,-0.5673788835573199,0.0,0.455824215092442,0.23665901830585415,0.16433728209128862,1.0
2025-12-16 17:33:41.178,0.009634003967078005,-0.5673214401342546,-0.8234283918063343,0.0,-0.9999390437417509,-0.008049334103647245,-0.006153366763716135,0.0,-0.0031371737423283963,0.8234533342808416,-0.5673753293919952,0.0,0.45588346032898347,0.2367486131250096,0.16396122612994785,1.0
2025-12-16 17:33:41.229,0.009686648326669774,-0.5673233787780695,-0.8234264385099855,0.0,-0.9999387879666474,-0.008011984932831602,-0.006243021579096595,0.0,-0.0030555269509618954,0.8234523628675928,-0.56737718480992,0.0,0.4559525404430434,0.23684077621867922,0.1635046779832405,1.0
2025-12-16 17:33:41.278,0.009586746595735786,-0.5673074104966331,-0.8234386092396458,0.0,-0.9999398510146174,-0.007928010876212662,-0.0061796357190250974,0.0,-0.003022535305543592,0.82346417708162,-0.5673602148050364,0.0,0.4560028545126923,0.23686583610716017,0.16297260513201917,1.0
2025-12-16 17:33:41.328,0.00955486560847661,-0.5673173133684958,-0.8234321571306066,0.0,-0.9999400286435537,-0.007944496865139303,-0.00612951768876517,0.0,-0.003064431683350039,0.8234571956077009,-0.5673701228125769,0.0,0.4560303326644195,0.23683852780153503,0.16246136477668108,1.0
2025-12-16 17:33:41.378,0.00960948398460093,-0.5672993036794712,-0.8234439293379635,0.0,-0.999938946012418,-0.008121403666607522,-0.006074039122906655,0.0,-0.0032417847964271987,0.8234678774925979,-0.5673536336088536,0.0,0.45595492735568577,0.23682286379055428,0.16201323338160692,1.0
2025-12-16 17:33:41.429,0.009643148682816507,-0.5672975683765376,-0.8234447312957665,0.0,-0.9999383565432212,-0.008207073309051887,-0.006055903115971672,0.0,-0.0033226361347239793,0.8234682236052799,-0.5673526635184512,0.0,0.45590659824543384,0.23680858300389804,0.1616114524852634,1.0
2025-12-16 17:33:41.478,0.009659884008938715,-0.5673175233837696,-0.8234307871362645,0.0,-0.9999385676000381,-0.008122763709715047,-0.0061342185246926785,0.0,-0.0032085458283388074,0.8234553117127091,-0.5673720603323646,0.0,0.45601289143682044,0.23684810478457397,0.1612863889834972,1.0
2025-12-16 17:33:41.528,0.009586108505411037,-0.567311747363858,-0.8234356287700314,0.0,-0.9999397704424458,-0.00795118811177456,-0.006162872408870086,0.0,-0.0030510804099838683,0.8234609657453774,-0.5673647229093665,0.0,0.4561162280632078,0.23686491069372773,0.1610550514017248,1.0
2025-12-16 17:33:41.578,0.009421549383493537,-0.5673396394321205,-0.8234183109680366,0.0,-0.9999411752375825,-0.007900635827579815,-0.005997742842978333,0.0,-0.0031028306858831524,0.8234422354266163,-0.5673916260902622,0.0,0.45608059488319624,0.23689954544273098,0.16086983299414725,1.0
2025-12-16 17:33:41.628,0.009512450414468257,-0.5673111723511768,-0.823436879131518,0.0,-0.999940205825852,-0.00798071929687533,-0.0060530813364742435,0.0,-0.003137698332127514,0.8234610762168864,-0.567364090161603,0.0,0.4560476815493686,0.23698203539635776,0.1608271054847722,1.0
2025-12-16 17:33:41.679,0.009601289283655508,-0.5673049009004286,-0.8234401687795264,0.0,-0.9999395123812312,-0.007989908814266481,-0.006154659790231468,0.0,-0.003087702648023584,0.8234653077725288,-0.5673582228076471,0.0,0.45605274009680397,0.2369887913712945,0.16082695149230208,1.0
2025-12-16 17:33:41.728,0.009628224591126628,-0.5673016803400893,-0.8234420730541661,0.0,-0.9999393021886044,-0.007992119782439668,-0.0061858597751951105,0.0,-0.0030718581797219923,0.823467505070952,-0.5673551196380845,0.0,0.45605760620056496,0.2369853599743594,0.16082859733525634,1.0
2025-12-16 17:33:41.778,0.00973262667670233,-0.5673166822873416,-0.8234305100478508,0.0,-0.9999381323593358,-0.00809376981521933,-0.006242535150885091,0.0,-0.00312322280801104,0.8234561766922034,-0.5673712810380431,0.0,0.45604055506059044,0.2369797043632808,0.16077194430621447,1.0
2025-12-16 17:33:41.829,0.0098382438205546,-0.567318274262964,-0.8234281580970061,0.0,-0.9999369036739535,-0.008204648391114464,-0.006294387733000897,0.0,-0.0031850786489347692,0.823453982567562,-0.5673741216055077,0.0,0.45601837175742965,0.2369726719335199,0.16069468672641923,1.0
2025-12-16 17:33:41.878,0.009900868324335396,-0.5673021547736189,-0.8234385131245935,0.0,-0.9999362190372865,-0.008257200706767267,-0.006334303048666883,0.0,-0.0032058950274676187,0.8234645627684807,-0.5673586485650747,0.0,0.4560032610158,0.23697043451318917,0.1606266831153728,1.0
2025-12-16 17:33:41.928,0.009939865192716597,-0.5672423393208152,-0.8234792495643155,0.0,-0.9999358113566665,-0.00828420080192345,-0.0063633391208594,0.0,-0.003212373938952777,0.8235054973142045,-0.5672991949112576,0.0,0.45597451479334083,0.23696783733358262,0.16048340236848205,1.0
2025-12-16 17:33:41.978,0.009979025098322276,-0.5672142435076086,-0.8234981286690254,0.0,-0.999935239418673,-0.008352428197497187,-0.0063640249162814,0.0,-0.0032685063408045565,0.8235241606078784,-0.5672717812137225,0.0,0.45591302540034934,0.23695664500146743,0.16022419993266307,1.0
2025-12-16 17:33:42.029,0.010023293041836828,-0.5672419270963099,-0.823478522271146,0.0,-0.999934934728615,-0.008342742730294953,-0.006424317413116165,0.0,-0.003225989375829512,0.823505190260424,-0.5672995633760791,0.0,0.45585163253316646,0.23696491857311897,0.1598273850828417,1.0
2025-12-16 17:33:42.078,0.009921702622094217,-0.5672354289196373,-0.8234842286872541,0.0,-0.9999353732205609,-0.008427916598693115,-0.006242315697828553,0.0,-0.003399459227530112,0.8235087990499262,-0.5672933117570738,0.0,0.45573171396973294,0.23696169305283332,0.1592185206304905,1.0
2025-12-16 17:33:42.132,0.009868344031261179,-0.5672288345512947,-0.8234894121607569,0.0,-0.9999354691529718,-0.008500380019077929,-0.0061276398854443245,0.0,-0.003524266767339233,0.8235125965193378,-0.5672870375019431,0.0,0.45569600266197485,0.236834866723096,0.15854351096653968,1.0
2025-12-16 17:33:42.178,0.009993100374258258,-0.5671709442174566,-0.8235277802731351,0.0,-0.9999344000184108,-0.008530750290796855,-0.006258503056246171,0.0,-0.0034757356819278026,0.8235521546461382,-0.5672299073913264,0.0,0.4557878637302227,0.2366963239255558,0.15805722111156215,1.0
2025-12-16 17:33:42.228,0.010177316291521351,-0.5672197811859326,-0.8234918876137721,0.0,-0.9999323616878092,-0.008678048341647464,-0.0063804723672261695,0.0,-0.0035272401799695723,0.8235169793515217,-0.5672806565505811,0.0,0.45587100145556037,0.2364922009018731,0.1575079620695707,1.0
2025-12-16 17:33:42.278,0.010199195242011332,-0.5672797795282247,-0.8234502869366387,0.0,-0.9999318413250643,-0.008759556903001474,-0.006350572284251478,0.0,-0.0036105779147394645,0.8234747868242545,-0.5673413780008207,0.0,0.4558644595093621,0.2361597288543753,0.15694543886615367,1.0
2025-12-16 17:33:42.328,0.010259240696400992,-0.5672206325661776,-0.823490284625609,0.0,-0.9999309197291879,-0.008862457191152704,-0.006352914550288329,0.0,-0.0036947143196710717,0.8235144289778886,-0.5672832928540358,0.0,0.45582143363177813,0.23585332790966007,0.15638571497041298,1.0
2025-12-16 17:33:42.378,0.010397421120217253,-0.5671928187908549,-0.8235077090394125,0.0,-0.9999289650744407,-0.009055996357327593,-0.006387537580486574,0.0,-0.0038347911994971863,0.8235314806817047,-0.5672576087657665,0.0,0.455800156035892,0.23557831597332277,0.15587920867124294,1.0
2025-12-16 17:33:42.428,0.010455060374621386,-0.5671704072243335,-0.8235224148635877,0.0,-0.9999283558005126,-0.00909029580801549,-0.006434025910328426,0.0,-0.0038369471331106283,0.8235465382116189,-0.5672357333916441,0.0,0.45587995481010973,0.2353141121857591,0.15548887190781072,1.0
2025-12-16 17:33:42.478,0.010589185272737467,-0.5671373908533764,-0.8235434390197597,0.0,-0.999926481672911,-0.009263931213457989,-0.00647747859233116,0.0,-0.003955705621801533,0.8235673409281288,-0.5672047137935343,0.0,0.45589325583704515,0.23516572316037007,0.15518385913906987,1.0
2025-12-16 17:33:42.529,0.01074653203609686,-0.5671017923029834,-0.823565914858762,0.0,-0.9999238969154611,-0.009536383099039309,-0.006481101449205994,0.0,-0.004178476272078263,0.8235887449521435,-0.5671720369730836,0.0,0.4558646923534403,0.23513783971785618,0.15494716788228258,1.0
2025-12-16 17:33:42.581,0.010827566576427665,-0.5670714683163831,-0.8235857335607158,0.0,-0.9999224320805833,-0.009696621671734634,-0.006469331604957977,0.0,-0.004317509025754941,0.8236077538490104,-0.5671433918468947,0.0,0.4558087207506584,0.2351266181700198,0.15477791894655324,1.0
2025-12-16 17:33:42.629,0.010955573819434624,-0.5669716749211501,-0.8236527436611868,0.0,-0.9999217256059441,-0.009634693079203721,-0.0066680020777351535,0.0,-0.004155153082201305,0.8236771828689295,-0.5670437664977613,0.0,0.4558274710963475,0.23511427758230366,0.1547490806915364,1.0
2025-12-16 17:33:42.678,0.011137659238711479,-0.5669435227102774,-0.8236696798503341,0.0,-0.9999201354077351,-0.009653140975745484,-0.006876523590280398,0.0,-0.004052477051509609,0.8236963448907897,-0.5670166742198153,0.0,0.45583586234920187,0.23506662333108955,0.15470463824256336,1.0
2025-12-16 17:33:42.728,0.011033121419561141,-0.5669043117978784,-0.8236980747809985,0.0,-0.9999212053695842,-0.009611573849647115,-0.006778466019593771,0.0,-0.004074371705967503,0.8237238186703125,-0.5669766045000444,0.0,0.45578765368984125,0.23500503387082042,0.15444831088470942,1.0
2025-12-16 17:33:42.778,0.01096649504334304,-0.5667996644789406,-0.8237709774168017,0.0,-0.9999212091953071,-0.00971725651822959,-0.006625498348218615,0.0,-0.004249545475974488,0.8237945909320472,-0.5668724841746587,0.0,0.4556998240704723,0.23505524718657547,0.1540784220680666,1.0
2025-12-16 17:33:42.828,0.0109226011145505,-0.5668177409343956,-0.8237591227101094,0.0,-0.9999214630212718,-0.009736173427935927,-0.006559086642846696,0.0,-0.004302537845244826,0.823781929799365,-0.5668904835187519,0.0,0.4557195924679934,0.2351278811728166,0.15350873039348295,1.0
2025-12-16 17:33:42.878,0.010917983663454934,-0.5667415779161628,-0.8238115854945418,0.0,-0.9999212679894187,-0.009779641709332485,-0.0065240579150405206,0.0,-0.004359211193271124,0.8238338160636601,-0.56681464411901,0.0,0.4557441702302222,0.2352464923350131,0.15285510565272903,1.0
2025-12-16 17:33:42.929,0.010969387357807529,-0.5666029716650323,-0.8239062397764431,0.0,-0.9999196329387553,-0.01000496178377594,-0.0064323638375858305,0.0,-0.0045986425152895844,0.8239264470810541,-0.5666780940599412,0.0,0.4557119090912041,0.23541235980735858,0.15207697356162306,1.0
2025-12-16 17:33:42.978,0.01115030183011409,-0.5664924314286071,-0.8239798194157492,0.0,-0.9999173050402343,-0.010164728500334482,-0.006542803435658701,0.0,-0.0046691724235279645,0.8240004992338736,-0.5665698333755569,0.0,0.4557050938989165,0.2354565512537785,0.15152986861991158,1.0
2025-12-16 17:33:43.028,0.011315206122266677,-0.5664241422208937,-0.8240245166989535,0.0,-0.9999154505916846,-0.01025795998286852,-0.006679283361737897,0.0,-0.004669593072514498,0.824046288826224,-0.5665032292690524,0.0,0.4556700205246834,0.23539669930105328,0.15119721748870343,1.0
2025-12-16 17:33:43.078,0.011407352447115975,-0.5664292058678149,-0.824019765510095,0.0,-0.9999137639296208,-0.010421481613936695,-0.006678647039385574,0.0,-0.004804618600789873,0.8240407563023406,-0.5665101478285869,0.0,0.4556140845592838,0.23535322537498876,0.15094368740215622,1.0
2025-12-16 17:33:43.128,0.011297757089795255,-0.5664484960075017,-0.8240080151047001,0.0,-0.9999141668412701,-0.010501308637709941,-0.0064906369666765116,0.0,-0.004976646754528169,0.8240264825970287,-0.566529424624926,0.0,0.4555831712390193,0.23535941093928636,0.1507826096873588,1.0
2025-12-16 17:33:43.178,0.011244522109699973,-0.5664621322724747,-0.8239993691290388,0.0,-0.9999143554829968,-0.01053881990066871,-0.006400146508656696,0.0,-0.005058637705817152,0.8240166295635559,-0.5665430295990574,0.0,0.4555621127418492,0.23535707448781568,0.15070565830741328,1.0
2025-12-16 17:33:43.228,0.011335334504117217,-0.5663860461889757,-0.8240504255052037,0.0,-0.9999139641033158,-0.010485087279215497,-0.006547842174973557,0.0,-0.004931729144412512,0.8240696154629837,-0.566467074875792,0.0,0.45558104189219967,0.23537428841720062,0.15070881999414565,1.0
2025-12-16 17:33:43.278,0.01125838045843159,-0.5663622734458212,-0.8240678194104792,0.0,-0.999914927253725,-0.010425610746955555,-0.006495521298489252,0.0,-0.004912686688880138,0.82408670897084,-0.5664423727150951,0.0,0.45549292664837426,0.2355944646116121,0.15046585091496203,1.0
2025-12-16 17:33:43.328,0.011435012145384319,-0.5663028068226894,-0.8241062543041322,0.0,-0.9999136041424896,-0.0104092498009569,-0.006721508057454762,0.0,-0.004772010860561189,0.824127782477497,-0.5663838151475287,0.0,0.45537325086783154,0.23596594304932986,0.1501973977529909,1.0
2025-12-16 17:33:43.378,0.011596436496860544,-0.5662001629358162,-0.8241745234191833,0.0,-0.9999129987467664,-0.01027699002836404,-0.0070089453139584095,0.0,-0.004501654050829359,0.8241999663953828,-0.5662809819379917,0.0,0.45524294956338757,0.2363974078530752,0.14987112938174244,1.0
2025-12-16 17:33:43.428,0.011711378534150397,-0.5661931636008652,-0.8241777065692096,0.0,-0.9999124368974424,-0.010196777473993439,-0.007203552468909111,0.0,-0.004325437789457128,0.8242057710570525,-0.566273906819111,0.0,0.45507863532089793,0.23675849899506418,0.1494614137536669,1.0
2025-12-16 17:33:43.478,0.011781841571900948,-0.566194116992758,-0.8241760473304075,0.0,-0.9999113896938567,-0.01027826084068362,-0.0072330502417650485,0.0,-0.00437587014736535,0.8242041039736059,-0.5662759457663014,0.0,0.45484599817606663,0.23696427911004428,0.14899003602106473,1.0
2025-12-16 17:33:43.528,0.011834723900715228,-0.5661030077918494,-0.8242378726923578,0.0,-0.999910333768579,-0.010387775149779553,-0.007222565434444013,0.0,-0.0044733678012408564,0.8242653131177946,-0.5661860847560092,0.0,0.4546595796136781,0.2369946261336932,0.1485216720513224,1.0
2025-12-16 17:33:43.578,0.011989568237188922,-0.56607559066384,-0.8242544648403664,0.0,-0.9999082585603132,-0.010517444192362405,-0.007321525233886215,0.0,-0.0045246007255165714,0.824282498467861,-0.5661606580360875,0.0,0.45448820128761397,0.2368388072831078,0.1480868192214544,1.0
2025-12-16 17:33:43.628,0.012202248355332446,-0.5661456376585032,-0.8242032328233915,0.0,-0.9999055348603951,-0.010665894394510005,-0.007477095259562791,0.0,-0.004557827529653152,0.8242324807526529,-0.5662332062679981,0.0,0.45430056956091647,0.23654503518172898,0.14759285045043632,1.0
2025-12-16 17:33:43.678,0.012540450578998953,-0.5660479473300909,-0.8242652517993674,0.0,-0.9999008132446273,-0.010952427407273356,-0.0076912227785737464,0.0,-0.004674194461128015,0.824295817251425,-0.5661400511957664,0.0,0.45407955681939943,0.2362857166511536,0.14705627594821263,1.0
2025-12-16 17:33:43.729,0.012891122108878033,-0.5659966652923804,-0.8242950568515423,0.0,-0.999895734632963,-0.011258162192840777,-0.007906993616734788,0.0,-0.004804807932673418,0.8243269122925996,-0.5660936808434441,0.0,0.45384157154964166,0.23597844282473318,0.14645041239051704,1.0
2025-12-16 17:33:43.778,0.013158978519410551,-0.5659104799968951,-0.8243499965519607,0.0,-0.999891595320221,-0.011518976787029836,-0.008053426784382112,0.0,-0.004938244934018205,0.8243824799419506,-0.5660116080980416,0.0,0.4535799745004578,0.23562027288625287,0.1457466444730474,1.0
2025-12-16 17:33:43.828,0.013291913226791616,-0.5658387738470075,-0.8243970851205717,0.0,-0.9998889143182454,-0.011744751548930933,-0.008060194522633747,0.0,-0.005121666964708543,0.8244285146181589,-0.5659429236345295,0.0,0.4533125747109756,0.23529476770411603,0.1450365414140076,1.0
2025-12-16 17:33:43.878,0.013438749498388018,-0.5657884736389137,-0.8244292268051129,0.0,-0.9998864535423221,-0.011906789642978517,-0.00812744019752021,0.0,-0.005217993857696564,0.8244607118432155,-0.5658951379602758,0.0,0.4530837692061427,0.23502913189779195,0.14447414122857713,1.0
2025-12-16 17:33:43.928,0.01350453831058278,-0.5657745609560679,-0.8244376995996695,0.0,-0.9998855259279856,-0.011950395729857939,-0.008177406852032401,0.0,-0.005225888607911687,0.8244696285583981,-0.5658820739986687,0.0,0.4528991954613459,0.2348390380188551,0.14407379763136227,1.0
2025-12-16 17:33:43.978,0.013395842522224343,-0.5657523873382191,-0.8244546891888201,0.0,-0.9998859376851112,-0.012051310419605854,-0.007976492834846624,0.0,-0.005423143934739363,0.8244833756802296,-0.5658601883299411,0.0,0.4526692649524117,0.23478486208116012,0.14373245726885242,1.0
2025-12-16 17:33:44.028,0.013300610865366465,-0.5657108645836995,-0.824484722929285,0.0,-0.9998863127881819,-0.01213125973741808,-0.0078064676548401535,0.0,-0.0055859423037229,0.824510694734319,-0.5658187974230888,0.0,0.4524670773442561,0.2347503725702803,0.14342691608375654,1.0
2025-12-16 17:33:44.078,0.013262210840088561,-0.5656709873860204,-0.8245127013543007,0.0,-0.9998862674398785,-0.012190420776385909,-0.007719632611132492,0.0,-0.0056844940077116395,0.8245371817050366,-0.5657792171101654,0.0,0.4522505150775524,0.23467876802471924,0.14309031427962537,1.0
2025-12-16 17:33:44.128,0.013306548223160148,-0.565586032211839,-0.824570265558043,0.0,-0.999886474924295,-0.012097702184171262,-0.007837714369515822,0.0,-0.00554261044320647,0.8245968251245764,-0.5656936940287947,0.0,0.4520174549478703,0.2346855503624323,0.14269555176493048,1.0
2025-12-16 17:33:44.178,0.01348512449567461,-0.5654956239002177,-0.8246293698797345,0.0,-0.9998845610233967,-0.012126094544678952,-0.008035506166429184,0.0,-0.0054555951676545965,0.8246584125401248,-0.5656047552029314,0.0,0.45173907060625185,0.23485553908880416,0.14228106414592595,1.0
2025-12-16 17:33:44.228,0.01351115230269944,-0.5654633438477933,-0.8246510792020671,0.0,-0.9998844063218914,-0.012110675180065304,-0.008077898378282097,0.0,-0.005419430269686771,0.8246807741263565,-0.5655724980600677,0.0,0.45145331614042566,0.23503537118161985,0.14191074714834617,1.0
2025-12-16 17:33:44.278,0.013228911043206273,-0.5655227354456679,-0.8246149274102843,0.0,-0.9998887319046991,-0.011866858387328883,-0.007902428945335837,0.0,-0.005316687696537438,0.8246435915520339,-0.5656276865077414,0.0,0.45126295334001,0.23507088428019005,0.14160563840587234,1.0
2025-12-16 17:33:44.328,0.01304920056874526,-0.5656089104559763,-0.8245586854060349,0.0,-0.9998925523156403,-0.011533575232530452,-0.007912481739507711,0.0,-0.005034836392283597,0.8245892159435221,-0.5657095326862988,0.0,0.451219443354793,0.2350307208145588,0.1414346023745601,1.0
2025-12-16 17:33:44.379,0.012987400974439215,-0.5656814342248203,-0.8245099085459724,0.0,-0.9998943694101864,-0.011330039982293635,-0.007976660768339177,0.0,-0.004829574310135461,0.8245422861639546,-0.5657797217464603,0.0,0.4511576732086764,0.23510982759866392,0.14125713914851065,1.0
2025-12-16 17:33:44.431,0.012764550390869473,-0.5657178441897551,-0.8244884073895904,0.0,-0.9998976446701046,-0.011134436594337811,-0.007840370279011615,0.0,-0.004744867876364091,0.8245199699726043,-0.5658129596829781,0.0,0.4508223446312222,0.2355144349810183,0.1408056823921176,1.0
2025-12-16 17:33:44.478,0.012505928077280905,-0.5663811498940045,-0.8240368570087624,0.0,-0.9999037671747648,-0.010462299520753891,-0.007983957643923265,0.0,-0.004099436229946761,0.8240732703780679,-0.5664683924730423,0.0,0.4505075203411503,0.23575603418633936,0.13992644360151998,1.0
2025-12-16 17:33:44.528,0.010430630093113189,-0.5671745269202256,-0.8235198873554221,0.0,-0.9999331914300906,-0.007858679092593348,-0.007252636800616969,0.0,-0.0023583130796154092,0.8235563747533666,-0.5672295267019436,0.0,0.45030163610713264,0.23537291876132516,0.13846864147731666,1.0
2025-12-16 17:33:44.578,0.009647737742232487,-0.5671725072805377,-0.8235308221571149,0.0,-0.9999411966180083,-0.007363200296994231,-0.00664330405295482,0.0,-0.0022959671824328474,0.823562344742027,-0.5672211146085022,0.0,0.4498412785556019,0.23677784119700668,0.1367182121773339,1.0
2025-12-16 17:33:44.628,0.00944694000033767,-0.5673348514469746,-0.8234213189852916,0.0,-0.9999419321119389,-0.007635255396613423,-0.00621145558459504,0.0,-0.002763110036543714,0.8234480378229581,-0.5673849612286583,0.0,0.4491252579883342,0.23842393893274494,0.13448822582478676,1.0
2025-12-16 17:33:44.679,0.009143639314272504,-0.5672790041473259,-0.8234632184954693,0.0,-0.9999451053115788,-0.007354753878983995,-0.006036626541626077,0.0,-0.0026319684810364135,0.8234890661907807,-0.5673260355440696,0.0,0.4484751637694916,0.23982344084030938,0.13275826573210936,1.0
2025-12-16 17:33:44.728,0.009586000280743613,-0.5671634962106487,-0.8235377490230422,0.0,-0.9999406887765036,-0.00768884282255268,-0.006344093822636809,0.0,-0.0027339665152692847,0.8235655746660876,-0.5672144829356972,0.0,0.4476276004563204,0.24051876838536693,0.13201731512026493,1.0
2025-12-16 17:33:44.778,0.009701210322691261,-0.5672256208393198,-0.8234936116831334,0.0,-0.9999403643046016,-0.007503749871285696,-0.006611238420874773,0.0,-0.0024292730359082326,0.8235244944818086,-0.5672755112121431,0.0,0.44714500254179484,0.24024263380204192,0.1321779222975969,1.0
2025-12-16 17:33:44.828,0.009843448229938101,-0.567117354743752,-0.8235664875264181,0.0,-0.9999392499696619,-0.007487781423065239,-0.0067953219702031565,0.0,-0.0023129853577212663,0.8235992020741374,-0.5671675276684828,0.0,0.4471710020678264,0.23958080350459335,0.1327841055957906,1.0
2025-12-16 17:33:44.878,0.009650704017965167,-0.5671411016456194,-0.8235524158408858,0.0,-0.9999403567846815,-0.007636127150351787,-0.0064590507565443515,0.0,-0.0026256083517858767,0.8235814874096502,-0.5671918897312364,0.0,0.44750235673729194,0.23887236513812732,0.13347567108140598,1.0
2025-12-16 17:33:44.928,0.009366325685385,-0.567166485088347,-0.8235382183219512,0.0,-0.9999422480785831,-0.007716499096949839,-0.006058304254830629,0.0,-0.0029188209845257304,0.8235632576029946,-0.5672169260612767,0.0,0.4480823633111338,0.238040565433885,0.13412075423875947,1.0
2025-12-16 17:33:44.978,0.009265153176772168,-0.5672713115614528,-0.8234671595863239,0.0,-0.9999430371362359,-0.007702790996641625,-0.005944442348161931,0.0,-0.0029709410153692236,0.8234911834647137,-0.5673212883942997,0.0,0.4487438470252412,0.23728425580408924,0.13462993185920402,1.0
2025-12-16 17:33:45.028,0.009182294451440837,-0.5672497896535782,-0.823482913306516,0.0,-0.999944506638587,-0.0074516538484987165,-0.006016926079290405,0.0,-0.0027232619985069883,0.8235083197455787,-0.5672976565736028,0.0,0.44924650629477436,0.23674553219840858,0.13506801049458472,1.0
2025-12-16 17:33:45.078,0.009200854649795392,-0.5671634568527554,-0.823542169160605,0.0,-0.9999443314771805,-0.007462928228449851,-0.006032043610565761,0.0,-0.002724933858913369,0.8235676799709746,-0.5672114695972669,0.0,0.44944692716704765,0.2366553509605022,0.13520130911150569,1.0
2025-12-16 17:33:45.129,0.009327453705672192,-0.5671678163866447,-0.8235377426467971,0.0,-0.9999423087909785,-0.007778385241473295,-0.005968476691029502,0.0,-0.0030207240894937247,0.8235617585646766,-0.56721856903299,0.0,0.44935335733828813,0.23682548278120555,0.1351913847484461,1.0
2025-12-16 17:33:45.178,0.009359423442167494,-0.5672588914405555,-0.8234746493825236,0.0,-0.9999419720526145,-0.007807524939607116,-0.00598681743948926,0.0,-0.0030332818382815723,0.8234987529012276,-0.5673099709783109,0.0,0.44933763570207513,0.23697671093413106,0.13511022208470352,1.0
2025-12-16 17:33:45.229,0.009375682923234069,-0.5672339765101203,-0.8234916267719107,0.0,-0.999941879954832,-0.007800164290256663,-0.006011742729833238,0.0,-0.003013363262653216,0.8235159848296306,-0.5672850627082746,0.0,0.4493701010926911,0.23709088080796575,0.13495428220899142,1.0
2025-12-16 17:33:45.278,0.009374883692862865,-0.5672607444414582,-0.8234731970578498,0.0,-0.9999420442750362,-0.007756671720540549,-0.0060406155390027505,0.0,-0.002960864198513314,0.8234979570273588,-0.5673115088335196,0.0,0.44935123229134605,0.23706596264213278,0.13486575782308605,1.0
2025-12-16 17:33:45.329,0.009516175023418005,-0.5672172691598384,-0.8235015233021657,0.0,-0.9999410510735156,-0.007739613872952724,-0.006224118917467672,0.0,-0.0028432108194739385,0.8235280640435687,-0.5672684055056193,0.0,0.4493573264098696,0.23708374334175533,0.1348759416555814,1.0
2025-12-16 17:33:45.378,0.00956561091332098,-0.5672243725137881,-0.8234960578019804,0.0,-0.9999404846713574,-0.007794987332251217,-0.0062459738159325135,0.0,-0.002876328138475188,0.8235226490816823,-0.5672760996075263,0.0,0.4493143522968548,0.23713255901972538,0.13477341756793168,1.0
2025-12-16 17:33:45.428,0.009477644310851102,-0.5672933159002889,-0.8234495824847934,0.0,-0.9999409725644186,-0.007843696838185806,-0.006105301634121306,0.0,-0.0029954497496390954,0.8234746946845565,-0.5673450929504669,0.0,0.4492016456492215,0.23726101948237743,0.13455509582274416,1.0
2025-12-16 17:33:45.478,0.009549807610847278,-0.5672916295061791,-0.8234499105398144,0.0,-0.9999398671214008,-0.007997207996849937,-0.006087175592874633,0.0,-0.0031321567521256847,0.8234743799157058,-0.5673448115709916,0.0,0.4490638186461417,0.23746222607476805,0.13443676002490865,1.0
2025-12-16 17:33:45.528,0.009632339879493535,-0.5672281512980317,-0.8234926771408908,0.0,-0.9999394169589264,-0.007952164411741985,-0.0062187132285626496,0.0,-0.0030211781194405623,0.8235185434935133,-0.5672813067650769,0.0,0.44905319671859706,0.23755931687006657,0.13445115932557442,1.0
2025-12-16 17:33:45.579,0.009629038667681215,-0.5672403779402366,-0.8234842938087903,0.0,-0.9999396689240773,-0.007889628214932908,-0.006257729607856312,0.0,-0.0029474047578547406,0.8235107231690145,-0.5672930474021692,0.0,0.44906185456841696,0.23754332182270646,0.13444262605213186,1.0
2025-12-16 17:33:45.628,0.009596962005301735,-0.5672482248701446,-0.8234792630073612,0.0,-0.9999398573545139,-0.007904772768046773,-0.0062083123736124575,0.0,-0.002987819804690554,0.823505172750394,-0.5673008931653098,0.0,0.449032637675615,0.23754507161610428,0.13442630559955518,1.0
