timestamp, data
2025-12-16 17:36:11.478,0.00854095688850549,-0.5698637624780647,-0.8216830843889761,0.0,-0.9999508120557982,-0.006908979373412178,-0.0056023543422484045,0.0,-0.0024844605908813677,0.8217063373474714,-0.5699057137970949,0.0,0.4498473433229511,0.26350166646880085,0.21816071543501364,1.0
2025-12-16 17:36:11.529,0.00860067538839216,-0.569869304308658,-0.8216786180075747,0.0,-0.9999502331919492,-0.006965094533279649,-0.005636088955723746,0.0,-0.002511283508166889,0.821702020167253,-0.5699118208180954,0.0,0.4498535167217343,0.26349733455604174,0.2181257606792816,1.0
2025-12-16 17:36:11.578,0.008562928286830787,-0.5698711737868062,-0.8216777156812827,0.0,-0.9999504648333709,-0.006973580697945408,-0.00558425939434382,0.0,-0.002547776454813882,0.8217006516352728,-0.5699136319981339,0.0,0.4498650312258257,0.2635005303434579,0.2180876013586205,1.0
2025-12-16 17:36:11.628,0.008606247864022913,-0.5698695411164898,-0.8216783954240202,0.0,-0.9999501230052175,-0.006988538397968442,-0.0056266094691855995,0.0,-0.0025359464857835855,0.8217016568738819,-0.5699122354065917,0.0,0.4498700364915531,0.2635004099994125,0.21809666683757165,1.0
2025-12-16 17:36:11.678,0.008641125526659625,-0.569871507128624,-0.8216766658569484,0.0,-0.9999498568393018,-0.006997181318190584,-0.005663052345549227,0.0,-0.00252225700208409,0.8217002198135417,-0.5699143681098,0.0,0.44987515446372006,0.2634886309844501,0.21809067800716236,1.0
2025-12-16 17:36:11.728,0.00871732030004618,-0.5698819402149756,-0.8216686250824048,0.0,-0.9999493289851658,-0.006996726906785764,-0.0057560555866573255,0.0,-0.0024687663832692885,0.821692987815799,-0.5699250292511198,0.0,0.44990354648531916,0.2634380891642238,0.2180537808261716,1.0
2025-12-16 17:36:11.779,0.00856725917530837,-0.5698988628644556,-0.8216584661994496,0.0,-0.9999506700506448,-0.0068965732598163096,-0.0056428400426057415,0.0,-0.002450826869097669,0.8216820974286518,-0.5699408076396262,0.0,0.4500207750447539,0.2632948835588641,0.21782709459429128,1.0
2025-12-16 17:36:11.828,0.008484137047649604,-0.5697751986836481,-0.8217450877764796,0.0,-0.9999518758930958,-0.006674130904555663,-0.005696382690419822,0.0,-0.002238819811002965,0.8217696925325232,-0.5698153737140267,0.0,0.4502588880456089,0.26313432316389124,0.21775631426284944,1.0
2025-12-16 17:36:11.878,0.00853761848820989,-0.5697526816078491,-0.8217601461329354,0.0,-0.9999515101034968,-0.006671334271861607,-0.005763474818005296,0.0,-0.0021985237216031804,0.8217853273317539,-0.5697929819466784,0.0,0.4504121081544737,0.26309536416265933,0.21767571086467044,1.0
2025-12-16 17:36:11.928,0.008504297582956791,-0.5698023787709344,-0.8217260327936635,0.0,-0.9999513241362274,-0.006820536572496672,-0.00561930069286581,0.0,-0.0024027678181439394,0.8217496440016115,-0.5698436182761345,0.0,0.4503812062948322,0.2630949100452745,0.2175064423138069,1.0
2025-12-16 17:36:11.979,0.008603962355556367,-0.5698120520342631,-0.821718287547195,0.0,-0.9999504492897427,-0.006884998391517711,-0.0056958461705387195,0.0,-0.002412013732275731,0.8217423987560346,-0.5698540271652323,0.0,0.45037971784940917,0.2630885786053691,0.21748437868967635,1.0
2025-12-16 17:36:12.028,0.008640131422938596,-0.5698126530498687,-0.8217174912672071,0.0,-0.9999501194936803,-0.006911713758768656,-0.005721331899060888,0.0,-0.0024194353634577658,0.8217417577174558,-0.5698549200945343,0.0,0.4503776302808603,0.2630916157034462,0.21748319180069353,1.0
2025-12-16 17:36:12.078,0.008622395411890334,-0.5698046536409518,-0.821723224624742,0.0,-0.9999504383388352,-0.00684443301577339,-0.0057464340135761315,0.0,-0.002349929969106838,0.8217478678758674,-0.5698463998926433,0.0,0.4504044814657415,0.26306118203259693,0.21749311160491247,1.0
2025-12-16 17:36:12.128,0.008590919851070817,-0.5697572391787079,-0.8217564307024177,0.0,-0.9999506911479011,-0.00683248621853866,-0.00571658168109253,0.0,-0.0023576210831226215,0.8217808433589217,-0.5697988128375909,0.0,0.4504506153652507,0.2629954443669423,0.21750090143301648,1.0
2025-12-16 17:36:12.178,0.008353857600895695,-0.5697217772692618,-0.8217834608152843,0.0,-0.9999527955778275,-0.006663458719760399,-0.005545433723832042,0.0,-0.0023166104127832605,0.8218068170933671,-0.5697615191420567,0.0,0.45058886547206073,0.2629054895950489,0.2174090764674167,1.0
2025-12-16 17:36:12.228,0.008336779363697132,-0.5697194418113386,-0.821785253355903,0.0,-0.9999528926211652,-0.006669780354606617,-0.005520278054050077,0.0,-0.002336162385306883,0.8218083849048377,-0.5697591779387248,0.0,0.45068806592958655,0.2627251213863875,0.21726191070353554,1.0
2025-12-16 17:36:12.278,0.008229179288242346,-0.5697278019656382,-0.8217805419799453,0.0,-0.9999540154454263,-0.006525273432541814,-0.005489508393910788,0.0,-0.0022348602148113635,0.8218037491853133,-0.5697662706977159,0.0,0.45082972402828425,0.2624667070658853,0.21701773908434271,1.0
2025-12-16 17:36:12.328,0.008296174147872076,-0.5696926814313753,-0.8218042158076618,0.0,-0.9999536944386365,-0.006475594943364547,-0.0056055820268513445,0.0,-0.0021282531439272704,0.8218284893319078,-0.5697309932424157,0.0,0.4510111336557029,0.26211425591935095,0.21665159496732503,1.0
2025-12-16 17:36:12.378,0.008354203781589842,-0.5697050785595567,-0.8217950338398458,0.0,-0.9999530513226624,-0.00656946741390539,-0.005611073836858329,0.0,-0.002202140832724408,0.8218191502695201,-0.5697441836702124,0.0,0.4511564801840619,0.2616944234307087,0.2160778040672753,1.0
2025-12-16 17:36:12.428,0.00852491705854365,-0.5697506002653865,-0.8217617210527544,0.0,-0.9999511845776778,-0.006819575003408351,-0.005645242216231969,0.0,-0.0023877315215383847,0.82178555354741,-0.5697918942201251,0.0,0.4513079511924802,0.2612495535029127,0.21533809692970363,1.0
2025-12-16 17:36:12.478,0.008731215437085868,-0.5699269941300302,-0.8216372278202273,0.0,-0.9999485207634647,-0.007221998339551878,-0.005616534888214605,0.0,-0.0027329004655677115,0.8216597892362443,-0.5699716852680454,0.0,0.4513551132499101,0.26074732678115736,0.2143662361904349,1.0
2025-12-16 17:36:12.528,0.008885759452646356,-0.5700506232205221,-0.8215498019877141,0.0,-0.9999468509785931,-0.007401831209023164,-0.005679349782887583,0.0,-0.0028435108272920153,0.8215724205706975,-0.570097072614638,0.0,0.4514242677831489,0.260185210646297,0.21327984524725083,1.0
2025-12-16 17:36:12.578,0.009095849264465472,-0.5701422098058215,-0.8214839456892027,0.0,-0.9999445863071244,-0.007628392018554021,-0.00577744333538093,0.0,-0.002972694497984654,0.8215067915352622,-0.5701909807677258,0.0,0.45149769653596555,0.25965694750799156,0.2120763351503333,1.0
2025-12-16 17:36:12.628,0.009129325409884412,-0.5701378143321338,-0.8214866249594972,0.0,-0.999944238375122,-0.007659266047930355,-0.005796782315409008,0.0,-0.0029870773264096414,0.8215095548471796,-0.5701869243185385,0.0,0.45169450838835645,0.25916767674341096,0.21085162939898544,1.0
2025-12-16 17:36:12.678,0.009130322470061184,-0.5701547000993595,-0.8214748943622139,0.0,-0.9999440377028802,-0.007712084739044122,-0.005761259640668617,0.0,-0.0030505334659208534,0.8214973412679206,-0.5702041849507166,0.0,0.45190572952112956,0.25872478564773616,0.20969338401264842,1.0
2025-12-16 17:36:12.728,0.009074037226119542,-0.57016328525892,-0.8214695593218186,0.0,-0.9999442744407405,-0.007753200663306543,-0.005664167534947093,0.0,-0.003139578408850957,0.8214909955855724,-0.5702128437866337,0.0,0.45212182441996696,0.2582477567865993,0.20859027917396472,1.0
2025-12-16 17:36:12.778,0.009171629035207182,-0.5701403013044685,-0.8214844276981147,0.0,-0.9999435174451436,-0.007773554963121407,-0.005768939579981676,0.0,-0.003096809022891695,0.821506755283335,-0.5701903724176008,0.0,0.4523614139130108,0.25777875333882727,0.20769593398134034,1.0
2025-12-16 17:36:12.828,0.00921104592448952,-0.5700902209412235,-0.821518742039019,0.0,-0.9999431960512963,-0.00778479893875118,-0.0058093439741720475,0.0,-0.0030835674096584163,0.8215414038824848,-0.5701405206778642,0.0,0.45249479010167365,0.25723832788605056,0.20680831086408685,1.0
2025-12-16 17:36:12.878,0.009412457666806553,-0.5700453850345735,-0.8215475710770884,0.0,-0.9999415879051574,-0.007827021874120557,-0.006025396875119158,0.0,-0.002995578801962203,0.821572114364544,-0.5700967351302879,0.0,0.45257785068702105,0.2567181189765219,0.2060656412739517,1.0
2025-12-16 17:36:12.928,0.009534655860932783,-0.5700031604913233,-0.8215754586577695,0.0,-0.999940562402173,-0.007859842335418312,-0.006151539847596019,0.0,-0.0029511132347556646,0.82160109736863,-0.5700551970935259,0.0,0.45262076307314114,0.25612949062858054,0.2052579139908802,1.0
2025-12-16 17:36:12.978,0.009611151606152073,-0.5700041987870669,-0.8215738469736763,0.0,-0.9999394275330781,-0.008013051652353111,-0.006138336032271446,0.0,-0.0030844957461632783,0.8215988970219539,-0.5700576622573376,0.0,0.4525956185668333,0.25542115848459457,0.20441989430276827,1.0
2025-12-16 17:36:13.028,0.009550668019544111,-0.5698652491708627,-0.8216709374372563,0.0,-0.9999401445650611,-0.007940639816915576,-0.006115588909577117,0.0,-0.003039589885958177,0.8216959841192977,-0.5699179507398799,0.0,0.4527259450985522,0.25469931287371267,0.20370918086288564,1.0
2025-12-16 17:36:13.078,0.00929114171756804,-0.5697353058593978,-0.8217640189519683,0.0,-0.9999429195783223,-0.007700944380532008,-0.005966568698743147,0.0,-0.002929050554661703,0.8217883705232781,-0.5697853058262765,0.0,0.4529030379258117,0.25391706693501137,0.2030373718538438,1.0
2025-12-16 17:36:13.128,0.009119624851494389,-0.5697039602669344,-0.8217876714820851,0.0,-0.9999445954727061,-0.007575637598771633,-0.005844878194340098,0.0,-0.0028957710802598527,0.8218112662345427,-0.569752452561486,0.0,0.45309256667018155,0.2531830489813401,0.20237712213456843,1.0
2025-12-16 17:36:13.178,0.009013482966506633,-0.5696865996626277,-0.8218008774580701,0.0,-0.9999456814213789,-0.007479710338890831,-0.005782304141847067,0.0,-0.002852786259824401,0.8218241797645089,-0.5697340424838134,0.0,0.4532320028631438,0.2525544019158107,0.2017393353870677,1.0
2025-12-16 17:36:13.228,0.009151902844111819,-0.5697342248639498,-0.821766330895964,0.0,-0.9999442911856,-0.007596907827411718,-0.0058692774681861236,0.0,-0.002899010637576774,0.8217900883308663,-0.5697829818961517,0.0,0.45327376181509754,0.2519863883865248,0.2010462072634787,1.0
2025-12-16 17:36:13.278,0.00940698884172427,-0.5698024628152774,-0.8217161364070834,0.0,-0.9999417115886973,-0.007802231713767756,-0.006037011393033811,0.0,-0.00297137294753225,0.821740851035548,-0.5698536168896181,0.0,0.45318406449364,0.2514108339053807,0.20038533751061924,1.0
2025-12-16 17:36:13.329,0.00971290245884786,-0.5698240706604598,-0.821697593353526,0.0,-0.9999391826691263,-0.007864716564020416,-0.006365854033472724,0.0,-0.0028350563981002193,0.8217252715762405,-0.5698767766001466,0.0,0.4530630494847348,0.2508491626091937,0.19976992332602633,1.0
2025-12-16 17:36:13.379,0.009945386188652351,-0.5698950759555025,-0.8216455675024595,0.0,-0.9999372840371686,-0.00788289326085036,-0.006635878797610722,0.0,-0.0026952415472284753,0.821675853393311,-0.5699487061336098,0.0,0.4529015443084452,0.2503353650208739,0.19909874232795885,1.0
2025-12-16 17:36:13.428,0.009828643808667126,-0.5699143357768975,-0.8216336133204802,0.0,-0.9999386535662563,-0.007749889871612749,-0.006585986052868849,0.0,-0.002614172482213425,0.8216637599130447,-0.5699665180936434,0.0,0.4527337907517264,0.2498909996173219,0.19834916294465663,1.0
2025-12-16 17:36:13.479,0.009627419933524492,-0.5699272730326295,-0.8216270219145806,0.0,-0.9999405149809721,-0.00766532287754016,-0.006399705147845227,0.0,-0.0026507209393547937,0.8216555794805017,-0.5699781420256944,0.0,0.4525755581832821,0.24949342503768532,0.197507416271178,1.0
2025-12-16 17:36:13.528,0.00944576904633895,-0.5699197895527442,-0.8216343212308548,0.0,-0.9999423428960428,-0.007531920153261472,-0.006271201127841587,0.0,-0.00261445281198582,0.8216620040326144,-0.5699690480768247,0.0,0.4525960243464394,0.24918745343202459,0.19682347517453053,1.0
2025-12-16 17:36:13.578,0.009478964575583325,-0.5699575869936104,-0.8216077197545091,0.0,-0.9999418130623652,-0.0076178841679762875,-0.006251818260447775,0.0,-0.0026956930910029815,0.8216349927008686,-0.5700076069739796,0.0,0.45270510934482133,0.24894464230796284,0.19618424608919774,1.0
2025-12-16 17:36:13.628,0.00945768398724355,-0.5699471109553997,-0.8216152322275915,0.0,-0.999941593208028,-0.0077305807597996936,-0.00614777967359778,0.0,-0.0028477084696721285,0.8216412072143515,-0.5699979097889875,0.0,0.4528327929683809,0.24861525149068447,0.1954602035591265,1.0
2025-12-16 17:36:13.678,0.009451936077815574,-0.5699893112064796,-0.8215860228338553,0.0,-0.9999416892137456,-0.007715569929899057,-0.0061510205841276725,0.0,-0.0028330429714946274,0.8216120731386753,-0.5700399767913561,0.0,0.4529935395835836,0.24820486410731907,0.19470942814184272,1.0
2025-12-16 17:36:13.728,0.009428702687481897,-0.5700219149714765,-0.8215636694250119,0.0,-0.9999415706354051,-0.007798586091520764,-0.006065003823627671,0.0,-0.002949906706668403,0.8215886692274995,-0.570073115176824,0.0,0.45314776253520184,0.24769841458480307,0.193838544267604,1.0
2025-12-16 17:36:13.778,0.009357919231454306,-0.5700002089159518,-0.8215795385016823,0.0,-0.99994209751536,-0.007796222055190021,-0.005980588554368097,0.0,-0.002996337481511017,0.821603751287913,-0.5700511361547541,0.0,0.45335148988180257,0.24715155479503836,0.19305902842316408,1.0
2025-12-16 17:36:13.828,0.00901548784817591,-0.5699028968616627,-0.8216508723471014,0.0,-0.9999454422382931,-0.007545217483382438,-0.005738391865438858,0.0,-0.002929264777253066,0.82167359907971,-0.5699508013708382,0.0,0.45363200349433164,0.24652173368180158,0.19228601188201347,1.0
2025-12-16 17:36:13.878,0.008849887966176103,-0.5697980381429172,-0.8217253933721881,0.0,-0.9999471592130159,-0.007382497288021432,-0.00565016962755388,0.0,-0.002846984732391894,0.8217477973154346,-0.5698442351074238,0.0,0.4539433376693852,0.24584626270650367,0.1915737172263345,1.0
2025-12-16 17:36:13.928,0.008808964004248666,-0.5697671500193523,-0.8217472505662583,0.0,-0.9999475177977533,-0.0073597637081938986,-0.005616264726659368,0.0,-0.0028479572769655958,0.8217694185424732,-0.56981304994508,0.0,0.45420754215216436,0.24521157112157319,0.1908503676450657,1.0
2025-12-16 17:36:13.979,0.008940001747175892,-0.5697018217263176,-0.8217911277153606,0.0,-0.9999466761109922,-0.007339362073479291,-0.0057901295444418655,0.0,-0.002732827900981503,0.821814892868043,-0.5697480263344057,0.0,0.4544533315669563,0.2445577943237279,0.19023059451663246,1.0
2025-12-16 17:36:14.028,0.009057934762624096,-0.5696673971080127,-0.8218136999291421,0.0,-0.9999457589648347,-0.007362524144983403,-0.005917707973799693,0.0,-0.002679549499758044,0.8218385490548917,-0.5697141557850116,0.0,0.4546164520239008,0.24388816412940584,0.18961101828854787,1.0
2025-12-16 17:36:14.078,0.00893515169728039,-0.5696462003038424,-0.8218297368949056,0.0,-0.9999469318262978,-0.007271406771455883,-0.005831558620624141,0.0,-0.002653984201173787,0.8218540529898557,-0.5696919096775093,0.0,0.4547591013076197,0.24324733378824387,0.18892871723344318,1.0
2025-12-16 17:36:14.128,0.0088141452215764,-0.5696539809084902,-0.8218256504760183,0.0,-0.9999479485374176,-0.007220172764995558,-0.005719809635141759,0.0,-0.002675462361385498,0.821849111623825,-0.5696989377068226,0.0,0.45482616134474785,0.24265182279786035,0.18832258826583687,1.0
2025-12-16 17:36:14.179,0.00882377622384929,-0.5696025564591055,-0.8218611899521787,0.0,-0.9999485021613129,-0.007019509093066536,-0.005870810731708759,0.0,-0.002425079985143485,0.8218864924591793,-0.5696461291891772,0.0,0.4548899368102127,0.24209934738507127,0.1879577123594547,1.0
2025-12-16 17:36:14.228,0.008857173866314441,-0.5696269672948476,-0.82184391188521,0.0,-0.9999486749850485,-0.00687320075730875,-0.00601277042669034,0.0,-0.0022237048275720634,0.8218708104471396,-0.5696695762209897,0.0,0.4547806549237096,0.2416601482177783,0.18773617755499897,1.0
2025-12-16 17:36:14.279,0.008849934078199392,-0.5696353642876194,-0.8218381697882685,0.0,-0.9999488634294011,-0.006822588434345241,-0.006039016021872782,0.0,-0.0021670682233212563,0.8218654121523429,-0.5696775826052619,0.0,0.4546200520724909,0.24126086260447474,0.18747946181911238,1.0
2025-12-16 17:36:14.328,0.008869634382471443,-0.5696360593185475,-0.821837475667279,0.0,-0.9999488768442161,-0.006761044615086818,-0.006105642874562193,0.0,-0.002078525510721806,0.8218654390184398,-0.5696778737837098,0.0,0.45449028544733366,0.24088102968831276,0.18724600200178548,1.0
2025-12-16 17:36:14.381,0.008811912447812015,-0.5696300695783179,-0.8218422482036446,0.0,-0.9999494828914602,-0.006689840054102996,-0.006084784824482423,0.0,-0.0020319559086955127,0.821870173248366,-0.5696712117352304,0.0,0.4544884518641521,0.24058684714718975,0.18697072029346226,1.0
2025-12-16 17:36:14.432,0.008848646681047144,-0.5695870466094403,-0.8218716716664819,0.0,-0.9999489349377336,-0.006798552420193371,-0.0060542632160889365,0.0,-0.002139148923093792,0.8218990988790542,-0.5696290857248101,0.0,0.454491148767925,0.24037414455329031,0.18666417090105644,1.0
2025-12-16 17:36:14.478,0.008835388036172785,-0.5695656332313134,-0.8218866541447619,0.0,-0.9999490295203425,-0.006799525721767604,-0.006037525361668175,0.0,-0.002149713878119861,0.8219139304572258,-0.5696076453582735,0.0,0.45451625594919687,0.24002895576426023,0.18627743272282907,1.0
2025-12-16 17:36:14.528,0.008990046773011856,-0.5695823234952471,-0.8218734103996692,0.0,-0.999947905349822,-0.006787679397964218,-0.0062338508244781906,0.0,-0.002027961023109221,0.8219024619716494,-0.5696246398980912,0.0,0.4545270192472471,0.23957963099634796,0.18587400223345793,1.0
2025-12-16 17:36:14.578,0.009189513399089806,-0.5696151457995012,-0.8218484564811867,0.0,-0.999945976147625,-0.006947930213245338,-0.0063653714057585456,0.0,-0.0020843738907920127,0.8218783754328794,-0.5696591887973843,0.0,0.4543562501343496,0.23905450591158883,0.1853667240555986,1.0
2025-12-16 17:36:14.628,0.009449997998000784,-0.5696576823578371,-0.8218160191732354,0.0,-0.9999429913143033,-0.007303786427149878,-0.0064355051424149256,0.0,-0.0023363787247521815,0.8218458071113255,-0.5697051962796095,0.0,0.4540097563996209,0.23846392381320505,0.18474219681109047,1.0
2025-12-16 17:36:14.678,0.009580326087785036,-0.5697180207377156,-0.8217726821329362,0.0,-0.9999412746759584,-0.007539378993566396,-0.006430541580560875,0.0,-0.002532109026556207,0.8218018521833995,-0.5697677633666296,0.0,0.4536820298328883,0.2378375526073529,0.1840864756364147,1.0
2025-12-16 17:36:14.728,0.009688103394896654,-0.5697209157793732,-0.8217694115001666,0.0,-0.9999401102596693,-0.007641315667646883,-0.006491000689878801,0.0,-0.00258139032168972,0.821798903604798,-0.5697717950705868,0.0,0.45352950016136634,0.23723150460421177,0.18346701051447983,1.0
2025-12-16 17:36:14.778,0.009607600514914503,-0.5697212473238088,-0.8217701267759479,0.0,-0.9999406865371051,-0.0076583284545665336,-0.006381247071952217,0.0,-0.0026579046765882416,0.821798515384683,-0.5697720032208154,0.0,0.45346353924327054,0.23664871189498776,0.18278961337555064,1.0
2025-12-16 17:36:14.828,0.009621456558641037,-0.5697154365405531,-0.8217739931649733,0.0,-0.9999405567664347,-0.0076651096239247155,-0.006393428602420241,0.0,-0.00265660392433889,0.8218024806014649,-0.5697662900987283,0.0,0.45350059231714956,0.2360563697092543,0.18209848651515573,1.0
2025-12-16 17:36:14.878,0.009501652184502994,-0.5697034993570496,-0.8217836627284004,0.0,-0.999941705742578,-0.007595702942317017,-0.0062958172340059,0.0,-0.002655326598673944,0.8218114005416776,-0.5697534301611363,0.0,0.4535417650672381,0.23548322940788494,0.18143163208584065,1.0
2025-12-16 17:36:14.928,0.009309413815404441,-0.5697918581775424,-0.8217246011104969,0.0,-0.9999435561911879,-0.007473715063476772,-0.0061461301709815576,0.0,-0.0026393714147028963,0.8217512579714927,-0.5698402440516153,0.0,0.45356934902027424,0.2350045565455164,0.18081428958866289,1.0
2025-12-16 17:36:14.978,0.00931688679003295,-0.5697851347225338,-0.8217291784833821,0.0,-0.999943977724428,-0.007319203727195665,-0.006262393364891147,0.0,-0.0024462317163418444,0.8217573107296012,-0.5698323772942737,0.0,0.4536122984208701,0.234671935868408,0.1804462614625744,1.0
2025-12-16 17:36:15.028,0.009427933606209436,-0.5697037399064981,-0.8217843450113139,0.0,-0.9999428845603544,-0.007399360765751458,-0.006342237663822515,0.0,-0.0024675298315255043,0.8218130250801243,-0.5697519311991714,0.0,0.4535632623675922,0.23463799878686292,0.18021670724631422,1.0
2025-12-16 17:36:15.078,0.00939046814593552,-0.5696760741365863,-0.8218039526344072,0.0,-0.9999424857831174,-0.007614249036831955,-0.006147783234088157,0.0,-0.002755227984049656,0.8218302405650799,-0.569725780013068,0.0,0.45335508467912117,0.23463134516881468,0.17987591750357806,1.0
2025-12-16 17:36:15.128,0.009423363650687317,-0.5697158358443397,-0.8217760117616604,0.0,-0.999941480420164,-0.007832126434610117,-0.006036591078679576,0.0,-0.002997169797812637,0.8218006289763745,-0.5697672710741098,0.0,0.4531304124742197,0.23451794333618517,0.1794679003022205,1.0
2025-12-16 17:36:15.178,0.009483614542046532,-0.5697054349993895,-0.821782529194058,0.0,-0.9999408679992755,-0.007878090205067525,-0.00607808364410062,0.0,-0.003011417586634576,0.8218074000904428,-0.569757429544105,0.0,0.4529965535857694,0.23434139011489818,0.17905661852213328,1.0
2025-12-16 17:36:15.228,0.009630535131187872,-0.56974781549399,-0.821751438352329,0.0,-0.9999395286484551,-0.007944360657387956,-0.006210723086658057,0.0,-0.002989801448679356,0.8217773802801813,-0.5698008409498354,0.0,0.45295550810001567,0.23427159618550897,0.17856071396792833,1.0
2025-12-16 17:36:15.279,0.00957810884554686,-0.5697359973833432,-0.8217602448511112,0.0,-0.9999397845225302,-0.007981556163181767,-0.00612119199652861,0.0,-0.0030715212559340762,0.8217852135207104,-0.5697891088779204,0.0,0.4529007635055415,0.23423424210245591,0.1778814431784267,1.0
2025-12-16 17:36:15.329,0.009453723242100724,-0.569734702094358,-0.8217625832608365,0.0,-0.999940835932363,-0.007945821321510973,-0.005994619222410727,0.0,-0.00311429601829357,0.821786457850708,-0.5697870820345936,0.0,0.45283454481922264,0.23418502195869983,0.17720036525314345,1.0
2025-12-16 17:36:15.378,0.009358531081875801,-0.569724885343079,-0.8217704787944218,0.0,-0.9999416534964526,-0.007911976164342908,-0.005902299311550988,0.0,-0.003139202081616004,0.8217935902850078,-0.5697766583291805,0.0,0.4527398610960494,0.23415193361860046,0.1764491911267098,1.0
2025-12-16 17:36:15.428,0.009440436121641645,-0.569665458325478,-0.8218107389526282,0.0,-0.9999412673398285,-0.007855713369379666,-0.006041236585690194,0.0,-0.0030144838388051743,0.8218353266065884,-0.5697171305381536,0.0,0.45263394875817453,0.23418647304813295,0.17576870001062556,1.0
2025-12-16 17:36:15.478,0.0095070097247803,-0.5696385216600662,-0.821828642910574,0.0,-0.9999409737785003,-0.007799746648512137,-0.006161153490348694,0.0,-0.0029004806804711664,0.8218545308636865,-0.5696900186159592,0.0,0.45240440966334705,0.23424990403172752,0.17506676676641572,1.0
2025-12-16 17:36:15.529,0.009563869584189064,-0.5696566060364608,-0.8218154479558081,0.0,-0.9999402893416299,-0.00787224094595345,-0.006180006073990883,0.0,-0.002949104713424839,0.8218413045783013,-0.5697088492119683,0.0,0.4521207766605639,0.23434840978217308,0.17431886656560086,1.0
2025-12-16 17:36:15.578,0.009461831187486404,-0.5696797299766545,-0.8218005998449465,0.0,-0.9999412372739513,-0.007820621894552654,-0.0060915329293974585,0.0,-0.00295682585780128,0.8218257683503898,-0.5697312205383676,0.0,0.45195816770790515,0.2344424975832649,0.17371584763521133,1.0
2025-12-16 17:36:15.628,0.009417118640113473,-0.5697072673844814,-0.8217820235725732,0.0,-0.9999420231364149,-0.007692047190033642,-0.00612614700185101,0.0,-0.0028311301452497964,0.821807892229956,-0.5697576440651393,0.0,0.4519245140142897,0.23449279876284243,0.17328852903047923,1.0
2025-12-16 17:36:15.679,0.009313251916739469,-0.5696839909798807,-0.8217993433078287,0.0,-0.9999433288073809,-0.007533968657098561,-0.00610945096517592,0.0,-0.0027110062816399216,0.8218254925022586,-0.5697328411794084,0.0,0.4520105344457245,0.23455237471658744,0.17297375355826908,1.0
2025-12-16 17:36:15.729,0.0092016639154954,-0.5696992087839551,-0.8217900509213591,0.0,-0.9999443973534317,-0.007459722954920671,-0.006025083910314686,0.0,-0.0026978925132114017,0.82181562051414,-0.5697471432617683,0.0,0.4520485466534992,0.23455464207623616,0.17267817471567218,1.0
2025-12-16 17:36:15.778,0.009132034991053709,-0.5697512887008288,-0.8217547212288318,0.0,-0.9999443295665376,-0.007625977755935844,-0.005824871861400802,0.0,-0.002948011733737183,0.8217779884937554,-0.5698001815145156,0.0,0.45196404698719267,0.2345165632226256,0.1723603361962767,1.0
2025-12-16 17:36:15.828,0.009269957261574997,-0.5698044734328789,-0.8217162994911666,0.0,-0.9999425318802888,-0.007848070043273925,-0.005838461667439459,0.0,-0.0031221656093961153,0.8217390203131681,-0.5698554505983618,0.0,0.45191982264471503,0.23443455909277133,0.17209215783803772,1.0
2025-12-16 17:36:15.879,0.00938383069538087,-0.5698326940903619,-0.8216954371106174,0.0,-0.9999415389754035,-0.007894880606598218,-0.005944442187265737,0.0,-0.0030999095474056096,0.8217190022296502,-0.5698844373515615,0.0,0.4520558452134642,0.2343097821102369,0.1718282327285383,1.0
2025-12-16 17:36:15.929,0.009302183434358279,-0.5697641144091372,-0.8217439200968472,0.0,-0.9999424946937898,-0.007796212413570941,-0.005913820995858437,0.0,-0.003037065641080849,0.821767498479629,-0.5698148424486894,0.0,0.45223094088155136,0.23413251897209822,0.17157608885326775,1.0
2025-12-16 17:36:15.978,0.009168674443687293,-0.5698094559828702,-0.8217139807637809,0.0,-0.9999439188120104,-0.00766821739379223,-0.005839912164518282,0.0,-0.002973501515681486,0.8217372633096796,-0.5698587793278739,0.0,0.45244274502286,0.23394043249332963,0.1712105711547662,1.0
2025-12-16 17:36:16.028,0.009030509803403424,-0.5697742695450727,-0.8217399093133289,0.0,-0.9999448932943146,-0.007666184428890877,-0.005673349286983223,0.0,-0.0030671403034665335,0.821761680629171,-0.5698230715756245,0.0,0.45260105983735893,0.23372290255532752,0.170762150917231,1.0
2025-12-16 17:36:16.078,0.009046059777717854,-0.569791829140306,-0.8217275626073707,0.0,-0.9999449222520677,-0.007629335167033864,-0.0057177450471063256,0.0,-0.003011368560349284,0.8217498479983039,-0.5698404329057022,0.0,0.4528769956505291,0.2333940373294061,0.1701916224720509,1.0
2025-12-16 17:36:16.128,0.009028402496031583,-0.5697521794499284,-0.8217552487581897,0.0,-0.9999452459819693,-0.007573789907907693,-0.005734949493920302,0.0,-0.0029563585556818214,0.8217778535590076,-0.5698003328746313,0.0,0.4532972830043728,0.23310175850237067,0.1695766730875562,1.0
2025-12-16 17:36:16.183,0.009081759253340954,-0.5697482733682294,-0.8217573690232379,0.0,-0.9999445612417842,-0.007659564289553681,-0.0057404197649806405,0.0,-0.0030237673658331725,0.8217797667324971,-0.5697972199124877,0.0,0.45376813256656484,0.23269161813796715,0.16865628267616325,1.0
2025-12-16 17:36:16.228,0.009084516919646075,-0.5697707457504699,-0.8217417573304271,0.0,-0.9999442811797199,-0.007729656610453582,-0.005695072068566399,0.0,-0.003106955965555297,0.8217635293221125,-0.5698201897973549,0.0,0.45417775483865236,0.23240118197391954,0.16788139433403532,1.0
2025-12-16 17:36:16.278,0.00926345871347363,-0.5699259741100121,-0.8216321070093512,0.0,-0.999941796565467,-0.00804667976245042,-0.005692216390396888,0.0,-0.003367333308110517,0.8216528341735101,-0.5699783163954841,0.0,0.45456185112258346,0.23210866697235458,0.16686535690143822,1.0
2025-12-16 17:36:16.329,0.009327182686357648,-0.5699297930660953,-0.8216287370461075,0.0,-0.9999402234442157,-0.00831279888942696,-0.0055851422689378915,0.0,-0.003646965690648332,0.821647535813524,-0.5699842335826624,0.0,0.45469928736758264,0.23196602330301885,0.16593812690037305,1.0
2025-12-16 17:36:16.378,0.009257070887235134,-0.5698887170177434,-0.8216580211716232,0.0,-0.9999410822891032,-0.00822547790633348,-0.0055606083226641245,0.0,-0.003589671069159389,0.8216769057339357,-0.5699422574657195,0.0,0.45474929230300226,0.23196221311743262,0.16507075520507614,1.0
2025-12-16 17:36:16.428,0.009261632227460567,-0.569793475619179,-0.8217240194928633,0.0,-0.9999417502723698,-0.00806010401860688,-0.005681345496232326,0.0,-0.003386052667215123,0.8217445939549327,-0.5698459063230846,0.0,0.45470964433277056,0.23210735389699202,0.16434168020374396,1.0
2025-12-16 17:36:16.478,0.009114402662144278,-0.5696967516647644,-0.8217927267309781,0.0,-0.9999437386733755,-0.007816758343375335,-0.0056713911980332205,0.0,-0.0031928434823909786,0.8218140053912297,-0.5697469142464227,0.0,0.45452530452554085,0.23247238437159284,0.16358472126997234,1.0
2025-12-16 17:36:16.528,0.009090727559211566,-0.5695772020988331,-0.8218758521960099,0.0,-0.9999447913739803,-0.007577279630603411,-0.005809125463848182,0.0,-0.0029188939231430313,0.8218991108411784,-0.5696256065669325,0.0,0.4543363818860384,0.23295849552043152,0.16291258439007947,1.0
2025-12-16 17:36:16.578,0.009240073398984363,-0.5695756200534641,-0.8218752831090017,0.0,-0.9999438924235093,-0.007526154009108184,-0.0060262684938863584,0.0,-0.0027531973505242834,0.8219006769768251,-0.5696241717917047,0.0,0.45407664059283476,0.23338228976844583,0.16219049468085295,1.0
2025-12-16 17:36:16.628,0.00921597859740371,-0.5695612466118092,-0.8218855145321047,0.0,-0.9999443843620751,-0.007430361559648831,-0.006063399298407035,0.0,-0.0026534803582251303,0.8219115093465617,-0.5696090148914826,0.0,0.45377684919186567,0.2337039954046017,0.16139430843807057,1.0
2025-12-16 17:36:16.679,0.009388717570447905,-0.5695433611476268,-0.8218959536682576,0.0,-0.9999425899215418,-0.007585943913646733,-0.006165810339814853,0.0,-0.0027232126925265747,0.8219224821636947,-0.5695928523309456,0.0,0.4535676216566154,0.2339922653511051,0.1607205952219093,1.0
2025-12-16 17:36:16.729,0.00945298850881396,-0.5695492978572394,-0.8218911030177819,0.0,-0.9999419899351994,-0.007620928317702817,-0.006219736105185052,0.0,-0.0027211792406234623,0.821918044624879,-0.5695992653643049,0.0,0.4534571425611244,0.23409415986304213,0.16016088519197597,1.0
2025-12-16 17:36:16.778,0.00920656552525612,-0.5695800417356272,-0.8218725948155703,0.0,-0.9999442075097322,-0.0075053017322226166,-0.005999934570476019,0.0,-0.002751011791974658,0.821897803367198,-0.5696283286093619,0.0,0.4534259338636568,0.2340580604805146,0.15959226834057053,1.0
2025-12-16 17:36:16.828,0.009257389268401384,-0.5695787914666095,-0.8218728903891271,0.0,-0.9999431499735174,-0.007703661858921713,-0.005924298794913264,0.0,-0.0029571328246489176,0.8218968344945811,-0.5696286938113675,0.0,0.4533911603120651,0.23402591758300928,0.15917404601027663,1.0
2025-12-16 17:36:16.879,0.009416801119171413,-0.569631604060373,-0.8218344762867381,0.0,-0.9999413029949009,-0.007892522467981592,-0.005987115763092272,0.0,-0.003075955934913084,0.8218584398644467,-0.5696834588775281,0.0,0.4534294348195785,0.23389479565543395,0.15879875382733757,1.0
2025-12-16 17:36:16.929,0.009481934955132804,-0.5697023021382552,-0.8217847204402664,0.0,-0.9999406645593714,-0.007936268031223387,-0.006035719634593183,0.0,-0.0030833997994901365,0.821809012152859,-0.5697547193222875,0.0,0.4534816978226342,0.2336262052549277,0.15833638938882466,1.0
2025-12-16 17:36:16.978,0.009398054414107111,-0.5696736740359728,-0.8218055296630666,0.0,-0.999941129878233,-0.007973859094794993,-0.00590772800556954,0.0,-0.0031875457488518776,0.8218284937659069,-0.5697260450309074,0.0,0.4535083418856489,0.23340898309066016,0.15777772018235764,1.0
2025-12-16 17:36:17.028,0.009479117586150923,-0.5696522765330116,-0.8218194309407351,0.0,-0.9999398545339685,-0.008148282880663956,-0.005885550262378399,0.0,-0.003343764472345811,0.8218416150488693,-0.5697062216730827,0.0,0.45354587158014953,0.2332305788788714,0.1571899827001864,1.0
2025-12-16 17:36:17.078,0.009643349276583658,-0.569597857963857,-0.8218552384203218,0.0,-0.9999376569633824,-0.008391523720843647,-0.00591704465351831,0.0,-0.0035263496613415304,0.8218768852742445,-0.5696542375072553,0.0,0.4535001237341598,0.23296989284421288,0.1566256762775118,1.0
2025-12-16 17:36:17.128,0.009611362098414483,-0.5695925065515258,-0.8218593219646363,0.0,-0.999937482626603,-0.00848357391520037,-0.005814354066100041,0.0,-0.003660562276462607,0.821879649070901,-0.5696494033411363,0.0,0.4534445690873843,0.23259330796525932,0.15594654588396684,1.0
2025-12-16 17:36:17.178,0.00982366835213746,-0.5695559003226064,-0.8218821806372375,0.0,-0.9999351144376035,-0.008671968376246592,-0.005942287467532946,0.0,-0.003742943454200231,0.8219030515917066,-0.5696151017648138,0.0,0.45339375074627475,0.23217826150894502,0.15529227096222198,1.0
2025-12-16 17:36:17.228,0.010155224045636811,-0.569458492805374,-0.821945644977588,0.0,-0.9999315724965562,-0.008910133676722425,-0.006181160379414341,0.0,-0.003803804533325013,0.8219679977887154,-0.5695209756297678,0.0,0.4533605161515357,0.23178481747464505,0.15475357865541772,1.0
2025-12-16 17:36:17.278,0.010502762382713781,-0.569369227524512,-0.8220031153418343,0.0,-0.9999277130538533,-0.009165079743748689,-0.0064278208897046,0.0,-0.0038739952734945285,0.8220270316899969,-0.5694352916105163,0.0,0.45328519593488964,0.23138976003765374,0.154247855539275,1.0
2025-12-16 17:36:17.328,0.010594741990385927,-0.5693331761710732,-0.8220269051888284,0.0,-0.9999262180519809,-0.009326626210037091,-0.006428016568811121,0.0,-0.00400713173939152,0.8220501846329124,-0.5694009455912572,0.0,0.4531033495068253,0.23101885407949196,0.153654636128039,1.0
2025-12-16 17:36:17.378,0.010793413564679269,-0.5692496012534592,-0.8220821982001604,0.0,-0.999924047903489,-0.009448386719370582,-0.006585841928767958,0.0,-0.004018439999258175,0.8221066711502684,-0.5693193070590499,0.0,0.45302118024647897,0.23070489755427528,0.15307445828018174,1.0
2025-12-16 17:36:17.428,0.010934716903087862,-0.5691814351872828,-0.822127528249482,0.0,-0.9999227696653434,-0.009475276984062071,-0.006739490490549705,0.0,-0.003953969302705688,0.8221535584896136,-0.5692520464518497,0.0,0.4529771509752893,0.23037006472173055,0.15254882415979207,1.0
2025-12-16 17:36:17.478,0.011022694722079692,-0.5691399271265796,-0.822155089051101,0.0,-0.9999215110047562,-0.009585324004879416,-0.006770546129744155,0.0,-0.00402731231816748,0.8221810181196831,-0.569211871098252,0.0,0.45290674274593445,0.23012743268082222,0.15202939593201056,1.0
2025-12-16 17:36:17.528,0.011121161116676399,-0.5690884711651166,-0.8221893812641803,0.0,-0.9999196357544122,-0.00979750344734652,-0.006743727468655266,0.0,-0.0042177069461447605,0.8222141348844971,-0.5691626545586547,0.0,0.4527923566079315,0.22995708945414697,0.15157800772570854,1.0
2025-12-16 17:36:17.578,0.011263264092710033,-0.5690467618583337,-0.8222163149693218,0.0,-0.999917358492052,-0.01000942366142949,-0.0067701200470388434,0.0,-0.004377480827778458,0.8222404500998389,-0.5691234311476,0.0,0.4527188953620978,0.2298806359747696,0.15126226220698727,1.0
2025-12-16 17:36:17.628,0.011337718300741388,-0.5690092332013701,-0.8222412636060843,0.0,-0.9999158147934801,-0.010181069480862039,-0.006742110302026331,0.0,-0.004535059735643556,0.8222643143389323,-0.5690877178413885,0.0,0.45265289120441643,0.2298577311879057,0.15103395152422733,1.0
2025-12-16 17:36:17.678,0.01131302438484007,-0.5690015393813797,-0.8222469279736451,0.0,-0.9999154600815481,-0.010280257121644949,-0.00664348587922472,0.0,-0.004672846111682309,0.8222684044179822,-0.5690806934039514,0.0,0.4526000595275978,0.2298549830428349,0.15091118534394346,1.0
2025-12-16 17:36:17.728,0.011341653772262372,-0.5689837620242714,-0.822258835369755,0.0,-0.9999153569210553,-0.010257289971405134,-0.0066943182692437925,0.0,-0.004625277963848861,0.8222809929474825,-0.5690628923423662,0.0,0.4526105487222679,0.2298493914544234,0.15092120684646945,1.0
2025-12-16 17:36:17.778,0.011293459988484881,-0.5689202808189405,-0.8223034225488757,0.0,-0.9999163838920823,-0.010142759112658955,-0.0067153974545626095,0.0,-0.004519986750519145,0.8223263371398225,-0.5689982117423377,0.0,0.45262112015423583,0.22985207976794916,0.15091633792251097,1.0
2025-12-16 17:36:17.828,0.011179702766813312,-0.5688038017683693,-0.8223855520624762,0.0,-0.9999178787474268,-0.010037483351411544,-0.006650683455506064,0.0,-0.004471833350067864,0.8224082033014564,-0.5688802596759354,0.0,0.4525940875633423,0.2298952116825257,0.15080498227473907,1.0
2025-12-16 17:36:17.878,0.01102672689776514,-0.568799356084827,-0.8223906922580143,0.0,-0.9999197953950857,-0.009910104965601805,-0.006552823653107092,0.0,-0.004422821361602708,0.8224128229296161,-0.5688739643648167,0.0,0.4525367638514409,0.22996251717648708,0.15061847481985843,1.0
2025-12-16 17:36:17.928,0.010979702492076067,-0.5687892304196023,-0.8223983246536135,0.0,-0.9999203465077712,-0.009877008576173595,-0.00651860741058464,0.0,-0.004415206619569873,0.8224202242629087,-0.568863323368499,0.0,0.45240061471347903,0.23005423748308768,0.1505200200013243,1.0
2025-12-16 17:36:17.978,0.011078706809230947,-0.5688214627640258,-0.8223747033169476,0.0,-0.9999195506490475,-0.009878001030591058,-0.006638089081577105,0.0,-0.004347614330604463,0.8223979189569142,-0.5688960899364395,0.0,0.4522925007788962,0.23020339160284084,0.15042672784904076,1.0
2025-12-16 17:36:18.029,0.010930973351013756,-0.5687964387313159,-0.8223939883105786,0.0,-0.9999210625714587,-0.009815248768998142,-0.006502031895931586,0.0,-0.004373753202776086,0.8224159782373525,-0.5688697821319215,0.0,0.45207718726975155,0.23040534716848687,0.15018015575498606,1.0
2025-12-16 17:36:18.079,0.010886070035943322,-0.5687713739796137,-0.8224119190051439,0.0,-0.9999209046216758,-0.00990932434824668,-0.0063825302771670644,0.0,-0.004519432951164299,0.8224321850629841,-0.5688452124245448,0.0,0.451780853625509,0.23060976439851072,0.14982414757911516,1.0
2025-12-16 17:36:18.128,0.010933689939129422,-0.5687120860711739,-0.822452287055059,0.0,-0.9999200440198492,-0.00999750562390741,-0.006379839327994417,0.0,-0.004594268086103202,0.8224721173983237,-0.5687868746754544,0.0,0.45153923641843563,0.23077298278430405,0.14953579203312292,1.0
2025-12-16 17:36:18.178,0.01108447655680503,-0.5686636685062841,-0.8224837465881286,0.0,-0.9999187249079569,-0.010021337609908573,-0.006547004823742187,0.0,-0.004519430535467007,0.8225053050433014,-0.5687394815935154,0.0,0.45146994909607124,0.23066279151572852,0.14929838279264332,1.0
2025-12-16 17:36:18.228,0.011184217855451872,-0.568577783978021,-0.8225417702091566,0.0,-0.9999187415373957,-0.009866208937151946,-0.006776071478942962,0.0,-0.004262727329554635,0.822566553744228,-0.5686528763815917,0.0,0.4515569036149553,0.23044147366102494,0.14924344906491505,1.0
2025-12-16 17:36:18.278,0.011056353387494288,-0.5685033301711534,-0.8225949595853889,0.0,-0.9999202746769206,-0.009771375185653498,-0.006686659720751116,0.0,-0.004236577224207796,0.8226191459770125,-0.5685769887055524,0.0,0.4516070967598589,0.23032047123925248,0.14913092220029048,1.0
2025-12-16 17:36:18.328,0.011077906805751637,-0.568516056749218,-0.8225858739975611,0.0,-0.9999187426790129,-0.010026430561547632,-0.00653648457694941,0.0,-0.004531590957025497,0.8226072811793902,-0.5685918796764953,0.0,0.45152379279914767,0.23034636655493926,0.14894859742162256,1.0
2025-12-16 17:36:18.378,0.011100792426739121,-0.5685449760258234,-0.8225655776559717,0.0,-0.9999179124505688,-0.010142879652360185,-0.006483614274628198,0.0,-0.00465704700059549,0.8225858658466332,-0.5686218472962317,0.0,0.4515129597833307,0.2303317233509484,0.14880422171322857,1.0
2025-12-16 17:36:18.428,0.011273236380120873,-0.5685701430828615,-0.8225458366786988,0.0,-0.9999155370533317,-0.010319147228547754,-0.00657121457808857,0.0,-0.00475186666618285,0.8225662778386164,-0.5686493984221834,0.0,0.4514841983827876,0.23031211873163726,0.14869924878632798,1.0
2025-12-16 17:36:18.478,0.011412042005065163,-0.5686058922487585,-0.8225192104130313,0.0,-0.999913569173132,-0.010465877703365984,-0.0066382594522110885,0.0,-0.004833925094086093,0.8225397119316036,-0.568687133196857,0.0,0.4514732301313851,0.23024953696579054,0.148525532888838,1.0
2025-12-16 17:36:18.528,0.011603519555144921,-0.5686002966562657,-0.8225203996725845,0.0,-0.999911506588989,-0.010550651806780933,-0.006812462007139965,0.0,-0.0048046509271194495,0.8225424970648665,-0.5686833528878463,0.0,0.4516084913216739,0.23014624744458623,0.14830272873058256,1.0
2025-12-16 17:36:18.578,0.011698361739595672,-0.5685828256194017,-0.8225311335411413,0.0,-0.9999099707605181,-0.010677511160264377,-0.006840177653430753,0.0,-0.004893472034624666,0.8225529372542536,-0.5686674945395122,0.0,0.45171338258096955,0.22996961188274873,0.14789702414415906,1.0
2025-12-16 17:36:18.628,0.011754446351032316,-0.5685880438852875,-0.8225267267650893,0.0,-0.999908511088159,-0.010842066182627386,-0.006794553374637591,0.0,-0.005054684714551735,0.8225471774850875,-0.5686744156138488,0.0,0.451730974840704,0.22983532238077162,0.14739346691038474,1.0
2025-12-16 17:36:18.678,0.011909287562257474,-0.5685147104908868,-0.8225751878864516,0.0,-0.9999059925337387,-0.011039743018054955,-0.00684668316944548,0.0,-0.005188678485534109,0.8225952363032917,-0.5686036887206288,0.0,0.4517577234770119,0.22972464897980502,0.14687180956278495,1.0
2025-12-16 17:36:18.728,0.012004519383775978,-0.5684560089676006,-0.8226143715521873,0.0,-0.9999040101662378,-0.01122511635385943,-0.006834772675604045,0.0,-0.005348777418195621,0.8226332953365838,-0.5685471413909347,0.0,0.45178213601193096,0.22965545629067316,0.14637677557100676,1.0
2025-12-16 17:36:18.778,0.012051202347646848,-0.5683861230570421,-0.8226619782993313,0.0,-0.9999023948866479,-0.01141026830987838,-0.006764124352126816,0.0,-0.005542266190148056,0.8226790372357387,-0.5684790981015534,0.0,0.45175113979841414,0.2296526402796156,0.14594003044806841,1.0
2025-12-16 17:36:18.829,0.012012270000154548,-0.5683740045925838,-0.8226709203405949,0.0,-0.999902121466335,-0.011496861273830475,-0.006657069113444801,0.0,-0.00567453766674641,0.8226862042875892,-0.5684674211396356,0.0,0.45168245515365535,0.22959620102612505,0.14561493661617186,1.0
2025-12-16 17:36:18.879,0.0119922331351387,-0.5683921826093866,-0.8226586533880128,0.0,-0.999901976869092,-0.011541118256315134,-0.0066019803001800045,0.0,-0.00574199736221094,0.8226730253030818,-0.5684858159224091,0.0,0.4516694175667763,0.22953469014796604,0.14541101680851592,1.0
2025-12-16 17:36:18.928,0.01194304773936335,-0.568354253453907,-0.8226855736505628,0.0,-0.9999024004085729,-0.011536455360346237,-0.006545743357397114,0.0,-0.005770685420402762,0.8226992955109209,-0.5684475071241082,0.0,0.4516964583394996,0.22954074499383553,0.1452597214569762,1.0
2025-12-16 17:36:18.979,0.011783881499386518,-0.5682718348499307,-0.8227448017181938,0.0,-0.9999045292304537,-0.011410930384630397,-0.006439719977650622,0.0,-0.005728882467843722,0.8227579791765941,-0.5683629893007789,0.0,0.4516882136278313,0.22954572543083038,0.145078561108686,1.0
2025-12-16 17:36:19.028,0.01167078830296593,-0.5682905035664453,-0.8227335189220091,0.0,-0.9999065744673897,-0.011242400895500085,-0.006418540348364835,0.0,-0.00560201237925069,0.8227474044674858,-0.5683795614721889,0.0,0.4516534968015818,0.2295536754325746,0.14482948523075465,1.0
2025-12-16 17:36:19.078,0.011855876357074392,-0.568230250234585,-0.8227724884895915,0.0,-0.9999052143289278,-0.011225481967754232,-0.006655660269328829,0.0,-0.005454175242561846,0.8227892513750996,-0.5683204200044429,0.0,0.4515831598761081,0.2296975794983253,0.14454481035971672,1.0
2025-12-16 17:36:19.128,0.011940490997792392,-0.5681467741073064,-0.8228289097056575,0.0,-0.9999041388976382,-0.011283226195680186,-0.00671927996130031,0.0,-0.005466732725762312,0.8228461062585816,-0.5682379785339906,0.0,0.45143090806413555,0.2299313666181621,0.14411588952522622,1.0
2025-12-16 17:36:19.178,0.01189205891068418,-0.5681297949073747,-0.8228413346293303,0.0,-0.9999042885024578,-0.01131947065551376,-0.006635534619076227,0.0,-0.005544390165935662,0.8228573319750512,-0.5682209701802534,0.0,0.45127237876495835,0.23018179629127455,0.14363471376720588,1.0
2025-12-16 17:36:19.228,0.011886330610672053,-0.5681432902550794,-0.82283209938842,0.0,-0.9999049864817576,-0.011221867042914174,-0.006695865156585963,0.0,-0.005429606093554118,0.8228493508825534,-0.5682336360422792,0.0,0.45130116183001184,0.23032315909458767,0.14327796957919978,1.0
2025-12-16 17:36:19.279,0.011904402475165927,-0.5681005942761237,-0.8228613169216504,0.0,-0.9999060349073351,-0.011036024075515828,-0.006846490320159956,0.0,-0.005191722041506671,0.8228813430738611,-0.5681895293326008,0.0,0.4514468918635527,0.23030708349711512,0.1431356584505368,1.0
2025-12-16 17:36:19.328,0.011601556198660701,-0.5681395886851357,-0.8228387196551111,0.0,-0.9999095342101052,-0.010873804415517897,-0.0065901953288162165,0.0,-0.005203336619930369,0.8228565799608742,-0.5682252846390357,0.0,0.4514662114075001,0.23022150011358258,0.14298823131810975,1.0
2025-12-16 17:36:19.380,0.01125535904323644,-0.5680762396327255,-0.8228872643070607,0.0,-0.9999127335583338,-0.010794751602207008,-0.006224588898535525,0.0,-0.0053469255049596945,0.8229013572476885,-0.5681591032691077,0.0,0.4514298169974307,0.2301518052128407,0.1428419881257998,1.0
2025-12-16 17:36:19.428,0.011375794062913279,-0.5681063799461021,-0.8228648001191821,0.0,-0.9999103136316905,-0.011023186793158418,-0.006212966047382115,0.0,-0.005541073430156568,0.8228775207281246,-0.5681917655031412,0.0,0.45137100687650383,0.23015973545347956,0.1426958759640244,1.0
2025-12-16 17:36:19.478,0.011572497045021642,-0.5681728273022272,-0.8228161778482147,0.0,-0.9999074138134645,-0.011229924364149274,-0.006308684558023143,0.0,-0.005655849193567318,0.8228288456745483,-0.5682611214008838,0.0,0.4513244333386983,0.230052194790618,0.14245326542433373,1.0
2025-12-16 17:36:19.528,0.011916745786224123,-0.5681964626210431,-0.8227949428235497,0.0,-0.9999028382515639,-0.011502533038776214,-0.006538554226028287,0.0,-0.005749153321097576,0.8228087585351365,-0.5682892697508531,0.0,0.4512762483661621,0.2299711381901252,0.14219163205868462,1.0
2025-12-16 17:36:19.579,0.012197174523475985,-0.5680938734442891,-0.8228616692919388,0.0,-0.9998994882929814,-0.01165655973869848,-0.006773834047280557,0.0,-0.005743673166305011,0.8228774266373744,-0.5681898898688809,0.0,0.451323400273213,0.22996185571676017,0.14185875217364982,1.0
2025-12-16 17:36:19.628,0.012296037446050623,-0.5680482183597122,-0.8228917158306371,0.0,-0.9998977673469683,-0.011784883052124408,-0.00680575397764332,0.0,-0.005831798494223856,0.8229071167451427,-0.5681459912175028,0.0,0.4514084334080882,0.22993870475709138,0.14149308073404876,1.0
2025-12-16 17:36:19.678,0.012196427327317988,-0.568069804825593,-0.8228782965342266,0.0,-0.9998982074510675,-0.011837270108730206,-0.0066483587240056645,0.0,-0.0059640156457135066,0.8228914630896181,-0.5681672909378058,0.0,0.4514752037139023,0.2298727205419891,0.14108840676191148,1.0
2025-12-16 17:36:19.728,0.01215372172590322,-0.5681076940646294,-0.8228527704844818,0.0,-0.9998989873579434,-0.011777316061282657,-0.006637530275676774,0.0,-0.005920279114417523,0.8228661653716036,-0.5682043859227418,0.0,0.4515652938734589,0.22974416115900836,0.14080669080459632,1.0
2025-12-16 17:36:19.778,0.012128610550891823,-0.5680938727444399,-0.8228626832330757,0.0,-0.9998997793391182,-0.01169475879047749,-0.006664142527264368,0.0,-0.005837434449963504,0.8228768851104784,-0.5681897185887113,0.0,0.45160337492256664,0.22970035417991275,0.14060653383432473,1.0
2025-12-16 17:36:19.828,0.011906285376453538,-0.5681751018393218,-0.8228098449335781,0.0,-0.9999030368946829,-0.011485811041674001,-0.006537572539830967,0.0,-0.0057362628993720376,0.8228237428470657,-0.5682677040753725,0.0,0.4515791968284178,0.22968020798790914,0.14030184138072999,1.0
2025-12-16 17:36:19.878,0.011576138192101133,-0.5683652899666484,-0.8226831936334263,0.0,-0.9999085811773314,-0.011054076977319,-0.006433006398581193,0.0,-0.005437810497986401,0.822698293767021,-0.5684522386707789,0.0,0.45157824343966385,0.2296747413107941,0.1399366143300445,1.0
2025-12-16 17:36:19.928,0.011090033825389922,-0.5690643457855337,-0.8222064998567222,0.0,-0.9999174175066022,-0.010247816865397448,-0.0063943191685099585,0.0,-0.004787134748877381,0.8222253435955149,-0.5691419574149611,0.0,0.45159840832598724,0.22948509394707742,0.13932817818629864,1.0
2025-12-16 17:36:19.978,0.00947108247415474,-0.5696766830256503,-0.8218026054441958,0.0,-0.9999406481847052,-0.007961476875736187,-0.006005155711321651,0.0,-0.003121825357797438,0.821826528000094,-0.5697292445379174,0.0,0.45166980357925374,0.2291899204265566,0.1380601378584866,1.0
2025-12-16 17:36:20.029,0.008767373979349272,-0.569721767782643,-0.8217791597316974,0.0,-0.9999476698948928,-0.007396550563033991,-0.005540344100437454,0.0,-0.002921932727837055,0.8218005524178192,-0.569767772302805,0.0,0.4511213649443199,0.23095861450128,0.1358735288409378,1.0
2025-12-16 17:36:20.078,0.008310613171685959,-0.569829664831329,-0.8217090931029875,0.0,-0.999951660247582,-0.007111556572255485,-0.005181682393980442,0.0,-0.0028910100206159884,0.8217282556621085,-0.5698721926077541,0.0,0.45038062533578255,0.23294970229045214,0.13310302870491383,1.0
2025-12-16 17:36:20.128,0.0080540160785908,-0.5697624139272593,-0.8217582803975853,0.0,-0.9999539508192609,-0.006910012849088553,-0.005009477476262335,0.0,-0.0028242026716558868,0.8217766072603506,-0.5698028006590848,0.0,0.44980658646739685,0.23480063272403012,0.13061947705358723,1.0
2025-12-16 17:36:20.178,0.008408487751307543,-0.5697605035757566,-0.8217560543129846,0.0,-0.9999507840723285,-0.007183307757867345,-0.005251325927775509,0.0,-0.0029109845804447263,0.821775588262779,-0.5698038335288174,0.0,0.44917641062304237,0.23604273100852274,0.12870537076727367,1.0
2025-12-16 17:36:20.228,0.008630325595315935,-0.5696874326815318,-0.8218044131215483,0.0,-0.9999490621274704,-0.007261304458256497,-0.005467495694116234,0.0,-0.0028526633862460222,0.8218255611098573,-0.5697320505448794,0.0,0.44881512856511907,0.2364486705674564,0.12762031242611802,1.0
2025-12-16 17:36:20.278,0.008767149692065495,-0.5697347302278322,-0.821770175389509,0.0,-0.999948311984061,-0.007209167973561177,-0.005669934617303385,0.0,-0.002693972427764216,0.8217932309513811,-0.5697794556449436,0.0,0.4488006035600346,0.2362099639478996,0.12724739929818704,1.0
2025-12-16 17:36:20.328,0.008803767385597577,-0.5696277168263436,-0.8218439662151418,0.0,-0.9999485766922498,-0.007042507010654674,-0.005830434577031189,0.0,-0.0024667122493694715,0.8218688575920267,-0.569671393218104,0.0,0.44907251912096424,0.23570637445939352,0.1272749084949667,1.0
2025-12-16 17:36:20.378,0.009046825441644181,-0.569620788379924,-0.8218461287224456,0.0,-0.9999461158445107,-0.007275789007924003,-0.005964495200501345,0.0,-0.002582128285136737,0.8218716275604232,-0.5696668854907228,0.0,0.4494383430451705,0.23510522621632207,0.12752116203142827,1.0
2025-12-16 17:36:20.428,0.008949685648659968,-0.5696333598991367,-0.8218384788497186,0.0,-0.9999465933450695,-0.007343235716400215,-0.0057995041177597365,0.0,-0.002731415242860313,0.8218623143407732,-0.5696796254362615,0.0,0.4497476137129272,0.23459938062332908,0.12779686605177712,1.0
2025-12-16 17:36:20.478,0.008874003679645494,-0.5695598618710538,-0.8218902376262467,0.0,-0.9999474929554926,-0.0072308137596567654,-0.005785634416959973,0.0,-0.0026477210766307656,0.8219142487362938,-0.5696050888969956,0.0,0.45005721105596286,0.23432547998411957,0.12815945196130185,1.0
2025-12-16 17:36:20.528,0.008794752928478795,-0.569521552828274,-0.8219176358286802,0.0,-0.9999481368408797,-0.007202805033934976,-0.005708776515582799,0.0,-0.0026688926033752894,0.8219410407745866,-0.5695663284488128,0.0,0.4502106142458199,0.23412245196314957,0.12830907235151495,1.0
2025-12-16 17:36:20.578,0.008674601812459262,-0.5695963375134889,-0.8218670880840911,0.0,-0.9999488311201011,-0.007241678973699007,-0.005535352598847499,0.0,-0.0027988349300497985,0.8218888749531599,-0.5696409779424786,0.0,0.4502233243188158,0.23394930633464384,0.12827979798745232,1.0
2025-12-16 17:36:20.629,0.008723425471791389,-0.5695965064104899,-0.8218664542577532,0.0,-0.9999482645344219,-0.007310776944370643,-0.005546863643158017,0.0,-0.002849063025753015,0.8218881461593659,-0.5696417804573293,0.0,0.4502116711741176,0.2339725234798371,0.1282869520494187,1.0
2025-12-16 17:36:20.678,0.00873105023814059,-0.5696039572724628,-0.821861209403691,0.0,-0.9999482335610324,-0.007304886370163807,-0.005560191947988225,0.0,-0.002836550022348647,0.8218830346860483,-0.5696492177465206,0.0,0.4502160454168671,0.23397086627429228,0.12828729958750723,1.0
2025-12-16 17:36:20.728,0.008752751294095234,-0.5696106475472554,-0.8218563417330237,0.0,-0.9999479278289538,-0.007350670088565161,-0.005554834024462499,0.0,-0.0028771576167827655,0.8218779896678473,-0.5696562929202015,0.0,0.4501819823817282,0.23397622681166766,0.12828140206274896,1.0
2025-12-16 17:36:20.778,0.008981659677750739,-0.5696137550250131,-0.8218517182417677,0.0,-0.999945863753685,-0.007490845459829491,-0.00573617445712716,0.0,-0.002889015962751314,0.8218745702738364,-0.5696611662417967,0.0,0.45016909454658227,0.2339674287362947,0.12825212084274604,1.0
2025-12-16 17:36:20.828,0.009075445315391485,-0.5696084606358106,-0.8218543573928644,0.0,-0.9999450801110964,-0.007526203225079815,-0.005825798471959919,0.0,-0.0028670740156277403,0.8218779166550362,-0.5696564491001276,0.0,0.45016827724251995,0.23397003973241218,0.1282581595083876,1.0
2025-12-16 17:36:20.878,0.009080100235754073,-0.5695894785213014,-0.8218674617228432,0.0,-0.9999451510161083,-0.007496053927348076,-0.005852438474634147,0.0,-0.0028273298702234896,0.8218913478109626,-0.5696372693208236,0.0,0.4501709757654897,0.23396975184607285,0.12824913433016485,1.0
2025-12-16 17:36:20.929,0.009108765679531726,-0.5695757618708772,-0.8218766505858489,0.0,-0.9999449837717281,-0.007484954696065354,-0.005895064390217147,0.0,-0.0027940774987034156,0.8219009549329073,-0.5696235716780919,0.0,0.450173649461018,0.2339778566691446,0.12824742430499406,1.0
2025-12-16 17:36:20.979,0.009111224059116784,-0.5695754516647079,-0.8218768383147788,0.0,-0.9999449718354012,-0.007483273737360149,-0.0058992216841557525,0.0,-0.00279033122680509,0.8219011852160947,-0.5696232577695749,0.0,0.45017032888707614,0.23398125652425777,0.1282434011274888,1.0
2025-12-16 17:36:21.028,0.00908385078489764,-0.5695794067830847,-0.8218744003342332,0.0,-0.9999451648405562,-0.007484155671127565,-0.005865290026186301,0.0,-0.0028103416482754954,0.8218984362316457,-0.5696271258461938,0.0,0.4501630924314941,0.2339854677718814,0.12822834121880056,1.0
2025-12-16 17:36:21.079,0.009115541756124165,-0.5695768854640095,-0.8218757967873364,0.0,-0.9999448934545428,-0.007497211346042502,-0.005894809362803708,0.0,-0.002804283382586929,0.8219000645554116,-0.5696248062352275,0.0,0.4501646191809505,0.23399107298004201,0.12823947703199537,1.0
2025-12-16 17:36:21.128,0.0090907081497329,-0.5695851311657402,-0.8218703573444239,0.0,-0.9999450842789654,-0.00749343215098188,-0.005867180084122115,0.0,-0.0028168254544947086,0.8218943845767427,-0.569632939791561,0.0,0.4501569035021052,0.23398850591839762,0.12822783004820118,1.0
2025-12-16 17:36:21.178,0.009054506603139131,-0.5695970451362069,-0.8218625000469872,0.0,-0.9999453332971563,-0.007495958410143653,-0.005821333692633554,0.0,-0.002844887422031677,0.8218861046926468,-0.569644746775307,0.0,0.4501145315809675,0.23397717848433155,0.12822505186942756,1.0
2025-12-16 17:36:21.228,0.008980218597426202,-0.56966236761984,-0.8218180391625078,0.0,-0.9999453529301069,-0.007634957239365818,-0.005634312970128965,0.0,-0.0030649485308272334,0.8218395495348385,-0.5697107695233409,0.0,0.44991712285810476,0.23393291480859776,0.12811155288350562,1.0
2025-12-16 17:36:21.278,0.009026909180419837,-0.5696884885634489,-0.8217994206679328,0.0,-0.9999446198210331,-0.00774423549846484,-0.005615247877180988,0.0,-0.0031653271124496784,0.821820420191293,-0.5697378148419479,0.0,0.4497880969369238,0.2338931942335998,0.12800161384086883,1.0
2025-12-16 17:36:21.328,0.009175029868381259,-0.5696546845078098,-0.8218212130058643,0.0,-0.9999435750432419,-0.007748406243300811,-0.005792739562343063,0.0,-0.0030680024584636436,0.8218438133780922,-0.5697046022045725,0.0,0.44979243153426124,0.23385274351159535,0.12793017851723404,1.0
2025-12-16 17:36:21.378,0.009060835289384688,-0.5696346146552199,-0.8218363912310443,0.0,-0.9999447164252487,-0.007656245386261547,-0.005717770633972504,0.0,-0.003035199443849435,0.8218585882800061,-0.5696834633677998,0.0,0.449783466004705,0.2338856233297895,0.12787893907277542,1.0
2025-12-16 17:36:21.428,0.009051098642863619,-0.5696954766834361,-0.8217943102510495,0.0,-0.999945241365086,-0.007529918413305658,-0.005793228911195124,0.0,-0.002887723400233543,0.8218175675375924,-0.5697434042971966,0.0,0.4498272963953546,0.23385188402019458,0.12788516980774195,1.0
2025-12-16 17:36:21.478,0.00907936732276554,-0.5696892291267321,-0.8217983294015729,0.0,-0.9999449447909244,-0.007557421995679012,-0.005808585117070735,0.0,-0.002901644258614146,0.8218216460139731,-0.5697374505888482,0.0,0.4498345635665177,0.23386859365484494,0.12788991753414677,1.0
2025-12-16 17:36:21.528,0.009073186563520613,-0.5696855401349049,-0.8218009549446832,0.0,-0.9999450471004786,-0.007540750787924119,-0.005812637781969091,0.0,-0.0028856760622925927,0.8218243564119249,-0.5697336220390972,0.0,0.4498465693280015,0.23386530767360006,0.12788873201914985,1.0
2025-12-16 17:36:21.578,0.009081311487198424,-0.5696854982213699,-0.8218008942555064,0.0,-0.9999449458952713,-0.007553184365754519,-0.005813904509668853,0.0,-0.002895172320090272,0.8218242712847017,-0.5697336966553811,0.0,0.4498452831810908,0.23387063517320986,0.1278882648406793,1.0
2025-12-16 17:36:21.628,0.009090595940385214,-0.5696868961900036,-0.8217998225091417,0.0,-0.9999448862419757,-0.007551459880908458,-0.005826391112622525,0.0,-0.0028866252973586345,0.821823318045507,-0.5697351150412499,0.0,0.4498474162030685,0.23386711270273994,0.12789102869301738,1.0
2025-12-16 17:36:21.678,0.009087185967250902,-0.5696854208639073,-0.8218008829439879,0.0,-0.9999448967207617,-0.0075553402092051304,-0.005819558199452637,0.0,-0.0028937235059142675,0.8218243050925975,-0.5697336552489597,0.0,0.44984586041007346,0.2338696212318268,0.12788935815923544,1.0
2025-12-16 17:36:21.729,0.009178099558097912,-0.5696751331719047,-0.8218070041288785,0.0,-0.9999440998608264,-0.007597542357213653,-0.005900966434413634,0.0,-0.0028821351739898166,0.8218310474547446,-0.5697239882050571,0.0,0.44982557198857637,0.23386364418581912,0.12788140887736926,1.0
2025-12-16 17:36:21.778,0.009237635115976538,-0.5696623095338146,-0.8218152262493517,0.0,-0.9999433230354751,-0.007695682468093974,-0.005905428801550145,0.0,-0.0029603858153818535,0.8218390234013079,-0.5697120814329012,0.0,0.44971873536842166,0.23385938316271754,0.12781166663471716,1.0
2025-12-16 17:36:21.828,0.009354528784204216,-0.5696777914890475,-0.821803172040967,0.0,-0.999942158339815,-0.007783948332989834,-0.005986403283292852,0.0,-0.0029866099311610123,0.8218274602882608,-0.5697286245900466,0.0,0.44964952034058825,0.23381768357475885,0.12772373099482362,1.0
2025-12-16 17:36:21.879,0.009396184115007873,-0.5696503179230326,-0.8218217409605767,0.0,-0.9999417442492843,-0.007813948496384407,-0.00601641236975483,0.0,-0.0029944791908917234,0.8218462195228965,-0.569701522334545,0.0,0.4496194748265583,0.23381453004041328,0.12764231429467882,1.0
2025-12-16 17:36:21.928,0.009371645159503476,-0.5695893150166474,-0.8218643022951412,0.0,-0.9999422850787981,-0.007712758633099491,-0.006056960200271607,0.0,-0.0028889168018079265,0.821889456062331,-0.5696396897805471,0.0,0.4496367162462256,0.2338572495935978,0.12767707357467487,1.0
2025-12-16 17:36:21.978,0.009357213326469284,-0.5696065782886612,-0.821852502235197,0.0,-0.9999425203897995,-0.007675996947878499,-0.00606480738028216,0.0,-0.0028540380679781753,0.8218778358653361,-0.5696566311209044,0.0,0.4496447680298386,0.23383826274358083,0.12767267087834677,1.0
2025-12-16 17:36:22.028,0.009350040831890593,-0.5696057129657814,-0.8218531836005711,0.0,-0.999942489932959,-0.007699829583605896,-0.0060395655693450115,0.0,-0.0028880140075570604,0.8218782126559875,-0.5696559162656802,0.0,0.4496340797439428,0.23385075521201112,0.12766315906005343,1.0
2025-12-16 17:36:22.078,0.009367124090051153,-0.569603578055257,-0.8218544687194557,0.0,-0.9999424144167567,-0.00768541371255495,-0.006070351527094822,0.0,-0.0028586526916573526,0.821879827220066,-0.5696537349245617,0.0,0.44964457178239825,0.2338452358229808,0.12767654805580772,1.0
2025-12-16 17:36:22.130,0.009338438725573602,-0.5696053849879557,-0.821853542826275,0.0,-0.9999426385826798,-0.0076817408339123604,-0.006037988346864399,0.0,-0.002874050576935335,0.8218786092364903,-0.5696554147138195,0.0,0.4496381633821783,0.23384386799518192,0.1276623543666238,1.0
2025-12-16 17:36:22.179,0.009349231976468675,-0.5696046242207885,-0.8218539473829598,0.0,-0.999942577774867,-0.007676403755877849,-0.0060548228330313475,0.0,-0.002860082709396159,0.8218791863649789,-0.5696546523525772,0.0,0.44964169964171263,0.23384029184422966,0.12767034824309006,1.0
2025-12-16 17:36:22.228,0.009390334332250467,-0.5696065424480239,-0.8218521493083438,0.0,-0.999942156439987,-0.007710211175112955,-0.006081391205327005,0.0,-0.002872708716692401,0.8218775404403275,-0.5696569635003043,0.0,0.4496388614288571,0.23384136996836763,0.12766043132001775,1.0
2025-12-16 17:36:22.278,0.009426693216507097,-0.569596536994377,-0.8218586675336725,0.0,-0.9999419011641586,-0.007705876944807847,-0.00612867505486454,0.0,-0.0028423243939759285,0.8218845154651999,-0.5696470525075794,0.0,0.4496527931618659,0.23384587376909557,0.1276884865975854,1.0
2025-12-16 17:36:22.328,0.00920076678093318,-0.5695950309159734,-0.8218622716414731,0.0,-0.9999439914488536,-0.007581219205282763,-0.0059402004936324115,0.0,-0.0028472641727065656,0.8218867185919592,-0.5696438491626787,0.0,0.44965182386302355,0.2338501911883679,0.12769144972370366,1.0
2025-12-16 17:36:22.378,0.009226503276155151,-0.5695891191623422,-0.8218660802529636,0.0,-0.9999438112334105,-0.007579348017339099,-0.005972835243163007,0.0,-0.002827201513218601,0.8218908329409538,-0.5696380128285232,0.0,0.44966019303154425,0.23384669924345275,0.1277116615660304,1.0
2025-12-16 17:36:22.428,0.009401801107067793,-0.5695903167373447,-0.8218632636370862,0.0,-0.9999424353671719,-0.007603273762747317,-0.006169528447634953,0.0,-0.0027348003797513093,0.8218897819846377,-0.5696399802823954,0.0,0.44964493717781495,0.2338018652730787,0.12784041277706168,1.0
2025-12-16 17:36:22.478,0.009359262186178169,-0.5695503062054914,-0.8218914769078519,0.0,-0.9999429657673388,-0.007538915903341256,-0.006162536866413409,0.0,-0.002686347687330358,0.821918102226821,-0.5695993475838644,0.0,0.4496631285726368,0.23366845983340784,0.12799778908325227,1.0
2025-12-16 17:36:22.528,0.009233180242769467,-0.5695642227195467,-0.8218832590348165,0.0,-0.9999445222102926,-0.007346311247345699,-0.006142565742020381,0.0,-0.00253927343637741,0.8219102025031837,-0.5696114211562044,0.0,0.44970062167400515,0.23350714772131367,0.1281381638050891,1.0
2025-12-16 17:36:22.578,0.00907254150489209,-0.5695939174357662,-0.8218644688219755,0.0,-0.9999459853251111,-0.0072573723158549765,-0.006008650469964767,0.0,-0.002542134627693025,0.8218904137479982,-0.569639961151497,0.0,0.4497011564523561,0.23345491261069773,0.12811767351959313,1.0
2025-12-16 17:36:22.629,0.008943046529111555,-0.5696257087583688,-0.821843854233584,0.0,-0.9999470454270188,-0.007217958528772917,-0.005878292070050071,0.0,-0.002583658313722676,0.8218687272025185,-0.5696710629444242,0.0,0.4497045235025743,0.23348250159568035,0.12818787633200351,1.0
2025-12-16 17:36:22.678,0.008753727188028613,-0.569688820784174,-0.8218021456744093,0.0,-0.9999497688617958,-0.006745804901645958,-0.005975012190628971,0.0,-0.0021398604923686696,0.8218289919986883,-0.569730224674357,0.0,0.44984377731452113,0.23330861549577825,0.12832381140810914,1.0
2025-12-16 17:36:22.728,0.00881631473710315,-0.5696835748848869,-0.8218051131515549,0.0,-0.999949738176674,-0.006569231088884641,-0.00617359089265351,0.0,-0.0018816705967057918,0.8218340589008437,-0.5697238269076782,0.0,0.44991742061190004,0.2332901723473065,0.1285012604496613,1.0
2025-12-16 17:36:22.779,0.008657599885269035,-0.5696583312535908,-0.8218242990437852,0.0,-0.9999512284222168,-0.006432733499573708,-0.006075164016817102,0.0,-0.0018258440564667604,0.8218526369253663,-0.5696972085874245,0.0,0.4498748186481486,0.23333919002305198,0.1286757536581898,1.0
2025-12-16 17:36:22.828,0.008460235783191696,-0.5697281831634128,-0.8217779314516896,0.0,-0.9999529624126403,-0.0063005416220123685,-0.005926469325178845,0.0,-0.0018012041387160161,0.8218052386257484,-0.5697656583464181,0.0,0.44983820092598936,0.2334179102860451,0.12883050934031737,1.0
2025-12-16 17:36:22.878,0.008462998519599854,-0.569682128182419,-0.8218098304272197,0.0,-0.9999529897633039,-0.006278453558699436,-0.005945265809831138,0.0,-0.0017728173074920137,0.8218373346437138,-0.5697194506987721,0.0,0.4498659885468456,0.23348862511385104,0.12898294508581484,1.0
2025-12-16 17:36:22.928,0.008457396863009257,-0.569710408402364,-0.8217902834041791,0.0,-0.9999530389012466,-0.006274657461422481,-0.005941007247255205,0.0,-0.0017718329816068395,0.821817759224089,-0.5697476908525233,0.0,0.4498771038433557,0.23347283915171552,0.12899929362533338,1.0
2025-12-16 17:36:22.978,0.008475695976113256,-0.5697113098370123,-0.8217894699512305,0.0,-0.9999528391537826,-0.006305728125662521,-0.005941730581509398,0.0,-0.0017969444585035689,0.8218168964882927,-0.569748856635065,0.0,0.4498638621456651,0.2334798967117498,0.1290060508883352,1.0
2025-12-16 17:36:23.028,0.00848675102717098,-0.5697401759510062,-0.8217693434690344,0.0,-0.999952751651029,-0.006309369543778001,-0.005952581179939084,0.0,-0.00179345634846501,0.8217968564348272,-0.5697777727045538,0.0,0.4497323750503333,0.23344329344681736,0.1290859590069415,1.0
2025-12-16 17:36:23.078,0.0084584765139723,-0.569778947223856,-0.8217427531635099,0.0,-0.9999527947508837,-0.006380968530347331,-0.005868424977800748,0.0,-0.0018998462201909021,0.8217694221348544,-0.5698169946820534,0.0,0.44953075930023656,0.2334234545371688,0.12912888060063438,1.0
2025-12-16 17:36:23.128,0.008486787000425834,-0.5698144972093852,-0.8217178105150413,0.0,-0.9999523131219784,-0.006498637026600376,-0.0058211768577736194,0.0,-0.0020230937752751077,0.821743849561644,-0.5698534485279411,0.0,0.44932958497395137,0.23344884577170252,0.1291843921531126,1.0
2025-12-16 17:36:23.180,0.008534834571915341,-0.5699025771611423,-0.8216562274121254,0.0,-0.999951692445934,-0.006610526302939775,-0.005801777117311277,0.0,-0.0021251732881832296,0.8216818723396789,-0.5699424394681053,0.0,0.44923122518982667,0.23356110150649076,0.12916240288072628,1.0
2025-12-16 17:36:23.228,0.008616570229204932,-0.5698397048668407,-0.821698979174226,0.0,-0.9999507572495528,-0.006744995506034794,-0.005808184989954187,0.0,-0.00223266448706595,0.8217243838310634,-0.5698807350900247,0.0,0.44917680137585786,0.23373353823874837,0.1291750583960684,1.0
2025-12-16 17:36:23.278,0.008786530979289163,-0.5698254252161744,-0.8217070819652003,0.0,-0.9999493936952947,-0.00679876351124505,-0.005977772523194165,0.0,-0.0021803473343645825,0.8217338432125579,-0.5698672977146707,0.0,0.4491611817808549,0.23380483243404354,0.12917103328101706,1.0
2025-12-16 17:36:23.328,0.008753631728012986,-0.5698384215006302,-0.8216984204770318,0.0,-0.9999498665238705,-0.006709254296330851,-0.005999770569713646,0.0,-0.002094124185442008,0.821725566424413,-0.5698795558083952,0.0,0.4491814606400342,0.23377189316688515,0.12916734526487766,1.0
2025-12-16 17:36:23.378,0.008762687260926343,-0.5698335633883275,-0.8217016929819095,0.0,-0.9999497722467662,-0.006720241259618886,-0.006003186009187894,0.0,-0.0021012572006896607,0.8217288456202553,-0.5698748011570429,0.0,0.44918061391444614,0.2337798306745077,0.12917280413827367,1.0
2025-12-16 17:36:23.428,0.008735284930367479,-0.5698345717367644,-0.8217012854754286,0.0,-0.9999500163354746,-0.006702935965157761,-0.00598183762227833,0.0,-0.002099193635322143,0.8217282877059763,-0.5698756132437023,0.0,0.4491794285549046,0.2337715077377446,0.12916617917207546,1.0
2025-12-16 17:36:23.478,0.00875403404009946,-0.5698294890745442,-0.821704610654143,0.0,-0.9999498201196172,-0.006726163842893264,-0.005988561088605228,0.0,-0.0021145018470218923,0.8217316225628007,-0.5698707479439926,0.0,0.4491722327222124,0.23378119010799683,0.12917033071158252,1.0
2025-12-16 17:36:23.528,0.008545273216833965,-0.5698925879169522,-0.8216630473887558,0.0,-0.9999513051071087,-0.006728124761603032,-0.005732944530512724,0.0,-0.002261132433758454,0.8216878462092999,-0.56993330370495,0.0,0.44902837151612274,0.23373686186140993,0.12908223624087728,1.0
