timestamp, data
2025-12-16 17:54:24.135,0.007977975355504785,-0.5716065697433503,-0.8204773173200315,0.0,-0.9999547763134392,-0.006814171916344419,-0.0049758708024250755,0.0,-0.0027466859350350676,0.8204957067705373,-0.5716460888412432,0.0,0.469874386999757,0.23485769137449033,0.2576030439433974,1.0
2025-12-16 17:54:24.185,0.007988823926956325,-0.5716066085266693,-0.8204771847419714,0.0,-0.9999547640287334,-0.0067980602089114,-0.005000317474349955,0.0,-0.002719491147475939,0.8204958134024527,-0.5716460658107831,0.0,0.4698491203425439,0.23487108382753816,0.2575821819392814,1.0
2025-12-16 17:54:24.228,0.007982427826529269,-0.571604377832071,-0.8204788010609497,0.0,-0.9999548437529504,-0.006785730849857669,-0.005001121179695922,0.0,-0.002708937707075843,0.820497469525218,-0.5716437388437079,0.0,0.46984172879266733,0.23486707592049078,0.25756435704375896,1.0
2025-12-16 17:54:24.278,0.008036219023597475,-0.5716021492325013,-0.820479828562408,0.0,-0.9999544148979224,-0.006815863538919899,-0.005045694360657957,0.0,-0.002708200948255703,0.8204987723546011,-0.5716418723398561,0.0,0.46984090506229287,0.23487017111598338,0.25756528405739754,1.0
2025-12-16 17:54:24.328,0.00805265662500421,-0.5715998944999089,-0.8204812381951101,0.0,-0.9999542810220255,-0.006825742912026929,-0.00505885368750909,0.0,-0.0027088059148986003,0.8205002610156981,-0.5716397327370506,0.0,0.46984013107076755,0.23487003731431427,0.25756466304338904,1.0
2025-12-16 17:54:24.378,0.008069426091150413,-0.5715992983630288,-0.820481488745883,0.0,-0.9999541660707641,-0.0068291883330025,-0.0050768933062457465,0.0,-0.0027013259675695875,0.8205006476507242,-0.5716392131779967,0.0,0.4698377801689234,0.234867755151983,0.25756111901740286,1.0
2025-12-16 17:54:24.428,0.008087014809732842,-0.5715777298051774,-0.8204963411761416,0.0,-0.999954045644792,-0.006832518620277279,-0.005096095478449464,0.0,-0.0026932936987624297,0.8205156454642204,-0.5716177234109227,0.0,0.4697893804674077,0.23486294419663442,0.25749443997153915,1.0
2025-12-16 17:54:24.481,0.008160244592544766,-0.5715786777743197,-0.8204949557572908,0.0,-0.9999534811439288,-0.006865099687117629,-0.0051626403741138705,0.0,-0.00268197614154222,0.8205147131295648,-0.571619114919965,0.0,0.4697624754283845,0.23487680922718468,0.2573762641573115,1.0
2025-12-16 17:54:24.528,0.008195030320494297,-0.5716331877774804,-0.8204566332296974,0.0,-0.9999531899400272,-0.006887386313175999,-0.005189290871130879,0.0,-0.0026844825879000726,0.8204765507176089,-0.5716738784270016,0.0,0.4697064055347541,0.23492552171485895,0.2571294216203787,1.0
2025-12-16 17:54:24.579,0.008162783882635319,-0.5716783221635656,-0.820425506568844,0.0,-0.9999533052056714,-0.006914158227123917,-0.005131152450721469,0.0,-0.002739235880970294,0.8204448775633575,-0.5717190739050394,0.0,0.46952381421135786,0.23501577865555143,0.25686192467472135,1.0
2025-12-16 17:54:24.628,0.008276834393097126,-0.5716448998385453,-0.820447651835397,0.0,-0.999952699896439,-0.006877343168026644,-0.0052959439177026205,0.0,-0.002615151072449894,0.8204684747878616,-0.5716857903290482,0.0,0.46931856586733367,0.23522917042194832,0.2566405055872007,1.0
2025-12-16 17:54:24.679,0.008305561366185814,-0.5716073421133483,-0.8204735285149146,0.0,-0.9999524415537892,-0.006899836150183905,-0.0053154297027256416,0.0,-0.0026228447656402314,0.820494452757082,-0.5716484703733509,0.0,0.4689968377751018,0.23555804390492377,0.2563223675966578,1.0
2025-12-16 17:54:24.728,0.008253598728344903,-0.571606746447718,-0.820474467868863,0.0,-0.9999527614175694,-0.00690438516724251,-0.005248933229522449,0.0,-0.002664597402163421,0.8204948294747191,-0.5716477365702906,0.0,0.46866887338041635,0.23585492293089266,0.2559826585747187,1.0
2025-12-16 17:54:24.779,0.008239794653845108,-0.5715967280860597,-0.8204815860984219,0.0,-0.9999532613063893,-0.006774135534751841,-0.005322893168266367,0.0,-0.0025155535812678397,0.8205028946309162,-0.5716368356679505,0.0,0.46849434107941007,0.2359786314089066,0.25560760371893104,1.0
2025-12-16 17:54:24.828,0.00815011979597015,-0.57160043695852,-0.8204798979361704,0.0,-0.9999542583758301,-0.0066355396076101915,-0.005310147961025298,0.0,-0.0024090903476215,0.820501443390405,-0.5716393772982744,0.0,0.4683836663880224,0.23597952098863215,0.2550826678763928,1.0
2025-12-16 17:54:24.878,0.00822722511379957,-0.5716013550023662,-0.8204784888268516,0.0,-0.9999537280628484,-0.006644883834284574,-0.0053976062516617315,0.0,-0.0023667507668509442,0.8205007282010692,-0.5716405807081252,0.0,0.46831788547374736,0.2360276485450102,0.2544387641466146,1.0
2025-12-16 17:54:24.928,0.008331966299944057,-0.5715717846884413,-0.8204980317995008,0.0,-0.9999529363704494,-0.006678188118663128,-0.005502158556063944,0.0,-0.002334606570232668,0.8205210575567331,-0.5716115321773542,0.0,0.46825662498645826,0.23611981067143714,0.25355654118406207,1.0
2025-12-16 17:54:24.978,0.00844798146769669,-0.5715800002275783,-0.8204911223469581,0.0,-0.9999515583400357,-0.006881850689758843,-0.005501636631631734,0.0,-0.00250192009881909,0.8205136515497049,-0.5716214551750034,0.0,0.4680951276408012,0.23625582057825853,0.2522291588472756,1.0
2025-12-16 17:54:25.028,0.008482858863501513,-0.571546369138906,-0.8205141899631254,0.0,-0.9999512087127943,-0.006919313483023803,-0.005518169619888939,0.0,-0.002523553673312274,0.8205367637490714,-0.5715881830593234,0.0,0.46796076204290626,0.23638622458423525,0.2507883490840482,1.0
2025-12-16 17:54:25.078,0.008469795125803474,-0.5715883086552814,-0.8204851094811716,0.0,-0.9999513536800124,-0.006900968102240542,-0.0055148720720319296,0.0,-0.0025099534931726074,0.8205077030524519,-0.5716299584215748,0.0,0.4678199319350988,0.23648191300771237,0.24917967636071942,1.0
2025-12-16 17:54:25.128,0.008412257816273699,-0.571613050978487,-0.8204684642146256,0.0,-0.9999520591627243,-0.006795095446829787,-0.005518419638312502,0.0,-0.002420807447461633,0.8204913496392411,-0.5716538155723961,0.0,0.4677252996566738,0.23653059464468246,0.24772777281707203,1.0
2025-12-16 17:54:25.178,0.008346996939531576,-0.5716126550367088,-0.8204694065869762,0.0,-0.9999525894756818,-0.006763393977430752,-0.005460970975347195,0.0,-0.0024276444645586564,0.820491887421607,-0.5716530147018235,0.0,0.46764328791428594,0.23658173871684876,0.2463794940529637,1.0
2025-12-16 17:54:25.228,0.008415468375294242,-0.5716011724495825,-0.8204767068281067,0.0,-0.9999519720839224,-0.006817105649720586,-0.005507040697425733,0.0,-0.002445492557515733,0.8204994425253439,-0.5716420946551706,0.0,0.4676039673289939,0.23666841617815534,0.24520393262603227,1.0
2025-12-16 17:54:25.278,0.008432563422472823,-0.5715725986847459,-0.8204964370477795,0.0,-0.9999518743235529,-0.006811105896674422,-0.0055321582122973825,0.0,-0.002426504792574987,0.8205193979177413,-0.5716135317810446,0.0,0.4675112090473422,0.23679338187958632,0.24428104408516305,1.0
2025-12-16 17:54:25.328,0.008389422436375329,-0.5715481966579976,-0.8205138776336346,0.0,-0.9999521596394894,-0.006812337915195527,-0.005478812431413447,0.0,-0.0024582597626640027,0.8205363858939613,-0.5715890100264486,0.0,0.4673502989215924,0.2369340805446721,0.24339300545610656,1.0
2025-12-16 17:54:25.378,0.008371290060634529,-0.5714866462751126,-0.8205569337548451,0.0,-0.9999523649888713,-0.0067836631375661855,-0.005476912342482288,0.0,-0.002436446466383571,0.8205794940360948,-0.5715272151840918,0.0,0.4671868561671696,0.23705475868458428,0.242667970747326,1.0
2025-12-16 17:54:25.428,0.008494644087093798,-0.5714894699129712,-0.8205536994625235,0.0,-0.999951633256083,-0.006747415642502621,-0.005652471304486847,0.0,-0.0023063334418329967,0.8205778263497722,-0.5715301494489491,0.0,0.4669938174845755,0.23710648864307113,0.24197157006723152,1.0
2025-12-16 17:54:25.478,0.008453223744815792,-0.5714577505818262,-0.8205762177942325,0.0,-0.9999520239366699,-0.006709356222722398,-0.005628611306752657,0.0,-0.002289068668484694,0.8206002287856622,-0.5714980530864036,0.0,0.46669310440521367,0.23722536398395136,0.24123781050052312,1.0
2025-12-16 17:54:25.529,0.008379793391520637,-0.5715068230477435,-0.8205427942367168,0.0,-0.9999524766721367,-0.006726077987850314,-0.005527311586061952,0.0,-0.002360183982714919,0.8205659154782181,-0.5715470303369283,0.0,0.46636108087697703,0.23737369807824493,0.2404773341283918,1.0
2025-12-16 17:54:25.578,0.00827377212821038,-0.5715051982936543,-0.8205450017636507,0.0,-0.999953418681903,-0.0066447918818659125,-0.005454732663428476,0.0,-0.002334987649721143,0.8205677093821625,-0.5715445583259338,0.0,0.4660791064936914,0.23744232212798505,0.23971656124305063,1.0
2025-12-16 17:54:25.628,0.008251479164693442,-0.571468450329979,-0.8205708197774615,0.0,-0.9999537432184,-0.006581838227294888,-0.005471538199428775,0.0,-0.002274096717473948,0.8205938100694083,-0.5715073292267485,0.0,0.46581413633783547,0.2374749034125868,0.2391037453801188,1.0
2025-12-16 17:54:25.678,0.008362401305188944,-0.5714752128712752,-0.8205649872004959,0.0,-0.9999526652914447,-0.006700908720500954,-0.005523757784675617,0.0,-0.0023418855111757733,0.8205881367397481,-0.571515201385091,0.0,0.4654373173497969,0.2375122154488319,0.2384110091353281,1.0
2025-12-16 17:54:25.728,0.008337928790204297,-0.5714770268208629,-0.8205639729239183,0.0,-0.9999525407432067,-0.006798918651402063,-0.005425667478352027,0.0,-0.002478351097072214,0.8205860672213048,-0.5715175973302239,0.0,0.4649291944102909,0.2375285309000475,0.23762500876505308,1.0
2025-12-16 17:54:25.778,0.00819343156960075,-0.5715181318504176,-0.8205367996296884,0.0,-0.9999536365305233,-0.006748996893158841,-0.005284196393629934,0.0,-0.002517834736326015,0.8205578506797391,-0.5715579359925707,0.0,0.46439171942928836,0.23749263347069524,0.2367944177448958,1.0
2025-12-16 17:54:25.828,0.008092915102001517,-0.5714929247865757,-0.8205553537362641,0.0,-0.999954409047202,-0.006706335024705422,-0.005191512188698666,0.0,-0.002536055450612705,0.8205757569293723,-0.5715321474445153,0.0,0.4638493086600379,0.2375380962987386,0.23597972834452693,1.0
2025-12-16 17:54:25.878,0.008205724447666268,-0.5715141671159303,-0.8205394382802583,0.0,-0.9999532076902922,-0.00686027401604905,-0.005221682825358252,0.0,-0.002644910599424441,0.8205596893519165,-0.5715547223657658,0.0,0.4633314732862569,0.23765388605826035,0.2351777913223111,1.0
2025-12-16 17:54:25.928,0.008345969924578492,-0.571488096727697,-0.820556181492639,0.0,-0.9999519020775481,-0.006984767773885257,-0.005305982646626065,0.0,-0.0026991404159786765,0.8205767966627757,-0.5715299077210853,0.0,0.46285467407863007,0.23777408783788215,0.23444052110480193,1.0
2025-12-16 17:54:25.978,0.008274391911127745,-0.5714571619770388,-0.8205784504633654,0.0,-0.9999525900547434,-0.006915164203034583,-0.00526735683851821,0.0,-0.0026644172346541335,0.8205989301310378,-0.5714982911160766,0.0,0.46235970151873845,0.23777537526963904,0.23360907013431145,1.0
2025-12-16 17:54:26.028,0.008194703562739943,-0.5714446892947108,-0.8205879360626737,0.0,-0.9999536126980315,-0.0067536165770465196,-0.005282803847769585,0.0,-0.002523154663069697,0.820608961479209,-0.5714845282512558,0.0,0.4619147940263085,0.23777053794693678,0.2328062798014577,1.0
2025-12-16 17:54:26.078,0.008273625028210226,-0.5714189915147619,-0.8206050390817458,0.0,-0.9999530241860737,-0.0067784966826116115,-0.005361744590917768,0.0,-0.0024987139562346297,0.8206266511623508,-0.571459233743432,0.0,0.4614995071938055,0.2378564614777833,0.23200642867271756,1.0
2025-12-16 17:54:26.129,0.008404954176820457,-0.5714175782720349,-0.8206046885609519,0.0,-0.9999517065190968,-0.006925332102247516,-0.005419530055975696,0.0,-0.0025861950452567115,0.8206264092072039,-0.5714591919873883,0.0,0.4611481032475696,0.23798327847449868,0.23133310007944594,1.0
2025-12-16 17:54:26.179,0.008432689801020011,-0.5714200949687123,-0.8206026515371955,0.0,-0.999951501520685,-0.0069321322657061694,-0.005448582383212053,0.0,-0.00257514623473004,0.8206245993280489,-0.5714618408953911,0.0,0.4609272471721079,0.23796647427471776,0.23074207755127799,1.0
2025-12-16 17:54:26.228,0.008448989647132988,-0.5714890511222431,-0.8205544624962738,0.0,-0.999951281327855,-0.006968065821028218,-0.00544315448090058,0.0,-0.0026070245083112016,0.8205762739643642,-0.5715310857949669,0.0,0.460720464062798,0.2378391706522708,0.23021336989001218,1.0
2025-12-16 17:54:26.278,0.008337813703958039,-0.5714975691672141,-0.8205496671133392,0.0,-0.9999518105767764,-0.007028150155540937,-0.005265788718300616,0.0,-0.0027576139109078326,0.8205698289754751,-0.5715396323446675,0.0,0.46044952573201703,0.23765834406808867,0.22970546036387202,1.0
2025-12-16 17:54:26.328,0.00839227280906241,-0.5715271113089306,-0.8205285355776336,0.0,-0.9999509345429782,-0.007181299547970571,-0.0052253559338401815,0.0,-0.00290608457034523,0.8205479266728527,-0.5715703409951856,0.0,0.46013221976877033,0.23746580673294143,0.22921735564334322,1.0
2025-12-16 17:54:26.380,0.008460556835116168,-0.5715556551469652,-0.8205079517888729,0.0,-0.9999503606881862,-0.007220073127219256,-0.005281439653342582,0.0,-0.0029055466529719636,0.8205277039601123,-0.5715993744158521,0.0,0.4598390701237016,0.23727891339928375,0.22870727601019972,1.0
2025-12-16 17:54:26.428,0.008500745198016062,-0.571579211027378,-0.8204911271632417,0.0,-0.9999499648337772,-0.0072586839622445455,-0.005303417508760812,0.0,-0.0029244188946235612,0.82051095413269,-0.5716233217096651,0.0,0.45948139660140686,0.2371380615301685,0.2280564881960486,1.0
2025-12-16 17:54:26.478,0.008568561151345487,-0.5715049595490753,-0.8205421426543634,0.0,-0.999949701132442,-0.007206856848316265,-0.005422482892172541,0.0,-0.002814608084101464,0.8205631315730951,-0.5715489699792033,0.0,0.45911653906473326,0.23707029454404122,0.2273495439758831,1.0
2025-12-16 17:54:26.528,0.008701500230584453,-0.5714942470403548,-0.8205482047964785,0.0,-0.9999490530602536,-0.007132110035039828,-0.005636593967857738,0.0,-0.002631009715219752,0.8205712457395005,-0.5715381950958334,0.0,0.4587385129789334,0.23714999988432042,0.22655538587595736,1.0
2025-12-16 17:54:26.578,0.008750655917764947,-0.5714487465016616,-0.8205793703499356,0.0,-0.9999486554920951,-0.007150078510326516,-0.0056841585178279905,0.0,-0.002619052086895374,0.8206027773676812,-0.5714929766345463,0.0,0.45832515250531897,0.23728363224349616,0.22562669004310382,1.0
2025-12-16 17:54:26.628,0.008679201696516712,-0.5714829488103131,-0.820556309815596,0.0,-0.9999489732611695,-0.007202994364043111,-0.005560094183854687,0.0,-0.002733016074157878,0.8205784953607901,-0.5715273078117618,0.0,0.45793752616724914,0.23745424701852402,0.22466112021097204,1.0
2025-12-16 17:54:26.678,0.008675997638981617,-0.5715013039797007,-0.8205435597917264,0.0,-0.9999487733724327,-0.007268639162258915,-0.005510391719655383,0.0,-0.0028150931990870284,0.8205651326795005,-0.5715460946248817,0.0,0.4575884181866573,0.23760066502842228,0.22370815534708657,1.0
2025-12-16 17:54:26.728,0.008700371790090006,-0.5714519521695495,-0.8205776726145634,0.0,-0.9999489884386754,-0.007154268737953487,-0.005619952001860008,0.0,-0.002659151844600161,0.8206005084408114,-0.5714960493810515,0.0,0.45735296933429576,0.23767420864552638,0.2228493846770511,1.0
2025-12-16 17:54:26.778,0.008549275522885952,-0.571438788125745,-0.8205884280287055,0.0,-0.9999505795979261,-0.006977088068311087,-0.00555927199072127,0.0,-0.002548583149077274,0.8206112012751382,-0.571481199223305,0.0,0.45711944419421024,0.2377333463411961,0.2219869383800609,1.0
2025-12-16 17:54:26.828,0.008569184880730876,-0.5714930075181167,-0.8205504605626552,0.0,-0.9999503526884559,-0.007006945477131895,-0.005562533102922302,0.0,-0.002570653059027043,0.8205731873895089,-0.57153568207092,0.0,0.4568563380124528,0.23782915225305126,0.22104411067883542,1.0
2025-12-16 17:54:26.878,0.008403284290765591,-0.571502697615406,-0.8205454273424785,0.0,-0.9999517967286043,-0.00690063121104838,-0.005434372947578412,0.0,-0.0025565718085428556,0.8205673394134233,-0.5715441412774374,0.0,0.45663480434661163,0.23797606903710172,0.22006431602111315,1.0
2025-12-16 17:54:26.928,0.008244811912800175,-0.5715276625978024,-0.8205296465474134,0.0,-0.9999530769284719,-0.00682269226315622,-0.005295442641711423,0.0,-0.0025717788304632705,0.8205506028465138,-0.5715681010359742,0.0,0.4564426979587858,0.238146918149151,0.21906417499813782,1.0
2025-12-16 17:54:26.978,0.008214039372135242,-0.5715104863744506,-0.8205419187478724,0.0,-0.999953425352693,-0.006774404741001066,-0.0052916412416167385,0.0,-0.002534503401884568,0.8205629664267653,-0.5715505178209649,0.0,0.4562180862556824,0.23838503383194048,0.21809962977524883,1.0
2025-12-16 17:54:27.028,0.008287208690326333,-0.5715042542807307,-0.8205455236684661,0.0,-0.9999527954105767,-0.006824658417966299,-0.005345829146140747,0.0,-0.0025448278115724372,0.8205668906110851,-0.5715448380348341,0.0,0.45597491382701255,0.23862260061817622,0.21718724235156478,1.0
2025-12-16 17:54:27.078,0.008305555587764319,-0.5715197913186897,-0.8205345165065442,0.0,-0.9999528394770915,-0.00677096643327611,-0.005405528324794778,0.0,-0.0024664927360846726,0.8205565138412891,-0.5715600790872409,0.0,0.4557323434448305,0.23875977375939947,0.21630451900827327,1.0
2025-12-16 17:54:27.128,0.008403896929639283,-0.5714769881119144,-0.8205633269139799,0.0,-0.9999523655114912,-0.006707708670301579,-0.005569582890645799,0.0,-0.0023212559784572128,0.8205868448397583,-0.571517140466157,0.0,0.4554847084244419,0.23894372900896438,0.21560953205484906,1.0
2025-12-16 17:54:27.179,0.008537017286441255,-0.5714770794157796,-0.8205618891585629,0.0,-0.9999511681827692,-0.006808271076715446,-0.00566176616165438,0.0,-0.0023510834518578826,0.8205859530483801,-0.5715182989776303,0.0,0.45516540303161585,0.23915698468185848,0.21502361194891492,1.0
2025-12-16 17:54:27.228,0.00852831534605334,-0.5714934791468125,-0.8205505578763799,0.0,-0.9999509560453371,-0.006900903521595422,-0.005586585344348385,0.0,-0.0024698906925534232,0.8205737575811659,-0.5715353077536792,0.0,0.4548654214498071,0.23933629146777982,0.2144930494045835,1.0
2025-12-16 17:54:27.278,0.008423866380798244,-0.571505197026302,-0.8205434754772806,0.0,-0.9999516887175717,-0.006891390742466131,-0.005465881970901512,0.0,-0.002530954486709331,0.8205656762610982,-0.5715466430760948,0.0,0.4545757181188089,0.2394639967538602,0.21392476797517682,1.0
2025-12-16 17:54:27.328,0.008360405774893396,-0.5714810717999937,-0.8205609271046348,0.0,-0.9999523417733482,-0.00681552914425718,-0.0054414745877445405,0.0,-0.0024829049873586017,0.8205831123292849,-0.571521820180829,0.0,0.4543397870466879,0.2395497460198369,0.21339266291198528,1.0
2025-12-16 17:54:27.378,0.008365763834058917,-0.5714778334133024,-0.8205631278664178,0.0,-0.9999522468829007,-0.006835054004297522,-0.005434417338145529,0.0,-0.002502992436995886,0.8205852052793361,-0.5715187275195189,0.0,0.4541205960924549,0.2396463390464565,0.2128292863250962,1.0
2025-12-16 17:54:27.429,0.008284416009669315,-0.5714943817487327,-0.8205524279302453,0.0,-0.999952857563303,-0.00681038044907323,-0.005352407900337918,0.0,-0.0025294518685318786,0.8205738852531338,-0.5715348639530413,0.0,0.45398337986543624,0.2396500522746655,0.2121809256317719,1.0
2025-12-16 17:54:27.479,0.008251762590694767,-0.5715228220615359,-0.8205329482587357,0.0,-0.9999531858001299,-0.006772920727601417,-0.005338600396839354,0.0,-0.0025063209027250586,0.8205543867430092,-0.5715629595699295,0.0,0.45391854936203724,0.2395940784973125,0.2114769001295376,1.0
2025-12-16 17:54:27.528,0.00826520175326648,-0.571527197216459,-0.8205297655680047,0.0,-0.9999526837673948,-0.006904900292455424,-0.00526302950248529,0.0,-0.0026577628879875777,0.8205502393262505,-0.5715682295562484,0.0,0.45375762601451264,0.239529411869416,0.2108391715526887,1.0
2025-12-16 17:54:27.578,0.008369776824188936,-0.5715302371470414,-0.8205265880907017,0.0,-0.9999514909113412,-0.007062239322172031,-0.005280861781012365,0.0,-0.0027766364081141318,0.8205467827965122,-0.5715726266473496,0.0,0.4535829297518008,0.23946481004686324,0.21026813183251472,1.0
2025-12-16 17:54:27.629,0.00855318438258753,-0.571532990925975,-0.8205227786121085,0.0,-0.9999498765902769,-0.007185444349545573,-0.005418542036230607,0.0,-0.002798999116233165,0.8205437950125577,-0.5715768067988214,0.0,0.4534089963621414,0.23935210787818081,0.20972471887769586,1.0
2025-12-16 17:54:27.679,0.008678887224418747,-0.5715562729759498,-0.8205052410799067,0.0,-0.9999487915911712,-0.007258006278615795,-0.0055210906009688235,0.0,-0.0027996721271069266,0.8205269389209733,-0.5716010009971625,0.0,0.45322364015971206,0.23924794064522298,0.20912505832298298,1.0
2025-12-16 17:54:27.728,0.008578711452440626,-0.5715078489488311,-0.8205400241310012,0.0,-0.9999496523925041,-0.007201487819521403,-0.005438580191872836,0.0,-0.002800971649800008,0.8205611662593074,-0.5715518585264003,0.0,0.4530232028925146,0.23920341142545765,0.2084165895347281,1.0
2025-12-16 17:54:27.778,0.008476913589476569,-0.5715069259063834,-0.8205417250074735,0.0,-0.9999505387373938,-0.0071379611944537595,-0.005358776911808893,0.0,-0.002794470674267302,0.8205623642348238,-0.5715501704443863,0.0,0.45282740187846193,0.2391965522892977,0.2076380942043852,1.0
2025-12-16 17:54:27.828,0.008587148911019502,-0.5715929488852582,-0.8204806570294284,0.0,-0.9999493497505435,-0.00727335330430397,-0.0053984411068630726,0.0,-0.0028819903135113853,0.8205012538888474,-0.5716374607202205,0.0,0.45266655454904314,0.23898698117474343,0.20687352983510626,1.0
2025-12-16 17:54:27.878,0.008603175301668,-0.5716177308511208,-0.8204632240707398,0.0,-0.9999490374202915,-0.0073318669969790005,-0.005377098639542612,0.0,-0.00294193895334249,0.8204834681197641,-0.5716626833521312,0.0,0.4526452086815303,0.2387754356332106,0.20612891391010857,1.0
2025-12-16 17:54:27.928,0.008575549794646356,-0.5716260580238881,-0.8204577116676998,0.0,-0.9999482863178628,-0.007577619123581824,-0.0051721639180462966,0.0,-0.0032606351514278087,0.8204754336221968,-0.571672485852588,0.0,0.45253523078662256,0.23871715102562366,0.20520729216784017,1.0
2025-12-16 17:54:27.979,0.008470351964281883,-0.5716505316114278,-0.820441752805878,0.0,-0.9999489307192215,-0.007580363542906788,-0.005041918608166296,0.0,-0.0033370955487786436,0.8204583566266225,-0.5716965531073632,0.0,0.4525734836079845,0.2386758963145381,0.20427013482100365,1.0
2025-12-16 17:54:28.029,0.008301256902354783,-0.5716767421488282,-0.8204252181162835,0.0,-0.9999503844513619,-0.007475062404862014,-0.004909071075625677,0.0,-0.0033263919878046637,0.8204410597618972,-0.5717214379163323,0.0,0.45258888411709924,0.2386240739943774,0.2033839379256097,1.0
2025-12-16 17:54:28.078,0.008305311111209551,-0.5716356055191275,-0.8204538397809682,0.0,-0.999950660601036,-0.007399616026545344,-0.00496678441445983,0.0,-0.0032319147900159513,0.8204704063692096,-0.5716798640840292,0.0,0.452550137877708,0.23857282544758618,0.20257369796834268,1.0
2025-12-16 17:54:28.128,0.00845007953024163,-0.5716379709303027,-0.8204507134787727,0.0,-0.9999496225195397,-0.007437641821614075,-0.005116718515986643,0.0,-0.0031773691230443284,0.8204684144768194,-0.5716830285843286,0.0,0.45249666607806943,0.23850493934194672,0.20175787307996676,1.0
2025-12-16 17:54:28.179,0.008641122962214063,-0.5716393644456252,-0.8204477527005373,0.0,-0.999948161164966,-0.007502255293267367,-0.005304531037337694,0.0,-0.003122989871913577,0.8204668552792015,-0.571685565956075,0.0,0.4524388604881391,0.23843606126896275,0.20105891299867623,1.0
2025-12-16 17:54:28.228,0.00876261093099011,-0.5715936116983485,-0.8204783401263669,0.0,-0.9999470676387646,-0.007580929853969401,-0.0053979926262995685,0.0,-0.003134590992601612,0.8204980079088786,-0.5716407904942324,0.0,0.45239824424422054,0.2383283162806695,0.20040642278839568,1.0
2025-12-16 17:54:28.278,0.008591410636426378,-0.5715638057881787,-0.8205009143672041,0.0,-0.9999484222643974,-0.007516923063428714,-0.00523407869725774,0.0,-0.003176093456412721,0.8205193604476798,-0.5716099120561913,0.0,0.4523820272547938,0.23815370183391044,0.19988280853854012,1.0
2025-12-16 17:54:28.328,0.008480677956902232,-0.5716402686603621,-0.8204487968474988,0.0,-0.9999487730399227,-0.00760339889764153,-0.005038503980815303,0.0,-0.003358052361195942,0.8204652941787473,-0.571686473980731,0.0,0.45241708714262646,0.2380070677855851,0.19940717369083155,1.0
2025-12-16 17:54:28.378,0.008361400341123452,-0.5716351691381805,-0.8204535741222094,0.0,-0.9999490286384713,-0.007712448758416328,-0.00481717347981004,0.0,-0.003574109184855167,0.8204678293506167,-0.5716815256278815,0.0,0.45255944415839694,0.23797504464309618,0.19890108630467426,1.0
2025-12-16 17:54:28.430,0.008138967421522753,-0.5716656012989411,-0.8204346070236433,0.0,-0.9999506590845023,-0.007632086137653679,-0.004601908176531779,0.0,-0.00363094489319765,0.8204473769641546,-0.5717105192943551,0.0,0.4529095661760447,0.2378114276362312,0.19824004955792723,1.0
2025-12-16 17:54:28.478,0.007999670035330808,-0.5716802086549763,-0.8204257987245022,0.0,-0.999952058653588,-0.007489613977341125,-0.004531332930835198,0.0,-0.003554267604778723,0.8204385115590626,-0.5717237234298956,0.0,0.45350256683175155,0.23762810765528672,0.19746955382379092,1.0
2025-12-16 17:54:28.528,0.007926472793449496,-0.5716872324850383,-0.8204216148687579,0.0,-0.999952626638436,-0.007451243301747791,-0.004468820130519888,0.0,-0.003558462160933146,0.8204339666163566,-0.5717302193947774,0.0,0.4542700036170295,0.23747402221517538,0.19650698547248968,1.0
2025-12-16 17:54:28.578,0.00797558940531105,-0.5716892879509078,-0.820419706563068,0.0,-0.9999516752919186,-0.0076058913570079215,-0.004420904744421141,0.0,-0.0037127107510169463,0.8204311151825979,-0.5717333303377707,0.0,0.45499423178689063,0.23737875630609148,0.19553990170686514,1.0
2025-12-16 17:54:28.629,0.008033895933327845,-0.5716772260235253,-0.8204275426040913,0.0,-0.9999509662727186,-0.00769223713800259,-0.004431866342463595,0.0,-0.003777398882126611,0.8204387151243336,-0.5717220006111519,0.0,0.45574299065166524,0.2373231865789205,0.19457170200626694,1.0
2025-12-16 17:54:28.678,0.008187575832186246,-0.5717074413474977,-0.8204049682998621,0.0,-0.9999499366393005,-0.007732802043806843,-0.004590739463118391,0.0,-0.0037195409159548284,0.8204172786724114,-0.5717531406744778,0.0,0.45643604257590037,0.23728814095034034,0.19371283295135358,1.0
2025-12-16 17:54:28.728,0.008145671588959635,-0.5717292942082042,-0.8203901566204714,0.0,-0.9999502890688119,-0.007706713671718088,-0.0045577249576550394,0.0,-0.003716798722827596,0.8204022952789861,-0.571774657805175,0.0,0.45696209457059095,0.23731374260819285,0.19287273779011974,1.0
2025-12-16 17:54:28.778,0.00803725415589999,-0.5717514523631769,-0.8203757835086553,0.0,-0.999950930897056,-0.007696379817367975,-0.004432655753168388,0.0,-0.003779619027531991,0.8203869497767468,-0.5717962636429277,0.0,0.45723790447076385,0.23734511700409874,0.19211152083549687,1.0
2025-12-16 17:54:28.828,0.007893231296112194,-0.5717492372519256,-0.820378725652217,0.0,-0.9999524121130288,-0.007540652084299433,-0.0043656587919018355,0.0,-0.0036901995109078814,0.8203899397653095,-0.571792557803476,0.0,0.45736239530812367,0.23734109362130212,0.1914384191413639,1.0
2025-12-16 17:54:28.878,0.007934561363783942,-0.5717056188630057,-0.8204087243549035,0.0,-0.9999534139686711,-0.007252569947688387,-0.00461703614469442,0.0,-0.003310549891006501,0.8204229346087883,-0.5717475392402864,0.0,0.4575006122053284,0.2373819932256978,0.1909630239434045,1.0
2025-12-16 17:54:28.928,0.007968756271854354,-0.571677810741919,-0.8204277704527161,0.0,-0.9999539169869788,-0.007072597297248711,-0.004784262856240382,0.0,-0.003067557376207449,0.8204438833808689,-0.5717188332691715,0.0,0.4576056958473244,0.23749180239532403,0.19050774161062659,1.0
2025-12-16 17:54:28.978,0.007960416415157729,-0.57169953397821,-0.8204127141389285,0.0,-0.999953387366998,-0.0072226178931513365,-0.00466945234947061,0.0,-0.0032560665061530424,0.8204274390978431,-0.5717413883971165,0.0,0.45764094584573,0.23770706898911043,0.1899258631193112,1.0
2025-12-16 17:54:29.028,0.007896619414785647,-0.5717363960013475,-0.8203876423925561,0.0,-0.9999534097776114,-0.007305496302919822,-0.004533751107526723,0.0,-0.00340129385532216,0.8204010169186972,-0.5717784559065489,0.0,0.4577420869648116,0.2378250789077281,0.18934068512724506,1.0
2025-12-16 17:54:29.078,0.007805674699401933,-0.5717650620063598,-0.8203685343871733,0.0,-0.9999543359423515,-0.007202011254888358,-0.004494882110093868,0.0,-0.003338351143027972,0.8203819535134875,-0.5718061784914883,0.0,0.4579991013487144,0.23782294008976276,0.188751524178248,1.0
2025-12-16 17:54:29.129,0.007827324687210306,-0.5717694563731025,-0.820365265383814,0.0,-0.999954120831977,-0.007225666066123366,-0.004504762175390079,0.0,-0.0033520645774276015,0.820378682775975,-0.5718107908301702,0.0,0.45828826463658734,0.23786603030250553,0.18810274762345422,1.0
2025-12-16 17:54:29.178,0.007947407546504774,-0.5717436224735312,-0.8203821157091018,0.0,-0.9999527074759695,-0.007406008669862078,-0.004525566071556642,0.0,-0.0034883606837991274,0.8203950794336424,-0.5717864505047379,0.0,0.45848677801035154,0.23788757050595868,0.18743899279309734,1.0
2025-12-16 17:54:29.228,0.007957254181433804,-0.5717158615685817,-0.8204013667943237,0.0,-0.9999524879661804,-0.007444504058048419,-0.0045108835923404105,0.0,-0.0035286055414895526,0.8204140776174527,-0.5717589441277126,0.0,0.45863431672793287,0.23785714433997976,0.18687804726021665,1.0
2025-12-16 17:54:29.278,0.0080366853170186,-0.57168501060476,-0.8204220909020911,0.0,-0.999952220234298,-0.007403000821204514,-0.004636779976166994,0.0,-0.0034228737037612102,0.8204359516027924,-0.5717281987563922,0.0,0.45875717047023296,0.23774736106607236,0.18656328530253669,1.0
2025-12-16 17:54:29.328,0.00814504780397997,-0.5717356380792645,-0.8203857417383456,0.0,-0.9999512816427297,-0.007480023374479719,-0.004714922331023131,0.0,-0.0034408816445053374,0.8203999724021757,-0.5717797177375373,0.0,0.4586848922386944,0.2376037735000907,0.18635174553168635,1.0
2025-12-16 17:54:29.378,0.008150251924986347,-0.5716786976200061,-0.820425369538425,0.0,-0.9999509964318974,-0.00753998449174885,-0.004679772422692424,0.0,-0.0035107359517403177,0.8204391030872565,-0.5717231435392967,0.0,0.4585276421858968,0.2375781584735392,0.18620027448437132,1.0
2025-12-16 17:54:29.429,0.008171805706684332,-0.5716215538691639,-0.8204649703947774,0.0,-0.9999508857709345,-0.007536691099917261,-0.004708634026534377,0.0,-0.003492101575095983,0.8204789486949459,-0.5716660738359638,0.0,0.45845698939995155,0.2375728704406929,0.186002331066195,1.0
2025-12-16 17:54:29.478,0.008120283581141334,-0.571661342933969,-0.8204377593033498,0.0,-0.9999518982585579,-0.00736463530512235,-0.004765523805162997,0.0,-0.0033180230318027373,0.8204527884816836,-0.5717046550412112,0.0,0.45840135741637633,0.23756531690684854,0.18580959685765683,1.0
2025-12-16 17:54:29.528,0.008142573714867282,-0.5716210665114508,-0.8204656005676397,0.0,-0.9999520863858752,-0.007284216451031139,-0.004848919924907722,0.0,-0.0032047659479308866,0.8204815685960742,-0.5716639966530552,0.0,0.4583643746695003,0.23762287666854912,0.18576547302282914,1.0
2025-12-16 17:54:29.578,0.008188395592663366,-0.5716338570571837,-0.820456233168323,0.0,-0.9999518344931936,-0.007278993514177035,-0.004908344764333567,0.0,-0.0031663805131327627,0.8204727035886936,-0.5716769338536458,0.0,0.45837057700193595,0.23765128413892372,0.18576111874850323,1.0
2025-12-16 17:54:29.629,0.008156589867578994,-0.5716412364246193,-0.8204514085318356,0.0,-0.9999520713444507,-0.007266830965444779,-0.004878020384387025,0.0,-0.003173665200216031,0.8204676699556271,-0.5716841176793185,0.0,0.458375487967012,0.23764190904296278,0.18573159056338062,1.0
2025-12-16 17:54:29.678,0.008154646879588619,-0.571703338658362,-0.8204081552510064,0.0,-0.9999513447851002,-0.007451413447023446,-0.00474672532590038,0.0,-0.0033995470953896477,0.8204227416648705,-0.5717472938621077,0.0,0.45830908453410274,0.23761199106295922,0.18550770947942083,1.0
2025-12-16 17:54:29.728,0.008349798591778543,-0.5717558881178434,-0.8203695704786113,0.0,-0.9999498660402631,-0.007531328341994425,-0.0049286307097777095,0.0,-0.003360563669645917,0.8203853901383189,-0.5718011177493626,0.0,0.4583219861080947,0.23743420273530894,0.1852397509206984,1.0
2025-12-16 17:54:29.778,0.008426183121656014,-0.5717515825746197,-0.8203717902040674,0.0,-0.9999501563020762,-0.007337471155766635,-0.005156872084877976,0.0,-0.003071063699455988,0.8203901476414537,-0.5717959200803968,0.0,0.4584027527057571,0.23713341270556892,0.18488381927343833,1.0
2025-12-16 17:54:29.828,0.008366469885159064,-0.5718058183503895,-0.8203345995284549,0.0,-0.9999506732818476,-0.007299497223448467,-0.00511030768867559,0.0,-0.003065985491332768,0.8203526846815367,-0.5718496939482981,0.0,0.4584682070177369,0.23690028921517178,0.18441232975272118,1.0
2025-12-16 17:54:29.878,0.008341041980189472,-0.5718800483578887,-0.8202831122302054,0.0,-0.9999502582849868,-0.0074480263309155935,-0.0049754156379805976,0.0,-0.003264212129245713,0.8202996034014152,-0.5719247376872733,0.0,0.4584701742333774,0.23670135952020166,0.18393487912324094,1.0
2025-12-16 17:54:29.928,0.008254350599228329,-0.5718580577421061,-0.8202993200002174,0.0,-0.9999500523365938,-0.00762154508245165,-0.004748871845775754,0.0,-0.0035363357037151663,0.8203133403928385,-0.5719034165865191,0.0,0.4584494398823888,0.23662926181910565,0.18354241156730464,1.0
2025-12-16 17:54:29.978,0.008268812619754378,-0.5718028500124548,-0.820337658745898,0.0,-0.9999494975829784,-0.007728770018022193,-0.004692046330311968,0.0,-0.0036573460527518833,0.8203508216586795,-0.5718488902007065,0.0,0.45843205923844366,0.23664407855593533,0.18330016949008157,1.0
2025-12-16 17:54:30.028,0.008171395704398999,-0.5717915635726766,-0.8203465018030882,0.0,-0.9999500159688703,-0.00773569183676117,-0.004568537716935567,0.0,-0.003733768299516346,0.8203586233531005,-0.5718372041625933,0.0,0.4584086831455408,0.23661461867595715,0.18309133674702838,1.0
2025-12-16 17:54:30.079,0.00819037717882452,-0.5718288504671837,-0.820320321823284,0.0,-0.9999497033585238,-0.007781125758196543,-0.004559795647139386,0.0,-0.0037756655761045184,0.8203322028493134,-0.5718748301139421,0.0,0.4583743811300296,0.2365397281853839,0.18294954931605514,1.0
2025-12-16 17:54:30.128,0.00833455172006825,-0.5718010652598561,-0.820338237507266,0.0,-0.9999490391717543,-0.007746694501839689,-0.004759693791526257,0.0,-0.003633381687697381,0.8203518966214275,-0.5718475008663918,0.0,0.4583891433561997,0.23643870317381555,0.18286123214306832,1.0
2025-12-16 17:54:30.178,0.008340891175881283,-0.5718312113012969,-0.820317159528735,0.0,-0.9999493129967922,-0.0076758015375252,-0.0048166803099206614,0.0,-0.0035423317791597004,0.8203315494408958,-0.5718772603255573,0.0,0.45840261998551823,0.23624245465589133,0.18257384834643411,1.0
2025-12-16 17:54:30.228,0.008368105833035,-0.5718594369336419,-0.8202972059539843,0.0,-0.9999497495886802,-0.007533475919299007,-0.0049489331494067665,0.0,-0.0033496596148081324,0.8203131924492699,-0.5719047526242039,0.0,0.4584605415735094,0.2360166092708139,0.1823215437457409,1.0
2025-12-16 17:54:30.278,0.008339201305198211,-0.5718944331390634,-0.8202731020625686,0.0,-0.9999499362045021,-0.007530555112907099,-0.004915559531907676,0.0,-0.003365995476499341,0.8202888210199076,-0.5719396123580025,0.0,0.45845557625818867,0.23584066495024195,0.18197662926462513,1.0
2025-12-16 17:54:30.328,0.008403749650155957,-0.571926634326837,-0.8202499916736374,0.0,-0.9999487348243703,-0.007724304253437398,-0.00485898632944457,0.0,-0.0035569452841463277,0.8202645677531788,-0.5719732397839401,0.0,0.4584364575397131,0.23577977248900053,0.1816699206159143,1.0
2025-12-16 17:54:30.378,0.008445976709951262,-0.5718954611831284,-0.820271292839607,0.0,-0.9999480622128997,-0.007820446782374557,-0.0048435926748002615,0.0,-0.0036449295024114097,0.8202853916704419,-0.5719428211814466,0.0,0.4584414246541272,0.2357673878303213,0.1814586901093434,1.0
2025-12-16 17:54:30.428,0.008382497186648716,-0.5718706896310863,-0.8202892142305601,0.0,-0.9999484221896717,-0.007822940330631321,-0.00476460556371427,0.0,-0.0036924063975099213,0.8203026381695193,-0.571917780757971,0.0,0.4584134102039081,0.23569828428318967,0.18120908328483024,1.0
2025-12-16 17:54:30.478,0.008399086941982136,-0.5718676958608079,-0.8202911316542437,0.0,-0.9999489866884773,-0.00767181847626917,-0.004890206862979652,0.0,-0.003496640649897828,0.8203061525952073,-0.5719139703824467,0.0,0.45845337354072163,0.23548180571503963,0.18092861123541842,1.0
2025-12-16 17:54:30.528,0.008334773900317326,-0.5718427631136249,-0.8203091689843613,0.0,-0.9999503529774333,-0.007433531715852891,-0.004978060640940423,0.0,-0.003251188868048119,0.8203257278987217,-0.5718873402326515,0.0,0.45850741311467774,0.23520914069264406,0.18053409159958503,1.0
2025-12-16 17:54:30.578,0.00828563905760153,-0.5718307345317283,-0.8203180518137582,0.0,-0.9999501806796947,-0.007548047093749664,-0.004838392803889759,0.0,-0.0034251235201836114,0.8203330672559606,-0.5718757970882308,0.0,0.4584251575791737,0.23502950232756978,0.17987016648330223,1.0
2025-12-16 17:54:30.628,0.0083431681465467,-0.5717234322942694,-0.8203922570405859,0.0,-0.999948795347392,-0.007789751396777571,-0.004740607311756919,0.0,-0.003680406305976665,0.8204055961739729,-0.5717701569475718,0.0,0.4582529618178719,0.2349407699889907,0.17916587979931073,1.0
2025-12-16 17:54:30.678,0.008536789302313136,-0.5716774450782481,-0.8204223113241271,0.0,-0.9999474238476932,-0.007841038966761167,-0.00494110812388672,0.0,-0.003608312715374988,0.8204371538322797,-0.5717253332597187,0.0,0.4581456410453809,0.23487547669908615,0.17847722738696903,1.0
2025-12-16 17:54:30.728,0.008406469482487666,-0.5715910048741616,-0.8204838824248742,0.0,-0.9999489661941648,-0.007664624315432927,-0.004905654139139852,0.0,-0.0034847400287425783,0.8204990463907383,-0.571637272629087,0.0,0.45806975314098597,0.23492495877452432,0.1776257310537777,1.0
2025-12-16 17:54:30.778,0.008150701480790942,-0.5716521026062753,-0.820443896041895,0.0,-0.999951465415485,-0.007427428945689141,-0.004758887883687506,0.0,-0.0033734254258908853,0.8204586607844537,-0.5716959033828009,0.0,0.45798568713019144,0.2350093442732413,0.17664466080955316,1.0
2025-12-16 17:54:30.828,0.007979224279463501,-0.5716461570487846,-0.8204497242442479,0.0,-0.9999530883133861,-0.007270389284406682,-0.004659346883730305,0.0,-0.0033015547082569704,0.8204642100161734,-0.5716883590025644,0.0,0.4578941539929608,0.23516008167076796,0.1756951452452313,1.0
2025-12-16 17:54:30.878,0.008023154525797918,-0.5716718849972504,-0.8204313693395408,0.0,-0.999952555016099,-0.007340456029016229,-0.004663938600487362,0.0,-0.003356162436737393,0.8204456596078589,-0.5717146629257669,0.0,0.45772659326873605,0.23529761192944149,0.1748093599623083,1.0
2025-12-16 17:54:30.928,0.008045592996080663,-0.5716604755860611,-0.820439099499328,0.0,-0.9999526001640762,-0.007297546696597711,-0.004721243323810513,0.0,-0.0032883077465778415,0.820453992304613,-0.5717030991201516,0.0,0.45762751185880357,0.23538805139219354,0.1740145778805242,1.0
2025-12-16 17:54:30.981,0.00804462348083597,-0.5716861950902425,-0.8204211877307296,0.0,-0.9999528335580687,-0.007240254769272749,-0.004759860425888657,0.0,-0.003218973896465292,0.8204365786138672,-0.5717284833550149,0.0,0.4574719962522553,0.23536829583429775,0.17326986626914934,1.0
2025-12-16 17:54:31.029,0.008230809468901593,-0.571672935151916,-0.8204285806159416,0.0,-0.9999513514042749,-0.0073381918603776675,-0.004918604089852175,0.0,-0.003208691272651269,0.8204449481183577,-0.571716530640301,0.0,0.4572710953044654,0.23527766791974672,0.17277140548633502,1.0
2025-12-16 17:54:31.078,0.008443971824867044,-0.5716773520425166,-0.8204233367004411,0.0,-0.9999497272938257,-0.007420627211059941,-0.005120945030569309,0.0,-0.0031605882929954155,0.8204411289487601,-0.5717222792675882,0.0,0.45709247076933157,0.23502283594412574,0.17235533136866218,1.0
2025-12-16 17:54:31.128,0.00854203505819533,-0.5716387816800909,-0.8204491963659749,0.0,-0.9999487419126027,-0.007515737799612272,-0.005174372806289658,0.0,-0.0032084706438454615,0.8204671379181399,-0.5716846869669883,0.0,0.45688904567520544,0.23483509700360528,0.17189257454318738,1.0
2025-12-16 17:54:31.178,0.008580571383579327,-0.571605611860034,-0.8204719039589689,0.0,-0.9999478237300778,-0.007683920031485626,-0.0051043208793404285,0.0,-0.003386847246040652,0.8204886897349153,-0.5716527261220871,0.0,0.4567337517229812,0.23475653463771867,0.17136371769681605,1.0
2025-12-16 17:54:31.228,0.008519913188829052,-0.5715927301512026,-0.8204815103454544,0.0,-0.9999475994193585,-0.00782367806916182,-0.004933090120885809,0.0,-0.003599534050548011,0.8204963432346436,-0.5716404412681079,0.0,0.4566723853943617,0.23470980381118114,0.1708599633181499,1.0
2025-12-16 17:54:31.278,0.00851596194709744,-0.5716198634259224,-0.820462648162763,0.0,-0.9999473939593105,-0.007875593005566632,-0.004891957686074519,0.0,-0.0036653602783437524,0.8204769433204572,-0.5716678673964013,0.0,0.4567231221007719,0.23463584410586047,0.17040083830442057,1.0
2025-12-16 17:54:31.328,0.008504786587099224,-0.571610219168536,-0.8204694831914311,0.0,-0.9999475306893343,-0.007859815991149823,-0.004889382588466217,0.0,-0.003653988461847227,0.8204838137346064,-0.5716580794214635,0.0,0.45683219699700134,0.23450695712061365,0.16992851047078503,1.0
2025-12-16 17:54:31.379,0.008406723665774133,-0.5716535955847052,-0.8204402723864144,0.0,-0.9999482494857076,-0.007828705731159317,-0.004791306528719198,0.0,-0.0036840887879401115,0.8204538896501489,-0.5717008329954959,0.0,0.45691621363570795,0.23430610629076457,0.16934428956159212,1.0
2025-12-16 17:54:31.428,0.008325559221806568,-0.5717274462616144,-0.8203896386205919,0.0,-0.9999486709498796,-0.007839558039565014,-0.0046844099438427345,0.0,-0.0037533587163743965,0.8204023244191204,-0.5717743771681715,0.0,0.45691166203246597,0.23405791732828676,0.16876553041869574,1.0
2025-12-16 17:54:31.478,0.00835254361681143,-0.571762652531377,-0.8203648280409281,0.0,-0.9999486355153626,-0.007813465582055904,-0.004735291730303619,0.0,-0.0037025006730097908,0.8203780369744292,-0.5718095556553323,0.0,0.4570157415825821,0.23381852804133493,0.16822446735679353,1.0
2025-12-16 17:54:31.528,0.008397220428994333,-0.5717528928449135,-0.8203711739900105,0.0,-0.9999478539006048,-0.007927930736003572,-0.004710020703587048,0.0,-0.0038109512551923693,0.8203837408445134,-0.5718006596782597,0.0,0.45710041893570413,0.23369877007279205,0.16767259601610285,1.0
2025-12-16 17:54:31.578,0.008489088053806281,-0.5717423382419752,-0.8203775843761347,0.0,-0.9999462156977835,-0.008160867341817627,-0.004659705690206417,0.0,-0.004030919217142253,0.820388812618971,-0.5717918745661746,0.0,0.4571537989950931,0.2337066559645735,0.16706653229891452,1.0
2025-12-16 17:54:31.628,0.008430572698974253,-0.5717809018320728,-0.820351310503785,0.0,-0.9999468905228632,-0.008090833225390975,-0.004636965881292323,0.0,-0.003986073850420835,0.8203626288753191,-0.5718297546998009,0.0,0.4573053145582871,0.23370890749970372,0.16645319259321484,1.0
2025-12-16 17:54:31.679,0.008197210617002806,-0.5717639210405989,-0.8203655107545591,0.0,-0.9999494473183542,-0.007827837611400322,-0.004535930693427408,0.0,-0.003828280187594428,0.8203770158570317,-0.5718101923928225,0.0,0.4575592054889139,0.23381249468366666,0.1658094160135686,1.0
2025-12-16 17:54:31.729,0.0082407926594945,-0.5717208632818188,-0.8203950820951107,0.0,-0.999949248971483,-0.007818069647512287,-0.004596103737102697,0.0,-0.003786290391809881,0.8204071171181182,-0.5717672832429352,0.0,0.4578798783736317,0.2341022937928247,0.1652169601267029,1.0
2025-12-16 17:54:31.779,0.008235632998619843,-0.5716960770896526,-0.8204124064704422,0.0,-0.9999491905840656,-0.007836766685016294,-0.004576924666682026,0.0,-0.00381284414698973,0.8204242113754543,-0.571742578096537,0.0,0.4583691632584218,0.23430015533878246,0.1645500159343731,1.0
2025-12-16 17:54:31.828,0.008130347300514875,-0.5717097567537252,-0.8204039239219774,0.0,-0.9999505237704415,-0.0076734681037648,-0.004562323935057505,0.0,-0.0036870892231684006,0.8204162222617738,-0.5717548667241759,0.0,0.45915036259186104,0.2342190938238833,0.1637768658030429,1.0
2025-12-16 17:54:31.878,0.007755884229372751,-0.5716888659989731,-0.820422106999706,0.0,-0.999955416017459,-0.006997253393966247,-0.004577261572088666,0.0,-0.003123992041688083,0.8204368259769149,-0.5717286552680816,0.0,0.4602834761586765,0.23398272815107155,0.16306820853544732,1.0
2025-12-16 17:54:31.928,0.007568254953653901,-0.5715467101050933,-0.8205228982704927,0.0,-0.9999574446257832,-0.006728994480044204,-0.004536129624405079,0.0,-0.002928740477102889,0.8205381090982805,-0.5715843192361352,0.0,0.46144376791831637,0.2339563160451208,0.16234917594647058,1.0
2025-12-16 17:54:31.978,0.00760725921386454,-0.5714855985753898,-0.820565102310225,0.0,-0.9999569744128038,-0.006799283815371097,-0.004534971223467538,0.0,-0.002987641796793527,0.8205800944261141,-0.5715237375893706,0.0,0.4623160141080841,0.23389505664343913,0.16169398763892653,1.0
2025-12-16 17:54:32.028,0.007595025803978488,-0.5715113687638727,-0.8205472672904894,0.0,-0.999957324103711,-0.006720886981090065,-0.004574554704166664,0.0,-0.0029004512683130103,0.8205627919379284,-0.5715490284039265,0.0,0.46297279520950363,0.23358719244277157,0.16102056033461815,1.0
2025-12-16 17:54:32.078,0.007821160840147504,-0.5715868501325153,-0.8204925649266483,0.0,-0.9999546518483309,-0.007100310816679515,-0.004585491729140011,0.0,-0.0032048071624549606,0.8205070182763977,-0.5716274679983692,0.0,0.4632938076876565,0.2335530581865894,0.16035773815503576,1.0
2025-12-16 17:54:32.128,0.00806654189731258,-0.5716870462079587,-0.820420379440349,0.0,-0.9999511359595803,-0.0076155488728613125,-0.004525042510081657,0.0,-0.003661113797151058,0.8204325877004246,-0.5717315500170943,0.0,0.4633267100473416,0.23362440464855805,0.1596688132329467,1.0
2025-12-16 17:54:32.178,0.008243660676179865,-0.5717346373178858,-0.8203854541926311,0.0,-0.9999496045368441,-0.007736505716827965,-0.004656368446613988,0.0,-0.003684780574764997,0.8203982912185074,-0.5717806101625594,0.0,0.46332217800416603,0.23369195114431757,0.15907967357138883,1.0
2025-12-16 17:54:32.228,0.008329751446970282,-0.5716885950401732,-0.8204166700177616,0.0,-0.9999491986739292,-0.007716189708410316,-0.004775708215438168,0.0,-0.003600342063534987,0.8204305680561905,-0.5717348341110783,0.0,0.46317011724396706,0.23369697218962288,0.15858233123952806,1.0
2025-12-16 17:54:32.278,0.008431315528615728,-0.5716372775536902,-0.820451389620781,0.0,-0.9999487357209529,-0.0076841131524713144,-0.004922117058363656,0.0,-0.003490842928448624,0.8204666262187965,-0.5716837668473668,0.0,0.4630719239780273,0.23383571642728676,0.15808117453695505,1.0
2025-12-16 17:54:32.328,0.00839542028776054,-0.5716415414237157,-0.8204487869075795,0.0,-0.999948855980184,-0.007706021615639444,-0.004863080915323192,0.0,-0.0035425252205194464,0.8204634499305977,-0.5716880074332885,0.0,0.4629756312966381,0.2338857723833051,0.15754540035742673,1.0
2025-12-16 17:54:32.378,0.008306435748574542,-0.5716453320316949,-0.8204470515473479,0.0,-0.9999496140379175,-0.007651713109395954,-0.004792449594852274,0.0,-0.003538312143468976,0.8204613171307494,-0.5716910944200995,0.0,0.46302196066990126,0.23389192090042396,0.1570581617533579,1.0
2025-12-16 17:54:32.428,0.00824329386794032,-0.5716091961610642,-0.8204728647990239,0.0,-0.9999497980265811,-0.0076928714724482225,-0.004687009314715276,0.0,-0.0036327246099521465,0.820486108737326,-0.5716549209802967,0.0,0.46297410498759517,0.23384556326385816,0.15659128012243054,1.0
2025-12-16 17:54:32.478,0.008446119008103235,-0.5716508857703333,-0.8204417558686922,0.0,-0.9999477561753608,-0.007886931118584451,-0.004798764278429125,0.0,-0.0037276215332455267,0.8204552200930662,-0.5716986414709618,0.0,0.46294062757906695,0.2337552849931247,0.15633838126924884,1.0
2025-12-16 17:54:32.528,0.008449167153040196,-0.5716322285469486,-0.8204547237733947,0.0,-0.9999472406125789,-0.007994538656720179,-0.004727604484708522,0.0,-0.003856780172982288,0.8204671779409186,-0.5716806233976819,0.0,0.4628678588882711,0.23372189753705225,0.1560689404504534,1.0
2025-12-16 17:54:32.578,0.008415629336521718,-0.5715416271736298,-0.820518185351061,0.0,-0.9999475445511561,-0.007970349396941922,-0.004704102232402772,0.0,-0.0038513005289636283,0.820530530437477,-0.5715897270807344,0.0,0.4628314531313174,0.233733712420034,0.15589647836363565,1.0
2025-12-16 17:54:32.628,0.008421350210559357,-0.571548780962261,-0.8205131435524924,0.0,-0.9999475243235978,-0.007967703159478,-0.004712876688238626,0.0,-0.0038440402499748364,0.8205255730152967,-0.571596892383501,0.0,0.46281547948638535,0.23371265309991848,0.15582527487424933,1.0
2025-12-16 17:54:32.679,0.008547670778764931,-0.5715512654301296,-0.8205101067084326,0.0,-0.9999465695624086,-0.008014838378409642,-0.004833972212101281,0.0,-0.0038134663792841173,0.8205233833151658,-0.5716002404716145,0.0,0.46282328990223276,0.23369183965231488,0.15580249617139275,1.0
2025-12-16 17:54:32.728,0.00843375866282421,-0.5715253124976349,-0.8205293631494891,0.0,-0.9999474141613381,-0.007975852740255186,-0.004722455540005477,0.0,-0.0038454925289253964,0.820541840948228,-0.5715735293385295,0.0,0.462777370045114,0.23368478618022817,0.15558579107923792,1.0
2025-12-16 17:54:32.778,0.008406481888212271,-0.5715293812564919,-0.8205268090221324,0.0,-0.9999475406487478,-0.007982228453629767,-0.004684749795142144,0.0,-0.00387223484270341,0.8205389448997185,-0.5715775062930484,0.0,0.46272840631083584,0.23361734582279955,0.155247048784622,1.0
2025-12-16 17:54:32.828,0.008556985471992282,-0.5715236232394324,-0.8205292639388994,0.0,-0.9999459961596856,-0.008124492200333537,-0.004769097599048422,0.0,-0.00394080753838309,0.820541559274129,-0.5715732844875857,0.0,0.4627575296592075,0.23351687539396856,0.15481536619989136,1.0
2025-12-16 17:54:32.878,0.008633648048856574,-0.5714857736037403,-0.8205548230259275,0.0,-0.9999448713031686,-0.00826368417322962,-0.004765792650044625,0.0,-0.004057301320484041,0.8205665315327664,-0.5715366179294904,0.0,0.4628292191274794,0.23350632279589797,0.1542413997168641,1.0
2025-12-16 17:54:32.928,0.008626041541946886,-0.571503997311136,-0.8205422105936525,0.0,-0.9999443223388015,-0.008381504340648528,-0.004674345792877801,0.0,-0.004206051773862234,0.8205526440045615,-0.5715554807239617,0.0,0.46291793387013946,0.2333619013136425,0.15361385386217474,1.0
2025-12-16 17:54:32.978,0.008608742415855372,-0.5715666815001542,-0.820498729465273,0.0,-0.9999445905599922,-0.008348652114328833,-0.0046757586434935765,0.0,-0.00417763103354008,0.820509315838824,-0.5716178881216478,0.0,0.46310201695897907,0.2331331044769344,0.15305589983668477,1.0
2025-12-16 17:54:33.028,0.008741567632500015,-0.5716021156493413,-0.8204726401786545,0.0,-0.9999435731356268,-0.008398186566168553,-0.004802906241396269,0.0,-0.004145210743961687,0.8204841252719277,-0.5716542813664983,0.0,0.463269612574247,0.23294141616507735,0.15259043062747205,1.0
2025-12-16 17:54:33.078,0.008910408932264477,-0.571550922144092,-0.8205064868178109,0.0,-0.999941575237924,-0.00859344079755688,-0.0048729649256216865,0.0,-0.004265908453622231,0.8205177665413562,-0.5716051056586618,0.0,0.46341607156944015,0.2327935510040754,0.1521302805636187,1.0
2025-12-16 17:54:33.128,0.009011876251682352,-0.5715373643142958,-0.8205148226450881,0.0,-0.9999400499663849,-0.008767897261218183,-0.004875177129948482,0.0,-0.00440792864512844,0.8205253649028007,-0.5715931207740214,0.0,0.4635054054262675,0.2326872665195819,0.15173920412291472,1.0
2025-12-16 17:54:33.178,0.009244933184225462,-0.5714802785822547,-0.820551990615571,0.0,-0.9999381991550331,-0.008848873904544443,-0.005103156123347331,0.0,-0.0043446916628388345,0.820564256551297,-0.571537771739342,0.0,0.4636327275250727,0.23259427030925078,0.15159924436906583,1.0
2025-12-16 17:54:33.228,0.009159180935210356,-0.571418739038121,-0.8205958085329758,0.0,-0.99993923294149,-0.00875297289168693,-0.005065845551363247,0.0,-0.004288016347601664,0.8206081415850794,-0.5714751883328663,0.0,0.46365187314492695,0.2325021988336076,0.15156142828014002,1.0
2025-12-16 17:54:33.279,0.009154887735450668,-0.5714123902098973,-0.8206002773862386,0.0,-0.9999394362364349,-0.008718957592514412,-0.005084342520826631,0.0,-0.004249604524520631,0.8206129246717527,-0.5714686069444738,0.0,0.4636654568436256,0.23248257977191658,0.1515701126878757,1.0
2025-12-16 17:54:33.328,0.009145447571212018,-0.5714121934307406,-0.820600519673611,0.0,-0.9999394094023133,-0.008735356071566548,-0.005061420715986421,0.0,-0.004276162548043992,0.8206128872964447,-0.5714684625041484,0.0,0.46365413655108406,0.23248846748330543,0.15156338554994236,1.0
2025-12-16 17:54:33.379,0.00911825082275232,-0.5714171300498025,-0.8205973847684312,0.0,-0.9999395892456037,-0.008732969692904586,-0.005029910623922716,0.0,-0.004292157635465541,0.8206094751233405,-0.5714732423487805,0.0,0.46363699849509477,0.2324859782307059,0.15155297890902508,1.0
2025-12-16 17:54:33.428,0.009096109542904343,-0.5713969723604305,-0.8206116667886981,0.0,-0.9999398895967416,-0.008701272399022363,-0.005025132147760212,0.0,-0.004269102545056043,0.8206238481949926,-0.5714527754216455,0.0,0.4636375489677919,0.2325002205756263,0.15155531984227003,1.0
2025-12-16 17:54:33.478,0.009091306740072582,-0.5713814624581443,-0.8206225194339712,0.0,-0.9999400835513151,-0.008669425522172548,-0.005041554295367621,0.0,-0.004233756660636329,0.8206349847298747,-0.5714370456506446,0.0,0.4636420292365624,0.23250312120590427,0.15155647594331442,1.0
2025-12-16 17:54:33.528,0.00904752358987582,-0.571295888858222,-0.8206825796809586,0.0,-0.9999406630303451,-0.008608349957023774,-0.00503126531398738,0.0,-0.004190462339276196,0.8206952042810929,-0.5713508744155368,0.0,0.46363042684041833,0.2325754195143626,0.1515533005805292,1.0
2025-12-16 17:54:33.578,0.009062114005787358,-0.5713251661072293,-0.8206620373597777,0.0,-0.9999403394690126,-0.008654156663468485,-0.005016968830708266,0.0,-0.004235898842692319,0.8206743410945397,-0.5713805063440975,0.0,0.46357001664206227,0.23274922426566333,0.15144947428764563,1.0
2025-12-16 17:54:33.628,0.008940112177565416,-0.5713098241281966,-0.8206740559747638,0.0,-0.9999408363611099,-0.008698966063122596,-0.004837216977283497,0.0,-0.004375550424152459,0.820684547894351,-0.5713647936353187,0.0,0.46344499225114766,0.23301678567644354,0.1512309462219219,1.0
2025-12-16 17:54:33.678,0.008869401232219973,-0.5712856132037291,-0.820691677044083,0.0,-0.9999414245684088,-0.00866619557119504,-0.004774032638289735,0.0,-0.004385022838973979,0.8207017485377046,-0.5713400139337836,0.0,0.46334065367078847,0.23330225902072377,0.15101497874663003,1.0
2025-12-16 17:54:33.728,0.008805292289419514,-0.5712699570770651,-0.8207032654194053,0.0,-0.9999424069594628,-0.008550792259349535,-0.004776360231595959,0.0,-0.00428915460420006,0.8207138571558611,-0.5713233478732777,0.0,0.46325458368311867,0.23356585252940903,0.1507765735740946,1.0
2025-12-16 17:54:33.778,0.008782076614861961,-0.571283590995387,-0.8206940237938585,0.0,-0.9999428917231669,-0.008483499836599179,-0.004794833056718689,0.0,-0.0042232294801418544,0.8207050650793086,-0.5713364687169247,0.0,0.46316952924555505,0.2337893422385081,0.15051669578422153,1.0
2025-12-16 17:54:33.828,0.008677414021707146,-0.571295746314819,-0.8206866756745219,0.0,-0.9999443014358779,-0.00832600621638953,-0.004776876344153741,0.0,-0.004104112244165644,0.8206982165227025,-0.5713471743687395,0.0,0.46311595956151824,0.23389906355190923,0.1502635916980259,1.0
2025-12-16 17:54:33.878,0.00858929928367701,-0.5712573918498459,-0.8207143005309067,0.0,-0.999945230008026,-0.008241714065507614,-0.004728428350620461,0.0,-0.004063021173072484,0.8207257654157409,-0.5713078940831235,0.0,0.4630738445304665,0.23395914149907196,0.15007609463395635,1.0
2025-12-16 17:54:33.928,0.008542091347696665,-0.5712245679408716,-0.8207376392961275,0.0,-0.9999453729853153,-0.008266950038374802,-0.004653545264675818,0.0,-0.00412685713025493,0.8207483578070108,-0.5712749795040226,0.0,0.4630094020088429,0.23401715754192437,0.14985894899315863,1.0
2025-12-16 17:54:33.978,0.008613730566233756,-0.5712228576358487,-0.8207380809133176,0.0,-0.9999443211596349,-0.008393744909064055,-0.00465258296073396,0.0,-0.0042314858233375085,0.820748261212146,-0.571274352868187,0.0,0.46296205627001863,0.23403712454825829,0.14968683636264238,1.0
2025-12-16 17:54:34.028,0.008687317878431966,-0.5711636753254637,-0.820778492285218,0.0,-0.9999436654569005,-0.008439148241697291,-0.004711007406198698,0.0,-0.00423599662144337,0.8207889828541085,-0.5712158103186055,0.0,0.4629671906983526,0.23405681328982642,0.14948965761262265,1.0
2025-12-16 17:54:34.081,0.00893875489548404,-0.5711408391497352,-0.8207916833262036,0.0,-0.9999418753692316,-0.00849910193926002,-0.0049757462252756745,0.0,-0.004134219909530615,0.8208042551140148,-0.571194610454674,0.0,0.4630453198093638,0.234081435476132,0.1493229449758822,1.0
2025-12-16 17:54:34.128,0.009102538335700376,-0.571075523265734,-0.820835329054387,0.0,-0.9999403093362104,-0.008609781862454747,-0.005098658852392527,0.0,-0.004155573863745027,0.8208485474645755,-0.5711308022959009,0.0,0.4630344937223778,0.23413685579329296,0.14906751420467565,1.0
2025-12-16 17:54:34.179,0.009116364618005952,-0.5710468770446643,-0.8208551047626468,0.0,-0.9999392823586074,-0.008791067284539022,-0.00498955242083448,0.0,-0.004367008207498017,0.8208665551807913,-0.5711033425089864,0.0,0.4629338960794782,0.23423928847773925,0.1486922344762336,1.0
2025-12-16 17:54:34.228,0.009128918584527005,-0.5710659122552307,-0.8208417226279294,0.0,-0.9999386087443115,-0.008901945334693623,-0.004927576783499443,0.0,-0.00449320352028401,0.8208521175180431,-0.5711231148257527,0.0,0.4628471482719375,0.23434574625185062,0.14838832505055935,1.0
2025-12-16 17:54:34.279,0.009141061146354768,-0.5710144498027712,-0.8208773879324276,0.0,-0.9999384199218969,-0.008922774470787513,-0.00492822088099419,0.0,-0.004510505307027135,0.8208876920390134,-0.5710718452180401,0.0,0.46280917953820017,0.23440826194111142,0.14815990421496164,1.0
2025-12-16 17:54:34.328,0.00914109804535457,-0.5710259514769506,-0.8208693866673167,0.0,-0.9999382282619268,-0.008957521747796356,-0.00490401526760923,0.0,-0.004552723052955454,0.8208793126934516,-0.5710835549240842,0.0,0.46278711859189137,0.23438993965965416,0.148024815285456,1.0
2025-12-16 17:54:34.378,0.009203605897965365,-0.5710228177963735,-0.8208708681001982,0.0,-0.9999375609094402,-0.009010107613307651,-0.004943596310800297,0.0,-0.004573316613287686,0.820880917083283,-0.5710810842110451,0.0,0.4627757120271443,0.23439030411947043,0.1479808946215573,1.0
2025-12-16 17:54:34.428,0.00925355838636295,-0.5710115386528106,-0.8208781525194517,0.0,-0.9999372350182465,-0.009014233892738407,-0.005001650987383845,0.0,-0.004543674717957215,0.8208887178382085,-0.5710701077328418,0.0,0.4627748386012149,0.2343889934850365,0.14794921102976444,1.0
2025-12-16 17:54:34.478,0.00919920001675622,-0.5710105417835926,-0.8208794569193872,0.0,-0.9999378206870985,-0.008967957391629753,-0.004967635349575393,0.0,-0.004525126963689304,0.8208899181446634,-0.5710685296130495,0.0,0.4627956088788443,0.23439843716966619,0.1479047876874109,1.0
2025-12-16 17:54:34.528,0.009121346770103187,-0.5710332334819526,-0.820864540709034,0.0,-0.9999389062700961,-0.008855453879547491,-0.004950915587983257,0.0,-0.004442076268435799,0.8208753544446988,-0.5710901158518815,0.0,0.4628769634237027,0.2344496275274224,0.14780125325190638,1.0
2025-12-16 17:54:34.578,0.009352440941630694,-0.5710291336325537,-0.8208647923333638,0.0,-0.9999367401141297,-0.008993215218163216,-0.005136608917894777,0.0,-0.004449146062120764,0.8208767087722006,-0.5710881141248149,0.0,0.46294128904000803,0.23470515872960432,0.14765311503445347,1.0
2025-12-16 17:54:34.628,0.009550615960101072,-0.5709831469940363,-0.8208944989977568,0.0,-0.9999342642674282,-0.009215655569629121,-0.005223575172984852,0.0,-0.00458259580010545,0.8209062302456661,-0.5710446225642811,0.0,0.46293319040681163,0.23502213735429991,0.1474435442120624,1.0
2025-12-16 17:54:34.678,0.009450162437872622,-0.5709320634978483,-0.8209311909053005,0.0,-0.9999349614703008,-0.009203766989987766,-0.005109834027659831,0.0,-0.00463838061356252,0.8209418931846237,-0.5709929013917159,0.0,0.4628556280721747,0.23512529394159667,0.14715286632014318,1.0
2025-12-16 17:54:34.728,0.009373949333261921,-0.5708905632695934,-0.8209609252241132,0.0,-0.9999359074978547,-0.009119303215396767,-0.005076032556595122,0.0,-0.004588820868723449,0.8209716965054296,-0.5709504499166556,0.0,0.46282445391661703,0.23509176767381218,0.14692222786956297,1.0
2025-12-16 17:54:34.778,0.009431791170668962,-0.5708970682903056,-0.8209557391443558,0.0,-0.9999345574352656,-0.009293935358545191,-0.005024988905359461,0.0,-0.004761249806386119,0.8209652144656218,-0.5709583584970949,0.0,0.46275360584648234,0.23508957464370536,0.14670984922460942,1.0
2025-12-16 17:54:34.828,0.009533760328503369,-0.5708973404361677,-0.8209543720561561,0.0,-0.999932875612476,-0.009473528139782667,-0.005024284541905345,0.0,-0.0049090781775504725,0.8209629724026032,-0.5709603304042491,0.0,0.46274291664309597,0.2350957755262086,0.1465137420188667,1.0
2025-12-16 17:54:34.878,0.009566063054900079,-0.5708839785535367,-0.8209632880767097,0.0,-0.9999327493735322,-0.009461292427880762,-0.005072235906473891,0.0,-0.004871809324024603,0.8209724053726164,-0.5709470860689374,0.0,0.4628228898359401,0.23508993287179225,0.14646351425070167,1.0
2025-12-16 17:54:34.928,0.009631958110731165,-0.5708636959105878,-0.8209766214548777,0.0,-0.9999324126194863,-0.009448625802900536,-0.005161449856250515,0.0,-0.0048107091689192465,0.8209866552015558,-0.5709271136128095,0.0,0.46291031029630175,0.23509877530813156,0.14646298317804396,1.0
2025-12-16 17:54:34.978,0.009634243816819082,-0.5708453840872386,-0.8209893274054051,0.0,-0.9999324177640819,-0.009445177042063227,-0.005166762654683478,0.0,-0.004805059447172313,0.8209994277452433,-0.5709087939817463,0.0,0.4629962914142663,0.23511963854606965,0.14642039742146323,1.0
2025-12-16 17:54:35.028,0.009520051214742215,-0.5708669772783862,-0.8209756450584361,0.0,-0.9999331836269884,-0.009435736836760083,-0.005034089108404078,0.0,-0.004872808720163881,0.8209845217257372,-0.5709296548804758,0.0,0.46297914750896724,0.23511152092273585,0.14634833808767378,1.0
2025-12-16 17:54:35.078,0.009515548886397492,-0.5708655765974213,-0.8209766712195252,0.0,-0.9999331448903848,-0.00944688087389009,-0.005020865720934757,0.0,-0.004889523546933959,0.8209853675397869,-0.5709282957123821,0.0,0.46297599591421096,0.2351161811073917,0.14633864441121747,1.0
2025-12-16 17:54:35.128,0.009535310516305316,-0.5708636319812509,-0.8209777941185384,0.0,-0.9999329380824685,-0.00946126677337381,-0.005034944886839587,0.0,-0.004893317211764445,0.8209865540715748,-0.5709265569934074,0.0,0.46297447739823244,0.23512134963667572,0.14633415954425738,1.0
2025-12-16 17:54:35.178,0.009492586303882462,-0.5708414582391482,-0.8209937071999238,0.0,-0.9999335146930683,-0.009408095142557565,-0.00502004388071986,0.0,-0.004858431279340614,0.8210025832249417,-0.5709038044920323,0.0,0.4629763215000526,0.23513328543642872,0.14631767251975772,1.0
2025-12-16 17:54:35.229,0.00943467172808204,-0.5708473148164573,-0.8209903026451848,0.0,-0.9999345492556487,-0.00929199866893435,-0.005030195507851503,0.0,-0.004757258792701738,0.8209998332530137,-0.5709086111518226,0.0,0.46298640406023645,0.23519847998613455,0.14624688542970654,1.0
2025-12-16 17:54:35.278,0.009413369306153337,-0.570907522793416,-0.8209486803676582,0.0,-0.9999342115441765,-0.00937204896528417,-0.004948149444657889,0.0,-0.004869129234356081,0.8209570561470767,-0.5709691791531523,0.0,0.4629284669424926,0.23542713862631467,0.14609133943455108,1.0
2025-12-16 17:54:35.328,0.009449381146052156,-0.5709208384471501,-0.8209390064578292,0.0,-0.9999326230111201,-0.009597983433702053,-0.004834775415238706,0.0,-0.0051191835104362265,0.820945185433932,-0.5709840597363761,0.0,0.46278082492096895,0.23576010114900084,0.1459036414241017,1.0
2025-12-16 17:54:35.378,0.00950788049970191,-0.5708773367526189,-0.8209685825242332,0.0,-0.9999315125785871,-0.009719353875017423,-0.004821951239821408,0.0,-0.005226642121141437,0.820974009332826,-0.5709416416868913,0.0,0.46268548113153873,0.23614881492661116,0.1457316727319145,1.0
2025-12-16 17:54:35.428,0.009522078553733819,-0.5708765097158084,-0.8209689930660728,0.0,-0.9999320093073023,-0.009627035652184644,-0.004903452704046647,0.0,-0.005104330074513558,0.8209756722031057,-0.5709403571872889,0.0,0.4626483659579695,0.23648551858217462,0.1455657991777101,1.0
2025-12-16 17:54:35.478,0.009417348328241688,-0.5709061451911742,-0.8209495927489256,0.0,-0.9999336252719776,-0.009465797036791092,-0.004887805039813701,0.0,-0.004980560179888769,0.8209569385706492,-0.5709683870697239,0.0,0.4626000960288367,0.2366375046586422,0.1453443891299348,1.0
2025-12-16 17:54:35.528,0.009301908086472315,-0.5708428552294805,-0.8209949184012124,0.0,-0.9999353155257739,-0.009297740204702398,-0.004864534167375155,0.0,-0.004856606391932198,0.8210028690756282,-0.5709034089440531,0.0,0.46258648466928465,0.23662909066834623,0.14518586528231772,1.0
2025-12-16 17:54:35.578,0.009458892110770974,-0.5708362823445078,-0.8209976948934427,0.0,-0.9999337417258637,-0.009404387679169483,-0.004981621392897642,0.0,-0.004877384275274046,0.8210062245363507,-0.5708984063694682,0.0,0.46257626272922137,0.23663413692243387,0.1451569567243145,1.0
2025-12-16 17:54:35.628,0.009555930070541268,-0.5708265261439265,-0.8210033545316074,0.0,-0.9999329217105833,-0.009442417100327753,-0.0050734347190245855,0.0,-0.004856298496771617,0.82101257145452,-0.5708894585456513,0.0,0.46258820341502466,0.23663943205424773,0.1451643267114831,1.0
2025-12-16 17:54:35.678,0.00959190517757624,-0.5708308720450433,-0.8209999133840199,0.0,-0.9999324588335934,-0.009482955173439268,-0.005089030692674006,0.0,-0.004880623514981841,0.8210090825610755,-0.5708942685527032,0.0,0.46258190716027897,0.23663243533151593,0.14512330505179685,1.0
2025-12-16 17:54:35.729,0.009538550958461185,-0.570814417115837,-0.8210119756492766,0.0,-0.999932422646154,-0.009543305112274037,-0.004982205308481237,0.0,-0.004991349264280133,0.8210198240274886,-0.5708778634580198,0.0,0.4625316109588979,0.23663460569122066,0.14495802044880557,1.0
2025-12-16 17:54:35.778,0.00955470344978499,-0.5708086046826274,-0.8210158289359998,0.0,-0.9999315344342721,-0.009671498486597463,-0.004912785579920185,0.0,-0.0051362919545843485,0.8210223650568333,-0.5708729233213301,0.0,0.46248736689454806,0.23663670738830067,0.14475454549971933,1.0
2025-12-16 17:54:35.828,0.009721141312688837,-0.5707836127454513,-0.8210312501567998,0.0,-0.9999297775419186,-0.00979069886662807,-0.005032802587068894,0.0,-0.005165927947615601,0.82103832744143,-0.570849698310001,0.0,0.4625324106182112,0.23664519293314937,0.14463173900910722,1.0
2025-12-16 17:54:35.878,0.009760671895291801,-0.5707641791238375,-0.8210442911405286,0.0,-0.9999291676604087,-0.009848724450142473,-0.005040752907634077,0.0,-0.005209258083674301,0.8210511435664957,-0.5708308709927727,0.0,0.462531947525164,0.236645631602552,0.14452462837674446,1.0
2025-12-16 17:54:35.928,0.009821956703208864,-0.5707511967166617,-0.8210525851090337,0.0,-0.9999286615048437,-0.00986879628583827,-0.005101535279554212,0.0,-0.005191193283061224,0.821059927459701,-0.5708184010980801,0.0,0.46253244250445497,0.23664208043275514,0.1445049235854586,1.0
2025-12-16 17:54:35.978,0.00983802625775834,-0.5707431496804338,-0.821057986523131,0.0,-0.9999286585836514,-0.00985332448057184,-0.0051319237122450095,0.0,-0.005161239824991135,0.821065707142876,-0.5708103591889673,0.0,0.4625390151674888,0.23663687517661178,0.14450617950947073,1.0
2025-12-16 17:54:36.028,0.009872985004233623,-0.5707400693984905,-0.821059708091513,0.0,-0.9999281956115897,-0.009892056763441204,-0.00514759508385517,0.0,-0.005184130273793313,0.8210673826218284,-0.5708077417027947,0.0,0.4625252769350395,0.23663047747777718,0.14445752347607388,1.0
2025-12-16 17:54:36.078,0.009829405232227785,-0.5707355707723438,-0.8210633580602387,0.0,-0.9999281014123484,-0.009949278801515705,-0.005054775804540845,0.0,-0.005284149645374355,0.8210698183424902,-0.5708033209167196,0.0,0.4624800507156016,0.2366244064643578,0.14431091649269134,1.0
2025-12-16 17:54:36.128,0.009870569683720479,-0.5707220915481754,-0.8210722337128464,0.0,-0.9999272311551807,-0.010044318916157714,-0.0050389436445216545,0.0,-0.005371378328296671,0.8210780307757037,-0.5707906934002576,0.0,0.46243307346022516,0.2366048991559896,0.14412934039545927,1.0
2025-12-16 17:54:36.178,0.009914332339320302,-0.5706470254692472,-0.8211238793498665,0.0,-0.9999273061921383,-0.00999048291560991,-0.005130251812054736,0.0,-0.005275962730418555,0.8211308610633886,-0.5707155799753195,0.0,0.4624129481022365,0.236524588406555,0.1439059811481382,1.0
2025-12-16 17:54:36.228,0.010167456529610867,-0.57055708246004,-0.8211832836727827,0.0,-0.999924658070537,-0.010150889782451437,-0.005327712487767402,0.0,-0.005296078876477189,0.8211913939039033,-0.5706282906820327,0.0,0.46235012793608027,0.23649821677608826,0.14363028409728804,1.0
2025-12-16 17:54:36.280,0.010307330960533616,-0.5704831378013067,-0.8212329117333605,0.0,-0.9999230376844574,-0.010259327247049851,-0.005423265947108624,0.0,-0.0053315180611266475,0.8212414185860417,-0.5705559633497398,0.0,0.4622883876371289,0.23645905848552898,0.14333144957139832,1.0
2025-12-16 17:54:36.328,0.010319648615666026,-0.5704721723030481,-0.8212403743006665,0.0,-0.999922343799663,-0.010352743087838264,-0.00537345158670377,0.0,-0.005436790684130831,0.8212478635921133,-0.570545693045217,0.0,0.46222449542244903,0.23638986149714108,0.1429962556177972,1.0
2025-12-16 17:54:36.378,0.010371121992003818,-0.5704791165457775,-0.8212349020316808,0.0,-0.9999210338151975,-0.010498086964963668,-0.0053350918671813356,0.0,-0.005577944317824738,0.8212411945710846,-0.5705539298582081,0.0,0.4621894791581856,0.23632588221303433,0.14265032698845082,1.0
2025-12-16 17:54:36.429,0.01041595110971918,-0.5705225053065979,-0.8212041925138786,0.0,-0.9999205403334623,-0.010527998564165983,-0.0053685348725867,0.0,-0.005582874081965362,0.8212106691494875,-0.5705978166730362,0.0,0.46219306161907264,0.23620076246221855,0.1423878411275279,1.0
2025-12-16 17:54:36.481,0.010363467469813764,-0.5705208041842723,-0.821206038358305,0.0,-0.9999206050079812,-0.010568203947942759,-0.005276707969532071,0.0,-0.0056683103549690144,0.8212113345657869,-0.5705960166688854,0.0,0.4621440834685549,0.23615576461450857,0.14216829466996878,1.0
2025-12-16 17:54:36.528,0.010293277604351295,-0.5705193244357255,-0.8212079491716892,0.0,-0.9999209748989866,-0.0105793087277559,-0.005183539824457542,0.0,-0.005730613117199842,0.8212122196249325,-0.5705941205550517,0.0,0.4621116931858298,0.23615206324222457,0.14208275489440214,1.0
2025-12-16 17:54:36.579,0.0102967781388515,-0.5705142865593941,-0.8212114052378919,0.0,-0.9999212230434181,-0.010540371973008006,-0.005214898583289035,0.0,-0.005680808908134294,0.8212162203134246,-0.5705888606556233,0.0,0.46213020049516956,0.2361403305000132,0.14209533967435717,1.0
2025-12-16 17:54:36.628,0.010289176448052339,-0.57050645081709,-0.8212169441294526,0.0,-0.9999213762863832,-0.010525130916622558,-0.005216298107077282,0.0,-0.0056675932471713045,0.8212218594808399,-0.5705808758603957,0.0,0.46213230581306247,0.2361419341582881,0.14209751902160536,1.0
2025-12-16 17:54:36.681,0.010275334108501975,-0.5705015739218859,-0.8212205054446814,0.0,-0.9999215904253358,-0.01050678634883599,-0.005212230146074468,0.0,-0.005654911768586788,0.8212254824356887,-0.57057578722827,0.0,0.4621352227370686,0.23614034436094647,0.14209559822936238,1.0
2025-12-16 17:54:36.728,0.01028172042400218,-0.5704985746147648,-0.8212225091221336,0.0,-0.9999215091393903,-0.010512681989774581,-0.00521593510259687,0.0,-0.005657676467734972,0.8212274906211224,-0.5705728694436152,0.0,0.46213220265200083,0.2361426551834054,0.1420919857535199,1.0
2025-12-16 17:54:36.779,0.010271759191331619,-0.5704960804958273,-0.8212243664207866,0.0,-0.9999216737652733,-0.010497937776333285,-0.005214071164358245,0.0,-0.005646663852178424,0.8212294119027037,-0.5705702132194425,0.0,0.4621343884780074,0.2361399650750465,0.14209148654023096,1.0
2025-12-16 17:54:36.828,0.010273166759126868,-0.5704937006274804,-0.8212260020787884,0.0,-0.9999217076681842,-0.010491686709448776,-0.005220147999937918,0.0,-0.005638092931916259,0.8212311450754156,-0.5705678033908088,0.0,0.462136834790642,0.23613637317859254,0.14209052641856382,1.0
2025-12-16 17:54:36.881,0.01027290160549663,-0.570493881373432,-0.821225879834098,0.0,-0.9999217113720995,-0.010491393847226327,-0.005220027111261854,0.0,-0.005637919162710871,0.821231023253683,-0.5705679804486257,0.0,0.4621366910190536,0.2361380757408456,0.14209160862890438,1.0
2025-12-16 17:54:36.928,0.010266202793577225,-0.5704951841120671,-0.8212250586083867,0.0,-0.9999217638996881,-0.010489949287821645,-0.005212863405407892,0.0,-0.005640804353434659,0.8212301367001306,-0.5705692279660121,0.0,0.46213361070416886,0.23613877198646155,0.14208800135682984,1.0
2025-12-16 17:54:36.978,0.010255122145527689,-0.5704900590273067,-0.821228757364237,0.0,-0.9999219917952366,-0.010466939211430739,-0.005215401135052299,0.0,-0.005620525193149921,0.821233990658006,-0.5705638809848371,0.0,0.46213833384490943,0.2361371062643134,0.1420883834853161,1.0
2025-12-16 17:54:37.028,0.010111523354432264,-0.5704674369424058,-0.8212462525850717,0.0,-0.9999238348100398,-0.010328912009554495,-0.005136638656873546,0.0,-0.0055524020929877665,0.8212514530853408,-0.570539412868396,0.0,0.46214062216444474,0.23615352516455515,0.14204544069501757,1.0
2025-12-16 17:54:37.078,0.010014943605351661,-0.5704717780674183,-0.8212444205194872,0.0,-0.9999251053600567,-0.010229455440381265,-0.0050881050776300915,0.0,-0.005498368715372331,0.8212496824009853,-0.5705424849191779,0.0,0.4621412466533558,0.23617028900909198,0.14192675194068866,1.0
2025-12-16 17:54:37.128,0.009972658922200532,-0.570477991772119,-0.8212406187463452,0.0,-0.9999255011378699,-0.010209373848701332,-0.005050520864800893,0.0,-0.005503247450732288,0.8212456158996528,-0.5705482912366806,0.0,0.462139260211499,0.23616021112576546,0.1418755076660886,1.0
2025-12-16 17:54:37.178,0.010078720107531637,-0.5704563669489681,-0.821254345321586,0.0,-0.9999247398829888,-0.010224436081608314,-0.0051693692031529025,0.0,-0.0054480678776242875,0.8212604500573707,-0.5705274679872702,0.0,0.4622086767234259,0.2361788757349348,0.14189699761252061,1.0
2025-12-16 17:54:37.228,0.010182839228160268,-0.5704563549676874,-0.8212530692566339,0.0,-0.9999235687716908,-0.010301328441057269,-0.0052427233804279525,0.0,-0.005469358032026582,0.8212594974753369,-0.5705286355033151,0.0,0.46222789065616243,0.2361840857677019,0.14186042531496504,1.0
2025-12-16 17:54:37.278,0.010257771727862021,-0.5704799889899903,-0.821235719621576,0.0,-0.9999219636883842,-0.010468522888170729,-0.005217610881782216,0.0,-0.005620690544758959,0.8212409659098882,-0.5705538394833511,0.0,0.46217142905115655,0.23617228872871743,0.14169754184801567,1.0
2025-12-16 17:54:37.328,0.010240887032606883,-0.5704231696798026,-0.8212753975533669,0.0,-0.9999217264735099,-0.010518094065164043,-0.005163092550021016,0.0,-0.005693213879147444,0.8212798002604544,-0.5704972190991595,0.0,0.46210250436069006,0.2361624845251006,0.14145616946855905,1.0
2025-12-16 17:54:37.378,0.01048240478874274,-0.5703543793686596,-0.8213201251802152,0.0,-0.9999190359128926,-0.010682460125611177,-0.005343553677528413,0.0,-0.005726110491600828,0.8213254540988232,-0.5704311615856903,0.0,0.46204362094100193,0.23614137667614904,0.14119664716237532,1.0
2025-12-16 17:54:37.428,0.010596404594544494,-0.5703231868174342,-0.8213403226977738,0.0,-0.9999179100359596,-0.010736414750115544,-0.005445134418949622,0.0,-0.005712873931538675,0.8213464112111906,-0.5704011183912073,0.0,0.4620019578602145,0.23607064671079786,0.14091310997843204,1.0
2025-12-16 17:54:37.478,0.010572048980843969,-0.5703261934500603,-0.8213385488008701,0.0,-0.9999179364700711,-0.010755688677333116,-0.005402072539255138,0.0,-0.005753229029027169,0.8213440712543177,-0.5704040821830798,0.0,0.46195278181939053,0.2360031570065629,0.14065114357549,1.0
2025-12-16 17:54:37.529,0.010607513640550499,-0.5703388130594426,-0.8213293285117244,0.0,-0.9999167239062102,-0.010894015480988808,-0.005349072871088401,0.0,-0.0058969040812086515,0.8213334849917027,-0.5704178582001457,0.0,0.4619132580607081,0.23598253031364114,0.1404190843866806,1.0
2025-12-16 17:54:37.578,0.01071807239369513,-0.5703252306855083,-0.8213373247752068,0.0,-0.9999153375303174,-0.010985798123751316,-0.005420047271371003,0.0,-0.005931970539926113,0.8213416941606599,-0.570405674199346,0.0,0.46199550570773973,0.23598650644318597,0.14027099567698106,1.0
2025-12-16 17:54:37.628,0.010823065601899233,-0.5702989075726037,-0.8213542257599215,0.0,-0.9999141258826527,-0.011056677940744875,-0.005498875744537911,0.0,-0.00594556078997925,0.8213590210900511,-0.5703805824016852,0.0,0.462115246984046,0.23600104741895075,0.14012187604315296,1.0
2025-12-16 17:54:37.678,0.010831211370815991,-0.5702952318422644,-0.8213566705758388,0.0,-0.9999140875727858,-0.011054402376521296,-0.005510404956945863,0.0,-0.005937163767519595,0.8213616039475928,-0.5703769504871625,0.0,0.4622226336094792,0.23597210604108237,0.13995089491211588,1.0
2025-12-16 17:54:37.728,0.010877565722552425,-0.5702930176371847,-0.8213575953867073,0.0,-0.9999135902899753,-0.011080011324496486,-0.005549072325076087,0.0,-0.005936168546630702,0.8213627962930393,-0.5703752438252079,0.0,0.4623024650785158,0.23592580724813075,0.13974269381854545,1.0
2025-12-16 17:54:37.778,0.01093318787315861,-0.5702567154001107,-0.8213820614337858,0.0,-0.9999128601753033,-0.01112854821248039,-0.00558340146637459,0.0,-0.005956932379965007,0.8213873449738458,-0.5703396746443622,0.0,0.46237495226594877,0.23590948676480447,0.139503012085235,1.0
2025-12-16 17:54:37.828,0.010985957262835343,-0.5702428654017665,-0.8213909727423417,0.0,-0.999912198618802,-0.011170007734938064,-0.005618975148794052,0.0,-0.005970877987374424,0.8213963977272697,-0.5703264910704435,0.0,0.462469273643034,0.23584452455592725,0.1391947078267602,1.0
2025-12-16 17:54:37.878,0.010947357087288336,-0.5702409797967611,-0.8213927971649383,0.0,-0.9999124909940703,-0.011165963711627662,-0.00557481027769331,0.0,-0.005992772270639626,0.8213977617888394,-0.5703242968774849,0.0,0.46255343473366634,0.2357369022574188,0.13876413085057626,1.0
2025-12-16 17:54:37.929,0.010947396447299102,-0.5702415010643903,-0.8213924347570196,0.0,-0.9999119277115758,-0.011242541508651767,-0.005521682873438122,0.0,-0.006085962986144166,0.8213963553222443,-0.5703253356794389,0.0,0.46261057481279244,0.23562082508971696,0.13823389955686502,1.0
2025-12-16 17:54:37.979,0.011004251220938703,-0.5702233643944548,-0.8214042659098768,0.0,-0.9999106953857126,-0.011356276605101323,-0.005512089997192225,0.0,-0.006185090627399766,0.821407381779287,-0.5703083883412794,0.0,0.4626720826449834,0.2355066349935578,0.13763527813659238,1.0
2025-12-16 17:54:38.028,0.010979902427687819,-0.5701971150085429,-0.8214228135861708,0.0,-0.9999104123313941,-0.011414834684324934,-0.005442036530505161,0.0,-0.006273492877732148,0.8214247922341495,-0.5702823458517693,0.0,0.4627280625715398,0.2354135281102116,0.13709568341507336,1.0
2025-12-16 17:54:38.078,0.01098564230430001,-0.5701994191468844,-0.8214211374008621,0.0,-0.9999102586368467,-0.011429979107240714,-0.005438487989376673,0.0,-0.0062879248081953686,0.8214229821698217,-0.5702847940852388,0.0,0.46278289725916877,0.23530816702737548,0.13666716609387267,1.0
2025-12-16 17:54:38.128,0.01087956995499592,-0.5703587305324045,-0.8213119385253488,0.0,-0.9999126957643079,-0.011200887278475236,-0.005466980403974907,0.0,-0.006081399526617608,0.8213155257789959,-0.5704417794080031,0.0,0.4627981519786014,0.23512240019459407,0.1363893544429845,1.0
2025-12-16 17:54:38.178,0.010486592628421162,-0.570885917625864,-0.8209506972606389,0.0,-0.9999201058068576,-0.010525812728559203,-0.0054530881905586375,0.0,-0.005528188477942718,0.8209580983688645,-0.570961679847895,0.0,0.4628673522561589,0.2347523108650442,0.1359957381193064,1.0
2025-12-16 17:54:38.228,0.00868635707085584,-0.5717557512068239,-0.8203661713308067,0.0,-0.9999457529639919,-0.008012828646062424,-0.00500325969469429,0.0,-0.0037128825371716048,0.8203809238727713,-0.5718053464675926,0.0,0.4630916945006162,0.23399361724886286,0.13505331211690258,1.0
2025-12-16 17:54:38.278,0.007645955517469276,-0.5717460019204835,-0.8203833223276638,0.0,-0.9999561265725356,-0.006970192562927195,-0.004461865853561379,0.0,-0.003167236748280434,0.8203972397164245,-0.5717852198833506,0.0,0.4628697922217585,0.23550304364375582,0.1332639915902992,1.0
2025-12-16 17:54:38.328,0.007446605364104156,-0.5718108647266303,-0.8203399477962432,0.0,-0.9999572906190902,-0.006943255604156233,-0.00423733885263859,0.0,-0.0032729365605533886,0.8203522596982668,-0.5718491565913323,0.0,0.46218115446283736,0.2377294060699174,0.1306711650189007,1.0
2025-12-16 17:54:38.378,0.007476683738358978,-0.5717902761866688,-0.8203540248940441,0.0,-0.9999576914675565,-0.0067987565374073725,-0.004374824068250267,0.0,-0.0030759646493352323,0.820367820717834,-0.571827926191217,0.0,0.4617694341372329,0.2395077460851446,0.12822147039047435,1.0
2025-12-16 17:54:38.428,0.007561394013249214,-0.5717195791329366,-0.8204025201435222,0.0,-0.9999568597248232,-0.006898241499408077,-0.00440906505894081,0.0,-0.00313864631947323,0.8204162619865307,-0.5717580834298098,0.0,0.4613338016231752,0.2408925356337556,0.12608576032693636,1.0
2025-12-16 17:54:38.478,0.007760726280054179,-0.5717141190853672,-0.8204044637051026,0.0,-0.9999550917543021,-0.007074379909946732,-0.004529296274644485,0.0,-0.003214452114495104,0.8204185670082246,-0.5717543547763976,0.0,0.4610440498398174,0.24152419431495503,0.12441064665037287,1.0
2025-12-16 17:54:38.528,0.007867675761865853,-0.571747763187214,-0.8203799984578681,0.0,-0.999953481964212,-0.007326376633549642,-0.004483861536676671,0.0,-0.0034468414096753535,0.8203929086661903,-0.571789816885999,0.0,0.46083533012133976,0.2414550069134339,0.12341508095227066,1.0
2025-12-16 17:54:38.578,0.007914458615877543,-0.5718083486683516,-0.8203373212521778,0.0,-0.999953956643774,-0.0071449324359599865,-0.0046670584050019495,0.0,-0.003192653243808477,0.8203522817327982,-0.5718495788413739,0.0,0.4608669117529733,0.24101867781520933,0.12302298193858807,1.0
2025-12-16 17:54:38.628,0.007747986709856808,-0.5716337604723788,-0.8204605776582805,0.0,-0.9999560800646558,-0.006828890017869035,-0.004685200535760275,0.0,-0.0029246725570114896,0.8204766406720604,-0.5716725709721651,0.0,0.4609681333966365,0.24062709919998562,0.12299289176868766,1.0
2025-12-16 17:54:38.678,0.007778281165723412,-0.5716089806566265,-0.82047755513238,0.0,-0.9999555741910324,-0.006920840163455298,-0.004658166691170024,0.0,-0.0030158021662425043,0.8204931343188672,-0.5716484247095371,0.0,0.4609934192520251,0.24046412532995579,0.12299899647060171,1.0
2025-12-16 17:54:38.728,0.007797954741218962,-0.5716027307932832,-0.8204817224976577,0.0,-0.999955027256349,-0.0070369427802837265,-0.00460128267654837,0.0,-0.003143637715185306,0.8204965008777346,-0.5716429039088208,0.0,0.46095013715773164,0.24050610846315593,0.12299223764972196,1.0
2025-12-16 17:54:38.778,0.007802415825226563,-0.571601513189594,-0.8204825283501562,0.0,-0.999955071732878,-0.007018711470459,-0.004619427042121019,0.0,-0.0031183186829948062,0.8204975053021387,-0.5716416009017875,0.0,0.4609638321285696,0.24049725093360114,0.12299907183607839,1.0
2025-12-16 17:54:38.828,0.007903150085860977,-0.5716199171290491,-0.8204687425254589,0.0,-0.9999543605783122,-0.007055286477277852,-0.004716629554084866,0.0,-0.0030925821711247203,0.8204843699044331,-0.5716605939524255,0.0,0.4610496610296506,0.24049501730304612,0.12299825287649957,1.0
2025-12-16 17:54:38.878,0.007976891067581222,-0.5716086319309389,-0.8204758911827603,0.0,-0.9999538547116591,-0.007076152837087131,-0.004792015184545539,0.0,-0.0030667146050833813,0.8204920524838505,-0.5716497066144349,0.0,0.4611580138572271,0.2405132952949929,0.12299736413047127,1.0
2025-12-16 17:54:38.928,0.007945912348205679,-0.5715879571141366,-0.8204905951077384,0.0,-0.9999540976220636,-0.0070593220337907495,-0.004766080410117511,0.0,-0.0030679322387039123,0.8205066007901761,-0.5716288182479335,0.0,0.46118556079923567,0.24055046232162022,0.12302031824382528,1.0
2025-12-16 17:54:38.978,0.007879531295450742,-0.5716064414137962,-0.8204783580461027,0.0,-0.999954828782335,-0.006965804023790907,-0.004750249509425306,0.0,-0.003000075990760177,0.8204945228413789,-0.5716465144924332,0.0,0.46120479414323523,0.2405028632107107,0.1230126241009404,1.0
2025-12-16 17:54:39.028,0.007884930123528627,-0.571610039103195,-0.8204757997495109,0.0,-0.9999547126775866,-0.006988944391740835,-0.004740691023781901,0.0,-0.0030244913885697877,0.8204918196249559,-0.5716502657922669,0.0,0.4611984110593247,0.24050813722437192,0.12300836333369154,1.0
2025-12-16 17:54:39.078,0.007858039913424448,-0.5716170145458571,-0.8204711980268465,0.0,-0.9999548891975362,-0.006983130780904497,-0.004711937568401824,0.0,-0.0030360924463982333,0.8204870094236367,-0.5716571083348078,0.0,0.4611956458019406,0.24049042846498053,0.12299601255914208,1.0
2025-12-16 17:54:39.128,0.007880056656484297,-0.5715621975488396,-0.820509174806376,0.0,-0.9999543985418158,-0.007079752076818367,-0.004671707248352921,0.0,-0.003138890706583433,0.8205243693460951,-0.5716029274542994,0.0,0.4612002001153084,0.2404053667357819,0.12300343004688759,1.0
2025-12-16 17:54:39.178,0.007867542094222952,-0.5715990629787085,-0.820483613416177,0.0,-0.9999546217017403,-0.007040024245816421,-0.004683961694608254,0.0,-0.003098936080201235,0.8204990296807271,-0.571639518305161,0.0,0.4612220215447072,0.24034531729427683,0.12299929052025259,1.0
2025-12-16 17:54:39.228,0.007880638321327994,-0.5716031487259811,-0.8204806413361629,0.0,-0.9999543907646622,-0.007081152317643095,-0.004671249676074751,0.0,-0.0031399078246048527,0.8204958293579685,-0.5716438882600188,0.0,0.46122194630876995,0.2403108801627175,0.12299486467510058,1.0
2025-12-16 17:54:39.279,0.007900641939127989,-0.5715933152395567,-0.820487299555338,0.0,-0.9999540627085596,-0.0071366318032789755,-0.0046570226925234616,0.0,-0.003193654203967733,0.8205021992698326,-0.5716344474978685,0.0,0.4612255699380612,0.24027024479416884,0.12299765287941043,1.0
2025-12-16 17:54:39.328,0.00792728678965177,-0.5715905742988528,-0.8204889520268208,0.0,-0.999953897478649,-0.007140094332906556,-0.0046870962636966105,0.0,-0.0031793296833673157,0.8205040786197694,-0.5716318297917709,0.0,0.46125021905869734,0.2402567220790387,0.12300922510434033,1.0
2025-12-16 17:54:39.378,0.008065831729002408,-0.5715835661683584,-0.820492483905849,0.0,-0.9999529970635415,-0.0071651366731397,-0.004838530903550374,0.0,-0.003113375979737484,0.8205087424617247,-0.5716254984112308,0.0,0.4613532791385529,0.24020675029115182,0.12304363471257602,1.0
2025-12-16 17:54:39.428,0.008045548430598529,-0.5715500226127235,-0.8205160496316048,0.0,-0.9999533257360671,-0.007109410027026155,-0.004852786792684205,0.0,-0.003059833540770939,0.8205325937751967,-0.5715915499473821,0.0,0.4613956695615524,0.24016486988332755,0.12305253006902647,1.0
2025-12-16 17:54:39.478,0.007950569406356358,-0.5715626794029605,-0.8205081589241096,0.0,-0.9999538980922754,-0.007104932739455082,-0.004740097260578445,0.0,-0.0031204526688266114,0.8205238160310334,-0.5716038226787961,0.0,0.46140768503279406,0.24017065940039123,0.1229754970664486,1.0
2025-12-16 17:54:39.528,0.007905646854608468,-0.5715724995902708,-0.820501752198707,0.0,-0.9999541677752894,-0.007101950716034383,-0.004687381578635747,0.0,-0.0031480452107263777,0.82051700105634,-0.5716134539956713,0.0,0.46139639658599396,0.24016564117402317,0.12295012849037275,1.0
2025-12-16 17:54:39.578,0.007906297099799581,-0.5715789629564384,-0.8204972434280448,0.0,-0.9999542204132748,-0.007087255551851507,-0.0046983813841286375,0.0,-0.0031296379398786053,0.8205126256130834,-0.5716198357089168,0.0,0.4614085799150877,0.24015248133533934,0.12294959978841084,1.0
2025-12-16 17:54:39.628,0.007933660498364447,-0.5715555516258854,-0.8205132877278314,0.0,-0.9999538555941676,-0.007141300535482027,-0.004694188985161889,0.0,-0.003176603365628953,0.8205284654470218,-0.571596839198935,0.0,0.46141376302073345,0.24011051779351708,0.12295616859176155,1.0
2025-12-16 17:54:39.678,0.007866702988704379,-0.5715671878282231,-0.8205058267211954,0.0,-0.9999546314763146,-0.007038522362478543,-0.004684132067865831,0.0,-0.0030979120608819106,0.8205212478355448,-0.5716076318518355,0.0,0.4614522179269838,0.2399977381442064,0.12295297105849674,1.0
2025-12-16 17:54:39.728,0.007870563405355835,-0.5715985764694314,-0.8204839233714517,0.0,-0.9999546036612139,-0.007040229638279391,-0.0046875030232536915,0.0,-0.0030970848082433155,0.8204993668504237,-0.5716390443835553,0.0,0.4614674534823256,0.23993472304983884,0.12294578454203038,1.0
2025-12-16 17:54:39.778,0.007867255460965067,-0.5715817935147846,-0.8204956468593496,0.0,-0.9999545215320732,-0.007066737918378323,-0.004665081345898135,0.0,-0.0031318124340385576,0.820510830737168,-0.5716224001855426,0.0,0.46147427355411513,0.2398830351116458,0.12294923215235298,1.0
2025-12-16 17:54:39.828,0.007833646274397033,-0.5715783365056162,-0.8204983766740361,0.0,-0.9999548680507824,-0.007025757515911374,-0.004652686759124841,0.0,-0.00310530746543971,0.820513590914489,-0.5716185827893941,0.0,0.46149465136950296,0.23980775520709702,0.12295134496264148,1.0
2025-12-16 17:54:39.878,0.007824692957762175,-0.5715903553329617,-0.820490089380526,0.0,-0.9999549754189438,-0.007010841156909381,-0.004652111604493629,0.0,-0.003093283117689582,0.8205053457733825,-0.571630483054268,0.0,0.46153217599616303,0.23964112983208827,0.12296516580878783,1.0
2025-12-16 17:54:39.928,0.007759543995740377,-0.5715669401891406,-0.8205070196293325,0.0,-0.999955631221462,-0.006933864994064895,-0.004626446361938528,0.0,-0.0030450197358158227,0.8205223114463023,-0.5716063892869165,0.0,0.4615537222344764,0.23956923180872486,0.12296925081979995,1.0
2025-12-16 17:54:39.978,0.0077680298905216565,-0.5715723800270209,-0.82050314990442,0.0,-0.9999554377918202,-0.006972881663885033,-0.0046095827445922465,0.0,-0.0030866206158819552,0.8205181913665831,-0.571612080356674,0.0,0.46152886395431353,0.23957255244201964,0.12297332344353987,1.0
2025-12-16 17:54:40.029,0.007790809535248321,-0.5715582270821397,-0.8205127928574392,0.0,-0.9999550842671959,-0.007032265347214488,-0.004596041065942423,0.0,-0.0031432191136189116,0.8205275435024901,-0.5715983472048995,0.0,0.461506895032262,0.2395523973410827,0.12299562972403631,1.0
2025-12-16 17:54:40.078,0.00778786276385245,-0.5715526400890122,-0.8205167126281219,0.0,-0.999955032922627,-0.007049872851050391,-0.004580210333654064,0.0,-0.003166768157927386,0.8205312842090038,-0.5715928474130489,0.0,0.46150646184818567,0.23953693323917058,0.12299610498519101,1.0
2025-12-16 17:54:40.128,0.007769255225259538,-0.5715591952782634,-0.8205123228004055,0.0,-0.9999552982704156,-0.0070078342428884785,-0.004586787694741458,0.0,-0.003128453901145956,0.8205270780935914,-0.5715990963003542,0.0,0.4615188107171311,0.2395050132367336,0.12300278949821083,1.0
2025-12-16 17:54:40.178,0.007758611422880905,-0.5715582255477761,-0.8205130990171177,0.0,-0.9999554317093782,-0.006988386707491844,-0.004587368237466832,0.0,-0.0031121747037604307,0.8205279194635646,-0.5715979773839365,0.0,0.46152949783176805,0.23948525087965755,0.12300952220614327,1.0
2025-12-16 17:54:40.229,0.007836896702654396,-0.5715212426159073,-0.8205381156229427,0.0,-0.9999546029723239,-0.007089838882851183,-0.004612274957746661,0.0,-0.003181531176201449,0.820552809738116,-0.5715618639222338,0.0,0.46153044016480477,0.23942134389374709,0.1230516482562975,1.0
