timestamp, data
2025-12-16 17:28:30.628,0.00953772378843969,-0.5627668740754787,-0.826548984736814,0.0,-0.999939783215438,-0.008008956455456712,-0.006085512366745888,0.0,-0.0031951315714616093,0.8265731686456098,-0.5628202093114615,0.0,0.4266393136931082,0.23440548029769484,0.22799477436657736,1.0
2025-12-16 17:28:30.678,0.009510706382035218,-0.5628313105853546,-0.8265054199399393,0.0,-0.9999402680874996,-0.007934690955013791,-0.006103100667410482,0.0,-0.003123109062121581,0.8265300092529043,-0.562883993371796,0.0,0.4265197894656449,0.23449839437395578,0.2278718415097206,1.0
2025-12-16 17:28:30.728,0.009524267059080438,-0.5627994462509021,-0.8265269617731014,0.0,-0.9999403279565451,-0.007891590610649401,-0.006149001951476016,0.0,-0.0030620164709964167,0.8265521196466704,-0.5628518611168728,0.0,0.4264377390551845,0.23461399667235128,0.22779888326658554,1.0
2025-12-16 17:28:30.778,0.009551563349576233,-0.5627559264047373,-0.8265562786859303,0.0,-0.9999402865655359,-0.007846812235760009,-0.0062127081195592895,0.0,-0.0029896511678813567,0.8265821775152516,-0.562808107439862,0.0,0.42645848725899316,0.23462778397942852,0.22783356395954685,1.0
2025-12-16 17:28:30.835,0.009545370389500828,-0.56275743618697,-0.826555322299484,0.0,-0.9999402729437661,-0.007863373009639697,-0.006193933424440763,0.0,-0.003013888745190651,0.8265809922174754,-0.562809718980941,0.0,0.42645067930167213,0.23463310132729756,0.22782601092444368,1.0
2025-12-16 17:28:30.878,0.00953158540809835,-0.5627583174154431,-0.8265548813966049,0.0,-0.9999403727948892,-0.007864284381137688,-0.006176632350979802,0.0,-0.0030243696432767364,0.8265803835717285,-0.5628105566553234,0.0,0.4264476697379313,0.23463197309279124,0.22781609950064838,1.0
2025-12-16 17:28:30.928,0.009545028677843561,-0.5627585687129282,-0.8265545551679718,0.0,-0.9999402899103328,-0.007859427722758303,-0.006196201345865629,0.0,-0.0030093383234908663,0.8265802586722875,-0.5628108206636658,0.0,0.42644859670956187,0.23462990541536075,0.22782474614125153,1.0
2025-12-16 17:28:30.978,0.009598444270328771,-0.56275146123333,-0.8265587756769326,0.0,-0.9999397271694332,-0.00790352574482209,-0.006230827419274509,0.0,-0.0030263795954671006,0.8265846772060846,-0.5628042398868874,0.0,0.4264336157733263,0.23463654967189296,0.2278134852869165,1.0
2025-12-16 17:28:31.028,0.00957774228603157,-0.5627957574346578,-0.8265288556169471,0.0,-0.9999396641911212,-0.00796263072819474,-0.006165337820604898,0.0,-0.0031115780024059893,0.8265539500714916,-0.5628489013079346,0.0,0.42626845315125395,0.23471112250554918,0.22767250949115875,1.0
2025-12-16 17:28:31.078,0.00950160513660699,-0.5628460096333068,-0.8264955147131169,0.0,-0.9999398700535593,-0.008054876155058177,-0.00601017043069889,0.0,-0.003274581615433511,0.8265188368971398,-0.5628995375459489,0.0,0.4260916483393874,0.23483043739617082,0.22754326614885048,1.0
2025-12-16 17:28:31.129,0.009495295917920437,-0.562820971593472,-0.8265126376476163,0.0,-0.9999403426920835,-0.007944885531607045,-0.006077561347793449,0.0,-0.0031460298846770437,0.8265369517697393,-0.5628736713110254,0.0,0.4260980905711837,0.2348518588060784,0.2275423059953257,1.0
2025-12-16 17:28:31.178,0.009512396411447186,-0.5628240228526832,-0.8265103632233793,0.0,-0.9999400123896021,-0.00799824440316747,-0.0060618982141106325,0.0,-0.0031989115367819644,0.8265343593682142,-0.56287717998579,0.0,0.4260881425889603,0.2348510716594706,0.22748868823819596,1.0
2025-12-16 17:28:31.228,0.009709898675311223,-0.5628335207256759,-0.8265015987379962,0.0,-0.9999376279286962,-0.008232246972161137,-0.006141438213482517,0.0,-0.003347422439938497,0.8265255940430366,-0.5628891872782903,0.0,0.4261629513338704,0.23484892020410747,0.22726965557950413,1.0
2025-12-16 17:28:31.278,0.009824321086209994,-0.5628561339941731,-0.8264848468311666,0.0,-0.9999365553704094,-0.008285674283435396,-0.006243375436189443,0.0,-0.0033339262683620354,0.8265096606032918,-0.5629126627329221,0.0,0.42627118764791216,0.23483146431117424,0.22685704580408164,1.0
2025-12-16 17:28:31.328,0.00986978283601265,-0.5628470919636929,-0.8264904629552553,0.0,-0.9999363243564455,-0.008256947487700983,-0.006317986381377335,0.0,-0.0032682910146125442,0.8265161057929178,-0.5629035842297986,0.0,0.4264485237907217,0.23472245857118607,0.2266072569241079,1.0
2025-12-16 17:28:31.378,0.009958554024926548,-0.5628636294978165,-0.826478135640312,0.0,-0.9999357538255748,-0.00822758194259948,-0.006445309757164038,0.0,-0.003172147215256105,0.8265051363323166,-0.5629202404411691,0.0,0.4265665814546574,0.2346117180998369,0.22646963938618395,1.0
2025-12-16 17:28:31.428,0.009980867063921735,-0.5629027996822218,-0.826451188700081,0.0,-0.9999348125874707,-0.00842147011468201,-0.006340056622424243,0.0,-0.0033911636543835005,0.8264765059816529,-0.5629609978226094,0.0,0.42640229911800726,0.23458866026405834,0.22630518743802347,1.0
2025-12-16 17:28:31.478,0.010034082975283297,-0.5627651957314489,-0.8265442508138311,0.0,-0.999934410700803,-0.008418326431692765,-0.006407259768046888,0.0,-0.0033524010602312576,0.8265702433703757,-0.56282359064077,0.0,0.4261576544964126,0.23469063191899853,0.22616241939894416,1.0
2025-12-16 17:28:31.528,0.010149657368195836,-0.562766739039524,-0.826541788893542,0.0,-0.9999340209398863,-0.008284775924367216,-0.006638008442449674,0.0,-0.003112123066247325,0.8265705419987678,-0.5628245319723402,0.0,0.42593690005769164,0.23496671347240405,0.22602184664937966,1.0
2025-12-16 17:28:31.579,0.010069246864593281,-0.5627977192532859,-0.8265216781017228,0.0,-0.9999351560351611,-0.008152733255763737,-0.006630502741641227,0.0,-0.00300683684209799,0.8265507609914889,-0.5628541537881688,0.0,0.42568997417136284,0.23522223925563676,0.22579939814717268,1.0
2025-12-16 17:28:31.628,0.009937333864312664,-0.5628813889229155,-0.8264662959256638,0.0,-0.9999364919727398,-0.0080746584119454,-0.006523711672731052,0.0,-0.003001414927844289,0.8264945495637528,-0.5629367202890926,0.0,0.42547770075451474,0.23541218384628657,0.2256274606781027,1.0
2025-12-16 17:28:31.678,0.009834783934603292,-0.5628834133459609,-0.8264661438354072,0.0,-0.9999376260324049,-0.007983622840284761,-0.006461633866959997,0.0,-0.002961104466257077,0.826494055207575,-0.5629376595742001,0.0,0.42529386171972955,0.23549504862648224,0.22547101261296998,1.0
2025-12-16 17:28:31.728,0.009972308758403544,-0.5628699474208219,-0.8264736670032001,0.0,-0.999936495243716,-0.007995510143731425,-0.006619984778220822,0.0,-0.002881943590351833,0.8265031112726393,-0.5629247742441162,0.0,0.4250576474758108,0.2356177182278611,0.22533690519103988,1.0
2025-12-16 17:28:31.778,0.010128560926873512,-0.5628365236294928,-0.8264945292156666,0.0,-0.9999350065786151,-0.008059615174334903,-0.006765509816304982,0.0,-0.00285340676050324,0.8265252505591356,-0.5628924126847129,0.0,0.4248334115515581,0.23571883354887402,0.22514955642103612,1.0
2025-12-16 17:28:31.828,0.01002049838808361,-0.5627765130151883,-0.8265367099601375,0.0,-0.9999359524511743,-0.00803932915376284,-0.006648840765769285,0.0,-0.0029030451398997874,0.8265663109708692,-0.562831862901279,0.0,0.4247641127092906,0.23568393595840353,0.22484544867786152,1.0
2025-12-16 17:28:31.878,0.010253275042311357,-0.5628207007470908,-0.8265037665145083,0.0,-0.999933630917808,-0.008159804642945698,-0.006848229619841462,0.0,-0.0028898395162666657,0.8265350423607669,-0.5628778487178683,0.0,0.42471760053277513,0.23564130503020866,0.22437636067921643,1.0
2025-12-16 17:28:31.928,0.01017691741388456,-0.5627601513077134,-0.826545939045906,0.0,-0.9999346495484108,-0.008047080022670976,-0.006832864466204391,0.0,-0.0028060714986216898,0.826577375568774,-0.5628161051005759,0.0,0.4247037246140926,0.23558169662720746,0.22352447836925432,1.0
2025-12-16 17:28:31.978,0.010100402795565741,-0.562840808292211,-0.8264919559714701,0.0,-0.9999354311800358,-0.008002956848109255,-0.0067700113509049226,0.0,-0.002803994783646883,0.826522883329464,-0.5628961369080466,0.0,0.4246461547371241,0.23565196536437966,0.22237028540022638,1.0
2025-12-16 17:28:32.028,0.009941092424291585,-0.5627662445922176,-0.8265446603361443,0.0,-0.9999372581970588,-0.007843699523703354,-0.0066860263489186035,0.0,-0.0027205503979981695,0.8265751819734665,-0.5628197465894942,0.0,0.42451691978047706,0.23598782714031522,0.22092325025951923,1.0
2025-12-16 17:28:32.078,0.00986533570928912,-0.5626666180798318,-0.8266133914661413,0.0,-0.9999381432949618,-0.007758916283706975,-0.006652496007906031,0.0,-0.002670538088952439,0.82664380444666,-0.5627191917788726,0.0,0.42434578193739986,0.2364782587216404,0.21945090422753977,1.0
2025-12-16 17:28:32.128,0.009802371398031333,-0.562712502752714,-0.8265829054982688,0.0,-0.9999387963909437,-0.007713337966873455,-0.006607177222368778,0.0,-0.0026578232481519154,0.8266129965079787,-0.5627645066807979,0.0,0.4242593600515077,0.23697420902552166,0.2179251407131125,1.0
2025-12-16 17:28:32.178,0.009600345281453045,-0.5627518564352538,-0.8265584845311071,0.0,-0.9999404419955372,-0.007695649948476157,-0.006374663508600957,0.0,-0.0027736044357592232,0.8265863696769677,-0.5628030566571977,0.0,0.4242537007763426,0.23735852416647504,0.21656054958640333,1.0
2025-12-16 17:28:32.228,0.009431837801335722,-0.5628494403090271,-0.8264939775223487,0.0,-0.9999411120251879,-0.00786465159974282,-0.006055298362089775,0.0,-0.0030919254176381256,0.8265183325969185,-0.5629013109581655,0.0,0.42426417542595274,0.23760442106931104,0.21517219048427141,1.0
2025-12-16 17:28:32.278,0.009299133603189668,-0.5628361437721857,-0.8265045361515531,0.0,-0.99994171201627,-0.007956295755384748,-0.00583239479388126,0.0,-0.0032932953441844152,0.8265265102835685,-0.5628881611867868,0.0,0.42447188665707486,0.23767022946298624,0.21388219837712064,1.0
2025-12-16 17:28:32.328,0.00939629073887539,-0.5628240603009815,-0.8265116658389497,0.0,-0.9999406629801446,-0.008046008885841532,-0.005888901514411932,0.0,-0.0033357689704275055,0.8265338702688441,-0.5628771037658056,0.0,0.4248892226818375,0.2377109496442594,0.21257765801224124,1.0
2025-12-16 17:28:32.378,0.009464445202845069,-0.5628828985433433,-0.8264708184235274,0.0,-0.9999395012224909,-0.008210521182776034,-0.0058590219347427405,0.0,-0.0034878800648550767,0.826492182877057,-0.5629373911331267,0.0,0.42535761097739705,0.23775516531554003,0.21113358405588234,1.0
2025-12-16 17:28:32.428,0.009401271317858534,-0.5628738795899071,-0.8264776818972325,0.0,-0.9999400755195329,-0.008180018010670845,-0.005803410768173409,0.0,-0.0034940812612929443,0.8264986277504591,-0.5629278903400926,0.0,0.4259638282945122,0.23782755842599287,0.20957168491082834,1.0
2025-12-16 17:28:32.478,0.009448604930409051,-0.5629000113055989,-0.8264593444557536,0.0,-0.9999392300572896,-0.008299807635292514,-0.005778952055570947,0.0,-0.0036065508372368914,0.8264796358977027,-0.5629550641369694,0.0,0.4267006121698971,0.2378482529381279,0.20802021886186028,1.0
2025-12-16 17:28:32.528,0.009332694294666431,-0.5629177253537049,-0.8264485962242428,0.0,-0.9999399747568887,-0.008312451985594724,-0.005630002343566084,0.0,-0.003700657410822515,0.826467443596426,-0.5629723526159314,0.0,0.4276054274379766,0.23774847718225472,0.2062971883326951,1.0
2025-12-16 17:28:32.579,0.009185719475115602,-0.5629843246591342,-0.8264048763451431,0.0,-0.9999409248465991,-0.00832056417835202,-0.005446276699747277,0.0,-0.0038100597566757795,0.8264219955045726,-0.5630383368749331,0.0,0.42867160223952466,0.23756564628034602,0.20476327171543654,1.0
2025-12-16 17:28:32.628,0.009329830482695277,-0.5630061777355204,-0.8263883741897703,0.0,-0.9999394728886511,-0.00842728971893726,-0.00554781473804371,0.0,-0.0038408342271686706,0.8264060263365509,-0.5630615664623818,0.0,0.42977498058781644,0.23733520597712407,0.20355609442104416,1.0
2025-12-16 17:28:32.679,0.009294958231366425,-0.5629736453324133,-0.8264109300546669,0.0,-0.9999408682941799,-0.008168039496752967,-0.0056824244006718014,0.0,-0.00355117030909564,0.8264307922178088,-0.5630271173431002,0.0,0.4308858219102181,0.23707087382323883,0.20273302646158828,1.0
2025-12-16 17:28:32.728,0.00915479925662912,-0.562741376039853,-0.8265706746821786,0.0,-0.9999434933754904,-0.007759126498791167,-0.005792487652515561,0.0,-0.003153854674255333,0.8265929115000747,-0.5627914461490361,0.0,0.43214175906401353,0.23678558016563878,0.20218056939950185,1.0
2025-12-16 17:28:32.778,0.008977027181068046,-0.5626932517909253,-0.8266053860658983,0.0,-0.9999455090396651,-0.007550637166336145,-0.005719591855696022,0.0,-0.003023079813378614,0.8266276036190633,-0.5627412068823882,0.0,0.4331428973413551,0.2366208758971594,0.20155761786419496,1.0
2025-12-16 17:28:32.828,0.008871118455207553,-0.5627259879754056,-0.8265842441128828,0.0,-0.9999463082026215,-0.0075308713477192524,-0.0056047827701143985,0.0,-0.003071001805066861,0.8266054987283297,-0.5627734165896631,0.0,0.4339512458839737,0.23649923314940174,0.20078991359132406,1.0
2025-12-16 17:28:32.878,0.008907100915907936,-0.5627570493240046,-0.8265627101984593,0.0,-0.9999457431997736,-0.0076164780187932156,-0.005589885548921492,0.0,-0.0031498098594111507,0.826583567520395,-0.5628051924095104,0.0,0.43472968557585595,0.23641993840995962,0.200066071771407,1.0
2025-12-16 17:28:32.929,0.00913741600381381,-0.5627913922246854,-0.8265368130747605,0.0,-0.9999424707687558,-0.008042879122623471,-0.0055780058715453875,0.0,-0.003508549538125258,0.8265561453745534,-0.5628433428794364,0.0,0.4353847455379581,0.2364869080157467,0.19933842535783064,1.0
2025-12-16 17:28:32.978,0.009360774976646658,-0.5628963837239888,-0.8264628146405021,0.0,-0.9999395353428557,-0.008367379325480541,-0.0056266795488675875,0.0,-0.003748162461812259,0.8264814252594251,-0.5629515121032267,0.0,0.43606330499248835,0.2366405605363779,0.1986223310933899,1.0
2025-12-16 17:28:33.028,0.009402131168108526,-0.5629433211360122,-0.8264303745743272,0.0,-0.9999389033226407,-0.008444328601312058,-0.005624041037869262,0.0,-0.0038127067153667796,0.8264486720938349,-0.5629991613331582,0.0,0.43687653689072176,0.2368062281666739,0.19786507214721677,1.0
2025-12-16 17:28:33.079,0.009344520578809362,-0.5629783858748101,-0.8264071417129417,0.0,-0.9999392812855804,-0.008447064913486936,-0.0055522731950835,0.0,-0.003854979190009632,0.826424757902348,-0.5630339764716602,0.0,0.4377512299633851,0.23698529760720496,0.19696117073078484,1.0
2025-12-16 17:28:33.129,0.009255800184184681,-0.5629887311248607,-0.8264010925032578,0.0,-0.9999401511406465,-0.00838758258485887,-0.00548538935822951,0.0,-0.0038433690138366455,0.8264183161218188,-0.5630435110122494,0.0,0.4386376212701966,0.23716314441395422,0.19617377489009125,1.0
2025-12-16 17:28:33.178,0.009386424848917645,-0.56294315940631,-0.8264306632787808,0.0,-0.9999389255803778,-0.008462528654037973,-0.005592639729823404,0.0,-0.003845428926067189,0.8264485960946609,-0.562999050345148,0.0,0.43968293020531035,0.2373896984583026,0.1955033418263748,1.0
2025-12-16 17:28:33.228,0.009444866631696507,-0.562821805857311,-0.8265126473606035,0.0,-0.9999385946907922,-0.00844708996385422,-0.005674541404807796,0.0,-0.003787943977311992,0.8265314036734618,-0.5628778643915586,0.0,0.4406834829433984,0.23759276873625276,0.19510746624131922,1.0
2025-12-16 17:28:33.278,0.009514409792145984,-0.5626995111855726,-0.8265951143208102,0.0,-0.999938564914569,-0.008344862427054942,-0.005828942346110845,0.0,-0.003617949159729903,0.8266157062393354,-0.5627551729147606,0.0,0.441516046555316,0.23777603151165974,0.19491482997141785,1.0
2025-12-16 17:28:33.328,0.009519264170708095,-0.5625989040542103,-0.8266635371587753,0.0,-0.9999392507215117,-0.008174665884789104,-0.0059511852081860364,0.0,-0.003409633585473983,0.8266858851144816,-0.5626533762018128,0.0,0.44224603282482816,0.23797775016049447,0.19485313119347877,1.0
2025-12-16 17:28:33.378,0.009427919429912869,-0.562542184812337,-0.8267031822504337,0.0,-0.9999409623445723,-0.007909620145724147,-0.00602134833483082,0.0,-0.0031517063771845833,0.8267270614775675,-0.5625943765872338,0.0,0.44302915418256555,0.23820300440491626,0.19482734465587392,1.0
2025-12-16 17:28:33.428,0.00931777037957891,-0.562504455552978,-0.8267301032014074,0.0,-0.9999422861773148,-0.0077697910984812,-0.005983440647273521,0.0,-0.0030578670464889435,0.8267540593504349,-0.5625552193311371,0.0,0.4438774361516516,0.23848517490310495,0.1946873405406205,1.0
2025-12-16 17:28:33.481,0.009214782626350402,-0.5624711955767929,-0.8267538864914821,0.0,-0.9999433779358029,-0.007674189351630554,-0.00592407303632692,0.0,-0.003012603430656513,0.8267775810555852,-0.5625208935536926,0.0,0.4448487788836814,0.23876296100969063,0.19442009568834037,1.0
2025-12-16 17:28:33.528,0.009222296767777607,-0.562597040941618,-0.826668171437168,0.0,-0.9999431562286811,-0.007720803167870307,-0.005900882228515033,0.0,-0.00306278232415266,0.8266915165612158,-0.562647097042322,0.0,0.44552777578709285,0.2384518299530106,0.19424770950611359,1.0
2025-12-16 17:28:33.578,0.009354426052082776,-0.5626665758012594,-0.8266193598570808,0.0,-0.9999419926668773,-0.007778384612572854,-0.006021207139902235,0.0,-0.0030418898713743922,0.8266436502613065,-0.5627175333936851,0.0,0.4464000265290979,0.23792800180412133,0.19416996920780807,1.0
2025-12-16 17:28:33.628,0.00920429644538699,-0.5626593320329918,-0.8266259758224036,0.0,-0.9999433038740186,-0.0077160273555117835,-0.005882079612606421,0.0,-0.003068720738811928,0.8266491652944543,-0.5627092859292522,0.0,0.4472585291910553,0.23756008435181028,0.19388172064343479,1.0
2025-12-16 17:28:33.678,0.00911101003316619,-0.5626589600332037,-0.8266272624900158,0.0,-0.9999441990017837,-0.007652514990867862,-0.005812469200251408,0.0,-0.003055398468514944,0.8266500089031048,-0.5627081191174474,0.0,0.4479221191873994,0.23712018181911784,0.19360188968846437,1.0
2025-12-16 17:28:33.729,0.009048571335805285,-0.5626222501236792,-0.8266529343828384,0.0,-0.9999448701451559,-0.007588775508493243,-0.005780489415036696,0.0,-0.00302110974668888,0.8266755823640431,-0.5626707335724584,0.0,0.44854000975782105,0.23679406943336437,0.1931451435148854,1.0
2025-12-16 17:28:33.778,0.009010988857353797,-0.5626464525217197,-0.8266368721789183,0.0,-0.9999453740277074,-0.007522370423526601,-0.005780121539195514,0.0,-0.002966160986892967,0.8266597167080194,-0.5626943350178826,0.0,0.4489337065298864,0.23646662484953612,0.1925318010044709,1.0
2025-12-16 17:28:33.828,0.00918066311731502,-0.5628121121858611,-0.8265222251717279,0.0,-0.9999430942593287,-0.007816294137230242,-0.005784521609260639,0.0,-0.0032048037004097267,0.8265442105938547,-0.5628626805598532,0.0,0.4492579539100681,0.2361708198754545,0.19160958379190507,1.0
2025-12-16 17:28:33.879,0.009310727439773986,-0.5629025135064596,-0.8264592050088502,0.0,-0.9999410965658334,-0.008087820334507919,-0.00575651475842563,0.0,-0.0034439632443216055,0.8264800333651268,-0.5629554987438622,0.0,0.4496442033617831,0.23588914527732127,0.1905046097789027,1.0
2025-12-16 17:28:33.929,0.009471878477608374,-0.5630054046991066,-0.8263872849329841,0.0,-0.9999395057509968,-0.008197770786172115,-0.0058760780966366725,0.0,-0.003466336553367309,0.8264088616839088,-0.5630598350452684,0.0,0.4502380841276121,0.23557001923162962,0.1894929575110127,1.0
2025-12-16 17:28:33.978,0.009639119928440678,-0.5629848382662731,-0.8263993623851074,0.0,-0.9999375390288997,-0.008378353911399988,-0.005955512385316526,0.0,-0.003571071907377747,0.8264210617428788,-0.5630412739339857,0.0,0.4510621654575481,0.23517713244925656,0.1883260005644795,1.0
2025-12-16 17:28:34.028,0.009352377977823012,-0.5629079840146467,-0.826455008733043,0.0,-0.9999406161055832,-0.008133246591252849,-0.005775938320391168,0.0,-0.0034705074048993877,0.8264758615958253,-0.5629614602952767,0.0,0.45213253908717876,0.23465248628616045,0.18703447269093296,1.0
2025-12-16 17:28:34.078,0.009179689840754712,-0.5628765000828814,-0.8264783880114965,0.0,-0.9999423746898937,-0.007997845454935761,-0.005659387672140738,0.0,-0.003424576027354243,0.826498626021308,-0.5629283200052408,0.0,0.4531574908887532,0.23406504640372577,0.18563041181084114,1.0
2025-12-16 17:28:34.129,0.00913833917977155,-0.5629222012056263,-0.8264477194886898,0.0,-0.9999425700197181,-0.008018803061798833,-0.0055948512961123634,0.0,-0.0034777224533609013,0.8264672963177639,-0.5629739901307544,0.0,0.45430298236395034,0.23354101222475673,0.18405676212330033,1.0
2025-12-16 17:28:34.178,0.009320319253982662,-0.5629756321769016,-0.8264092909238318,0.0,-0.9999407099642181,-0.008164186396924083,-0.005715725495561391,0.0,-0.0035292132653302857,0.8264294768021501,-0.5630291862117385,0.0,0.45536905554222723,0.23308751733008268,0.1826123552028894,1.0
2025-12-16 17:28:34.228,0.009603086216948086,-0.5630556986618958,-0.8263515038049382,0.0,-0.999938185906853,-0.008288272673145107,-0.005972922451859049,0.0,-0.003486005679625713,0.8263736923797202,-0.5631113285196002,0.0,0.45650602647267285,0.23265577178978147,0.18118812179673266,1.0
2025-12-16 17:28:34.278,0.009541958668201974,-0.5630767000173884,-0.8263379017227219,0.0,-0.9999382738475258,-0.00836955270344188,-0.005843456475691241,0.0,-0.0036258342388372374,0.8263585630466269,-0.5631326474336098,0.0,0.4573759048780031,0.23227387538716904,0.17981212373442015,1.0
2025-12-16 17:28:34.329,0.009520457382444362,-0.5631307465933443,-0.8263013191528016,0.0,-0.9999384074476091,-0.008374040540502042,-0.005814091276683579,0.0,-0.003645457370206073,0.8263216872068058,-0.5631866297172367,0.0,0.45812348213127835,0.23196671551546372,0.1786976655576276,1.0
2025-12-16 17:28:34.378,0.00939781350191,-0.56297916046268,-0.8264060097115266,0.0,-0.9999400137182975,-0.008201029981559811,-0.005784373215948351,0.0,-0.0035209666751873296,0.8264267084235974,-0.5630333013222313,0.0,0.45841280778421145,0.23166510973663573,0.17829260306183484,1.0
2025-12-16 17:28:34.428,0.009725159899279641,-0.5629035703269167,-0.8264537123634642,0.0,-0.9999378309781652,-0.008153204317405998,-0.006213399974989024,0.0,-0.0032407633407243084,0.8264786711283544,-0.562958705077805,0.0,0.45858780757868123,0.23167153010500782,0.17846663200729798,1.0
2025-12-16 17:28:34.478,0.00961443139998747,-0.5628668791897923,-0.8264799972904409,0.0,-0.9999392702939406,-0.007994895961578175,-0.006187427881883518,0.0,-0.003124983536191562,0.8265052067904525,-0.5629204007905293,0.0,0.45861833602779106,0.23169752268584148,0.178615534757698,1.0
2025-12-16 17:28:34.528,0.009446627547574808,-0.5628970543038431,-0.8264613810609919,0.0,-0.9999405895269428,-0.007973702774279313,-0.005998698340947035,0.0,-0.003213369648547717,0.8264848604630449,-0.5629497754514897,0.0,0.4585871659796306,0.2316800434031321,0.17853257227465097,1.0
2025-12-16 17:28:34.578,0.009534971801862675,-0.5629081793374419,-0.8264527892438578,0.0,-0.9999386532895169,-0.008292260006766531,-0.005888546742227068,0.0,-0.0035385184135615574,0.8264741483994371,-0.5629635520305573,0.0,0.4583647844490158,0.23179657742800006,0.17840424031570987,1.0
2025-12-16 17:28:34.629,0.009649608335526194,-0.5629346502421025,-0.8264334283637012,0.0,-0.9999380183981835,-0.008246339532872153,-0.006058394789938556,0.0,-0.003404635849290383,0.8264565776830187,-0.5629901719028549,0.0,0.45816112786205476,0.2319295403735372,0.17822691311967437,1.0
2025-12-16 17:28:34.678,0.009795289808423348,-0.5629004637584865,-0.8264550000449258,0.0,-0.9999367081520617,-0.008302202081848722,-0.00619677592132981,0.0,-0.0033732933283529085,0.8264793036844454,-0.5629569978900655,0.0,0.4578750805842198,0.23210865500882744,0.17800762387473584,1.0
2025-12-16 17:28:34.728,0.009782545921559827,-0.562869816288696,-0.826476024218265,0.0,-0.9999367796469755,-0.008307817324851599,-0.006177684172972031,0.0,-0.0033890451266652415,0.8265001202798259,-0.5629263411411503,0.0,0.45742707172620517,0.23236095541419208,0.1777199546506013,1.0
2025-12-16 17:28:34.782,0.00966272793830981,-0.5628503497764847,-0.8264906910222807,0.0,-0.9999379075700063,-0.008249253156674694,-0.006072703523393194,0.0,-0.0033999730996650385,0.826513964043907,-0.5629059490033381,0.0,0.45684997161935703,0.2326559773435252,0.17725246080014623,1.0
2025-12-16 17:28:34.828,0.009646474871701626,-0.5628553748510962,-0.8264874587221452,0.0,-0.9999381182614581,-0.008227039994219582,-0.006068143198395919,0.0,-0.0033841235179091424,0.8265107633255765,-0.5629107440926923,0.0,0.45643058407899323,0.23290205307954573,0.17694443974478113,1.0
2025-12-16 17:28:34.878,0.009727977802356395,-0.5628842600110245,-0.8264668312648284,0.0,-0.9999375190743601,-0.008226243034391904,-0.006167152840742051,0.0,-0.0033273878132385557,0.8264910992929241,-0.5629399535296055,0.0,0.45614234996320263,0.23303705590538581,0.17669474243067015,1.0
2025-12-16 17:28:34.928,0.00977541905298533,-0.5628636028618412,-0.8264803401514971,0.0,-0.9999375232518685,-0.008134282508498097,-0.006287284167230814,0.0,-0.003184002457842058,0.826506077988061,-0.5629187909256022,0.0,0.456083558702944,0.23299942960596876,0.1766191824651344,1.0
2025-12-16 17:28:34.978,0.009948779441481996,-0.562864740140464,-0.8264774969685752,0.0,-0.999935708041256,-0.008259106983814699,-0.00641200725750552,0.0,-0.0032169352043755995,0.8265040655218444,-0.5629215584819555,0.0,0.45606616464832195,0.232975223487622,0.17652084620449218,1.0
2025-12-16 17:28:35.028,0.010023756360648124,-0.562799411841794,-0.8265210785213896,0.0,-0.9999344281266785,-0.00843393756108609,-0.006383967841105197,0.0,-0.003377998859925864,0.8265467869111293,-0.5628578845237852,0.0,0.45581222989608994,0.23295194583112624,0.17608520462736657,1.0
2025-12-16 17:28:35.078,0.010305047927079038,-0.5627813398247782,-0.826529924705365,0.0,-0.9999322797764824,-0.008412372510456106,-0.00673904673974845,0.0,-0.0031605287142948317,0.8265593119418457,-0.5628407544772044,0.0,0.4555342657934473,0.23291390157445693,0.1753763192002819,1.0
2025-12-16 17:28:35.128,0.010532747934582904,-0.5628041814886233,-0.826511501082154,0.0,-0.999930345717399,-0.008423426836384211,-0.0070068891116682715,0.0,-0.0030186107851332003,0.8265436463397823,-0.5628645384852957,0.0,0.4551506289259269,0.23273674592688928,0.1741784488032027,1.0
2025-12-16 17:28:35.178,0.010539932247381697,-0.5628259389629641,-0.82649659355613,0.0,-0.9999301029321284,-0.0084729930167558,-0.006981729061594587,0.0,-0.0030734608245414304,0.8265283240503905,-0.5628867411664737,0.0,0.45480898445045087,0.23244001113790155,0.17273062579559953,1.0
2025-12-16 17:28:35.228,0.010524316493020741,-0.5628996657703562,-0.8264465814190196,0.0,-0.9999297228730518,-0.008607261029367652,-0.006871046048632658,0.0,-0.0032457944204345272,0.8264767264290184,-0.562961531092271,0.0,0.4546812160382244,0.2319733974614708,0.17141975661933093,1.0
2025-12-16 17:28:35.278,0.010338920916650526,-0.5629916380090705,-0.8263862711513008,0.0,-0.9999315800109864,-0.00852315609321985,-0.006703581740471581,0.0,-0.003269421664218829,0.8264149486618301,-0.5630520788614906,0.0,0.4547436907418613,0.23156428578317415,0.17052442224344458,1.0
2025-12-16 17:28:35.328,0.010297104963172984,-0.5629983570817554,-0.8263822157172975,0.0,-0.9999312451848397,-0.00868687850058695,-0.006541402465847067,0.0,-0.0034959503695774293,0.8264086663962976,-0.5630599385821248,0.0,0.4547458089642412,0.2313096045284465,0.16991307203006553,1.0
2025-12-16 17:28:35.378,0.010326375388219029,-0.5630297789300625,-0.8263604424889388,0.0,-0.9999299661500153,-0.008926039050677865,-0.006413698098866749,0.0,-0.003765095046609472,0.8263847100063336,-0.5630933627090965,0.0,0.4546691764616644,0.23127566551004966,0.16961249419223262,1.0
2025-12-16 17:28:35.428,0.010288849629793722,-0.5630019533715722,-0.826379868446889,0.0,-0.999930080071249,-0.008964026737741956,-0.006342562144680202,0.0,-0.0038368902314807234,0.8264032565170796,-0.563065658597039,0.0,0.4546264377578733,0.2312650851239216,0.16944531100153712,1.0
2025-12-16 17:28:35.478,0.01028871360352466,-0.5629092186919326,-0.8264430414645833,0.0,-0.9999303247804738,-0.008910389079894365,-0.006379455468096123,0.0,-0.0037729473995237297,0.8264670073054406,-0.5629725132753011,0.0,0.4545617771632393,0.23128136921419307,0.16937952181264357,1.0
2025-12-16 17:28:35.528,0.010360824964393644,-0.5628899630707035,-0.8264552557044619,0.0,-0.9999298400177885,-0.008893394710439078,-0.0064783851176581945,0.0,-0.0037034461426746256,0.8264803053396471,-0.5629534522252723,0.0,0.45439741500977127,0.2313581959385759,0.1691432043674656,1.0
2025-12-16 17:28:35.578,0.010366072244493606,-0.5628735541835594,-0.8264663655879758,0.0,-0.9999297151706945,-0.008911905207211482,-0.00647221487899236,0.0,-0.0037224229828678942,0.8264912815058546,-0.5629372124508619,0.0,0.45415130371668627,0.23147040775813388,0.1687599527779124,1.0
2025-12-16 17:28:35.628,0.010440718087711055,-0.5628362966124845,-0.8264907994179758,0.0,-0.9999292819095033,-0.008876426736690703,-0.00658689073401317,0.0,-0.0036290137124191366,0.8265170364502118,-0.5629000077429688,0.0,0.45394536182779566,0.23154593066708354,0.16838525082552816,1.0
2025-12-16 17:28:35.678,0.01047058458014352,-0.5627870437894544,-0.8265239603922471,0.0,-0.9999295901396608,-0.008748017597784302,-0.006710726670571482,0.0,-0.0034538026222948885,0.8265519438730592,-0.5628498514942625,0.0,0.45379271248051617,0.23150513916175897,0.1679471591899245,1.0
2025-12-16 17:28:35.728,0.01056582493551433,-0.5627897886538398,-0.8265208793682146,0.0,-0.9999289683920138,-0.008709194264269374,-0.006852372359879767,0.0,-0.003341950052592904,0.826550484886008,-0.562852669270166,0.0,0.4537107550941864,0.23143138253689635,0.1673553422273063,1.0
2025-12-16 17:28:35.778,0.01063747876545062,-0.5627354422346607,-0.8265569629491266,0.0,-0.9999278925394178,-0.008826192833794535,-0.006859660556322612,0.0,-0.0034352431654386954,0.8265862458656592,-0.5627995888858754,0.0,0.4535994010648664,0.2313495201187328,0.16671241097912598,1.0
2025-12-16 17:28:35.828,0.01080313805460383,-0.5626883663489674,-0.8265868626375039,0.0,-0.9999262099646625,-0.008896453631046575,-0.007012463169589764,0.0,-0.003407925863641484,0.826617540320591,-0.5627537899256158,0.0,0.4534992049579769,0.23122183142201388,0.16594755625900767,1.0
2025-12-16 17:28:35.878,0.010854615333287767,-0.5626691948168393,-0.8265992387072132,0.0,-0.9999251361082345,-0.009047846885133142,-0.0069717678446806,0.0,-0.0035562128156907563,0.8266289472982066,-0.5627361165227164,0.0,0.45334753345233103,0.23108308981690934,0.1650331986789346,1.0
2025-12-16 17:28:35.928,0.010777839124519824,-0.5626768945238743,-0.8265950020741616,0.0,-0.9999255569856745,-0.009098421295670317,-0.006844422402474385,0.0,-0.0036695818783546367,0.8266231509913243,-0.5627439030447262,0.0,0.4532135320005866,0.23089489286186793,0.16411978362585133,1.0
2025-12-16 17:28:35.978,0.01067332352430747,-0.56265597675283,-0.8266105968897767,0.0,-0.9999264232536013,-0.009096296023655933,-0.00671955200279973,0.0,-0.003738370565341394,0.8266374128557576,-0.5627225002189408,0.0,0.45310493961244486,0.23071025940849713,0.16321608885613986,1.0
2025-12-16 17:28:36.028,0.010643810581141552,-0.562618508745231,-0.8266364798475889,0.0,-0.999926149222446,-0.009206913263021902,-0.006608763163069279,0.0,-0.003892632839794706,0.8266616903232723,-0.5626857890167875,0.0,0.45300917395096607,0.23057614561942583,0.16245267156115967,1.0
2025-12-16 17:28:36.078,0.010805090995037384,-0.5625942010317357,-0.8266509310919937,0.0,-0.9999246113659531,-0.009256454486775034,-0.006770268546385949,0.0,-0.003843016886462754,0.8266776804822209,-0.5626626376557675,0.0,0.4528877876065884,0.23053017856043773,0.161807463942059,1.0
2025-12-16 17:28:36.130,0.010863989451803243,-0.5625215812724538,-0.8266995773781052,0.0,-0.999924416529046,-0.009192146964035192,-0.00688567821254713,0.0,-0.003725873148713906,0.8267278155623874,-0.562589758922719,0.0,0.4527541408011659,0.23051789753039711,0.16109423651103827,1.0
2025-12-16 17:28:36.179,0.011059850977976526,-0.5624917194468293,-0.8267172988097581,0.0,-0.9999222901559547,-0.00929747138183855,-0.007051069165960607,0.0,-0.003720284034450833,0.8267469559524275,-0.5625616680063599,0.0,0.452624698296135,0.23046468643451418,0.16031854159889342,1.0
2025-12-16 17:28:36.228,0.011122046593102992,-0.5624586805264645,-0.8267389428841596,0.0,-0.9999210353014997,-0.009455276358754894,-0.007019103344817128,0.0,-0.003869164069108033,0.8267676443263732,-0.5625302586211929,0.0,0.45245863972872347,0.2304121756696588,0.1594711643390946,1.0
2025-12-16 17:28:36.278,0.011138341135876136,-0.5624061762418615,-0.8267744415395032,0.0,-0.9999200527895208,-0.009630841109347569,-0.006919669799684464,0.0,-0.004070946625177371,0.826801335359774,-0.5624793145004264,0.0,0.4522589969356356,0.23040768884245877,0.15860690964294027,1.0
2025-12-16 17:28:36.328,0.011393687727736027,-0.5623499692399012,-0.8268091937545525,0.0,-0.9999167124020114,-0.00986684001726229,-0.0070682832735716634,0.0,-0.004183225698163636,0.826836783785483,-0.5624263806064193,0.0,0.4521176150663809,0.2304406430365856,0.15796575460465626,1.0
2025-12-16 17:28:36.379,0.011510634512777188,-0.5622678568837756,-0.8268634163570474,0.0,-0.9999153111261819,-0.00994411712580961,-0.007157654030998666,0.0,-0.004197988691267517,0.8268916995926167,-0.5623455290440051,0.0,0.4519578775939568,0.23051964950776038,0.1572934185061642,1.0
2025-12-16 17:28:36.428,0.011496532093059732,-0.5621727532595633,-0.82692827509017,0.0,-0.9999150405256844,-0.010019606936556125,-0.007089859558853496,0.0,-0.004299853198201898,0.8269554499515495,-0.5622510071648643,0.0,0.4516193096010044,0.23072192354018842,0.15666920457250577,1.0
2025-12-16 17:28:36.478,0.011698882907221151,-0.5621314193138285,-0.8269535358532258,0.0,-0.9999121834759113,-0.010229806196425219,-0.00719189146382977,0.0,-0.0044168712875726985,0.8269809747106461,-0.5622125565252514,0.0,0.4512902751134564,0.23100546149397216,0.1561942244687453,1.0
2025-12-16 17:28:36.528,0.011707213362106799,-0.5621118476758511,-0.8269667216756327,0.0,-0.9999125266999372,-0.01015084687994099,-0.007255767180332669,0.0,-0.004315942965769905,0.8269952512032034,-0.5621923399724215,0.0,0.45093545929570716,0.23132450352409176,0.1558012666903482,1.0
2025-12-16 17:28:36.578,0.011649329620053,-0.5620994472141881,-0.8269759678866829,0.0,-0.9999134358491921,-0.010073243356622455,-0.0072386102084841,0.0,-0.004261593426692423,0.8270046287724129,-0.5621789597721257,0.0,0.45057057887649715,0.23157212919841197,0.15551911646347552,1.0
2025-12-16 17:28:36.628,0.011633862127101028,-0.5621469567124392,-0.8269438912115857,0.0,-0.9999137141206701,-0.010045856369662886,-0.007238230751703583,0.0,-0.0042384917719299935,0.8269726679958607,-0.5622261480714922,0.0,0.45034736103903966,0.23171559795558594,0.15529327822027894,1.0
2025-12-16 17:28:36.679,0.011445980634714368,-0.5620734232189156,-0.8269964953610673,0.0,-0.9999151745377658,-0.010075093104090374,-0.006991647106468497,0.0,-0.004402332422988876,0.827022294000397,-0.5621518875673712,0.0,0.4500509122914774,0.23183759114149569,0.1548987901953692,1.0
2025-12-16 17:28:36.728,0.011580876461658672,-0.5620184956271171,-0.8270319466469359,0.0,-0.9999132572219308,-0.010218227255810555,-0.007057815865082999,0.0,-0.004484263659717919,0.8270578667187688,-0.5620989027546924,0.0,0.44975353892930076,0.23209589001370326,0.15452491030689883,1.0
2025-12-16 17:28:36.778,0.011774289663114597,-0.561908351848855,-0.8271040545944873,0.0,-0.9999111602577881,-0.010296022920277387,-0.007239503101530192,0.0,-0.004448030685947926,0.8271317397391283,-0.5619904804702122,0.0,0.4493776027663771,0.23247133290645416,0.15410877775511692,1.0
2025-12-16 17:28:36.828,0.011810123411867294,-0.5618686348958305,-0.8271305247701239,0.0,-0.9999109909610469,-0.010268404930757426,-0.007301843375697908,0.0,-0.0043907189241481626,0.8271590637235968,-0.5619507139307074,0.0,0.44895028005081505,0.23277088131548576,0.15374143386080108,1.0
2025-12-16 17:28:36.878,0.011934742581705508,-0.561857547988071,-0.8271362672435234,0.0,-0.9999095287870667,-0.010335046253493818,-0.007407291068441054,0.0,-0.0043867336411719275,0.827165764838482,-0.5619408812741165,0.0,0.4485932784623898,0.23308437683559202,0.15343817194477458,1.0
2025-12-16 17:28:36.928,0.011948620285772805,-0.5618463263408654,-0.8271436894226712,0.0,-0.9999091840095258,-0.010376349396696086,-0.0073960805708300995,0.0,-0.004427356465011421,0.8271728701485825,-0.561930103664938,0.0,0.44827902880016773,0.23330745165508068,0.15314979775279114,1.0
2025-12-16 17:28:36.978,0.011929500640436826,-0.5618621483830883,-0.8271332178857398,0.0,-0.9999089341249282,-0.010454019169183482,-0.00732009846716471,0.0,-0.004534067558959631,0.8271611448100417,-0.5619465123549681,0.0,0.44802123897950313,0.23341083700524914,0.15283160809792454,1.0
2025-12-16 17:28:37.028,0.011994035232139502,-0.5617812080450773,-0.8271872607260535,0.0,-0.9999077100872918,-0.010571147651194868,-0.007319087821117703,0.0,-0.004632681863868644,0.8272146315281842,-0.5618669697040738,0.0,0.4478052849718367,0.23348478568856704,0.15249777484125518,1.0
2025-12-16 17:28:37.078,0.012418769788116643,-0.5617136402637353,-0.8272268778272504,0.0,-0.9999028638223582,-0.010748224771202752,-0.007712683406082052,0.0,-0.0045589887220957815,0.8272582334944601,-0.5618033737327114,0.0,0.44769067078935265,0.23357638898741717,0.15208308721718133,1.0
2025-12-16 17:28:37.129,0.012709635630535008,-0.5615582770503196,-0.8273279359115246,0.0,-0.9998987426158322,-0.010993863887546773,-0.007898504498172271,0.0,-0.004660149862834283,0.8273604792161262,-0.5616519566729185,0.0,0.4473226518725617,0.23388412607419937,0.15143407049407856,1.0
2025-12-16 17:28:37.178,0.012739683071952765,-0.5614584717943331,-0.8273952089701792,0.0,-0.9998977996060254,-0.011108075221669437,-0.007857983781270571,0.0,-0.0047789286632584525,0.827426687604567,-0.5615534155185646,0.0,0.4468916351158847,0.2342148533075724,0.1506528400176647,1.0
2025-12-16 17:28:37.228,0.01287233408957193,-0.561430583469573,-0.8274120798376765,0.0,-0.9998953795741162,-0.011305254231557083,-0.007884670842952196,0.0,-0.004927503434712672,0.8274429405914592,-0.561528182529835,0.0,0.44651846210053975,0.23442060410886745,0.1499004016357425,1.0
2025-12-16 17:28:37.278,0.012895334807009393,-0.5614194530217526,-0.8274192740141962,0.0,-0.9998950735516035,-0.01131968588026569,-0.007902752685863082,0.0,-0.004929462090275484,0.8274502954725041,-0.5615173273603995,0.0,0.4464867883965614,0.234345438094575,0.14938702718345978,1.0
2025-12-16 17:28:37.328,0.012788157000928444,-0.5615028425832546,-0.8273643500373054,0.0,-0.9998962271585927,-0.011297524699786036,-0.0077876665874776286,0.0,-0.004974468028233895,0.827394011889465,-0.5615998608950075,0.0,0.4465801877774192,0.2341672139570854,0.14897208515481117,1.0
2025-12-16 17:28:37.378,0.0128319810749669,-0.5615742017269008,-0.8273152380548144,0.0,-0.9998937080592222,-0.01163645648932958,-0.00761001742174139,0.0,-0.005353531383910585,0.8273408815877901,-0.5616746436819627,0.0,0.4464800020339273,0.23413545422891818,0.14858906291666596,1.0
2025-12-16 17:28:37.428,0.012842636194451914,-0.5615142900207426,-0.827355737092145,0.0,-0.9998930103927771,-0.011727739775403631,-0.0075614012351005525,0.0,-0.005457283009823459,0.827380256585801,-0.5616156417641559,0.0,0.4464032707595005,0.23412351528349715,0.14828935451748948,1.0
2025-12-16 17:28:37.478,0.012822464864619567,-0.561429456554983,-0.8274136188197414,0.0,-0.9998931625850604,-0.011731783081844575,-0.007534957370477739,0.0,-0.0054767955185701595,0.827437767554843,-0.5615307164658986,0.0,0.4463800603228442,0.23413325804443322,0.14806054677691244,1.0
2025-12-16 17:28:37.528,0.012697973110738408,-0.5614577399799119,-0.8273963467388148,0.0,-0.9998942837244226,-0.011732220449796365,-0.007383988065339465,0.0,-0.005561506164319387,0.8274185695319762,-0.5615581719135091,0.0,0.44634938354874054,0.23410485687568816,0.14792541106960802,1.0
2025-12-16 17:28:37.578,0.012711314644962512,-0.5614484727924866,-0.8274024303687956,0.0,-0.9998940377170501,-0.011750996444133393,-0.007387443513998884,0.0,-0.005575241479030657,0.8274245915246871,-0.561549162605248,0.0,0.4463321863025042,0.23409857698425457,0.14786550206330407,1.0
2025-12-16 17:28:37.628,0.012727668488328533,-0.5614257372149352,-0.8274176061389596,0.0,-0.9998941675060161,-0.011709564643162354,-0.007435508357001553,0.0,-0.005514320352831877,0.8274406059512763,-0.5615261667046614,0.0,0.4463431278957528,0.23410051039512159,0.14787490391058836,1.0
2025-12-16 17:28:37.678,0.012758218104828268,-0.5613627958109044,-0.8274598396607311,0.0,-0.9998943991963879,-0.011631990615116144,-0.007525566505740106,0.0,-0.005400536012649288,0.8274844036945219,-0.5614627288191957,0.0,0.44634925452366375,0.234111865301558,0.14785146837541432,1.0
2025-12-16 17:28:37.728,0.012781279529081447,-0.5613653319598566,-0.8274577631930271,0.0,-0.9998946686929187,-0.011557691357227028,-0.007603827403206515,0.0,-0.005295078290425462,0.8274837242546983,-0.5614647346356426,0.0,0.4463546607952819,0.2341030851791912,0.147777550558425,1.0
2025-12-16 17:28:37.778,0.012722698469233858,-0.5613548667923803,-0.8274657656805978,0.0,-0.9998950269248389,-0.011585056208833364,-0.0075145528690784774,0.0,-0.005368009932294713,0.8274904412000817,-0.5614541425547241,0.0,0.44622680308054463,0.23412283156261,0.14746614910433228,1.0
2025-12-16 17:28:37.828,0.012884557365444806,-0.5612961832606348,-0.827503069323461,0.0,-0.9998933455499357,-0.011614674723939199,-0.007690497852662556,0.0,-0.005294633829287884,0.8275298336130671,-0.5613967770952585,0.0,0.4460316262216385,0.23433205856735864,0.14709834509727301,1.0
2025-12-16 17:28:37.878,0.012946888948951931,-0.5612343558672066,-0.827544030708985,0.0,-0.9998937415259537,-0.01145714963381872,-0.007873136649775781,0.0,-0.005062718485134057,0.8275739631322298,-0.5613338618212471,0.0,0.445944120409338,0.23444725173320277,0.14678210090312965,1.0
2025-12-16 17:28:37.928,0.01287315899406868,-0.5612130597183537,-0.8275596233989945,0.0,-0.9998951016422093,-0.011348295743907614,-0.007858040266747279,0.0,-0.0049814524389532756,0.8275899052254655,-0.5613110847832096,0.0,0.44593354083828823,0.23437300256146412,0.14658856572072904,1.0
2025-12-16 17:28:37.978,0.012759133620062276,-0.5612531906108215,-0.8275341729739302,0.0,-0.9998955427953626,-0.011450824312441082,-0.0076504262457192255,0.0,-0.005182222061156226,0.8275612769972212,-0.561351474024285,0.0,0.4458626003878753,0.2343638700448155,0.1463968693081076,1.0
2025-12-16 17:28:38.028,0.012820428050108459,-0.5612612323143227,-0.8275277715139402,0.0,-0.9998944929176764,-0.011527557306170106,-0.007672376207145581,0.0,-0.0052332672403838055,0.8275547576138672,-0.5613606114296267,0.0,0.4458384353378449,0.23434864501042021,0.14629561020535356,1.0
2025-12-16 17:28:38.078,0.012797585062722355,-0.5612351451931864,-0.8275458177755197,0.0,-0.9998943016018763,-0.011590356088342668,-0.007602379301862707,0.0,-0.005324930777560789,0.8275715729212523,-0.561334959542748,0.0,0.44577613198746097,0.2343303435004219,0.14606344281942532,1.0
2025-12-16 17:28:38.128,0.013007841033226459,-0.5612293062905003,-0.8275464994388811,0.0,-0.9998928960458361,-0.01150020281164829,-0.007917617922712285,0.0,-0.005073451045033923,0.8275767904695421,-0.5613295965568048,0.0,0.4457277328568168,0.23433671787145932,0.14567109545765114,1.0
2025-12-16 17:28:38.178,0.013104076292177655,-0.5611906742293076,-0.8275711795633003,0.0,-0.9998926734308506,-0.011381660704057234,-0.008114574550326829,0.0,-0.004865404485377129,0.8276046271455038,-0.561290396289252,0.0,0.44559759168525964,0.2343871228750126,0.14500159376166635,1.0
2025-12-16 17:28:38.228,0.012833616070364822,-0.5614694051624278,-0.8273863379741754,0.0,-0.9998965757011263,-0.01116486207373663,-0.007932884547537947,0.0,-0.004783674477604695,0.8274185040870876,-0.5615654330109525,0.0,0.44540738593691653,0.23425606202350852,0.14396801810358678,1.0
2025-12-16 17:28:38.278,0.011402860054343423,-0.5627101374542205,-0.8265639859623947,0.0,-0.9999184907969336,-0.009480503437702835,-0.007340212405550999,0.0,-0.003705902128826838,0.826596227344271,-0.5627832115740747,0.0,0.4453792994316827,0.23332333440478994,0.14260108945278718,1.0
2025-12-16 17:28:38.328,0.009870969018311788,-0.562615361417907,-0.8266482117372816,0.0,-0.9999376351115604,-0.007897591248288654,-0.006565123089709402,0.0,-0.0028349451640392316,0.8266773781416279,-0.5626690639752648,0.0,0.4447789039468129,0.23352187330995614,0.14106535914011992,1.0
2025-12-16 17:28:38.378,0.010162091993372807,-0.5627727974435397,-0.8265375110937794,0.0,-0.9999339788226329,-0.008269369067109743,-0.006663515016778929,0.0,-0.003084958135248861,0.8265665713346143,-0.562830512841516,0.0,0.44335617868523136,0.234702183514337,0.1397267941237138,1.0
2025-12-16 17:28:38.428,0.010060536725565096,-0.5627355282537669,-0.826564128028162,0.0,-0.9999355475177667,-0.008062360640527707,-0.006681770158785165,0.0,-0.0029040445445686273,0.8265939906082215,-0.5627912057021311,0.0,0.4425904067162464,0.23552819203803066,0.13869833845487978,1.0
2025-12-16 17:28:38.478,0.01027643516382359,-0.5627834713905293,-0.8265288295704859,0.0,-0.9999332737064726,-0.008206460153826589,-0.006844636411697347,0.0,-0.0029308840942790237,0.8265599306675022,-0.5628410885262017,0.0,0.4422474256726735,0.2357763496950918,0.13844560685403848,1.0
2025-12-16 17:28:38.528,0.010089083407064376,-0.562827361668432,-0.8265012512117366,0.0,-0.9999352136234398,-0.008092306841613653,-0.006695522909756493,0.0,-0.0029199344532806377,0.8265311701658121,-0.5628833793310316,0.0,0.4422285347148938,0.23571027806097067,0.13836686774248477,1.0
2025-12-16 17:28:38.578,0.010147003869181288,-0.5628057424468044,-0.8265152639138544,0.0,-0.999934449763743,-0.008174545726267107,-0.0067096854664030784,0.0,-0.0029801946858005537,0.8265450824015508,-0.5628626343944395,0.0,0.4422122803937953,0.23574697659751184,0.1383839076735286,1.0
2025-12-16 17:28:38.629,0.009903047212944341,-0.5626865254813512,-0.8265993894256343,0.0,-0.9999375403156106,-0.00785044358405536,-0.0066357293727894355,0.0,-0.0027553894182756914,0.8266293894072233,-0.5627399580600215,0.0,0.44237887569042295,0.23559066942295195,0.13844235896649465,1.0
2025-12-16 17:28:38.678,0.009851904231823432,-0.5626085753173542,-0.8266530577355848,0.0,-0.9999383636983856,-0.007723486466645139,-0.006660590229331638,0.0,-0.002637389302251442,0.826683641617276,-0.5626608222189167,0.0,0.44257314508800105,0.23542047138678715,0.1385460514132293,1.0
2025-12-16 17:28:38.728,0.009713804776852214,-0.5626449464157397,-0.8266299372577763,0.0,-0.999939795009041,-0.007620774162534104,-0.006563311637364751,0.0,-0.0026067961322198984,0.8266598405013885,-0.5626959327346734,0.0,0.44278211811782364,0.2351244734925545,0.13863017410317652,1.0
2025-12-16 17:28:38.779,0.009689648119968102,-0.5626520452040984,-0.8266253889448139,0.0,-0.9999402448508325,-0.007537789728457761,-0.006590550422747483,0.0,-0.0025227902632210886,0.8266557696211043,-0.5627022961401769,0.0,0.4430048351633255,0.2349142672379429,0.1387484819543361,1.0
2025-12-16 17:28:38.828,0.009591857217246253,-0.5627105281953338,-0.8265867193673394,0.0,-0.9999405079189977,-0.007695178929831216,-0.006364883749358616,0.0,-0.0027791991182454876,0.8266145099502263,-0.5627616973391207,0.0,0.442993242427451,0.23486744933429082,0.13877618493262645,1.0
2025-12-16 17:28:38.878,0.009588816766679558,-0.5627380320571541,-0.826568030334264,0.0,-0.9999403086310115,-0.00776064905462404,-0.0063165182162720716,0.0,-0.002860214440709183,0.8265951738112927,-0.5627896923409598,0.0,0.44298377859711774,0.2348353184605999,0.13876142641888126,1.0
2025-12-16 17:28:38.928,0.009588660844144715,-0.5627361303713595,-0.8265693268317501,0.0,-0.999940321024365,-0.007757395115506076,-0.006318552992578381,0.0,-0.002856401792587754,0.8265964990267618,-0.5627877652947868,0.0,0.44298669039783733,0.2348350592619911,0.1387653258560327,1.0
2025-12-16 17:28:38.978,0.009579428112744079,-0.5627358067559213,-0.8265696542052603,0.0,-0.9999404445306238,-0.007742041851134334,-0.006317838323488204,0.0,-0.002844117767893415,0.8265968632906497,-0.5627872924935152,0.0,0.44299140272818416,0.23482809079204134,0.1387641950768999,1.0
2025-12-16 17:28:39.029,0.009593799858617304,-0.5627445264808518,-0.8265635509876559,0.0,-0.9999402675586379,-0.007761559099785964,-0.00632189973889338,0.0,-0.0028578623984037324,0.8265907438028863,-0.5627962107920621,0.0,0.44300206443455914,0.23478720542138126,0.13876224032795623,1.0
2025-12-16 17:28:39.078,0.00966951002638811,-0.5626980549944511,-0.8265943058009289,0.0,-0.9999396449441853,-0.007772762554012635,-0.006406054353789952,0.0,-0.0028203012419616294,0.8266222751025958,-0.5627500868104003,0.0,0.4430645611119561,0.2347892440857365,0.13880430449131365,1.0
2025-12-16 17:28:39.128,0.009646163882767365,-0.562713091452333,-0.826584342418675,0.0,-0.9999399033287215,-0.0077500775821636924,-0.006393194008139136,0.0,-0.0028086128918734235,0.8266122520956536,-0.5627648677547091,0.0,0.4430930764293583,0.23477607237838513,0.1388226510217153,1.0
2025-12-16 17:28:39.178,0.009464146279562853,-0.5626905167698073,-0.8266018141606842,0.0,-0.9999412751793698,-0.007753208769141543,-0.006170968128731904,0.0,-0.0029365277260712573,0.8266275902051302,-0.5627416848933205,0.0,0.44313632240578554,0.23468877606591015,0.1388956403714391,1.0
2025-12-16 17:28:39.228,0.00935113848074979,-0.5626671598430418,-0.8266189995061128,0.0,-0.9999425739568832,-0.007622190660915716,-0.006123552826553691,0.0,-0.002855180512177734,0.8266447077105047,-0.5627169583000472,0.0,0.4433717762974777,0.23440373246194565,0.13908038536451697,1.0
2025-12-16 17:28:39.279,0.00929222214061279,-0.5627090600803561,-0.8265911415036941,0.0,-0.9999434034816863,-0.007506748643059615,-0.006130698123352599,0.0,-0.0027552655986205496,0.8266172420752799,-0.5627578019142332,0.0,0.44366129279872624,0.2340640703385045,0.13921121521569074,1.0
2025-12-16 17:28:39.328,0.009290120976283796,-0.5626458150330245,-0.826634216191949,0.0,-0.9999438280564577,-0.0073801423754974085,-0.006214590213645862,0.0,-0.0026041151693878407,0.8266614326305592,-0.562693606135147,0.0,0.44393051278517254,0.23387442110761614,0.1393573211297327,1.0
2025-12-16 17:28:39.378,0.009417756689799519,-0.5626968104096883,-0.8265980597091328,0.0,-0.9999423350458629,-0.007545278144562073,-0.0062563777024987185,0.0,-0.002716520797789774,0.8266252301101107,-0.5627462567269208,0.0,0.4440326599660179,0.23378279114141057,0.1394412153097431,1.0
2025-12-16 17:28:39.428,0.00945028617386314,-0.5627126257907561,-0.8265869220887255,0.0,-0.9999415721704606,-0.007698413963955195,-0.006191410898614204,0.0,-0.0028794786582090172,0.8266130518765045,-0.5627633348665034,0.0,0.4439900544451605,0.23381417086306222,0.13941442665214027,1.0
2025-12-16 17:28:39.478,0.009579801258189542,-0.5627042402054467,-0.8265911397806491,0.0,-0.9999398798495053,-0.007899796508049837,-0.0062110226932975705,0.0,-0.0030349914270831235,0.826616860296014,-0.5627569236370153,0.0,0.44393782870172716,0.23391428805205716,0.13942561348110075,1.0
2025-12-16 17:28:39.529,0.009469476339119915,-0.5627245464497546,-0.8265785871542943,0.0,-0.999941371319247,-0.007714838859738779,-0.006203393165056953,0.0,-0.0028861745673538007,0.8266047835305487,-0.5627754453072573,0.0,0.4439801251644216,0.2338343696347919,0.13942327658562056,1.0
2025-12-16 17:28:39.578,0.009110590797708915,-0.5627276256244649,-0.8265805244473023,0.0,-0.9999450219336021,-0.007420478845901241,-0.005969631907782784,0.0,-0.0027743999225722646,0.8266053822369566,-0.5627751280591252,0.0,0.4440319107129033,0.23372617252846703,0.13943464106434705,1.0
2025-12-16 17:28:39.628,0.009190634686334614,-0.5627214870024828,-0.8265838174081229,0.0,-0.9999438212832622,-0.0076009659884944255,-0.005943609566391189,0.0,-0.0029382952406857518,0.8266079212981982,-0.5627705668104456,0.0,0.44400902355641053,0.23374739847112425,0.13943211524332857,1.0
2025-12-16 17:28:39.678,0.009252719437237867,-0.5627052198297987,-0.8265941989032599,0.0,-0.9999434407195293,-0.00758116258958464,-0.006032266322655289,0.0,-0.002872212569323762,0.8266191771786644,-0.5627543747634705,0.0,0.4440841593230086,0.23376253173930495,0.13949029202547827,1.0
2025-12-16 17:28:39.728,0.009156965791221038,-0.562699039124564,-0.8265994726873466,0.0,-0.9999444310716125,-0.0074956760637481116,-0.005974655674203062,0.0,-0.0028340434388733726,0.8266241642347639,-0.5627472428195137,0.0,0.44409598104288267,0.2337677877038136,0.1395470114099922,1.0
2025-12-16 17:28:39.779,0.009212323024421173,-0.5627156770989379,-0.8265875312105705,0.0,-0.9999440461347429,-0.00749064032710976,-0.006044982082475742,0.0,-0.0027901174279872406,0.8266128836303577,-0.5627640321316234,0.0,0.4441282053864665,0.2337541102109535,0.13961226011158437,1.0
2025-12-16 17:28:39.828,0.009231401644619878,-0.5627222849774256,-0.826582819876308,0.0,-0.9999435051685386,-0.007607144025118246,-0.005988717078481705,0.0,-0.0029180061816621214,0.8266073212243152,-0.5627715537749625,0.0,0.44411688697370694,0.23373454639747868,0.13961173852676814,1.0
2025-12-16 17:28:39.878,0.009161916296836213,-0.5627503739846255,-0.8265644698214062,0.0,-0.9999440130217202,-0.007605126273456403,-0.005905910394738183,0.0,-0.0029626309226116255,0.8265882168156792,-0.5627993804540764,0.0,0.4441423450375454,0.2336759879072169,0.13962125640138506,1.0
2025-12-16 17:28:39.928,0.009219741687439578,-0.5627181463593274,-0.8265857674932152,0.0,-0.999943778370506,-0.007553167923642186,-0.006011377017142527,0.0,-0.0028606852500711434,0.8266106336539261,-0.5627669826936854,0.0,0.4442741403647189,0.2336009552254023,0.13970118450885347,1.0
