timestamp, data
2025-12-16 17:51:45.728,0.008442103227843879,-0.5682563129877899,-0.8227965973093359,0.0,-0.9999520121164386,-0.006718697717595983,-0.005619561057030534,0.0,-0.002334815525944034,0.8228203957989364,-0.5682967049823019,0.0,0.45427986717982194,0.2599544164437682,0.2563627637859527,1.0
2025-12-16 17:51:45.778,0.008530506735813364,-0.5682414265073977,-0.8228059665297014,0.0,-0.9999512818542661,-0.006761778168099201,-0.00569729543059504,0.0,-0.002326236925616347,0.822830323799273,-0.5682823654295014,0.0,0.45428563571947295,0.25993855163559354,0.2563627937456357,1.0
2025-12-16 17:51:45.828,0.008553216051728152,-0.568237125506529,-0.8228087010918502,0.0,-0.9999510967637246,-0.006771504111487355,-0.005718191523584933,0.0,-0.002322408501513711,0.822833214100218,-0.5682781961260318,0.0,0.454287032032484,0.25993810245162347,0.25636730449213163,1.0
2025-12-16 17:51:45.878,0.008539781027264291,-0.5682379713088971,-0.8228082565239387,0.0,-0.9999512392916665,-0.006754035242629738,-0.005713925814178808,0.0,-0.002310450832969004,0.8228327735664656,-0.568278882734407,0.0,0.45428961005768603,0.25993226709892747,0.2563662180039827,1.0
2025-12-16 17:51:45.928,0.0085213728860095,-0.568218055451253,-0.8228222010644481,0.0,-0.9999514387739287,-0.006728259617769065,-0.005709423585115898,0.0,-0.0022920079489992104,0.8228467382864013,-0.5682587368364808,0.0,0.4543018646842754,0.25990132727953846,0.2563602552822988,1.0
2025-12-16 17:51:45.978,0.008572469501559566,-0.5681278469230919,-0.8228839585375238,0.0,-0.9999512432957501,-0.006667959665817727,-0.0058134539120077555,0.0,-0.002184214043849956,0.8229095166423052,-0.5681682467619413,0.0,0.45436832050441356,0.2597317396047629,0.2563038019307926,1.0
2025-12-16 17:51:46.029,0.008282115338257314,-0.5681213922785384,-0.8228913883996036,0.0,-0.9999538366509269,-0.006446929793407071,-0.005613249018083616,0.0,-0.002116156903829671,0.8229157342309101,-0.5681594989394798,0.0,0.4544441849197845,0.25951951078894686,0.25611059254890745,1.0
2025-12-16 17:51:46.078,0.008127759064951244,-0.5681497148534601,-0.8228733729716392,0.0,-0.9999549862899411,-0.006404295536351074,-0.005455024635608098,0.0,-0.002170695370877495,0.8228965128220014,-0.5681871322610154,0.0,0.454493411771577,0.2594294007223514,0.255933980596958,1.0
2025-12-16 17:51:46.128,0.008234548859804599,-0.5681862474341097,-0.8228470862396176,0.0,-0.9999537362313337,-0.0066026074156171465,-0.005447740221414116,0.0,-0.0023376502071338484,0.8228697207074261,-0.5682252705876355,0.0,0.4544807814172631,0.2593930219017436,0.25575862534609917,1.0
2025-12-16 17:51:46.178,0.008246198139019315,-0.5681286755780453,-0.8228867206993904,0.0,-0.9999536358475501,-0.006610388335700163,-0.005456722690818827,0.0,-0.00233952518789184,0.8229094090266696,-0.5681677843359938,0.0,0.4545674074072591,0.2592169929636469,0.25557392029422993,1.0
2025-12-16 17:51:46.228,0.00825511873468,-0.568037015949236,-0.8229499063900377,0.0,-0.999954180388818,-0.0063835055011515285,-0.005624489457060411,0.0,-0.0020584266782785795,0.8229744747824608,-0.5680746225067117,0.0,0.45476373221432753,0.2588583525267294,0.2553874248610675,1.0
2025-12-16 17:51:46.278,0.008277394913290808,-0.5679828306262544,-0.8229870811552542,0.0,-0.9999544509332715,-0.00620302429658722,-0.005776283365937412,0.0,-0.0018242142052752465,0.8230132529957959,-0.5680192405507152,0.0,0.45498275386195025,0.2584236506896142,0.2550794965595222,1.0
2025-12-16 17:51:46.328,0.008309047854703223,-0.5679866948727722,-0.8229840952730866,0.0,-0.9999541778709895,-0.0062257822270353645,-0.005799025368437579,0.0,-0.0018299857338779093,0.8230104142698088,-0.5680233350450065,0.0,0.4551061290692744,0.2581084573959675,0.25475422769826334,1.0
2025-12-16 17:51:46.378,0.008548046290541152,-0.5681304787005477,-0.8228823955932643,0.0,-0.9999514507664055,-0.006654706770247766,-0.005792917155574669,0.0,-0.002184950319467371,0.8229078069329263,-0.5681707201897536,0.0,0.45511429195991004,0.2579657936435132,0.2542399724849896,1.0
2025-12-16 17:51:46.428,0.00889103787709396,-0.5682003964449673,-0.822830484259339,0.0,-0.9999476626679311,-0.007128756128774314,-0.0058821477545522105,0.0,-0.0025235677580209667,0.8228555604249286,-0.5682449808696488,0.0,0.45517780326006035,0.25794041698122167,0.2537882265626513,1.0
2025-12-16 17:51:46.478,0.009100191644299151,-0.56823642183472,-0.822803319338054,0.0,-0.9999459502018502,-0.007191990854527048,-0.006092523588463948,0.0,-0.0024556474227239076,0.822830132146802,-0.5682820984572817,0.0,0.45535617438849585,0.257831469083371,0.2533361085998792,1.0
2025-12-16 17:51:46.528,0.009033033101754712,-0.5682162053929501,-0.8228180206722672,0.0,-0.9999464808197439,-0.007179748846576499,-0.006019435514921291,0.0,-0.00248733381685168,0.8228442001872373,-0.5682615906329666,0.0,0.45548158003093064,0.25768482276763127,0.25280418431739965,1.0
2025-12-16 17:51:46.578,0.00899694782436479,-0.5682690282247743,-0.8227819355038885,0.0,-0.9999465416116748,-0.0072453388888004035,-0.005930083004980206,0.0,-0.002591501342207817,0.8228071451423151,-0.5683147772348935,0.0,0.455571920780733,0.2574675197177611,0.2520967370593449,1.0
2025-12-16 17:51:46.628,0.009087190818968404,-0.5682703465272316,-0.8227800332543614,0.0,-0.9999458768844209,-0.00724804664773289,-0.006037882314775411,0.0,-0.002532447344001697,0.822806210793525,-0.5683163962002602,0.0,0.45565693042971533,0.25716608403846414,0.25154890041914285,1.0
2025-12-16 17:51:46.678,0.009221129603825085,-0.5683071890338739,-0.8227530957477184,0.0,-0.9999450462406831,-0.007191716607575236,-0.006239440051992186,0.0,-0.0023711341172092375,0.8227812581463395,-0.5683532167289325,0.0,0.45564959420722556,0.2567828677137442,0.2510523128226682,1.0
2025-12-16 17:51:46.728,0.009183294037132408,-0.5683424656114168,-0.822729150932779,0.0,-0.9999457187490849,-0.007054494833590064,-0.006288128435966461,0.0,-0.0022301710630244754,0.8227580785402405,-0.5683873419894228,0.0,0.4556190750372211,0.25643261959458796,0.25062788828681604,1.0
2025-12-16 17:51:46.778,0.009124303447045472,-0.5683805065689113,-0.8227035272443424,0.0,-0.9999460069483845,-0.007111909926897547,-0.006176635522831292,0.0,-0.0023403592141112927,0.8227313045942098,-0.5684256531503997,0.0,0.4555281715069925,0.2561505241683996,0.25023421811736246,1.0
2025-12-16 17:51:46.829,0.009142844467862845,-0.5684058911550187,-0.8226857833927325,0.0,-0.9999457948301003,-0.007137615393654905,-0.006181322617368339,0.0,-0.002358559930430453,0.82271354422651,-0.5684512831732453,0.0,0.45556524665150977,0.25594225841479024,0.24996866899553938,1.0
2025-12-16 17:51:46.878,0.009225162702901739,-0.5683151526198881,-0.8227475497240613,0.0,-0.9999451259370561,-0.007153076116199368,-0.0062710061400896655,0.0,-0.002321312728470734,0.8227760942646104,-0.5683608978579453,0.0,0.45572349203198115,0.2558543904345466,0.24987039785298018,1.0
2025-12-16 17:51:46.928,0.009206089694405109,-0.5682314108420794,-0.8228056019171034,0.0,-0.9999454740131116,-0.007079515488867369,-0.00629891755341217,0.0,-0.002245865434814743,0.8228345681448458,-0.5682765432026329,0.0,0.4559137964096347,0.2557422659961238,0.24975668297532538,1.0
2025-12-16 17:51:46.978,0.009215931881618289,-0.5682816594433264,-0.8227707876687778,0.0,-0.9999451932782146,-0.0071538650110369965,-0.0062593575074411795,0.0,-0.002328957918286188,0.8227992215462342,-0.5683273853844505,0.0,0.4560337909816809,0.25566128352586953,0.24949718490914083,1.0
2025-12-16 17:51:47.028,0.009212835723114526,-0.5683401818434262,-0.8227303982844736,0.0,-0.999944108508385,-0.007512114496829437,-0.00600790282592451,0.0,-0.0027659656207608485,0.822755605072038,-0.5683885675809546,0.0,0.4559912972163565,0.2556463292600486,0.24896819898385308,1.0
2025-12-16 17:51:47.078,0.009029892522385232,-0.5683629549773378,-0.822716694465155,0.0,-0.9999458021241103,-0.007400888656150366,-0.005862300118339545,0.0,-0.0027569735133526744,0.8227408812193245,-0.5684099237939958,0.0,0.4560149905127456,0.25560930556520856,0.2483296136067148,1.0
2025-12-16 17:51:47.128,0.008858096502652684,-0.568269239126378,-0.8227832964336876,0.0,-0.9999479270798776,-0.007119617179134132,-0.005848169037096228,0.0,-0.0025346163222191988,0.8228080969560863,-0.5683136557426743,0.0,0.45607547320672087,0.2555959993435124,0.247670263702904,1.0
2025-12-16 17:51:47.178,0.008858482129202079,-0.5682483007324499,-0.8227977533454124,0.0,-0.9999480947183542,-0.007063397729941906,-0.005887544721724257,0.0,-0.0024662079817210194,0.8228230423993131,-0.5682923180150591,0.0,0.45615708809458105,0.25562662825425114,0.24695605505829468,1.0
2025-12-16 17:51:47.228,0.008921363587445406,-0.568260968828882,-0.8227883248312465,0.0,-0.9999474997526648,-0.007111177244807424,-0.005930918798590476,0.0,-0.0024807317120734904,0.8228138818406526,-0.5683055180274857,0.0,0.45631908576474284,0.25561820930566337,0.24617227224205515,1.0
2025-12-16 17:51:47.278,0.008960158817763813,-0.5683098247694399,-0.8227541586195095,0.0,-0.9999465442454559,-0.007326341447336451,-0.005829260139655332,0.0,-0.0027150043570067293,0.8227782498027247,-0.5683560331367182,0.0,0.456494323831359,0.25560610609342593,0.24521001498477535,1.0
2025-12-16 17:51:47.328,0.008906592632641553,-0.5683077620021585,-0.8227561650677451,0.0,-0.999946337704453,-0.007494653766960599,-0.005647900280115706,0.0,-0.0029565839470139686,0.822778158659449,-0.5683549597252855,0.0,0.45673122947303824,0.25553612195745884,0.2442662966593391,1.0
2025-12-16 17:51:47.378,0.008834924089225725,-0.568324383789727,-0.8227454562667442,0.0,-0.9999467976080296,-0.007502494022235612,-0.005555307201327639,0.0,-0.003015484382924312,0.8227666057646474,-0.5683713744484831,0.0,0.4570381041995703,0.25543092190238587,0.2433785927184346,1.0
2025-12-16 17:51:47.428,0.00875930518098085,-0.5683076966649139,-0.8227577914461675,0.0,-0.9999475364109914,-0.0074392533049003765,-0.005507162342169544,0.0,-0.002990998459299118,0.8227787065749009,-0.568353986468952,0.0,0.4573077009031819,0.2553309810130718,0.24261796725373444,1.0
2025-12-16 17:51:47.478,0.008817520865619967,-0.5682851448021318,-0.8227727465249519,0.0,-0.999947221714902,-0.007417400024771064,-0.005593108503282358,0.0,-0.002924410418736103,0.8227944806847182,-0.5683314969086859,0.0,0.4575558373876649,0.2552821577931283,0.242000058318672,1.0
2025-12-16 17:51:47.528,0.008770818893425654,-0.5682119086005868,-0.8228238247411324,0.0,-0.9999476480239333,-0.007385973373866045,-0.0055583729573292365,0.0,-0.002919077355407459,0.8228453420931648,-0.5682578833443279,0.0,0.4577329233205532,0.2552555438961664,0.24152397358968222,1.0
2025-12-16 17:51:47.578,0.008853095102214934,-0.568179241822222,-0.8228455011547698,0.0,-0.9999472628775778,-0.007334698404208013,-0.005693905879757459,0.0,-0.0028002183713428316,0.822868358106889,-0.568225152561505,0.0,0.4579075135874228,0.2552457898057644,0.24119849955578154,1.0
2025-12-16 17:51:47.628,0.008864729591050191,-0.5681607635810079,-0.8228581349160571,0.0,-0.9999472995925218,-0.007299729969847471,-0.0057322666720261714,0.0,-0.002749846122010212,0.8228814279684679,-0.5682064711448473,0.0,0.4580148927710409,0.255219044904369,0.24089577290326622,1.0
2025-12-16 17:51:47.678,0.008756832641967291,-0.5681968528468221,-0.8228343704526783,0.0,-0.9999480140099763,-0.007308300960978042,-0.00559507960409472,0.0,-0.002834469170145966,0.8228564323051991,-0.5682422525635372,0.0,0.4580946694213649,0.2552145427425927,0.24048830671661509,1.0
2025-12-16 17:51:47.728,0.008695513608172776,-0.5682280802459846,-0.8228134562367471,0.0,-0.9999483230829241,-0.00733838446169364,-0.005499652566158105,0.0,-0.002913120549030017,0.8228346001935763,-0.5682734680177707,0.0,0.4581310960161619,0.2551912207546765,0.24008990119404852,1.0
2025-12-16 17:51:47.778,0.00876710589321579,-0.5682285278996335,-0.8228123873863838,0.0,-0.9999479121220436,-0.007317797788041502,-0.005600873102247225,0.0,-0.002838653443421824,0.8228344743961754,-0.5682740270255169,0.0,0.458287082216294,0.25519523088197454,0.23964212355279227,1.0
2025-12-16 17:51:47.828,0.008825861327626406,-0.5682008582863693,-0.8228308670168293,0.0,-0.9999475123866329,-0.007316794756987768,-0.005673084476433803,0.0,-0.0027970869576272833,0.822853590926781,-0.5682465523023023,0.0,0.4584360811943274,0.25519824128965474,0.2390471506854677,1.0
2025-12-16 17:51:47.879,0.008661141683916353,-0.5681325245394175,-0.8228798005094108,0.0,-0.9999492413744042,-0.007136168957570011,-0.005597916449052006,0.0,-0.0026919027113147705,0.8229023600296399,-0.5681764334407418,0.0,0.4585840226808009,0.2551963681864738,0.23827538202400675,1.0
2025-12-16 17:51:47.929,0.008576409043871728,-0.5681220193232775,-0.8228879408942398,0.0,-0.9999501987502404,-0.007017421673943713,-0.00557698068968156,0.0,-0.00260619631786461,0.8229106340937307,-0.5681648493493828,0.0,0.4587557830278645,0.25519033793128976,0.23738245567887836,1.0
2025-12-16 17:51:47.979,0.008514150827309714,-0.5681281925760693,-0.822884325368485,0.0,-0.9999506983600797,-0.0069923037445131335,-0.00551864464712544,0.0,-0.0026186099570905835,0.8229065858964623,-0.5681706554989624,0.0,0.4589189509601235,0.25519951747754394,0.23645404865988945,1.0
2025-12-16 17:51:48.028,0.008534374480319669,-0.5681342314036572,-0.822879946566213,0.0,-0.9999505067077465,-0.007009877041454651,-0.005531063188306905,0.0,-0.0026259514696773336,0.8229022671116961,-0.5681768766513732,0.0,0.4590825782983315,0.2552090461272535,0.23555175599948483,1.0
2025-12-16 17:51:48.079,0.008437927628658222,-0.568171324427776,-0.8228553301623128,0.0,-0.9999511575901047,-0.007007223592396029,-0.005415547335649111,0.0,-0.0026890243524967283,0.8228766788474714,-0.5682136398899513,0.0,0.45922396157283796,0.25521081746056007,0.23451061644462737,1.0
2025-12-16 17:51:48.128,0.00845111343344115,-0.5681750635777039,-0.8228526129942201,0.0,-0.9999511225147547,-0.006991274630391135,-0.005442569405426106,0.0,-0.0026605076028393105,0.8228742326780789,-0.5682173166084946,0.0,0.4593350160840961,0.25518159526026163,0.2336169947156961,1.0
2025-12-16 17:51:48.179,0.008438087563314184,-0.5682058574231148,-0.8228314828502523,0.0,-0.9999510869884177,-0.007028632668342445,-0.005400819817708208,0.0,-0.002714655051115147,0.8228526507383126,-0.5682483135222539,0.0,0.4593306773702073,0.25511545088303117,0.23263174392688565,1.0
2025-12-16 17:51:48.228,0.008479881273532108,-0.5682001813835683,-0.8228349727560657,0.0,-0.9999506090771652,-0.007089728920603585,-0.0054094409366370055,0.0,-0.002760084722035761,0.8228560461230666,-0.5682431779538061,0.0,0.4593729575070259,0.2550712915908127,0.2318324247908409,1.0
2025-12-16 17:51:48.278,0.008562709795230097,-0.568204419706265,-0.8228311882327004,0.0,-0.9999496978889421,-0.007197242186800072,-0.005435834611740173,0.0,-0.002833504643124975,0.8228521860155915,-0.568248406263317,0.0,0.459468589612111,0.2550103848403536,0.23108129678778924,1.0
2025-12-16 17:51:48.328,0.008634159981000974,-0.5681412829739784,-0.82287403699674,0.0,-0.9999489494874088,-0.007276023726706042,-0.005468528043601461,0.0,-0.002880409935424872,0.8228950882817727,-0.5681860407651154,0.0,0.4595609339225932,0.2549024225380668,0.2304520885382525,1.0
2025-12-16 17:51:48.378,0.008516056049792492,-0.5681348306838131,-0.8228797225928224,0.0,-0.9999501059235866,-0.007167477662042766,-0.005399984127796171,0.0,-0.0028301074504296707,0.8229004957211044,-0.5681784619587228,0.0,0.45971985520015224,0.2546510268046726,0.22986797719260582,1.0
2025-12-16 17:51:48.428,0.008462600848161361,-0.5682566956811486,-0.8227961224395964,0.0,-0.9999509170961184,-0.007031574646415562,-0.005428375247912895,0.0,-0.0027008937729935787,0.8228175171765275,-0.5682992509235623,0.0,0.4598742188799385,0.2542715436211333,0.229375249483967,1.0
2025-12-16 17:51:48.478,0.008436204251249982,-0.5682244840649545,-0.8228186392323377,0.0,-0.9999512553389942,-0.0069809842701924205,-0.005431363162005337,0.0,-0.0026579016200446357,0.822840193529232,-0.5682666200576577,0.0,0.45999791213385693,0.25387950737301046,0.2289578912847659,1.0
2025-12-16 17:51:48.528,0.008550859245385962,-0.5681945193027147,-0.8228381480836502,0.0,-0.999950332463997,-0.007030095245685884,-0.00553690050359531,0.0,-0.0026386448348342567,0.8228604676110421,-0.5682373521657765,0.0,0.46009342204564274,0.2534486533594503,0.22850056753671305,1.0
2025-12-16 17:51:48.579,0.008630501548833876,-0.5681625803736187,-0.8228593704925617,0.0,-0.9999497941708394,-0.0070291419051373505,-0.005634465634069535,0.0,-0.002582752475473378,0.822882529458599,-0.5682056600399791,0.0,0.46019167876803946,0.25300423299259245,0.2280598770252125,1.0
2025-12-16 17:51:48.629,0.008747208306622794,-0.5681493172150073,-0.8228672958601343,0.0,-0.9999489246092942,-0.007048805719816081,-0.0057627607835472215,0.0,-0.002526171733896741,0.822891518872202,-0.5681928956125473,0.0,0.46020557144692315,0.2525460346239202,0.2276521139661766,1.0
2025-12-16 17:51:48.679,0.0087631293168222,-0.5681619703558353,-0.822858389947602,0.0,-0.9999488173990347,-0.007047429702969814,-0.0057830111586886996,0.0,-0.0025133980348450457,0.8228827942333341,-0.5682055876045735,0.0,0.46016731828930574,0.2521074165799781,0.2272464162448727,1.0
2025-12-16 17:51:48.728,0.008748720002849977,-0.5681947650480422,-0.8228358984460511,0.0,-0.9999490420074059,-0.007006990078334161,-0.00579330473231689,0.0,-0.002473925186004093,0.822860494995828,-0.5682380535210526,0.0,0.46013564909441057,0.2516687956374427,0.22684002579491333,1.0
2025-12-16 17:51:48.778,0.008846867236771194,-0.5682218553519046,-0.8228161416390313,0.0,-0.9999482756710174,-0.007030372198616704,-0.00589633365033783,0.0,-0.002434324948481981,0.8228415883576077,-0.5682656021009668,0.0,0.46009880067124653,0.2512151811919051,0.22642784648339823,1.0
2025-12-16 17:51:48.829,0.009002765247648523,-0.5682130435288835,-0.8228205358902678,0.0,-0.9999469970513175,-0.007080401580395911,-0.006051272818262068,0.0,-0.002387533644832504,0.8228472445235504,-0.5682576104752978,0.0,0.4601103437950412,0.25079352313138664,0.22603722309034913,1.0
2025-12-16 17:51:48.878,0.009250443196177955,-0.5682138289746735,-0.8228172462727207,0.0,-0.9999449397212038,-0.007149817945486477,-0.006304326332995625,0.0,-0.0023008324066328186,0.822846101875666,-0.5682596227062573,0.0,0.4602035296221862,0.2503891679553602,0.22563064047681308,1.0
2025-12-16 17:51:48.928,0.009269408545658355,-0.5682469243175593,-0.8227941771610053,0.0,-0.9999447841804963,-0.0071536530688196725,-0.006324613758975399,0.0,-0.002292085904176714,0.8228232132316684,-0.5682927996282552,0.0,0.4602485575025354,0.2500052975569027,0.22503616771484586,1.0
2025-12-16 17:51:48.979,0.00929722126374004,-0.5682726266727572,-0.8227761119237884,0.0,-0.9999438917582683,-0.0073850288895991574,-0.006198514728302851,0.0,-0.002553828279215016,0.8228034178812356,-0.5683203440702058,0.0,0.46011000297844495,0.24971768440126862,0.2242156305203269,1.0
2025-12-16 17:51:49.028,0.009262867001547175,-0.5681880484418247,-0.8228349092035357,0.0,-0.999943587556312,-0.007556844665577385,-0.006038435635261477,0.0,-0.0027871222957657443,0.8228602669117528,-0.5682369339344524,0.0,0.4599450981569528,0.24955056661678235,0.2233326110206517,1.0
2025-12-16 17:51:49.078,0.009267365912999204,-0.5681505641441726,-0.8228607411299322,0.0,-0.999943234630402,-0.007649247878527123,-0.005980252920229187,0.0,-0.002896637477305845,0.8228852954197852,-0.5682001408599068,0.0,0.45978896118729906,0.24946998541665982,0.22231375192278263,1.0
2025-12-16 17:51:49.129,0.009234163000481733,-0.5680624542845205,-0.8229219435445478,0.0,-0.9999437276582842,-0.007576342084491822,-0.00599061421579842,0.0,-0.00283174965898618,0.8229467983838864,-0.5681113871623943,0.0,0.4596587115663353,0.2493854057041453,0.2212791012136093,1.0
2025-12-16 17:51:49.178,0.00918065345165982,-0.5680169884552699,-0.8229539253989948,0.0,-0.9999445262687731,-0.007454946587666176,-0.006009580493025545,0.0,-0.0027215861433984886,0.8229792898515924,-0.5680648567234486,0.0,0.45957479987712524,0.24931777485030993,0.2202610738848111,1.0
2025-12-16 17:51:49.228,0.009161280043688283,-0.5680144516396207,-0.8229558922431449,0.0,-0.9999447508060548,-0.0074297085647546,-0.006003471268226094,0.0,-0.002704316067122874,0.8229812690146442,-0.5680620718950131,0.0,0.45943198580889266,0.24924926512229353,0.2193098893158769,1.0
2025-12-16 17:51:49.278,0.00920943529854129,-0.5679838895331202,-0.8229764482860484,0.0,-0.9999444440767178,-0.007415178580915967,-0.0060721320741272235,0.0,-0.002653695230563847,0.8230024933253948,-0.5680315606388495,0.0,0.45926548014806473,0.249192154832865,0.21850555275350741,1.0
2025-12-16 17:51:49.328,0.009280544050354502,-0.5679771252579597,-0.8229803178612727,0.0,-0.9999439630479606,-0.007400109630042447,-0.006168957984172843,0.0,-0.002586367349438956,0.823007297279789,-0.5680249108341557,0.0,0.45904922472493825,0.24910763452795834,0.2176988725480646,1.0
2025-12-16 17:51:49.378,0.00933993998628444,-0.5679421932957215,-0.8230037530271089,0.0,-0.9999435957562504,-0.007373639565229899,-0.006259524489208918,0.0,-0.0025135333615699026,0.8230316416153928,-0.5679899638637218,0.0,0.45875119800519276,0.24903424804669338,0.21697538933014573,1.0
2025-12-16 17:51:49.429,0.00940001896978313,-0.5679295932816378,-0.8230117639618099,0.0,-0.9999431821475976,-0.007358169853222719,-0.00634324161263976,0.0,-0.002453392956694607,0.8230404748719404,-0.5679774270035483,0.0,0.4583455380070413,0.2489717445703513,0.21616351983347776,1.0
2025-12-16 17:51:49.478,0.009527534376148278,-0.5679467773012599,-0.8229984393320757,0.0,-0.9999417669744726,-0.007499452779728398,-0.006400606938575632,0.0,-0.0025368826928779745,0.8230273414722985,-0.5679960910210942,0.0,0.45787566608020525,0.24896458774763947,0.21525428934710195,1.0
2025-12-16 17:51:49.528,0.009534906157388789,-0.5679402062033336,-0.823002888599726,0.0,-0.9999416279775436,-0.0075257693485208076,-0.006391426643647134,0.0,-0.002563831108535042,0.823031635819283,-0.5679897474520839,0.0,0.45740449443149217,0.24888171723114455,0.214321618504462,1.0
2025-12-16 17:51:49.578,0.009499609393115118,-0.567987801498229,-0.8229704500599003,0.0,-0.9999420792787869,-0.007468728062448548,-0.0063877296400215704,0.0,-0.002518438467871944,0.8229993092413911,-0.568036789702812,0.0,0.45692343985516287,0.2487411876903666,0.2133286015311015,1.0
2025-12-16 17:51:49.628,0.009456504648170938,-0.5679798563552292,-0.8229764299150618,0.0,-0.9999428319740693,-0.0073284951136480285,-0.006432172592189839,0.0,-0.002377880061875605,0.8230060532640415,-0.5680276243081465,0.0,0.4565698776451998,0.24859043454077387,0.21247722765161936,1.0
2025-12-16 17:51:49.678,0.009564519254920864,-0.5679976562997954,-0.82296289667917,0.0,-0.9999419071540699,-0.0073541881833039105,-0.006545619485896576,0.0,-0.0023343724269389654,0.8229935393019324,-0.5680459356184595,0.0,0.4563501943600846,0.24849784742252676,0.2117759306094335,1.0
2025-12-16 17:51:49.728,0.009587999672866741,-0.5680223839549303,-0.822945556212341,0.0,-0.9999414064645373,-0.0074626209114273916,-0.006499217496262882,0.0,-0.0024496768645583147,0.8229754962464696,-0.5680715902605379,0.0,0.4561265670129779,0.24838833580366892,0.21107567060643417,1.0
2025-12-16 17:51:49.778,0.009537662342453183,-0.5680141464613443,-0.8229518268513899,0.0,-0.9999415412426711,-0.007547225044987634,-0.006379685929578405,0.0,-0.0025873005940042176,0.8229804103236414,-0.5680638609339331,0.0,0.45594599012149434,0.24818018495264416,0.21048865563643784,1.0
2025-12-16 17:51:49.829,0.009496598623035197,-0.5680488937093209,-0.8229283175777935,0.0,-0.9999422400342488,-0.0074238467870068195,-0.006414826215891117,0.0,-0.002465406277822923,0.8229575487791515,-0.5680975221555676,0.0,0.4558282880868184,0.24781551537291038,0.2099735834284465,1.0
2025-12-16 17:51:49.878,0.009470547652515853,-0.5680824864260519,-0.8229054284936783,0.0,-0.9999428911106597,-0.007269646158763705,-0.006489504078889433,0.0,-0.0022957018738423503,0.8229357364992793,-0.5681298296562988,0.0,0.45571415622921563,0.24743870655645642,0.20949246858569837,1.0
2025-12-16 17:51:49.928,0.009560238074589448,-0.5680846123702374,-0.8229029237627743,0.0,-0.9999420031782216,-0.00733292965694961,-0.006554793954060993,0.0,-0.0023106561591824054,0.8229337074232629,-0.5681327081366798,0.0,0.4555173833297392,0.24713927297049568,0.20894481650513788,1.0
2025-12-16 17:51:49.979,0.00971831616437083,-0.5680294243071958,-0.8229391680758509,0.0,-0.9999401746346199,-0.007527887619844764,-0.006612485226981166,0.0,-0.0024389543559506996,0.8229700423850319,-0.568079537422735,0.0,0.45528510566095465,0.246923340200654,0.20835189773631868,1.0
2025-12-16 17:51:50.028,0.009768102835186407,-0.5679366409760337,-0.8230026141544566,0.0,-0.9999394903323446,-0.0076215510092551625,-0.006608671221408391,0.0,-0.0025192983740273235,0.8230332146596798,-0.567987658935171,0.0,0.4549814344212066,0.24666258399886157,0.20769314535734223,1.0
2025-12-16 17:51:50.078,0.00964813871805156,-0.567942163287939,-0.8230002183962659,0.0,-0.9999408594443281,-0.0074855591262427195,-0.006556746107192641,0.0,-0.002436811143632805,0.8230306519924648,-0.5679917321865775,0.0,0.45459053705337404,0.24623939544665568,0.20691315150165915,1.0
2025-12-16 17:51:50.129,0.009560190159341078,-0.5679775727466746,-0.8229768080098743,0.0,-0.9999416111386445,-0.007467057062454955,-0.00646252841278782,0.0,-0.0024746912302599424,0.8230063837548817,-0.5680267319431607,0.0,0.4540756288102359,0.24582714187315696,0.20600901833388366,1.0
2025-12-16 17:51:50.178,0.009576671896383096,-0.5679561141332171,-0.8229914256389878,0.0,-0.999941411313881,-0.007490208287565515,-0.00646665451535323,0.0,-0.0024916491989028116,0.8230209823855147,-0.5680055054640333,0.0,0.45355544703430467,0.24551442529309833,0.20514071204099557,1.0
2025-12-16 17:51:50.228,0.009664313861847407,-0.5679195434413964,-0.8230156378320548,0.0,-0.9999405318908349,-0.007551630366451655,-0.00653088523029873,0.0,-0.002506140775433512,0.8230456573522718,-0.5679696868425115,0.0,0.45304304440686555,0.24516329290046635,0.20423980723736873,1.0
2025-12-16 17:51:50.278,0.009672390090457028,-0.5679045366674165,-0.8230258981366948,0.0,-0.9999406284391693,-0.007497924781902446,-0.006577812847181894,0.0,-0.0024354634107405645,0.8230565033644889,-0.5679542770218358,0.0,0.45261354345094196,0.24481290817238283,0.20330906604030277,1.0
2025-12-16 17:51:50.329,0.00965789449310864,-0.5679402647911981,-0.8230014140960343,0.0,-0.999940698917317,-0.00751337106698227,-0.006549412581718016,0.0,-0.002463887334333163,0.8230317086676306,-0.5679900842328535,0.0,0.45222236234312857,0.24454374211832117,0.20229834577790992,1.0
2025-12-16 17:51:50.378,0.009708559345717844,-0.5679692085347391,-0.8229808436002997,0.0,-0.9999399933327575,-0.00761295587742808,-0.006542135561213382,0.0,-0.0025496343818308662,0.8230108194826289,-0.5680199735740379,0.0,0.4518134150076639,0.24432451899586372,0.20128526822937365,1.0
2025-12-16 17:51:50.428,0.009694487809198626,-0.5679116678911081,-0.8230207174065943,0.0,-0.9999401273872202,-0.007605302632132372,-0.006530537030938223,0.0,-0.002550602557930217,0.8230505974919692,-0.5679623300842267,0.0,0.45144416763638345,0.24422090821128395,0.20043576132141064,1.0
2025-12-16 17:51:50.479,0.009598214135274558,-0.5678410165173564,-0.8230705930521132,0.0,-0.9999412932928641,-0.007472082885325115,-0.006505754864557938,0.0,-0.0024558645192578436,0.8231005641526332,-0.5678903327413488,0.0,0.4510502142110575,0.24419457540404096,0.19958393340242905,1.0
2025-12-16 17:51:50.528,0.009518794863443515,-0.567834593275686,-0.8230759467539991,0.0,-0.9999422630249472,-0.007355080469276462,-0.006490016105205176,0.0,-0.002368579767750074,0.8231060493126444,-0.5678827532288812,0.0,0.4506724608530284,0.24417616564566247,0.19874320240539783,1.0
2025-12-16 17:51:50.578,0.009454632554905671,-0.5678704165340246,-0.8230519709288916,0.0,-0.99994282237081,-0.007336005463922878,-0.006425100321391988,0.0,-0.002389335362154909,0.823081504600683,-0.5679182404719917,0.0,0.4502783652496316,0.24416371898350006,0.1979076882916469,1.0
2025-12-16 17:51:50.629,0.009479121404714278,-0.5678789165173703,-0.8230458245648661,0.0,-0.999942812741346,-0.007271880991292247,-0.006499068778091943,0.0,-0.002294451325838991,0.8230762090599439,-0.5679263064629291,0.0,0.4499760222948508,0.2441260759332476,0.19718215396446373,1.0
2025-12-16 17:51:50.678,0.009464306839072617,-0.567884691493762,-0.8230420104492229,0.0,-0.9999431895929339,-0.007176668901455295,-0.006546748154388352,0.0,-0.0021889440889967106,0.8230730602378497,-0.5679312863670007,0.0,0.4497616642098951,0.24405345369387288,0.1965482735672253,1.0
2025-12-16 17:51:50.728,0.009333077810031419,-0.5679164097448245,-0.8230216231074058,0.0,-0.9999444213694424,-0.00710301184606814,-0.00643803510817654,0.0,-0.002189708712733499,0.8230518136731618,-0.5679620737206599,0.0,0.4495564113627905,0.24399397732571068,0.19596879319320662,1.0
2025-12-16 17:51:50.778,0.00921943641909453,-0.567908917076444,-0.8230280741252897,0.0,-0.9999452443660333,-0.007123318181347391,-0.006285977175380197,0.0,-0.0022928724986393885,0.8230568082622595,-0.5679544287254454,0.0,0.44932353631587474,0.24392937793083877,0.19543485667929797,1.0
2025-12-16 17:51:50.828,0.00922884879119071,-0.5679293505230919,-0.8230138686957934,0.0,-0.9999449857484575,-0.007189510589461201,-0.006251664995006348,0.0,-0.0023666084485061936,0.8230421329862262,-0.5679753925073997,0.0,0.44910296628268515,0.2438511167845955,0.1950054876759715,1.0
2025-12-16 17:51:50.879,0.009240999720638786,-0.5679541899245651,-0.8229965911062467,0.0,-0.9999446311695454,-0.00727913721358053,-0.006204486911591681,0.0,-0.002466888270444458,0.8230242041756567,-0.5680009452485869,0.0,0.448843046683157,0.24375398781184424,0.19456062934378532,1.0
2025-12-16 17:51:50.928,0.009400587794226443,-0.5679649398401947,-0.8229873650079055,0.0,-0.9999429266322467,-0.007441011795794693,-0.006286630480680119,0.0,-0.002553322147420332,0.8230153379647386,-0.5680134100712755,0.0,0.4485974837833498,0.24364588604387014,0.19410529581544747,1.0
2025-12-16 17:51:50.979,0.009555309784351002,-0.5679416695685441,-0.8230016421149036,0.0,-0.9999416448837327,-0.007468289682217607,-0.006455879308507669,0.0,-0.0024798995449989603,0.8230311495851446,-0.5679908246713163,0.0,0.4484142522728623,0.24348467872529883,0.19356942180105702,1.0
2025-12-16 17:51:51.028,0.009595669117487002,-0.5679497425737242,-0.8229956014134198,0.0,-0.9999414106712112,-0.007440101901763857,-0.006524339795526667,0.0,-0.0024177205804995494,0.8230258338571123,-0.5679987952724898,0.0,0.44822211983665394,0.24327796723664674,0.1928308747047361,1.0
2025-12-16 17:51:51.078,0.009576641645616914,-0.5679799928654373,-0.8229749464841427,0.0,-0.9999414421102903,-0.00748027733311243,-0.006473384170634286,0.0,-0.002479375878521375,0.8230045934771734,-0.5680293054154206,0.0,0.44796163932280586,0.24308390635968347,0.19187285437472373,1.0
2025-12-16 17:51:51.128,0.009464959439131702,-0.5679344543542011,-0.8230076652142553,0.0,-0.999942285085021,-0.007488373843052333,-0.006332271104536332,0.0,-0.0025667235556264562,0.8230359460783714,-0.5679834886623634,0.0,0.44769992675356984,0.24299259156159622,0.19079548323454143,1.0
2025-12-16 17:51:51.179,0.009481668613237992,-0.5679448933686109,-0.8230002691117629,0.0,-0.9999416825626098,-0.007635883497396837,-0.006250732619407803,0.0,-0.002734315146298142,0.8230273870479752,-0.5679951088606865,0.0,0.4474497599740971,0.24292575697938373,0.18949922536627234,1.0
2025-12-16 17:51:51.228,0.009609617428922555,-0.5679761503822964,-0.8229772139925777,0.0,-0.9999406355594421,-0.007655677800153514,-0.006392406089033001,0.0,-0.0026697655863265435,0.82300563239639,-0.5680269372094358,0.0,0.44730245865341645,0.24279989384042377,0.18817510743589938,1.0
2025-12-16 17:51:51.278,0.0097353512159688,-0.5679788130921337,-0.8229738985632297,0.0,-0.9999395141296414,-0.007697703314743574,-0.006516160454050913,0.0,-0.0026340185393271573,0.8230034027471117,-0.5680303345887524,0.0,0.4471758401409217,0.24258922023192034,0.18684751892568546,1.0
2025-12-16 17:51:51.328,0.009649428204084425,-0.5680020184240278,-0.822958894783192,0.0,-0.9999403313204825,-0.007653961405062357,-0.006441861120933884,0.0,-0.0026399563268656085,0.8229877952543568,-0.5680529196236607,0.0,0.44700660222395006,0.24225172453001095,0.18548157359146988,1.0
2025-12-16 17:51:51.378,0.00957767431198647,-0.568035224911279,-0.8229368130761769,0.0,-0.999940808809988,-0.007678677224802035,-0.006337483231719345,0.0,-0.0027192048042366753,0.8229646454368782,-0.568086083517442,0.0,0.4467909183690049,0.24181841468253346,0.18419151650905574,1.0
2025-12-16 17:51:51.429,0.009428866036019536,-0.5680111321123222,-0.8229551611011144,0.0,-0.9999420018092663,-0.007659942506185211,-0.006169700129472074,0.0,-0.002799384760699283,0.8229814494098677,-0.568061350007369,0.0,0.4465913427751547,0.24137115348243626,0.18299312310037075,1.0
2025-12-16 17:51:51.478,0.009455817607492423,-0.5680210577738584,-0.8229480009940174,0.0,-0.999941822017459,-0.007653259484888568,-0.006207020289139378,0.0,-0.002772569744475935,0.8229746608037709,-0.568071316413644,0.0,0.44651307041304084,0.24103925818167576,0.1819512205367598,1.0
2025-12-16 17:51:51.528,0.009347984482082473,-0.5679957996075155,-0.8229666662238212,0.0,-0.9999424712124675,-0.00769761290938613,-0.006045487756098689,0.0,-0.0029011230374846497,0.8229916802151881,-0.568046017309956,0.0,0.4464977124972133,0.24089654699122837,0.1809724344957489,1.0
2025-12-16 17:51:51.578,0.009286967283122583,-0.5680210522097129,-0.8229499276301452,0.0,-0.999942425655801,-0.007831412607818515,-0.0058788818126789336,0.0,-0.0031055915980533278,0.822972988591061,-0.5680720159894548,0.0,0.44651562903748665,0.2408813252369403,0.1800444528126769,1.0
2025-12-16 17:51:51.628,0.00899065337524493,-0.568087309975001,-0.8229074816153159,0.0,-0.9999451561221782,-0.007657596978486734,-0.005638515541820477,0.0,-0.003098384371887015,0.8229288880479035,-0.5681359390414632,0.0,0.44665283973288844,0.2408670553165043,0.1791810175839328,1.0
2025-12-16 17:51:51.678,0.008818281672400187,-0.5680943784795275,-0.8229044670856478,0.0,-0.9999471030462154,-0.007447837153432162,-0.005573843595369561,0.0,-0.0029624462869031936,0.8229259335432019,-0.5681409436170279,0.0,0.4468991315058181,0.24097549310869096,0.17850274900339436,1.0
2025-12-16 17:51:51.728,0.00875841266396709,-0.5680501734980107,-0.8229356217212229,0.0,-0.9999476594706447,-0.007405107275496667,-0.0055307871615460245,0.0,-0.002952218792336454,0.8229568342207049,-0.5680962360495249,0.0,0.4472259368141035,0.2412795230949549,0.17784880475984244,1.0
2025-12-16 17:51:51.779,0.008780703506057346,-0.5680469728183959,-0.822937593514237,0.0,-0.9999471643254754,-0.007499892589285949,-0.005492455716546044,0.0,-0.003052029476944209,0.8229581851717997,-0.5680937515717012,0.0,0.44763641474068677,0.24164006218266434,0.17713232405780463,1.0
2025-12-16 17:51:51.829,0.008675493509585396,-0.5680364120826172,-0.8229459989950013,0.0,-0.9999482543124771,-0.0073933299503731635,-0.005438223136538109,0.0,-0.0029952602113665536,0.8229664390121665,-0.5680820967746656,0.0,0.44823443291798937,0.24192723710325917,0.17631888791222344,1.0
2025-12-16 17:51:51.878,0.008507586682423319,-0.5680619340492344,-0.8229301349168668,0.0,-0.9999499249241977,-0.007234655497965925,-0.005343622846506997,0.0,-0.0029181634796914967,0.8229502323046687,-0.5681059755640645,0.0,0.44895623564161313,0.24216203069170564,0.17542751826689604,1.0
2025-12-16 17:51:51.928,0.008381855827637808,-0.5680944554260567,-0.8229089749834212,0.0,-0.9999509321535142,-0.007178774463471321,-0.005229281377879301,0.0,-0.002936808721404882,0.8229282716140686,-0.5681376901181755,0.0,0.4496106103851783,0.2424215181955083,0.17452588842485178,1.0
2025-12-16 17:51:51.978,0.008403194749965216,-0.5680965772605492,-0.8229072925451879,0.0,-0.9999506544386042,-0.0072183899353234085,-0.005227851925710401,0.0,-0.00297019811830918,0.8229264602651541,-0.5681401402106719,0.0,0.4501304782502208,0.2426439195829943,0.1737078041300712,1.0
2025-12-16 17:51:52.028,0.008484706583158958,-0.5680925796063576,-0.8229092159233607,0.0,-0.9999498355876213,-0.007300579450797642,-0.005270175441099781,0.0,-0.00301382457579185,0.8229284949819747,-0.5681369632475326,0.0,0.4506251176208044,0.24286494202691464,0.17291478946487607,1.0
2025-12-16 17:51:52.078,0.008498461139860395,-0.5681000257670163,-0.8229039335080237,0.0,-0.9999496984009887,-0.007314001420192145,-0.005277589620808602,0.0,-0.003020579894313339,0.8229232353369881,-0.568144545727235,0.0,0.45110704383642597,0.24297236343854664,0.17205590911262408,1.0
2025-12-16 17:51:52.128,0.008587574309636506,-0.5681374055940162,-0.8228772015517171,0.0,-0.9999488688349801,-0.0073833959334670355,-0.005337797424161597,0.0,-0.003043084392334491,0.822896808927321,-0.5681827008054832,0.0,0.45154308664224174,0.2430039675188338,0.17121182612028754,1.0
2025-12-16 17:51:52.178,0.008659068189855904,-0.5681096397158376,-0.8228956219966376,0.0,-0.9999482194596936,-0.007432699680804136,-0.0053907583930089984,0.0,-0.0030538530146358794,0.8229155346353204,-0.568155521699499,0.0,0.45193588346491914,0.24291263118168022,0.1704058112812055,1.0
2025-12-16 17:51:52.228,0.008668974536512183,-0.568114225546483,-0.8228923517164402,0.0,-0.9999484615657647,-0.007348378793900858,-0.005460992819103949,0.0,-0.0029445136918892587,0.8229131259684925,-0.5681595875701495,0.0,0.4522822209179474,0.2426654625592425,0.16965035107386237,1.0
2025-12-16 17:51:52.278,0.008779509392651187,-0.5681771409066722,-0.8228477402698218,0.0,-0.999947138978062,-0.007509725138710383,-0.005483628282220854,0.0,-0.003063747107873931,0.8228682300267068,-0.5682239782571425,0.0,0.45245596234959246,0.24246036503990412,0.1689252344586005,1.0
2025-12-16 17:51:52.328,0.008844569354211329,-0.5681509658623067,-0.8228651168228452,0.0,-0.9999462161697312,-0.0076386973756895436,-0.005473752958270547,0.0,-0.003175760721522932,0.8228851160611688,-0.5681989091056372,0.0,0.4526699704364957,0.24235998569706357,0.1682686426050099,1.0
2025-12-16 17:51:52.379,0.008833103387213668,-0.568170980496894,-0.8228514204319983,0.0,-0.9999460432422957,-0.007702442357383384,-0.005415707434568806,0.0,-0.003260980615367177,0.8228707023518889,-0.5682193002849651,0.0,0.4528831735078228,0.24220350790700318,0.1676053938596697,1.0
2025-12-16 17:51:52.428,0.008826876704313676,-0.568157755988765,-0.8228606184881291,0.0,-0.9999461408884309,-0.007688030106099612,-0.005418156202094398,0.0,-0.0032478722702875794,0.8228799683323567,-0.5682059565360571,0.0,0.4531051851793115,0.24205300980629246,0.16702536660676592,1.0
2025-12-16 17:51:52.478,0.00883229251985061,-0.5681114904415712,-0.8228925032702076,0.0,-0.9999459139447695,-0.007735807754822533,-0.005391972250318381,0.0,-0.003302560401156693,0.822911463332701,-0.5681600272902251,0.0,0.45336072459100274,0.2419754755247593,0.1664165259381053,1.0
2025-12-16 17:51:52.528,0.008881893783710147,-0.5681317254965584,-0.8228779990668887,0.0,-0.9999454167489464,-0.007778500621717683,-0.005422670196723475,0.0,-0.003320029972541468,0.8228970906101715,-0.5681807420762313,0.0,0.45354634034875546,0.2419166076363377,0.1657907066351472,1.0
2025-12-16 17:51:52.578,0.00888145827601865,-0.5681667592842766,-0.8228538146259652,0.0,-0.9999453732291772,-0.007790204040554738,-0.005413887676722716,0.0,-0.0033342722901463285,0.8228727908478601,-0.5682158504569799,0.0,0.4536548493949319,0.24188985679833666,0.1650499424807369,1.0
2025-12-16 17:51:52.628,0.008848697454900998,-0.5681582479726259,-0.8228600444275054,0.0,-0.9999459280160292,-0.007705498913038313,-0.005432608201552867,0.0,-0.003254028670338169,0.8228794652383773,-0.5682066498963338,0.0,0.45370830209534396,0.24188096652331403,0.1641578806837637,1.0
2025-12-16 17:51:52.678,0.008744627491560722,-0.5681403916337856,-0.8228734858928503,0.0,-0.9999473927943693,-0.00750354443807439,-0.0054456740462269105,0.0,-0.0030806196944522346,0.8228936604620843,-0.568187058417921,0.0,0.45380352476045044,0.24195208228592952,0.16305940822734552,1.0
2025-12-16 17:51:52.728,0.008665740148209864,-0.5680909770575022,-0.822908435753787,0.0,-0.9999484535050407,-0.0073564539185366935,-0.005451588743660936,0.0,-0.0029567465374291065,0.8229291036950309,-0.5681363814627667,0.0,0.45393656897812745,0.24218110352381164,0.16175474386873712,1.0
2025-12-16 17:51:52.778,0.008784106565625237,-0.5680610251857954,-0.8229278571283848,0.0,-0.9999471266032733,-0.007504031150981561,-0.0054936704988901765,0.0,-0.003054594989688427,0.822948447432175,-0.5681078439155911,0.0,0.4540054229689937,0.24254930939336622,0.16022500824367672,1.0
2025-12-16 17:51:52.828,0.008794105514945139,-0.5680279394791435,-0.822950588176762,0.0,-0.9999468988353407,-0.0075468993871838745,-0.005476378404840397,0.0,-0.0031000490340345552,0.8229708931315127,-0.5680750819691941,0.0,0.4540110703778255,0.24287286511649314,0.15859335908747857,1.0
2025-12-16 17:51:52.878,0.00878814439310337,-0.5679966377027094,-0.822972256505498,0.0,-0.9999467848512162,-0.007587102044663345,-0.005441530068621377,0.0,-0.0031532644172103416,0.8229921280151312,-0.5680440248331472,0.0,0.45396206390473903,0.2430666413988263,0.1569931233993654,1.0
2025-12-16 17:51:52.928,0.009040185614296876,-0.5679933129713759,-0.822971821124556,0.0,-0.9999443151696215,-0.007787777187611513,-0.005609276926774991,0.0,-0.003223151445241271,0.8229925481397043,-0.5680430238998427,0.0,0.45391361009064907,0.24299225727843776,0.15569236932163363,1.0
2025-12-16 17:51:52.978,0.009417848598493476,-0.5680181033407268,-0.8229504756096733,0.0,-0.9999410178532023,-0.007953965075802328,-0.0059533314608507725,0.0,-0.003164180217437448,0.8229738485950787,-0.5680704467688459,0.0,0.4539371441562076,0.2425884277589812,0.15472558324650754,1.0
2025-12-16 17:51:53.028,0.009716004811492082,-0.5679164630777701,-0.8230171548132804,0.0,-0.9999377983832374,-0.00821632309445308,-0.0061350061532117715,0.0,-0.0032780669736783997,0.8230414156626162,-0.5679719028094548,0.0,0.45394738647280497,0.24226174627246957,0.15395182616523737,1.0
2025-12-16 17:51:53.078,0.00988998587032639,-0.5679085660925639,-0.823020531724076,0.0,-0.999935110883223,-0.008551270234365917,-0.006115284256962892,0.0,-0.00356501729921414,0.8230434528604854,-0.5679672220781286,0.0,0.45390610533309556,0.24192526101322126,0.15326438298126266,1.0
2025-12-16 17:51:53.128,0.009961564146860911,-0.5678456063762124,-0.8230631090385403,0.0,-0.9999340940744524,-0.008661339291868545,-0.0061266312426822575,0.0,-0.0036499184851998515,0.8230857420837894,-0.5679053964116111,0.0,0.4539817239675812,0.24154523772844386,0.1526955140876718,1.0
2025-12-16 17:51:53.178,0.010180211039686181,-0.5678046534355148,-0.8230886864374766,0.0,-0.9999319416044181,-0.008773989064459354,-0.006314758611687703,0.0,-0.0036362918187299114,0.8231128013894695,-0.5678662638074116,0.0,0.45408899784137374,0.2412581497805615,0.1522866889390984,1.0
2025-12-16 17:51:53.228,0.010176951050291485,-0.5677666774745861,-0.8231149230320136,0.0,-0.9999312384871555,-0.008934122454452914,-0.0062005366478172326,0.0,-0.003833425230679594,0.8231372749058842,-0.5678294915830947,0.0,0.4540405829353428,0.24101182432206272,0.15186805798780362,1.0
2025-12-16 17:51:53.278,0.010292346187508572,-0.5677662165354996,-0.823113806148414,0.0,-0.9999291039079132,-0.00919814055675946,-0.006158593136753075,0.0,-0.004074553806513525,0.8231346848622134,-0.5678315670936782,0.0,0.45396820421181777,0.24090101337784478,0.15156932579043875,1.0
2025-12-16 17:51:53.328,0.010417748783477355,-0.5677607162020841,-0.8231160225321756,0.0,-0.9999269123757469,-0.009445086572237334,-0.006140614591094231,0.0,-0.004288084912574009,0.8231356822303993,-0.5678285489184896,0.0,0.4539077241928779,0.2408555152012151,0.15136066503132478,1.0
2025-12-16 17:51:53.378,0.010362802651019876,-0.567753052325883,-0.8231220023769668,0.0,-0.9999269068701307,-0.009522801176046702,-0.006020305316388932,0.0,-0.0044204655606118045,0.8231400730465873,-0.5678211687046252,0.0,0.45386502978527143,0.24086574177674314,0.15125870036054706,1.0
2025-12-16 17:51:53.428,0.010401360728272245,-0.5677419221773956,-0.8231291930180369,0.0,-0.9999269214767774,-0.00946650794324546,-0.006106049012496763,0.0,-0.00432558232162194,0.8231483993280458,-0.5678098290988407,0.0,0.45390515291007727,0.24085367237036026,0.15129129850511613,1.0
2025-12-16 17:51:53.478,0.010276852243475122,-0.5676469062502973,-0.8231962846330397,0.0,-0.9999285681828661,-0.009326062286727265,-0.006052271903665723,0.0,-0.004241708068813204,0.8232155299805872,-0.567713131001424,0.0,0.45397964473685604,0.24090450889793558,0.15122251751929502,1.0
2025-12-16 17:51:53.529,0.01023468321450027,-0.5675974022656414,-0.8232309439653025,0.0,-0.9999297096202502,-0.009161343095690826,-0.006114941753895307,0.0,-0.004071154452477834,0.8232515133840733,-0.5676621983294795,0.0,0.4541960851852072,0.24103346226230282,0.15097436437385725,1.0
2025-12-16 17:51:53.578,0.010218179715484225,-0.5675464995161834,-0.8232662428348663,0.0,-0.9999297534136408,-0.00917677820502371,-0.006084560881415287,0.0,-0.004101739456033372,0.8232864351432881,-0.5676113295579036,0.0,0.4546811598172478,0.2412785402102158,0.1505249493072778,1.0
2025-12-16 17:51:53.631,0.010151864454237946,-0.5674201833224455,-0.8233541292224347,0.0,-0.9999302632838442,-0.009171288903195284,-0.006008571391347605,0.0,-0.004141913653025959,0.8233735619040876,-0.5674846448219254,0.0,0.45538906446096394,0.24146524025066599,0.15007613166612618,1.0
2025-12-16 17:51:53.679,0.009998794217991857,-0.5672907274704934,-0.8234452025128284,0.0,-0.99993254938041,-0.008932272272187243,-0.005988163563071095,0.0,-0.003958283295383506,0.823465389299423,-0.5673526986093426,0.0,0.4562816461870992,0.24159022421178825,0.14964946064011314,1.0
2025-12-16 17:51:53.728,0.010221344254281908,-0.567224836857929,-0.8234878599435087,0.0,-0.9999304227728978,-0.009032247523409628,-0.006189912689076819,0.0,-0.003926949574254307,0.8235096882835448,-0.5672886147017058,0.0,0.45704217682270293,0.24174290769024354,0.14935822373872265,1.0
2025-12-16 17:51:53.779,0.010132889661778582,-0.567174681440273,-0.8235234982569928,0.0,-0.9999314354699932,-0.008958028574891039,-0.006133920783506611,0.0,-0.0038982175158821346,0.8235450438919684,-0.567237485169285,0.0,0.45761934524156456,0.24181784411534885,0.14903594129079167,1.0
2025-12-16 17:51:53.828,0.010189022412023041,-0.5671644488316805,-0.8235298529530982,0.0,-0.9999307536315782,-0.009013251657117983,-0.006164100709560594,0.0,-0.003926698631451497,0.8235514885799438,-0.5672279318718504,0.0,0.45792557913202836,0.2418460706686223,0.148776543831465,1.0
2025-12-16 17:51:53.878,0.010202282560122785,-0.5671715165916335,-0.8235248211796158,0.0,-0.9999300612143078,-0.009135652255954132,-0.006095854248345866,0.0,-0.004066119776893657,0.8235452722796086,-0.5672359748604323,0.0,0.45805779597635543,0.24187024135940902,0.14853079353709878,1.0
2025-12-16 17:51:53.928,0.010344874278420896,-0.567164179660979,-0.8235280953233235,0.0,-0.9999283381970416,-0.009268337359624299,-0.006177644721020318,0.0,-0.004129076909676541,0.8235488426404286,-0.5672303363797504,0.0,0.4581741355420244,0.2418976460558393,0.1483885527831308,1.0
2025-12-16 17:51:53.978,0.010579191223187864,-0.5671460940846251,-0.823537573871906,0.0,-0.9999254490915421,-0.009487288316056807,-0.006311459474189874,0.0,-0.0042337003255191585,0.8235588045933251,-0.5672151013137495,0.0,0.4582510014879399,0.24195146163303424,0.1482713263830431,1.0
2025-12-16 17:51:54.028,0.010609073020013949,-0.567137432656409,-0.8235431542735094,0.0,-0.9999243600301202,-0.009651331706206434,-0.006234814821581969,0.0,-0.004412376237184616,0.8235628632370011,-0.5672078465896027,0.0,0.458189495218215,0.2420195854559188,0.1480641201036301,1.0
2025-12-16 17:51:54.078,0.010592054057152155,-0.5672400784281499,-0.8234726763632689,0.0,-0.9999239818309298,-0.009745255896601754,-0.0061487761462428675,0.0,-0.004537207046883136,0.8234910604021988,-0.5673111026499271,0.0,0.45809004924973984,0.2421513231719478,0.14780566759303673,1.0
2025-12-16 17:51:54.128,0.010747901488080542,-0.5671808535122344,-0.8235114503903052,0.0,-0.9999218632617989,-0.009915016071695272,-0.006221473182377456,0.0,-0.004636518063500886,0.8235298271736958,-0.5672540228641043,0.0,0.45799954079026084,0.24246544578993634,0.14759118296320678,1.0
2025-12-16 17:51:54.178,0.010878692902981517,-0.5670754114600847,-0.823582344795775,0.0,-0.9999205202777688,-0.009975697138302883,-0.006339203045302767,0.0,-0.004621090835210194,0.8236017058279627,-0.5671497824003486,0.0,0.457894081318906,0.24279447811115082,0.14733022820874034,1.0
2025-12-16 17:51:54.228,0.010865366271251647,-0.5670796451493966,-0.8235796056084891,0.0,-0.9999208903906001,-0.009927817948800585,-0.006355965107937336,0.0,-0.004572097979889171,0.8235993692765061,-0.5671535725422203,0.0,0.4577613293051724,0.2429838677998802,0.14688804244927794,1.0
2025-12-16 17:51:54.278,0.010783010438190318,-0.5670689171249399,-0.8235880747180876,0.0,-0.9999224059430087,-0.009766879358377872,-0.006366872226766494,0.0,-0.004433515386574818,0.8236086802470471,-0.5671411515337558,0.0,0.45776356044414834,0.24302821546933065,0.1464136424306144,1.0
2025-12-16 17:51:54.328,0.010934159114138753,-0.5669752957736123,-0.823650535754151,0.0,-0.9999211774701482,-0.009774335387553179,-0.006545847206631816,0.0,-0.004339386469166321,0.823673045128613,-0.5670483969236041,0.0,0.45783660851959257,0.24305317030346654,0.14606947337855264,1.0
2025-12-16 17:51:54.379,0.01108199066488009,-0.5669085102945132,-0.823694529142793,0.0,-0.9999190670302728,-0.009948162409047601,-0.006606084710368318,0.0,-0.004449286971883896,0.8237169327709762,-0.5669837903430899,0.0,0.4578906652179916,0.24307789912239353,0.14571185417336685,1.0
2025-12-16 17:51:54.428,0.011244673330321048,-0.5669603871978554,-0.8236566175120313,0.0,-0.9999157799451217,-0.010303700577540495,-0.00655848094879663,0.0,-0.004768404073948842,0.8236768554141857,-0.5670394167759295,0.0,0.4578478171660483,0.24304952124367724,0.1453001337930208,1.0
2025-12-16 17:51:54.478,0.01120220209253919,-0.5669417987556784,-0.8236699911937804,0.0,-0.9999155479836156,-0.010400033770681919,-0.00644073748908262,0.0,-0.0049147670514345125,0.8236884396000674,-0.567021339575537,0.0,0.45776056527544423,0.24300892797193588,0.1449819607240489,1.0
2025-12-16 17:51:54.528,0.011183082675919637,-0.5668926132658967,-0.8237041037821983,0.0,-0.9999156734224897,-0.01040362637608685,-0.006415411404150272,0.0,-0.004932755374951382,0.8237222469161743,-0.5669720697351678,0.0,0.45772518187509603,0.24298014312466987,0.14478028912499935,1.0
2025-12-16 17:51:54.578,0.011161389408592418,-0.5668956868552467,-0.8237022826923548,0.0,-0.9999155565244626,-0.010450909435589016,-0.006356509541547881,0.0,-0.005005056478594874,0.8237195330406151,-0.5669753789160487,0.0,0.4576878232322901,0.2429728115085981,0.1446786076766716,1.0
2025-12-16 17:51:54.629,0.011193812483580654,-0.5668922186135668,-0.8237042296471949,0.0,-0.9999153979223694,-0.010435581938966584,-0.006406444298754698,0.0,-0.00496416513557308,0.823722114297424,-0.5669719882691635,0.0,0.45770266592329567,0.24296498522864313,0.14469416303651386,1.0
2025-12-16 17:51:54.678,0.011229677169237092,-0.5668911899720039,-0.8237044494137497,0.0,-0.9999149057047876,-0.010470829683072023,-0.006425727689718259,0.0,-0.004982276506801338,0.8237223749199576,-0.5669714507601196,0.0,0.4576940027709808,0.2429578308739908,0.14465183936922524,1.0
2025-12-16 17:51:54.728,0.011240885307484847,-0.5668487143454412,-0.8237335275704352,0.0,-0.9999145241272821,-0.010518904293595244,-0.006406558591127075,0.0,-0.005033321546216784,0.8237509933778729,-0.5669294194017278,0.0,0.4576572787154511,0.24295799670900312,0.14449822678466098,1.0
2025-12-16 17:51:54.780,0.011218689528887278,-0.566820514195716,-0.8237532352551746,0.0,-0.9999142644015081,-0.010588585431714473,-0.006331872247155118,0.0,-0.005133445257925282,0.8237695057030928,-0.5669016221651392,0.0,0.45758778824678065,0.24293878498674645,0.14425008202710224,1.0
2025-12-16 17:51:54.828,0.011370484698532107,-0.566725513660494,-0.8238165154603166,0.0,-0.9999129472903946,-0.010609620398623424,-0.006502360897539852,0.0,-0.005055424020064551,0.8238345963643897,-0.5668077280005103,0.0,0.45764531306843975,0.24290144908185904,0.1439819076887366,1.0
2025-12-16 17:51:54.878,0.011469142670637398,-0.5666671639889377,-0.8238552851832313,0.0,-0.9999114974055784,-0.010717410571368793,-0.006548386670570373,0.0,-0.005118938194808576,0.8238733383488268,-0.5667508436956379,0.0,0.4577230245360125,0.2429023464103712,0.14366847401769853,1.0
2025-12-16 17:51:54.928,0.011568966602104156,-0.5666668570795034,-0.8238541005545859,0.0,-0.9999096936396801,-0.010877932030803058,-0.006559120470215078,0.0,-0.005245093711376008,0.8238714456133232,-0.56675244163124,0.0,0.457734764015282,0.2429139207478192,0.1434716433968431,1.0
2025-12-16 17:51:54.978,0.011451505378480331,-0.5666786652653112,-0.8238476195625623,0.0,-0.9999107543642387,-0.010856978997477944,-0.006430879799484352,0.0,-0.005300355969736602,0.8238635999398768,-0.5667633323713706,0.0,0.4577070599040327,0.2429085105630534,0.14340844695399113,1.0
2025-12-16 17:51:55.028,0.011427962743201209,-0.5666873447718457,-0.8238419762576945,0.0,-0.9999111513938786,-0.010823810435165242,-0.00642505618961979,0.0,-0.005276212930888442,0.8238580661699358,-0.5667716016031867,0.0,0.4577162726321472,0.24289590890692922,0.14340236480018306,1.0
2025-12-16 17:51:55.078,0.01132565712641745,-0.5666867004358285,-0.8238438322528226,0.0,-0.9999118876958942,-0.010832096726742834,-0.006295190715467119,0.0,-0.005356658355803292,0.8238584004733028,-0.566770361064188,0.0,0.4577335718948652,0.242908743911172,0.14328586880073482,1.0
2025-12-16 17:51:55.128,0.011499369095621305,-0.5666356833849114,-0.8238765160668952,0.0,-0.9999100734712117,-0.010904177573756115,-0.006456840051000474,0.0,-0.005325122380342362,0.8238925397830553,-0.5667210301034018,0.0,0.45784970890558946,0.24293411450562846,0.14312001811688432,1.0
2025-12-16 17:51:55.178,0.011593643917940226,-0.5666062700536636,-0.8238954236174558,0.0,-0.999909111293423,-0.010937765922677103,-0.006548383787329921,0.0,-0.0053013220425506755,0.8239123233232736,-0.5666924910925207,0.0,0.4579768307126419,0.2429506531049215,0.14287865753019238,1.0
2025-12-16 17:51:55.228,0.011573778414821214,-0.5665970946507273,-0.8239020129164437,0.0,-0.9999089657412012,-0.010984438121173936,-0.006492245430642612,0.0,-0.005371716702222194,0.8239180123922927,-0.5666835567715061,0.0,0.4581037685540902,0.2429805725252244,0.1425471994861342,1.0
2025-12-16 17:51:55.278,0.011539589093235181,-0.5665839321062532,-0.8239115441986381,0.0,-0.999908654616851,-0.011071994577585087,-0.006390638434544683,0.0,-0.005501617020039419,0.823925892151129,-0.5666708537176858,0.0,0.45821150341111117,0.2429975172327617,0.14218132546312467,1.0
2025-12-16 17:51:55.329,0.0115915876376235,-0.5665235078727902,-0.823952363322514,0.0,-0.9999079686094511,-0.011113637999389222,-0.006425594365313648,0.0,-0.0055169642533603805,0.8239668805967341,-0.5666111036549799,0.0,0.4583242980834296,0.24300025642371287,0.14185304069310462,1.0
2025-12-16 17:51:55.378,0.011780389095196884,-0.566468264085462,-0.8239876668482224,0.0,-0.999905888635339,-0.011201241121926019,-0.006594920083632742,0.0,-0.005493977382391835,0.8240036755932395,-0.5665578159564592,0.0,0.45843391751488294,0.24298712989138488,0.1415267958389852,1.0
2025-12-16 17:51:55.428,0.011875668689712387,-0.5664394133904512,-0.8240061324724848,0.0,-0.9999051770496493,-0.011192241088241909,-0.006716959873361586,0.0,-0.00541782879238066,0.8240236311783324,-0.566529524730046,0.0,0.45848876698682284,0.2429134954429769,0.1412136913427835,1.0
2025-12-16 17:51:55.478,0.01181312632667478,-0.5664365623894859,-0.8240089912955928,0.0,-0.9999056264543861,-0.01120089156738425,-0.006635142362143012,0.0,-0.0054713534719832676,0.8240254734642334,-0.5665263306971977,0.0,0.45841365481346125,0.24285080895346337,0.14084358533539604,1.0
2025-12-16 17:51:55.533,0.011867335612254016,-0.5664356308482759,-0.8240088527146965,0.0,-0.9999046032277893,-0.011288665655091313,-0.006640585276405295,0.0,-0.005540602998666094,0.8240249160171264,-0.5665264684914372,0.0,0.45833940148197827,0.242815599372815,0.14052496252360713,1.0
2025-12-16 17:51:55.578,0.011878362122192518,-0.5664503182090177,-0.823998597338251,0.0,-0.9999040958394054,-0.01135068064233607,-0.006611208191010373,0.0,-0.005608131918493435,0.8240139675917241,-0.5665417284456018,0.0,0.4582886082735766,0.2427647703248918,0.14030235651813205,1.0
2025-12-16 17:51:55.629,0.011791286358873096,-0.5664701831040055,-0.8239861917054955,0.0,-0.9999049062967872,-0.011333738288931205,-0.006517027023097691,0.0,-0.005647251086498327,0.8240005445028553,-0.5665608627624783,0.0,0.4582556289852754,0.24272952303028472,0.1401574496734138,1.0
2025-12-16 17:51:55.678,0.011881138204224454,-0.5664800019591203,-0.8239781507033882,0.0,-0.9999044148669877,-0.01130047884733173,-0.006648850166471962,0.0,-0.00554501376605612,0.8239942509926992,-0.5665710256916735,0.0,0.458280610862736,0.24270414128115642,0.14015991940718564,1.0
2025-12-16 17:51:55.728,0.011923651764765687,-0.5664897904540684,-0.8239708069714039,0.0,-0.999904171471391,-0.01128544727587828,-0.0067106970653398185,0.0,-0.005497443567417742,0.8239877273933799,-0.5665809767538234,0.0,0.45827902375910673,0.24267980818819956,0.14010390172670573,1.0
2025-12-16 17:51:55.778,0.011889296552042825,-0.566499530003587,-0.8239646072704949,0.0,-0.9999044113336146,-0.011291353155093291,-0.006664866143666324,0.0,-0.005528138263857395,0.8239809503492385,-0.566590533938665,0.0,0.45825337753675094,0.24265196606305112,0.13997568693934787,1.0
2025-12-16 17:51:55.828,0.011842786545846517,-0.5664984192144801,-0.8239660407659609,0.0,-0.9999046025923245,-0.01131843675828742,-0.0065898107136963145,0.0,-0.005592997853694603,0.8239813424575078,-0.5665893271646862,0.0,0.4582082127173833,0.24262962587856007,0.13980673751065759,1.0
2025-12-16 17:51:55.878,0.011782961250768633,-0.5664857672324,-0.8239755968768071,0.0,-0.9999054589277124,-0.011262349941402352,-0.006555881448501104,0.0,-0.005566195149468704,0.8239908094138687,-0.5665758232337801,0.0,0.4581757396889474,0.2425797662951019,0.139607056015937,1.0
2025-12-16 17:51:55.928,0.011818894093596675,-0.5665331111512498,-0.8239425311348468,0.0,-0.999905795777117,-0.011169030925749548,-0.0066632740239687075,0.0,-0.005427778749593624,0.8239595285732108,-0.5666226561753929,0.0,0.4581613335777479,0.24248152246666285,0.1393461420901742,1.0
2025-12-16 17:51:55.979,0.01182572706512315,-0.5665952919340664,-0.8238996748626253,0.0,-0.9999065003884213,-0.011052552409960207,-0.00675118266775062,0.0,-0.005281107700122294,0.8239183411878607,-0.5666839303842167,0.0,0.45813239363875957,0.24236766053992126,0.13900323060414507,1.0
2025-12-16 17:51:56.028,0.011494647424685547,-0.5670357678606112,-0.8236012736443027,0.0,-0.9999122124969597,-0.010569382763186965,-0.006678498981691801,0.0,-0.004918103995897202,0.8236215960040641,-0.5671183993213443,0.0,0.458107392848582,0.24202666230396258,0.1384345913794231,1.0
2025-12-16 17:51:56.078,0.00967690154828905,-0.5679855631827593,-0.8229699292766393,0.0,-0.9999380292630876,-0.008231604839592054,-0.006076612249065871,0.0,-0.0033229992001753113,0.822993577178793,-0.5680409576771466,0.0,0.45817163310203646,0.2411455316110835,0.1372904354077069,1.0
2025-12-16 17:51:56.128,0.00829292008821002,-0.5680317716688934,-0.8229531461464359,0.0,-0.9999529064597205,-0.006753385111964893,-0.005415122666702928,0.0,-0.002481805585306533,0.8229751423705616,-0.5680719634704662,0.0,0.45786159751049177,0.24217236210510618,0.13554936792995118,1.0
2025-12-16 17:51:56.178,0.0083357565175651,-0.5682110987200485,-0.8228289064901909,0.0,-0.9999517526307506,-0.007028162451656252,-0.005276764581745468,0.0,-0.002784712638398562,0.8228490353786332,-0.5682532097155053,0.0,0.45696211549057064,0.2443545331624962,0.13336034853502213,1.0
2025-12-16 17:51:56.229,0.008242539749029706,-0.5681717980991278,-0.8228569834937893,0.0,-0.9999530607267597,-0.006810865422782961,-0.005313695191314479,0.0,-0.0025853262009142854,0.8228780004802685,-0.5682122072025819,0.0,0.456071499445891,0.24662779371558158,0.13139330867570465,1.0
2025-12-16 17:51:56.278,0.008602027865663638,-0.5681553378812371,-0.8228646693441538,0.0,-0.9999496478580456,-0.007134236702866153,-0.005527324528733193,0.0,-0.0027301849548458357,0.822886625662631,-0.5681990385381527,0.0,0.4551464003886391,0.24841502266720725,0.1303233505533318,1.0
2025-12-16 17:51:56.328,0.008855428571980087,-0.5680807849248607,-0.8229134523661461,0.0,-0.9999478782123392,-0.007140169076273944,-0.005831444538995308,0.0,-0.002563058940903364,0.822938044693979,-0.5681253429694157,0.0,0.45459518202900084,0.24950973392896247,0.13000012382760898,1.0
2025-12-16 17:51:56.378,0.009042982043317816,-0.568096840954802,-0.822900328517462,0.0,-0.9999462608081716,-0.0072271244221092865,-0.005999255749815618,0.0,-0.002539093707062253,0.8229262015603281,-0.5681426051517674,0.0,0.454542891298524,0.24974663917357903,0.1299990380972839,1.0
2025-12-16 17:51:56.429,0.008783898324634809,-0.5680511868010004,-0.8229346506287152,0.0,-0.9999488026175555,-0.007002877704323134,-0.005839413393759297,0.0,-0.0024458720990731923,0.8229596558657624,-0.5680945542134519,0.0,0.45481274327867277,0.24908432659737384,0.13029178171562725,1.0
2025-12-16 17:51:56.480,0.008608254100183007,-0.5680620108792442,-0.8229290350075057,0.0,-0.9999491537625215,-0.007266222689221989,-0.005444152703244978,0.0,-0.0028870248778273032,0.8229499011479409,-0.5681066143673643,0.0,0.45525718622470845,0.24789551484091688,0.13081520567161367,1.0
2025-12-16 17:51:56.530,0.008571614003830018,-0.5680322136023946,-0.822949985506131,0.0,-0.9999493416900822,-0.00728109141759206,-0.005389495574566883,0.0,-0.0029306233987364946,0.8229703376556725,-0.5680767859941148,0.0,0.45568905082448774,0.247061581256361,0.1313027179470578,1.0
2025-12-16 17:51:56.579,0.008511561019510934,-0.5680804825336083,-0.822917289643742,0.0,-0.9999500191815313,-0.007200639266300219,-0.005371855751977412,0.0,-0.002873939473282399,0.822937726543443,-0.5681243162402163,0.0,0.4559166274450412,0.24651137149513838,0.1315821036926594,1.0
2025-12-16 17:51:56.628,0.008389312280098442,-0.5680652264662712,-0.8229290764218381,0.0,-0.9999514192597636,-0.00702355913855844,-0.005345618637733284,0.0,-0.0027432837897555778,0.8229497883158007,-0.5681074900976292,0.0,0.4560096199376508,0.24630385950075726,0.13164053901401507,1.0
2025-12-16 17:51:56.678,0.008396988178598732,-0.5680793410401083,-0.8229192547110398,0.0,-0.9999510212798002,-0.00712594769707563,-0.0052842040187167615,0.0,-0.002862287539018093,0.8229391647068325,-0.5681222918541966,0.0,0.4559582018289187,0.24632869498690818,0.13158188918179997,1.0
2025-12-16 17:51:56.728,0.008576197100125377,-0.5680367317161027,-0.8229468191601427,0.0,-0.9999497519649677,-0.007153988157647241,-0.005482782126641036,0.0,-0.0027729835472427326,0.8229683338103523,-0.5680804803086086,0.0,0.4559545171772853,0.246376358042039,0.1314842202574531,1.0
2025-12-16 17:51:56.778,0.008509785341169928,-0.5680614052316816,-0.8229304772220207,0.0,-0.9999500484849929,-0.007195438969238045,-0.005373368971948589,0.0,-0.0028689977328404215,0.822950941170219,-0.5681051991304599,0.0,0.4558455459632858,0.24637935064101987,0.1311536595961703,1.0
2025-12-16 17:51:56.828,0.008653113440653072,-0.5681152500242033,-0.8228918113694709,0.0,-0.9999486675603756,-0.007320121204032257,-0.005461224312968345,0.0,-0.0029211192216268347,0.822912670537694,-0.5681603679693034,0.0,0.4557981731910243,0.2462807213066294,0.1308807985871867,1.0
2025-12-16 17:51:56.878,0.008619180270968758,-0.5681938914659835,-0.8228378688012644,0.0,-0.9999492363900127,-0.007222381940713023,-0.005487143459128199,0.0,-0.00282514236143581,0.8228592358494163,-0.5682382392517703,0.0,0.4558544478357536,0.24604072849452108,0.13059368606514732,1.0
2025-12-16 17:51:56.928,0.008739808291195375,-0.5681970992796053,-0.8228343812836723,0.0,-0.9999479320600939,-0.007364720460797566,-0.005535427940488533,0.0,-0.002914787223317081,0.8228557590947858,-0.5682428211073032,0.0,0.45587678835063966,0.24596701537968813,0.130382330540158,1.0
2025-12-16 17:51:56.978,0.008761528377469156,-0.5682294987102077,-0.822811776360332,0.0,-0.9999472158614083,-0.0075214705741521535,-0.005453427603668656,0.0,-0.0030900156228510626,0.8228319673753547,-0.5682763458640996,0.0,0.45580184713225025,0.24594546557216224,0.13016103342354085,1.0
2025-12-16 17:51:57.028,0.008706713560321194,-0.568218998455104,-0.8228196095347176,0.0,-0.9999473773272886,-0.007573389207115031,-0.0053510048965596845,0.0,-0.0031910519448395515,0.8228387424301962,-0.5682659774642315,0.0,0.45573727162589944,0.24592768994189457,0.1299391420673352,1.0
2025-12-16 17:51:57.078,0.0086738547165329,-0.5681792724014398,-0.8228473889846982,0.0,-0.9999476103991177,-0.007567960768787918,-0.005315009699392751,0.0,-0.003207460168275756,0.8228662246850679,-0.56822608922137,0.0,0.45569160709352974,0.2459184334384273,0.129757431540469,1.0
2025-12-16 17:51:57.128,0.008827060565487238,-0.5681649790985754,-0.8228556291530714,0.0,-0.9999462693504768,-0.007655018267391315,-0.005441140376600923,0.0,-0.0032075712199342776,0.8228752887605304,-0.568212962395388,0.0,0.4556650066519809,0.24590377424970733,0.12965712548912606,1.0
2025-12-16 17:51:57.178,0.008905552444476463,-0.5681354342441816,-0.8228751827543728,0.0,-0.9999459791984878,-0.0075931729591020465,-0.005579364694919229,0.0,-0.003078458072509403,0.8228962610053617,-0.5681833038019433,0.0,0.45569660470698714,0.2458891306416087,0.12967878095331903,1.0
2025-12-16 17:51:57.228,0.008905118040675921,-0.5681297643764104,-0.8228791020578262,0.0,-0.9999459801177446,-0.007593675978187659,-0.005578515278283048,0.0,-0.003079415987928261,0.8229001709409542,-0.5681776358345351,0.0,0.4556905561425843,0.2458950246326218,0.12967833590923156,1.0
2025-12-16 17:51:57.278,0.008927746134030728,-0.5681256173756688,-0.8228817200130829,0.0,-0.9999458855404237,-0.007577696050893109,-0.005617064584447367,0.0,-0.0030444078895030587,0.8229031813763849,-0.5681734644113775,0.0,0.45570129421075173,0.24589145510447993,0.129700590573279,1.0
2025-12-16 17:51:57.328,0.008898018589292874,-0.5680958472433525,-0.8229025947894747,0.0,-0.9999464545331214,-0.007477029669559748,-0.005650574764478272,0.0,-0.002942855717252366,0.8229246548548137,-0.5681428975463066,0.0,0.45573603232779253,0.2459008120270865,0.1297989328251455,1.0
2025-12-16 17:51:57.378,0.008941659742474076,-0.5680622012807216,-0.8229253484359071,0.0,-0.9999464966855879,-0.007377777592250763,-0.0057722669054446046,0.0,-0.0027924073135928125,0.8229487771629703,-0.5681087155002702,0.0,0.45579199132779613,0.2459061314702378,0.1299259258106273,1.0
2025-12-16 17:51:57.429,0.008843509887897855,-0.5680811176179185,-0.8229133508699733,0.0,-0.9999472169244153,-0.0073666894135078435,-0.005660578893455672,0.0,-0.002846533890527621,0.8229358184224016,-0.5681272181494759,0.0,0.45576056790605735,0.24589697636915525,0.12988330993263897,1.0
2025-12-16 17:51:57.478,0.008746897211851514,-0.5681211778291642,-0.8228867273157203,0.0,-0.9999477876780796,-0.007391388619099142,-0.005525956315756747,0.0,-0.002942919440667788,0.8229079409887854,-0.568167105597256,0.0,0.45563740615703663,0.24587088543783708,0.12986583537486973,1.0
2025-12-16 17:51:57.528,0.008836123534260614,-0.568159936206739,-0.8228590138727592,0.0,-0.9999468348952839,-0.007488963315490846,-0.0055668404477756525,0.0,-0.002999563005915657,0.8228802987726982,-0.5682068430717183,0.0,0.4554759987585958,0.2458321587733372,0.129907606295843,1.0
2025-12-16 17:51:57.578,0.00885972266184984,-0.568159618151836,-0.8228589797268565,0.0,-0.9999466884294065,-0.007485207190279085,-0.0055981133956056715,0.0,-0.0029787053317272827,0.8228805525549572,-0.5682065852675373,0.0,0.45535529598573227,0.24579923239557083,0.12994962591805118,1.0
2025-12-16 17:51:57.628,0.008788906881359151,-0.5681642356129455,-0.8228565509172279,0.0,-0.999947170136629,-0.007484250459901467,-0.005512697344230211,0.0,-0.003026405314565628,0.8228773730410492,-0.5682109377756942,0.0,0.45532844140452355,0.2458001233385936,0.12991452440999043,1.0
2025-12-16 17:51:57.678,0.008831735331708373,-0.5681571018722394,-0.8228610180002311,0.0,-0.9999468574707752,-0.007490888526164199,-0.005560191059482777,0.0,-0.0030049559748682054,0.8228822382533922,-0.5682040057995689,0.0,0.4553392754953956,0.24580619009972343,0.12993342414335374,1.0
2025-12-16 17:51:57.729,0.008811581732545395,-0.5681590528056293,-0.8228598870060376,0.0,-0.9999470171336601,-0.007484410691458088,-0.005540164555849316,0.0,-0.003010984660226382,0.8228809501516505,-0.568205839330161,0.0,0.4553370694739677,0.24580130040209305,0.1299221072402824,1.0
2025-12-16 17:51:57.778,0.008826111624733957,-0.5681599321663742,-0.8228591241126861,0.0,-0.9999469264304613,-0.0074824196555807135,-0.005559192349556477,0.0,-0.0029985246667025536,0.8228803610908485,-0.5682067583026603,0.0,0.4553395203089496,0.2458015520468581,0.12992956110105972,1.0
2025-12-16 17:51:57.828,0.008801254968332773,-0.5681619060005096,-0.8228580274762219,0.0,-0.9999470299666154,-0.007499818479947738,-0.005516963378557532,0.0,-0.0030368158804593643,0.8228788398279783,-0.5682087580393922,0.0,0.45531083672561834,0.2458034929776744,0.12991771641369645,1.0
2025-12-16 17:51:57.878,0.008690008743132164,-0.5681899545073187,-0.8228398424032614,0.0,-0.9999478185094965,-0.007486271310017449,-0.0053910018716390624,0.0,-0.0030969488225889826,0.8228595958443284,-0.5682363015813923,0.0,0.4551889323732507,0.24577162060978905,0.12990408638023193,1.0
2025-12-16 17:51:57.928,0.00871211517315564,-0.5682036245008433,-0.8228301690230634,0.0,-0.999947737558621,-0.007469148692006101,-0.005429628939490353,0.0,-0.003060764966798915,0.8228503118806035,-0.5682499414481375,0.0,0.4550792642591462,0.24573383065963061,0.12997963627855544,1.0
2025-12-16 17:51:57.978,0.008649401957771068,-0.5682250691359155,-0.8228160216916448,0.0,-0.9999489976321816,-0.007233290518158179,-0.005516207382178745,0.0,-0.002817274248043738,0.8228376101949894,-0.568269592899717,0.0,0.4550348889710002,0.24558036454318216,0.1300920868672616,1.0
