timestamp, data
2025-12-16 17:49:39.679,0.009357904990654238,-0.5654221434671634,-0.8247369133198736,0.0,-0.9999409132999241,-0.008069770607267303,-0.005813399390091298,0.0,-0.0033684778114971164,0.8247584627325621,-0.5654751378338879,0.0,0.37267342235849793,0.265532200926687,0.20802175639968878,1.0
2025-12-16 17:49:39.728,0.009440319845369272,-0.5653994600835845,-0.8247515248846872,0.0,-0.9999402541138683,-0.008087793215717757,-0.005901076579810849,0.0,-0.003334018465665222,0.8247738368765021,-0.5654529178675126,0.0,0.3727225467740629,0.2654506202154994,0.20810831519120734,1.0
2025-12-16 17:49:39.778,0.009429493240321307,-0.5654356582661249,-0.8247268323024255,0.0,-0.9999400183741813,-0.008164282362660213,-0.005835327630300734,0.0,-0.0034338665237130897,0.8247482669884754,-0.5654896149888202,0.0,0.37271700924245166,0.26543043541912137,0.2081182962079965,1.0
2025-12-16 17:49:39.828,0.00933911848216805,-0.5654331257895098,-0.824729596914703,0.0,-0.9999405136176787,-0.008196686217426034,-0.005703548217934182,0.0,-0.0035351426856276846,0.8247496818342681,-0.5654869274178366,0.0,0.3727221021790002,0.2654176020174243,0.20815697441339373,1.0
2025-12-16 17:49:39.878,0.009389806861640091,-0.5653366655243951,-0.8247951461072427,0.0,-0.9999405006927711,-0.008114871750524524,-0.005821583287315824,0.0,-0.0034020178467773503,0.8248166151859174,-0.565390110974552,0.0,0.37283580375016273,0.2652091034057031,0.20828218621519737,1.0
2025-12-16 17:49:39.928,0.009462555613941546,-0.565307447290913,-0.8248143409155135,0.0,-0.9999405562093532,-0.007969908568933117,-0.00600928501075717,0.0,-0.0031766624745631755,0.8248380547066784,-0.5653601439111402,0.0,0.3730118000739961,0.26488473199363344,0.2084613981276798,1.0
2025-12-16 17:49:39.978,0.009509585840883307,-0.5652975240782581,-0.8248206010699141,0.0,-0.9999400642267029,-0.008008298322987767,-0.00604003422801862,0.0,-0.00319105447955424,0.8248444838456661,-0.5653506828869009,0.0,0.3731414235216158,0.26459916900795116,0.20863980803381815,1.0
2025-12-16 17:49:40.028,0.009558511243685805,-0.5652646284217208,-0.824842579901927,0.0,-0.9999394662718579,-0.008069485221643398,-0.006057565634635321,0.0,-0.0032319896469145833,0.8248664316495616,-0.5653184272431258,0.0,0.37328029558209247,0.26436394040459327,0.20882919507866798,1.0
2025-12-16 17:49:40.078,0.009656111278603916,-0.5653386923128007,-0.8247906821674431,0.0,-0.9999381503309781,-0.008220049066893775,-0.006072331282806189,0.0,-0.0033469604899822665,0.8248141844723045,-0.5653939855965623,0.0,0.37342563669618983,0.26398332611952485,0.20900122942242255,1.0
2025-12-16 17:49:40.128,0.009635441545747293,-0.5653546523156516,-0.8247799841609127,0.0,-0.999937691247792,-0.008366240408482809,-0.005946977776225448,0.0,-0.0035382242003681153,0.8248017748960459,-0.5654109241055043,0.0,0.3736747864601963,0.2634870090212354,0.20927941190318822,1.0
2025-12-16 17:49:40.178,0.0095587965949565,-0.5653708117106345,-0.824769799140659,0.0,-0.9999383456095301,-0.008341896909211959,-0.00587065897836722,0.0,-0.003561113968866042,0.8247909446780078,-0.5654265788274019,0.0,0.3740690250409214,0.26296402601545465,0.2097244660585367,1.0
2025-12-16 17:49:40.228,0.009507962423972414,-0.5654195431581114,-0.824736979749681,0.0,-0.9999386477520943,-0.008355465704828742,-0.005799467714978373,0.0,-0.003611998706007175,0.824757400538867,-0.5654751840016669,0.0,0.3744880816331291,0.2624296409290339,0.21025910497190325,1.0
2025-12-16 17:49:40.278,0.00925767692076843,-0.5654493273842988,-0.8247194071197084,0.0,-0.9999408158361511,-0.008255048126781458,-0.005564701839762937,0.0,-0.0036616119818530927,0.8247379917650136,-0.5655031719956192,0.0,0.3750063063121165,0.2619423761696555,0.210995843922639,1.0
2025-12-16 17:49:40.328,0.009420429477728665,-0.5655498530453016,-0.8246486319215603,0.0,-0.9999387845829033,-0.008460804859200036,-0.0056203887062100015,0.0,-0.0037986542811062397,0.8246669745817752,-0.5656058267555191,0.0,0.375568607121591,0.2614978259975143,0.21180847702241873,1.0
2025-12-16 17:49:40.378,0.009378878569395633,-0.5655085763690567,-0.8246774118350955,0.0,-0.9999391623020872,-0.008439814918498767,-0.005584632481187654,0.0,-0.0038020403604327895,0.82469549589359,-0.565564216992132,0.0,0.3762065462720248,0.26098749408159955,0.2126619229736718,1.0
2025-12-16 17:49:40.428,0.009388823335209443,-0.565564450967977,-0.8246389808266885,0.0,-0.9999388087884085,-0.008501754018464529,-0.005553895807138698,0.0,-0.0038698662430449986,0.8246565419087519,-0.5656205548089284,0.0,0.3767690266470307,0.26042609434478364,0.21336041144861104,1.0
2025-12-16 17:49:40.478,0.009301049657751704,-0.5655325690534856,-0.8246618402207276,0.0,-0.9999400091083408,-0.008369852387974882,-0.005538109480968361,0.0,-0.0037703891818470663,0.8246797558937198,-0.5655873799727962,0.0,0.3773382137422955,0.25987179554693635,0.21404898041767803,1.0
2025-12-16 17:49:40.528,0.009349666818327631,-0.5654905791912419,-0.8246900845029898,0.0,-0.9999398084945339,-0.008341274189673616,-0.005616888285841901,0.0,-0.00370273999555016,0.8247088394000482,-0.5655454180982731,0.0,0.37783915356678,0.2594216503947973,0.2146724515742996,1.0
2025-12-16 17:49:40.578,0.00938835866082946,-0.5654885924347878,-0.8246910072560427,0.0,-0.999939180699018,-0.008421666534436966,-0.005608684067375095,0.0,-0.0037736984537770106,0.8247093846743526,-0.5655441539172963,0.0,0.37821472769373365,0.25904177889903335,0.21513138400463133,1.0
2025-12-16 17:49:40.628,0.00950849551086107,-0.5655060259436745,-0.8246776764504545,0.0,-0.999937992164307,-0.008501373941634086,-0.00569959373348146,0.0,-0.0037878116342203103,0.8246966124993758,-0.5655626842491274,0.0,0.3785815702330781,0.2587442916014187,0.21551620709645536,1.0
2025-12-16 17:49:40.678,0.009511084946865159,-0.565449929781664,-0.824716110594581,0.0,-0.9999383913162839,-0.008408775237839804,-0.005766538997553675,0.0,-0.003674234078157056,0.8247360256870025,-0.5655059574734352,0.0,0.37910830959747227,0.2585823486336586,0.2158360819493616,1.0
2025-12-16 17:49:40.728,0.009646169908221697,-0.5654249307372659,-0.8247316812200609,0.0,-0.9999378724153442,-0.00830570183057521,-0.00600112720950051,0.0,-0.0034568550528373838,0.8247542095996976,-0.5654808077209357,0.0,0.3797858613659562,0.25843518789496356,0.21616003997915062,1.0
2025-12-16 17:49:40.778,0.009862063554735546,-0.5654206087599748,-0.8247320909199242,0.0,-0.999936320264663,-0.008292412552897857,-0.006272018082405758,0.0,-0.003292753856929974,0.8247573063734945,-0.5654772704146253,0.0,0.3805826508932305,0.25823093551887266,0.21647604781306484,1.0
2025-12-16 17:49:40.828,0.009796161024455156,-0.5653828922471287,-0.8247587327725988,0.0,-0.9999369742876706,-0.008253300956796845,-0.006219113839080645,0.0,-0.0032908648281107494,0.824783554845826,-0.565438995705607,0.0,0.381415376981166,0.25794608714613815,0.2166154194045607,1.0
2025-12-16 17:49:40.878,0.009816591769421845,-0.5654019897866546,-0.8247453979092775,0.0,-0.9999365332336486,-0.00832466540899013,-0.006194864946790144,0.0,-0.00336320526994775,0.824769745819455,-0.5654587122250604,0.0,0.3824042977045825,0.2575711361279698,0.2166280198800716,1.0
2025-12-16 17:49:40.928,0.009959161298145006,-0.5653663909023678,-0.8247680922813858,0.0,-0.9999355191328234,-0.00830621529490294,-0.006380538006622321,0.0,-0.0032434220439609904,0.8247943351735708,-0.5654235446804741,0.0,0.3835984683357723,0.2570483704867463,0.2166545827623414,1.0
2025-12-16 17:49:40.978,0.009959870708529307,-0.5653548983736946,-0.8247759615565594,0.0,-0.9999359837088734,-0.00818377263602109,-0.006465388682681243,0.0,-0.0030945993640180457,0.8248034369159045,-0.5654111016830918,0.0,0.38482629921719225,0.25639869932868514,0.2166167806215463,1.0
2025-12-16 17:49:41.028,0.009857864611408224,-0.5653338825272379,-0.8247915922663074,0.0,-0.9999370425440905,-0.008113102719283559,-0.006390259278970509,0.0,-0.0030790481027391475,0.8248185401096445,-0.5653891539056757,0.0,0.3860738630282972,0.25581725533824595,0.21658175453603187,1.0
2025-12-16 17:49:41.078,0.00987122365876716,-0.5653260925744121,-0.8247967718773116,0.0,-0.9999368845537181,-0.008127605064255847,-0.006396549548937534,0.0,-0.003087545502450945,0.824823736645092,-0.565381526519569,0.0,0.38736344721173344,0.25529369762023674,0.21649045835703115,1.0
2025-12-16 17:49:41.128,0.009675968588603551,-0.565367337886655,-0.8247708140956719,0.0,-0.999938673934141,-0.008049130189415568,-0.006213435059099094,0.0,-0.0031258746033644407,0.8247962350322634,-0.56542143537769,0.0,0.388764680645063,0.25481586603482625,0.2162580027161404,1.0
2025-12-16 17:49:41.178,0.009356264701989091,-0.5654691459940836,-0.8247047060255909,0.0,-0.9999414325162851,-0.007942941246378496,-0.00589814571239607,0.0,-0.0032154235135022366,0.8247274683181108,-0.5655212321860499,0.0,0.3902327816600386,0.2542936745540864,0.21583101272225608,1.0
2025-12-16 17:49:41.228,0.009244577691440638,-0.5654829068956277,-0.8246965300602312,0.0,-0.999942745758693,-0.007808520542915949,-0.005854836693254453,0.0,-0.003128909965158871,0.8247193165812533,-0.5655336053500094,0.0,0.3918931137335469,0.2538356905161082,0.21524789479150433,1.0
2025-12-16 17:49:41.278,0.009195111950798869,-0.5654091346968815,-0.8247476627543388,0.0,-0.9999433556719867,-0.0077391537960123285,-0.005842760236117757,0.0,-0.0030793582828020907,0.824770549700548,-0.5654591567029594,0.0,0.39363371444434897,0.2536289408298364,0.21457241860664686,1.0
2025-12-16 17:49:41.328,0.009333235355369182,-0.5653849302251605,-0.8247627042327388,0.0,-0.9999421877434139,-0.0077869790161063926,-0.005977543803792653,0.0,-0.003042855269095472,0.8247866923624969,-0.5654358081458437,0.0,0.3952558453816803,0.2536325598909826,0.213987078741369,1.0
2025-12-16 17:49:41.379,0.009255544131241208,-0.5653838070900058,-0.8247643496687125,0.0,-0.9999427985143955,-0.007773045015822333,-0.00589290858484795,0.0,-0.003079234611693763,0.8247875937151303,-0.5654342964198507,0.0,0.3967531780087663,0.25364674920815006,0.2133777678475048,1.0
2025-12-16 17:49:41.428,0.009097620715427059,-0.5654183520712882,-0.8247424248451849,0.0,-0.9999443815083697,-0.007647914032688603,-0.005787071971271174,0.0,-0.0030355009098118387,0.8247650817849785,-0.5654673691756619,0.0,0.39810401653363003,0.2536617750326254,0.212952320828454,1.0
2025-12-16 17:49:41.478,0.009091578031156402,-0.565413631841016,-0.8247457275054317,0.0,-0.9999445227926235,-0.007620897608778867,-0.005798289219869907,0.0,-0.003006928869024,0.8247685678652811,-0.5654624371611522,0.0,0.39931132369011485,0.25367527242853083,0.2127009487922039,1.0
2025-12-16 17:49:41.528,0.009270252917381438,-0.5653806938628488,-0.8247663186134724,0.0,-0.9999431184609164,-0.00765605422607106,-0.005990957982918905,0.0,-0.0029273400382228247,0.8247908221107849,-0.5654303939850741,0.0,0.40045566166321966,0.25369061765999623,0.21257301932297937,1.0
2025-12-16 17:49:41.579,0.009362312910712349,-0.565364896247407,-0.8247761078555372,0.0,-0.9999424540308862,-0.00765290968701845,-0.006104793298683436,0.0,-0.002860556310080105,0.8248016802884605,-0.5654148967005814,0.0,0.4014823829758762,0.2536851099490366,0.21243674886404892,1.0
2025-12-16 17:49:41.628,0.00943325966993718,-0.5653718077959803,-0.8247705617095661,0.0,-0.9999420664940101,-0.007611140029210416,-0.006219413505491896,0.0,-0.0027612163420824578,0.8247973291063416,-0.5654217378058236,0.0,0.4025398037617965,0.2537627116995006,0.21226646716673586,1.0
2025-12-16 17:49:41.678,0.009151877291140172,-0.5653871553571178,-0.8247632112312252,0.0,-0.9999443140731041,-0.007559342438428599,-0.005913712537512364,0.0,-0.0028911860994226208,0.824787284809893,-0.565435739813874,0.0,0.40353044790465603,0.25385251897888034,0.21190695772898527,1.0
2025-12-16 17:49:41.728,0.009105420395452743,-0.5654135945268691,-0.8247456003791929,0.0,-0.9999444056461251,-0.007626308824965123,-0.005811362312924236,0.0,-0.003003999232368525,0.8247685434276052,-0.565462488376478,0.0,0.4045272688281156,0.25389157750157193,0.21144473193737107,1.0
2025-12-16 17:49:41.778,0.009038843009876684,-0.5653795338523433,-0.8247696823472342,0.0,-0.9999449418684115,-0.007606970479309855,-0.005744051976990155,0.0,-0.003026487465932919,0.8247920714568284,-0.5654280495656121,0.0,0.40564384777933554,0.2539555326583938,0.21087853068808807,1.0
2025-12-16 17:49:41.828,0.00898401998462183,-0.5653831111040247,-0.8247678291279664,0.0,-0.9999453480550494,-0.007599828870660982,-0.005682464730297519,0.0,-0.0030553835970468122,0.8247896850959603,-0.5654313751379398,0.0,0.4067935844569824,0.25398014221472925,0.21025239687985012,1.0
2025-12-16 17:49:41.878,0.008994274394921654,-0.5653882915684386,-0.8247641661024316,0.0,-0.9999453403673867,-0.007582749742498021,-0.005706582611520641,0.0,-0.003027603565463511,0.824786291057929,-0.5654364753883108,0.0,0.4079826789865374,0.2539483100442296,0.20954533005659898,1.0
2025-12-16 17:49:41.931,0.009010767105894229,-0.5654345447468723,-0.8247322769143143,0.0,-0.9999452164053055,-0.007585707647667806,-0.005724345276024373,0.0,-0.0030194935097513915,0.8247545549385654,-0.5654828085512712,0.0,0.409180635643133,0.2539113499586254,0.20886016182891498,1.0
2025-12-16 17:49:41.979,0.009111999649984857,-0.5654384303181759,-0.824728500709721,0.0,-0.9999444217747111,-0.0076092333093294,-0.005830937428166,0.0,-0.00297857281884475,0.8247516742885747,-0.5654872269664062,0.0,0.4104572122606281,0.2538883730934392,0.20819506103032387,1.0
2025-12-16 17:49:42.028,0.009183445566503102,-0.5653971858744005,-0.8247559841759526,0.0,-0.9999436429263784,-0.007683782460075585,-0.005866631012591893,0.0,-0.0030203270506256935,0.8247792587853462,-0.5654467719440994,0.0,0.41171112044227764,0.2538478048999032,0.20749048573125115,1.0
2025-12-16 17:49:42.078,0.009016125585826073,-0.5653719279877202,-0.8247751447661823,0.0,-0.9999448342408699,-0.007677889056877571,-0.005667926943623509,0.0,-0.003128105500299137,0.8247966280513075,-0.5654208497315715,0.0,0.41281271322531543,0.2537564823016756,0.20688446059691148,1.0
2025-12-16 17:49:42.128,0.009148905156182807,-0.5654088975809873,-0.8247483391749898,0.0,-0.9999433959936734,-0.00781374432366914,-0.005735600185874729,0.0,-0.00320147491393617,0.8247700089553586,-0.5654592672210379,0.0,0.413805556508857,0.25356122007463566,0.20649476950796325,1.0
2025-12-16 17:49:42.178,0.009262266624392165,-0.5654027887327993,-0.8247512617822179,0.0,-0.9999427355413287,-0.007777176751861494,-0.005898140478409712,0.0,-0.003079470553721205,0.8247745424631195,-0.5654533322617001,0.0,0.4147640097666987,0.25332237559371806,0.2063646652203005,1.0
2025-12-16 17:49:42.228,0.009439848439782827,-0.5653870836601947,-0.8247600146666073,0.0,-0.9999410733078963,-0.007877900366781052,-0.006044460180353995,0.0,-0.0030799768074756266,0.8247843527297912,-0.5654390199083935,0.0,0.41560209267543535,0.25310871847826527,0.20626921248229538,1.0
2025-12-16 17:49:42.278,0.009555645244304153,-0.5653955391119821,-0.8247528847463611,0.0,-0.9999398819441381,-0.007967826708958944,-0.006123163911551426,0.0,-0.003109538370779878,0.8247776925148704,-0.5654485729940139,0.0,0.4164313894290572,0.252930807907429,0.20616898423735847,1.0
2025-12-16 17:49:42.328,0.009598605292105015,-0.5654456874375338,-0.8247180052817749,0.0,-0.9999393184244386,-0.00803251355280969,-0.006130668487303649,0.0,-0.003158059299844753,0.8247426848131955,-0.5654993638445412,0.0,0.41737775016045087,0.25272962317262826,0.20602870849977842,1.0
2025-12-16 17:49:42.378,0.009712124650704906,-0.5654906621861978,-0.824685838678095,0.0,-0.9999380679749084,-0.008137043471871962,-0.006196421495731922,0.0,-0.0032065477611353875,0.8247108228709434,-0.5655455566892794,0.0,0.4184667972291945,0.2524883445202238,0.20585091637664002,1.0
2025-12-16 17:49:42.428,0.009746586052590541,-0.5654530633460045,-0.8247112125551265,0.0,-0.999938101631538,-0.008059584780070699,-0.006291494249911257,0.0,-0.003089344719485988,0.8247373636166621,-0.5655075039323896,0.0,0.4198372742853855,0.2522498733342277,0.20561392858140234,1.0
2025-12-16 17:49:42.478,0.00961938427089596,-0.5654310016263346,-0.8247278319223239,0.0,-0.9999394177652012,-0.007964857351139753,-0.006202317951742538,0.0,-0.003061915634281489,0.8247534096057875,-0.5654842509003029,0.0,0.4213561701343134,0.2520729929151806,0.2052203337426705,1.0
2025-12-16 17:49:42.528,0.009229119368871155,-0.5654558965687912,-0.8247152231482502,0.0,-0.999942846278958,-0.007810705346080098,-0.005834720108215801,0.0,-0.0031423912131869672,0.8247378156914525,-0.565506552345731,0.0,0.42286236248866876,0.2518801203132659,0.20466684997468637,1.0
2025-12-16 17:49:42.578,0.009145368809181648,-0.565440535769829,-0.8247266878420276,0.0,-0.99994364656459,-0.007755135703942412,-0.005771348761952574,0.0,-0.0031325731585454242,0.8247488717443539,-0.5654904822734171,0.0,0.42433985024153165,0.2516578924739968,0.20413553833925013,1.0
2025-12-16 17:49:42.628,0.009091022938080822,-0.5654340166363716,-0.8247317582302789,0.0,-0.9999441144116163,-0.007731643584220842,-0.005721594381200361,0.0,-0.0031414083965443135,0.8247535618182779,-0.5654835928843119,0.0,0.42573355736697355,0.2514480930198208,0.20361526675310038,1.0
2025-12-16 17:49:42.678,0.009085655942549562,-0.5653955083878538,-0.8247582172080143,0.0,-0.9999441856179635,-0.007722446677727478,-0.005721570356583306,0.0,-0.0031342615181158195,0.8247800476292411,-0.5654450012489658,0.0,0.4269619715868038,0.25129000353900144,0.20324653869559658,1.0
2025-12-16 17:49:42.728,0.009126584276720416,-0.5653773239035829,-0.824770231019689,0.0,-0.9999440119818822,-0.007692532639812581,-0.005791782486512154,0.0,-0.0030700885483269436,0.8247927927771496,-0.5654267623124817,0.0,0.4280283817947783,0.2510819661973605,0.20296400372499188,1.0
2025-12-16 17:49:42.778,0.009098638307659505,-0.5653379144995531,-0.8247975534101993,0.0,-0.9999445404236479,-0.0076018031600287705,-0.005820272061014687,0.0,-0.0029795855453584605,0.8248206473910561,-0.5653866126000661,0.0,0.4290114651615913,0.2509313082161671,0.2027360954460747,1.0
2025-12-16 17:49:42.828,0.009037214562397318,-0.5653308777597498,-0.8248030518284668,0.0,-0.9999451850450389,-0.007542651511952836,-0.005786381824630295,0.0,-0.002950038467348063,0.8248260135171422,-0.5653789390297982,0.0,0.42982299373531785,0.2507963681575026,0.2025144802023629,1.0
2025-12-16 17:49:42.881,0.008971421758356947,-0.5653671479843008,-0.8247789088434182,0.0,-0.9999460653200108,-0.007423854206792798,-0.005787896073074572,0.0,-0.0028508069632955393,0.824802230312497,-0.5654141435896245,0.0,0.4306968265510783,0.25071557711744996,0.2022611122795158,1.0
2025-12-16 17:49:42.928,0.008909780124917228,-0.5653680810293853,-0.8247789374568705,0.0,-0.9999465942777314,-0.007395415388731755,-0.005732654254618798,0.0,-0.002858578147719013,0.8248018462223732,-0.565414664648113,0.0,0.4317216324904924,0.2507807575859463,0.20190878795178768,1.0
2025-12-16 17:49:42.979,0.008963655448809345,-0.5653695581652021,-0.8247773411547432,0.0,-0.9999457972246132,-0.007515246110735237,-0.005715819270783018,0.0,-0.0029669116119033574,0.8247997505194073,-0.5654171636752907,0.0,0.4329010397388817,0.25092177781477754,0.20134563054653512,1.0
2025-12-16 17:49:43.028,0.008779373698814135,-0.5652802885396391,-0.8248405087574247,0.0,-0.9999471980150424,-0.007474697961398475,-0.005520595389950049,0.0,-0.0030448085363460253,0.8248613040474336,-0.5653269480806167,0.0,0.434189923049019,0.2510954709685687,0.2006286536121904,1.0
2025-12-16 17:49:43.078,0.008816334670340297,-0.5651979826732324,-0.8248965144345666,0.0,-0.999946618177626,-0.007563107381726344,-0.005505188740612818,0.0,-0.003127319557642994,0.8249168977482443,-0.5652453729857478,0.0,0.4355324324366271,0.2513771689838979,0.19990954472052083,1.0
2025-12-16 17:49:43.128,0.008980813306624185,-0.56518666639889,-0.824902493643018,0.0,-0.9999452358029529,-0.007634463356013227,-0.005655728551699774,0.0,-0.0031012052016194704,0.8249239939056978,-0.5652351606234077,0.0,0.4368160709800395,0.25167440553505466,0.19927491507120687,1.0
2025-12-16 17:49:43.178,0.008949905643132876,-0.5651524501936221,-0.8249262719360637,0.0,-0.9999454606389401,-0.007630627320153744,-0.005621047543576738,0.0,-0.0031180161873143176,0.8249474716245705,-0.5652008024014863,0.0,0.43779521815899214,0.2519388445091479,0.19880084551255173,1.0
2025-12-16 17:49:43.228,0.009022806290681825,-0.5651467670447307,-0.8249293712595873,0.0,-0.9999450333389394,-0.00761078800658177,-0.0057230331044648575,0.0,-0.0030440675161139234,0.8249515483391937,-0.5651952552399254,0.0,0.4386100583221917,0.25215678308169115,0.1985449808128181,1.0
2025-12-16 17:49:43.278,0.009284296365873131,-0.5651232600447812,-0.8249425735762204,0.0,-0.9999426787260086,-0.007747806956070506,-0.005946229968105626,0.0,-0.0030312013053789316,0.8249663765373643,-0.5651736807402288,0.0,0.43936057495657665,0.2523710700606885,0.19839766357769653,1.0
2025-12-16 17:49:43.328,0.009315340724206051,-0.5651644604252688,-0.8249139979419764,0.0,-0.999942227444524,-0.007809507244165924,-0.005941403125124134,0.0,-0.003084361334875435,0.8249375693512776,-0.5652154397996945,0.0,0.44015417352503594,0.2525270737213036,0.19822787991026256,1.0
2025-12-16 17:49:43.378,0.009231837245283613,-0.5652842268186877,-0.8248328697331861,0.0,-0.9999434341180223,-0.00764480861241106,-0.005952509281319222,0.0,-0.002940886440791747,0.8248570459855071,-0.5653337110725002,0.0,0.4412532256808761,0.25249844251029474,0.19797922184376535,1.0
2025-12-16 17:49:43.428,0.009279344871332206,-0.5653157859447703,-0.8248107072665909,0.0,-0.9999431653668074,-0.007623457268064443,-0.006024602617642498,0.0,-0.0028821617078355006,0.8248356144595637,-0.565365282152171,0.0,0.44246045439364373,0.25236500204170886,0.19768091136305568,1.0
2025-12-16 17:49:43.478,0.009358307306588091,-0.5653966875654625,-0.8247543602040348,0.0,-0.9999422281487125,-0.007725634984094664,-0.00604994465172469,0.0,-0.0029511892919764082,0.8247792094146272,-0.5654472090294067,0.0,0.44384924385862684,0.25225107739332747,0.19723816084578158,1.0
2025-12-16 17:49:43.528,0.009343367086766282,-0.5654222235031178,-0.8247370232755896,0.0,-0.9999423728824602,-0.007715969509301542,-0.006038346622590431,0.0,-0.0029494871379260683,0.824761793767597,-0.5654726200859586,0.0,0.44532632842000014,0.2521132258067719,0.19674200648542345,1.0
2025-12-16 17:49:43.578,0.009136415395141047,-0.5654640413588411,-0.8247106709295465,0.0,-0.9999441958701736,-0.007624085827150241,-0.005850244615490554,0.0,-0.0029796193414259875,0.8247339776179146,-0.5655130308234403,0.0,0.4469013056243194,0.25190587215349625,0.19610879893556024,1.0
2025-12-16 17:49:43.628,0.009095208797975615,-0.5654653533017912,-0.8247102268635996,0.0,-0.9999445060238517,-0.007618853843494315,-0.005803864233032052,0.0,-0.0030015203312293215,0.8247331264393354,-0.5655141563473902,0.0,0.4483639997126952,0.25166666040176416,0.1954353981030757,1.0
2025-12-16 17:49:43.678,0.00892374814026985,-0.5654546909702078,-0.8247194105149483,0.0,-0.9999461253958675,-0.007501250658419003,-0.005676657956918778,0.0,-0.00297659145897258,0.824741514978938,-0.5655020542611073,0.0,0.4496904065551672,0.25140593853917415,0.19475672999586185,1.0
2025-12-16 17:49:43.728,0.008905916666647348,-0.565431034881231,-0.824735822153176,0.0,-0.9999463392901419,-0.007475738823597387,-0.005672633470793767,0.0,-0.002958083543263943,0.824757965391072,-0.5654781589643674,0.0,0.4508968004647369,0.25114439478549355,0.19410866546540823,1.0
2025-12-16 17:49:43.778,0.008950879746790128,-0.565400208415722,-0.8247564688903173,0.0,-0.999945974048493,-0.007490830386150259,-0.0057169349781551766,0.0,-0.002945811306185639,0.8247789617856662,-0.5654475982719414,0.0,0.4519376373348155,0.2509307717475666,0.19352460245561418,1.0
2025-12-16 17:49:43.828,0.00897689434303981,-0.5653860325381688,-0.8247659040478765,0.0,-0.9999457715496229,-0.007496830117713513,-0.005744423332549323,0.0,-0.0029353696672819005,0.8247886250891753,-0.5654335571297694,0.0,0.4528982885367702,0.2507318088625809,0.19296135940145825,1.0
2025-12-16 17:49:43.878,0.009001343310413919,-0.5653803350574697,-0.8247695432362424,0.0,-0.999945862468038,-0.007421678732125333,-0.005825608900144226,0.0,-0.002827544305053554,0.8247932103795984,-0.5654274180696568,0.0,0.45381110116475715,0.25052030171392065,0.1924799698566735,1.0
2025-12-16 17:49:43.928,0.008956513449165818,-0.5653940925302783,-0.8247606003561921,0.0,-0.9999462616290768,-0.007397412780885784,-0.005787835466851454,0.0,-0.002828741086782416,0.8247839975391139,-0.5654408506884363,0.0,0.45455870681477306,0.25031302493058766,0.1920271216375212,1.0
2025-12-16 17:49:43.978,0.008964510637856894,-0.5654014012118437,-0.8247555031389096,0.0,-0.9999461951792223,-0.007400465923119153,-0.00579540783083624,0.0,-0.0028268977142766162,0.8247789598628236,-0.5654482080764887,0.0,0.45515415728474123,0.25012915727327645,0.1916795895508556,1.0
2025-12-16 17:49:44.029,0.008965925683080012,-0.5654300260165719,-0.8247358636295334,0.0,-0.9999463489427195,-0.0073523881288639365,-0.005829967936085593,0.0,-0.002767392532303319,0.8247597659189752,-0.5654764982382994,0.0,0.45573449424442325,0.249981404922717,0.19139557819984454,1.0
2025-12-16 17:49:44.078,0.009034448724825984,-0.5654007484929652,-0.82475518745931,0.0,-0.9999454874480296,-0.007462741578967838,-0.005837509884895192,0.0,-0.002854457328816145,0.8247788461816333,-0.5654482354421593,0.0,0.4563086932716163,0.24991383358210217,0.19108855261460422,1.0
2025-12-16 17:49:44.128,0.009071312009372777,-0.5653977340009494,-0.8247568493721218,0.0,-0.9999448783763112,-0.0075618216734399755,-0.005814289567275852,0.0,-0.002949334856572422,0.8247800102412319,-0.5654460505922536,0.0,0.45687103883095614,0.2498312699915509,0.1907382346341859,1.0
2025-12-16 17:49:44.178,0.008981610512434818,-0.5654051933572742,-0.8247527174240984,0.0,-0.9999458526949818,-0.007464678693445075,-0.005772101118116784,0.0,-0.002892993787445232,0.8247757815408278,-0.5654525097394676,0.0,0.4574857300653058,0.24967027121627278,0.1903768997319028,1.0
2025-12-16 17:49:44.228,0.008929882007339388,-0.5654087116041705,-0.8247508672021239,0.0,-0.9999465733443286,-0.007360916368624104,-0.005780507621133508,0.0,-0.0028026267511914236,0.8247743022336479,-0.5654551225855972,0.0,0.4581168892329448,0.24955880929195207,0.19001140841174619,1.0
2025-12-16 17:49:44.278,0.008990599367096484,-0.5654331520639404,-0.8247334518323273,0.0,-0.9999457313499982,-0.0074814946227531685,-0.005771351170657859,0.0,-0.002906981569398543,0.8247564616851032,-0.5654806171451185,0.0,0.4586369955130731,0.24952077807873005,0.18966300758722643,1.0
2025-12-16 17:49:44.328,0.008997578688522785,-0.5654167523725683,-0.8247446190278602,0.0,-0.9999453850188208,-0.007564470561482834,-0.005722994486710436,0.0,-0.003002937250703279,0.824766948028773,-0.5654648210164552,0.0,0.4591311166785018,0.2495076034331363,0.18931725424531834,1.0
2025-12-16 17:49:44.378,0.00902012137068102,-0.5654095297841837,-0.8247493243046002,0.0,-0.9999451646207623,-0.007581916062249335,-0.005738397127243259,0.0,-0.0030086936545209784,0.8247717393129645,-0.5654578019562208,0.0,0.4596982565414831,0.24946967981861162,0.18898410416005837,1.0
2025-12-16 17:49:44.428,0.00893213167248332,-0.565412209099565,-0.8247484451189606,0.0,-0.9999461113652928,-0.007488788182418705,-0.005695552492645096,0.0,-0.002956088406228365,0.8247707533688835,-0.5654595174976356,0.0,0.4602467320146927,0.24936457182862148,0.18862625275383463,1.0
2025-12-16 17:49:44.478,0.008843879874220176,-0.5654169135450123,-0.824746170992755,0.0,-0.9999470406252349,-0.007398163820936316,-0.005650665281328462,0.0,-0.002906681523476215,0.8247683461026046,-0.5654632848113972,0.0,0.4607545727319358,0.24924129962337588,0.188240613210274,1.0
2025-12-16 17:49:44.528,0.008907971088817336,-0.5654313453031103,-0.8247355871435426,0.0,-0.9999463609688135,-0.007465730642513973,-0.005681984900447069,0.0,-0.0029445380701399316,0.8247578432271184,-0.565478407837917,0.0,0.46119205107196576,0.24916670633844212,0.1879040198082975,1.0
2025-12-16 17:49:44.578,0.00902918363591432,-0.565428319662329,-0.8247363433655099,0.0,-0.9999451360407312,-0.007572542773690237,-0.005755728071448065,0.0,-0.002990957170473939,0.824758943755499,-0.5654765590813805,0.0,0.46137936672731816,0.24911336835167427,0.18766838323548507,1.0
2025-12-16 17:49:44.628,0.009282154000470801,-0.5654265993990728,-0.8247347144447844,0.0,-0.9999429564837582,-0.007677605085900697,-0.005990413998572278,0.0,-0.0029449047204764744,0.8247591517913961,-0.5654764973652966,0.0,0.461496347350236,0.24908598483973463,0.1875836482300941,1.0
2025-12-16 17:49:44.678,0.009405886964490651,-0.5654553894257598,-0.824713573770301,0.0,-0.9999415653809814,-0.007812700902842539,-0.006047679657779609,0.0,-0.0030236056401478093,0.8247381445030504,-0.5655067203938414,0.0,0.46143530639245556,0.24906378100678975,0.18752168288880347,1.0
2025-12-16 17:49:44.728,0.009500423783256775,-0.5655033367985403,-0.8246796134977896,0.0,-0.999940287465628,-0.007969198411193076,-0.006054773410194261,0.0,-0.0031481015093153468,0.8247037708045044,-0.5655561686320101,0.0,0.4613350343861768,0.24902825325276415,0.1874277394779847,1.0
2025-12-16 17:49:44.778,0.009795885003060972,-0.5655177607315134,-0.824666265731435,0.0,-0.9999373212815054,-0.00816646586794947,-0.006277678297193071,0.0,-0.003184531650426183,0.8246919499969848,-0.5655732016002332,0.0,0.46130190104101876,0.24901260322025323,0.18739230900351325,1.0
2025-12-16 17:49:44.828,0.009996722786408249,-0.565560173639478,-0.8246347691115283,0.0,-0.9999354025483408,-0.00826247951206686,-0.006455157938331149,0.0,-0.0031628085341143058,0.8246619075285214,-0.5656171274931452,0.0,0.4612919266891756,0.2489196690242343,0.18728533213047177,1.0
2025-12-16 17:49:44.878,0.009975741014304474,-0.5656410999383249,-0.8245795156035504,0.0,-0.9999353536321496,-0.008317779219652635,-0.006391400989600495,0.0,-0.0032434937212389636,0.8246058447116458,-0.5656984007542123,0.0,0.4612292313581759,0.24879787192413752,0.18706819873634872,1.0
2025-12-16 17:49:44.928,0.009860634526223563,-0.5657032142160839,-0.8245382879002892,0.0,-0.9999359690751052,-0.008383735091051801,-0.006206257887140673,0.0,-0.003401876039831536,0.8245625649764278,-0.5657605533075845,0.0,0.46109576636970173,0.2486662996931636,0.1867918452023643,1.0
2025-12-16 17:49:44.978,0.009844972430554138,-0.5657204158194982,-0.8245266730337256,0.0,-0.9999361231661111,-0.008375059462043127,-0.0061931306900203115,0.0,-0.003401944943497432,0.824550851240295,-0.5657776245924776,0.0,0.4610530830696691,0.24854111232348072,0.18660153840563862,1.0
2025-12-16 17:49:45.028,0.009969614087482032,-0.5657112245491324,-0.8245314815792518,0.0,-0.9999348899724192,-0.00844509053296047,-0.006296281676062893,0.0,-0.0034014312802334383,0.8245564430768993,-0.5657694781849036,0.0,0.4610539683062542,0.24836856214115716,0.18633642764001154,1.0
2025-12-16 17:49:45.079,0.009992743254914862,-0.5657115480693168,-0.8245309796268825,0.0,-0.9999349308510743,-0.008391511283415871,-0.006361092944266264,0.0,-0.0033205812136294583,0.8245567681393047,-0.5657694847339053,0.0,0.4611286842610193,0.24808394514935997,0.18589146994452235,1.0
2025-12-16 17:49:45.128,0.009958543202165944,-0.565720847481061,-0.8245250129885745,0.0,-0.9999350720722401,-0.008421444812326663,-0.0062990323356265495,0.0,-0.003380263062583671,0.8245500826179406,-0.5657788747173009,0.0,0.46126871029542676,0.2477769810641177,0.18526614841335437,1.0
2025-12-16 17:49:45.178,0.009853511480669964,-0.565779770762322,-0.8244858435466572,0.0,-0.9999356554058387,-0.00847182871405915,-0.006136779900221891,0.0,-0.003512904552825735,0.8245091355267045,-0.5658377372839399,0.0,0.4614224397172225,0.24740774244161431,0.1844535059271228,1.0
2025-12-16 17:49:45.228,0.00972365729278407,-0.5658086411602776,-0.8244675730302684,0.0,-0.9999362091159278,-0.008562318795219766,-0.0059170344704453015,0.0,-0.00371151642137746,0.8244883886866763,-0.5658666994679065,0.0,0.46160643049426064,0.24708728441615185,0.18358959220191048,1.0
2025-12-16 17:49:45.278,0.009791021160059678,-0.5658257669901691,-0.8244550225548017,0.0,-0.9999348639094705,-0.008749732730358938,-0.00587000994075823,0.0,-0.0038924331599873145,0.8244746678615861,-0.5658854751790526,0.0,0.4618479308773088,0.24678336347958746,0.18278947944306678,1.0
2025-12-16 17:49:45.328,0.00989875280423919,-0.5658025068319379,-0.8244696991744596,0.0,-0.9999335855502417,-0.008856315652356209,-0.005927652394641205,0.0,-0.0039479593276269456,0.8244894928164683,-0.5658634904748584,0.0,0.46212664453251207,0.24649178413152759,0.18205129025156627,1.0
2025-12-16 17:49:45.378,0.010002077563782562,-0.5658441997370287,-0.8244398382960262,0.0,-0.9999325516250834,-0.008916288504657208,-0.00601156394456442,0.0,-0.003949410901998577,0.8244602327118802,-0.5659061113207733,0.0,0.46239070926230524,0.2461556638480811,0.1813195969399781,1.0
2025-12-16 17:49:45.428,0.009931283495280581,-0.5658597167555421,-0.8244300440077874,0.0,-0.9999333849927826,-0.0088495590378459,-0.005971413812455958,0.0,-0.00391693523161526,0.8244503016210005,-0.5659208052152108,0.0,0.46266336438877603,0.24582401109951507,0.1805854137042417,1.0
2025-12-16 17:49:45.478,0.009949624913696376,-0.5658654698414554,-0.8244258741126422,0.0,-0.9999328666224375,-0.008929953015875285,-0.00593844159494592,0.0,-0.0040018023247432545,0.8244454860159954,-0.5659272269170327,0.0,0.46292159274262873,0.2455383327579397,0.17986030229132174,1.0
2025-12-16 17:49:45.530,0.009942076836274695,-0.5659002275348414,-0.8244021072786052,0.0,-0.9999326332278455,-0.008988879666296518,-0.005888628837006138,0.0,-0.004078153457330066,0.8244209878287628,-0.5659623693248742,0.0,0.4631371593298716,0.2452924711326656,0.17918522032941236,1.0
2025-12-16 17:49:45.578,0.009973464848196998,-0.5659057520288009,-0.8243979359028306,0.0,-0.9999321146497799,-0.009048074534756522,-0.005886029259309872,0.0,-0.0041283556395339555,0.8244165480393892,-0.5659684726188653,0.0,0.4633058658640865,0.24507312188861397,0.1785941141826631,1.0
2025-12-16 17:49:45.628,0.009980124777081713,-0.5659286901913904,-0.8243821089936991,0.0,-0.9999319123711864,-0.009079024876570991,-0.005872719148826591,0.0,-0.004161125534157483,0.8244004615040768,-0.5659916643433489,0.0,0.46344932624871665,0.24489530890214717,0.17809630765576537,1.0
2025-12-16 17:49:45.679,0.010125671947437444,-0.5659133751331571,-0.8243908475439424,0.0,-0.9999306366901405,-0.009123928751876027,-0.006018524220216457,0.0,-0.004115799243795678,0.8244104791244,-0.5659774042366551,0.0,0.4636023095929439,0.24475495526912766,0.17777982471433204,1.0
2025-12-16 17:49:45.728,0.010329061088546256,-0.5658959063140194,-0.824400315753986,0.0,-0.9999288670204429,-0.009176121507537202,-0.006229493920077794,0.0,-0.00403963013582868,0.8244218912025474,-0.5659613296810843,0.0,0.46372417767694374,0.2446714028850309,0.17759277992456413,1.0
2025-12-16 17:49:45.778,0.010336422831160033,-0.5659112483659768,-0.8243896919765101,0.0,-0.9999283142836928,-0.009276301733849374,-0.00616955599077057,0.0,-0.00415594641129544,0.8244102386020944,-0.5659774612097767,0.0,0.46369317826969497,0.24460927012464084,0.17734870078053497,1.0
2025-12-16 17:49:45.828,0.010211671933596202,-0.5658823597981566,-0.8244110767856038,0.0,-0.9999293553196071,-0.009252908183380341,-0.006034481044197724,0.0,-0.004213474747856607,0.8244303315079042,-0.5659477671307807,0.0,0.4636596985213894,0.2445689951927754,0.17712425942106272,1.0
2025-12-16 17:49:45.878,0.010129420870952479,-0.5658744564042573,-0.8244175163854865,0.0,-0.999929707325569,-0.009299856140727893,-0.005902540535445706,0.0,-0.004326950692590964,0.8244352281235976,-0.5659397778266656,0.0,0.46361625167359893,0.2445584149344454,0.17692739197269158,1.0
2025-12-16 17:49:45.928,0.010010725249499896,-0.5658283088381041,-0.8244506396374487,0.0,-0.9999306280595781,-0.009284300964874785,-0.005769551557940338,0.0,-0.004389956788565692,0.8244670768383353,-0.5658928940082611,0.0,0.46360827766400314,0.2445645405858781,0.17670878063422368,1.0
2025-12-16 17:49:45.978,0.009987708864900354,-0.5658127907848047,-0.8244615687569364,0.0,-0.9999318906909745,-0.009071766200475234,-0.005887608885192025,0.0,-0.004148118042786438,0.8244800927693041,-0.5658757546880964,0.0,0.4637493356241629,0.24456613691197893,0.17648312185127077,1.0
2025-12-16 17:49:46.028,0.010047223762964703,-0.565757904280325,-0.8244985105748827,0.0,-0.999932006751292,-0.00896041196103325,-0.0060365381661484805,0.0,-0.003972703620876073,0.8245189752375884,-0.5658203576216552,0.0,0.46379605417437836,0.24461234435341705,0.17617813350309366,1.0
2025-12-16 17:49:46.078,0.010003903492629735,-0.5657548877334441,-0.8245011072289936,0.0,-0.9999326175498238,-0.00889904620331192,-0.006026129590183382,0.0,-0.003928036805031769,0.8245217097410033,-0.5658166847068324,0.0,0.4637604602286182,0.2447228547617088,0.1757071859572716,1.0
2025-12-16 17:49:46.128,0.009893777361318658,-0.5657507379243982,-0.8245052835541636,0.0,-0.999933629206317,-0.008854294391266353,-0.005923306029952261,0.0,-0.003949373788029259,0.8245250390172342,-0.5658116846445563,0.0,0.463661121559867,0.2447965037775934,0.1751737976071977,1.0
2025-12-16 17:49:46.183,0.009802150963398398,-0.5657787679035828,-0.82448714394295,0.0,-0.9999341082083971,-0.008889868970627336,-0.005787605063511262,0.0,-0.004055156690006113,0.8245054222707804,-0.5658395217288218,0.0,0.4635552246336954,0.244874788752739,0.17459409593689057,1.0
2025-12-16 17:49:46.229,0.00980687730940472,-0.5658034015820553,-0.8244701830974981,0.0,-0.999934100631217,-0.00888482550577687,-0.005796651773134766,0.0,-0.004045586310583875,0.8244885720455264,-0.5658641425269252,0.0,0.4634867097451417,0.24490036940042795,0.1740684433712559,1.0
2025-12-16 17:49:46.279,0.009912128824324549,-0.5657660920608606,-0.8244945273787816,0.0,-0.9999336208545033,-0.008828386100195177,-0.005963252877132211,0.0,-0.003905224936613579,0.8245147811318538,-0.5658269390134103,0.0,0.4635370486766359,0.2449385655240407,0.17361398636255848,1.0
2025-12-16 17:49:46.328,0.009880019487967809,-0.5657344505605546,-0.8245166241896358,0.0,-0.9999340107345591,-0.008794728963180853,-0.005947589425191646,0.0,-0.003886718831145782,0.8245368521321607,-0.5657949035584493,0.0,0.4634830743023766,0.24495648203353734,0.1730994961461387,1.0
2025-12-16 17:49:46.379,0.009834555930189354,-0.5657172561843699,-0.8245289652074645,0.0,-0.999934242067813,-0.008814557679728599,-0.0058789467072910846,0.0,-0.003942112419805148,0.8245484378304199,-0.5657776360206224,0.0,0.46343421223088815,0.2450019352142784,0.1724718942526955,1.0
2025-12-16 17:49:46.430,0.00984657192348505,-0.5656743455778102,-0.8245582615423123,0.0,-0.9999343001385084,-0.0087839567406744,-0.005914762184404438,0.0,-0.003897129903469036,0.8245782039956191,-0.5657345648569433,0.0,0.4635228281313321,0.2450385015563055,0.17181143581605518,1.0
2025-12-16 17:49:46.480,0.009774151868544648,-0.5656831935491664,-0.8245530531096681,0.0,-0.9999347079252607,-0.008806472535818654,-0.005811439503927468,0.0,-0.003974046671549259,0.8245718937865161,-0.5657432270300464,0.0,0.46357558321786096,0.24503712950489373,0.171129973758998,1.0
2025-12-16 17:49:46.528,0.009849727874549978,-0.5656555994026073,-0.8245710840348953,0.0,-0.9999336620773314,-0.008911569346264676,-0.005831147195165508,0.0,-0.004049879307141943,0.8245896948220138,-0.5657167433185404,0.0,0.463622707994696,0.24501340472140765,0.17050127807994192,1.0
2025-12-16 17:49:46.578,0.009998386548181035,-0.5656017621640866,-0.8246062246942605,0.0,-0.999932094663896,-0.0090139694258625,-0.005941491182458142,0.0,-0.004072535824023809,0.8246255114533722,-0.5656643707289919,0.0,0.4636193017509555,0.24501565552523055,0.16997911259836576,1.0
2025-12-16 17:49:46.629,0.009943282970829397,-0.565595092996324,-0.8246114653601718,0.0,-0.9999325755669847,-0.00899660379170173,-0.005886623939037925,0.0,-0.004089335754090806,0.8246302754553908,-0.5656573045011057,0.0,0.46354702068528575,0.24499511258157727,0.16951117155527048,1.0
2025-12-16 17:49:46.678,0.00996204396344197,-0.5655508286795656,-0.8246415977630134,0.0,-0.9999324226447518,-0.009000074493398942,-0.0059072585959194495,0.0,-0.004081059389115498,0.8246605963065752,-0.5656131591941143,0.0,0.46350113890080363,0.2449606911802828,0.16918821861210523,1.0
2025-12-16 17:49:46.728,0.010005698648980876,-0.565561887449679,-0.8246334848647068,0.0,-0.9999317683806859,-0.009068692092735513,-0.005913062489928116,0.0,-0.004134223977808508,0.8246522602194954,-0.5656249268790926,0.0,0.46347623033938073,0.2448794182511759,0.16894997121190938,1.0
2025-12-16 17:49:46.778,0.009983029337686303,-0.565582813134206,-0.8246194076746249,0.0,-0.9999312401737359,-0.009203387949740665,-0.00579305412276739,0.0,-0.0043129235094637895,0.8246364160230666,-0.5656466919017856,0.0,0.4634099277844949,0.24484156950313257,0.16867035270168576,1.0
2025-12-16 17:49:46.828,0.009933180788828067,-0.5655867004550423,-0.8246173434320935,0.0,-0.9999312269206267,-0.00927136869080454,-0.005685952234945852,0.0,-0.0044295177382252405,0.8246329882899777,-0.5656507880278684,0.0,0.4633733390607467,0.24478713286351864,0.168395755864741,1.0
2025-12-16 17:49:46.878,0.009849984509778142,-0.5655962603374937,-0.8246117844165262,0.0,-0.9999323484305241,-0.009168368665293804,-0.005655659063471996,0.0,-0.0043616092037258615,0.8246275829255904,-0.5656591958445054,0.0,0.4633766934749554,0.24462227960470653,0.16805757427772125,1.0
2025-12-16 17:49:46.929,0.009815926937806455,-0.5655941604283127,-0.8246136308411063,0.0,-0.9999330455288903,-0.009079946056043432,-0.0056750277660755095,0.0,-0.0042777670806267345,0.8246300016123929,-0.5656563100943443,0.0,0.4634222693942748,0.24443734229028172,0.16765373000114664,1.0
2025-12-16 17:49:46.978,0.00991516933192706,-0.5656176350288138,-0.8245963420139211,0.0,-0.9999320488294355,-0.009139632890928487,-0.005754279763329263,0.0,-0.004281868177412301,0.8246132407456636,-0.5656807127628143,0.0,0.46346714964130353,0.24427894539483602,0.16726855879937966,1.0
2025-12-16 17:49:47.028,0.010026334607361156,-0.5656444166487594,-0.8245766267786361,0.0,-0.9999309132831823,-0.009207920316116114,-0.005842068582374435,0.0,-0.004288184959459007,0.8245941100129967,-0.5657085514658828,0.0,0.4635029956663127,0.2441112967902404,0.16685902168147104,1.0
2025-12-16 17:49:47.078,0.010102454145189607,-0.5656651842451966,-0.8245614511085879,0.0,-0.9999302175289924,-0.009237571076308815,-0.005913903469003585,0.0,-0.004271737960190722,0.8245795318228344,-0.5657299249232223,0.0,0.4635295290391643,0.2439137205715338,0.16640364686797351,1.0
2025-12-16 17:49:47.129,0.0100487057538743,-0.5657182097318034,-0.8245257288840194,0.0,-0.9999305984251117,-0.00923842032323424,-0.00584780508715653,0.0,-0.004309188391214748,0.8245431433831235,-0.5657826752343048,0.0,0.463507618397815,0.2436837940806282,0.16590648890452162,1.0
2025-12-16 17:49:47.178,0.010058510988814348,-0.5657284107034312,-0.8245186102089305,0.0,-0.9999304116526966,-0.009260875057916122,-0.005844223339239609,0.0,-0.004329604008861342,0.8245358923771969,-0.5657930864820335,0.0,0.4634805751420896,0.24344350529656278,0.16543365169196003,1.0
2025-12-16 17:49:47.229,0.010266901432003157,-0.5656477503168452,-0.8245713796862499,0.0,-0.9999289134224032,-0.009258152831029202,-0.006099312195470867,0.0,-0.004184026186849172,0.8245912607030026,-0.5657134846343158,0.0,0.463497247322879,0.24319150036511197,0.1650935699177439,1.0
2025-12-16 17:49:47.278,0.010564927477121618,-0.5656129091697184,-0.8245915147448337,0.0,-0.9999262214181953,-0.00934422977759174,-0.006401874053888497,0.0,-0.004084268613497123,0.8246141892658557,-0.5656807912695182,0.0,0.4634678826915366,0.24298777627197696,0.16472134545323805,1.0
2025-12-16 17:49:47.328,0.010730190864987256,-0.5655705572016713,-0.824618429779374,0.0,-0.9999244242833248,-0.009444921387395173,-0.0065334587207428445,0.0,-0.00409340316541432,0.8246420908252845,-0.5656400499344338,0.0,0.46338457668662214,0.24280355209307347,0.16430893672091748,1.0
2025-12-16 17:49:47.378,0.010757980538358145,-0.5655396572120838,-0.824639259844196,0.0,-0.9999242055834945,-0.009444261189097556,-0.006567794151615131,0.0,-0.004073838937632269,0.8246632903181301,-0.5656092833732365,0.0,0.4633477895035802,0.2426068044321076,0.163929460121881,1.0
2025-12-16 17:49:47.429,0.010728778373754055,-0.565534631031357,-0.824643087232314,0.0,-0.9999244084046898,-0.009450084382747866,-0.006528421164284742,0.0,-0.0041009774621582834,0.8246666705184685,-0.5656041588600975,0.0,0.4633004755563481,0.24237447738621506,0.16360249709140678,1.0
2025-12-16 17:49:47.478,0.010580214043457482,-0.5654732710665736,-0.8246870834936558,0.0,-0.9999262136128444,-0.009320586083342504,-0.006437461157257667,0.0,-0.004046432641932095,0.8247102207575261,-0.5655410490503291,0.0,0.46333066610595613,0.24209306656662566,0.16334624867990327,1.0
2025-12-16 17:49:47.529,0.010270956215207776,-0.5653517641930668,-0.8247742946306101,0.0,-0.9999300818341091,-0.009010850636984409,-0.006275580868588968,0.0,-0.0038840820433628308,0.8247969640384137,-0.5654156718907747,0.0,0.4633980851182151,0.2417536654714477,0.16314139699822927,1.0
2025-12-16 17:49:47.578,0.009964106746264143,-0.5652797539315078,-0.824827414234694,0.0,-0.9999332727337482,-0.008818471391198823,-0.006035854828140892,0.0,-0.003861844775566305,0.8248483985457306,-0.5653407871111664,0.0,0.4634355598582421,0.2414772461116083,0.16297891131434283,1.0
2025-12-16 17:49:47.628,0.010035173419600823,-0.5652759049134967,-0.8248291905115108,0.0,-0.9999324190666388,-0.008889016518886506,-0.006073679780420326,0.0,-0.0038986905275585743,0.824850279138757,-0.5653377903668612,0.0,0.4634567399179615,0.24137835856421885,0.16296640592683764,1.0
2025-12-16 17:49:47.678,0.010138794196978617,-0.5652454523891378,-0.8248487923897557,0.0,-0.9999310217868835,-0.009021003619909304,-0.006109014907244923,0.0,-0.003987947827481675,0.8248697151369722,-0.5653088088133562,0.0,0.46344221781844896,0.24137934118728338,0.1629643052774269,1.0
2025-12-16 17:49:47.728,0.010180929524384602,-0.5652468000828931,-0.8248473498601289,0.0,-0.9999305908888936,-0.009045409748586872,-0.006143359689702542,0.0,-0.003988644646927714,0.8248685243260092,-0.5653105414638157,0.0,0.46344098290458235,0.2413756866545721,0.16296097440996277,1.0
2025-12-16 17:49:47.778,0.010323396782567905,-0.5652629344643678,-0.8248345223745243,0.0,-0.9999289591380647,-0.009161262128818636,-0.00623657393778822,0.0,-0.004031298802287958,0.8248561890841222,-0.565328237362672,0.0,0.46342797342114994,0.24136560354809344,0.16290965081009312,1.0
2025-12-16 17:49:47.828,0.010502249775333919,-0.5652844285877693,-0.8248175340322632,0.0,-0.9999264907388207,-0.009384291418092237,-0.0063004043152793884,0.0,-0.004178888109421939,0.8248389514303527,-0.5653523159034951,0.0,0.46337832770685994,0.241374245287426,0.16277428952432088,1.0
2025-12-16 17:49:47.878,0.010484691231320136,-0.5652632312967257,-0.8248322844645308,0.0,-0.9999263547998928,-0.009436836720966974,-0.006243235580147163,0.0,-0.004254817991324353,0.8248528788971947,-0.5653314290740173,0.0,0.4632961990442456,0.24136476531938297,0.1625633207077924,1.0
2025-12-16 17:49:47.928,0.010609484667104027,-0.5653764127021182,-0.8247531131777504,0.0,-0.9999246270773006,-0.009587127853017728,-0.006290790495582634,0.0,-0.004350432739067766,0.8247735706174474,-0.5654463997108209,0.0,0.46319507195837284,0.24130851519117064,0.16227089319563875,1.0
2025-12-16 17:49:47.978,0.01079190770554768,-0.5653109866316323,-0.824795592873079,0.0,-0.999922603253679,-0.00970332934389611,-0.00643271352058672,0.0,-0.0043668637276588805,0.8248170579127222,-0.5653828362069238,0.0,0.4631448417847927,0.24126501008567272,0.16196175385665348,1.0
2025-12-16 17:49:48.028,0.010837142427636552,-0.565251729309972,-0.8248356113537398,0.0,-0.999921356790524,-0.009868743055886945,-0.006374562408731732,0.0,-0.0045369456369281315,0.8248557067031201,-0.5653251093340751,0.0,0.4630911220076198,0.24123538334683292,0.16146814486239844,1.0
2025-12-16 17:49:48.078,0.0108111660885776,-0.5652140767412293,-0.8248617538973262,0.0,-0.9999207686201649,-0.010008625671364853,-0.006247463120132786,0.0,-0.004724669390489608,0.8248798228165356,-0.5652883825175529,0.0,0.46308847875177384,0.24116066479803072,0.16081755838174935,1.0
2025-12-16 17:49:48.128,0.01087490436003307,-0.5651839412641235,-0.8248815647676461,0.0,-0.9999197605815284,-0.01009936502630865,-0.006262757048828294,0.0,-0.004791262560676202,0.8248993655034945,-0.5652593038553253,0.0,0.4630954886183612,0.24101247951449592,0.16018318206603627,1.0
2025-12-16 17:49:48.179,0.01090827141567495,-0.5651486102833894,-0.8249053308172302,0.0,-0.9999186159550508,-0.010250241665138491,-0.0062000736729812935,0.0,-0.004951611305659342,0.8249217110703289,-0.565225310960398,0.0,0.4631110258756981,0.2409071869491697,0.1594487809756228,1.0
2025-12-16 17:49:48.230,0.011011644765340221,-0.5650986973979962,-0.8249381508815422,0.0,-0.9999161509732726,-0.010524477584734553,-0.006137857571874215,0.0,-0.0052136481379472166,0.8249524514187278,-0.5651780876602747,0.0,0.4631126484777005,0.24090599653185152,0.1586283088145266,1.0
2025-12-16 17:49:48.278,0.011107667699662819,-0.5649913095635684,-0.8250104161385637,0.0,-0.9999135579473206,-0.010813743156823504,-0.006056937615402611,0.0,-0.005499439507807535,0.8250222632301595,-0.5650734654358539,0.0,0.4631498047788596,0.24089250582013016,0.15783817578464202,1.0
2025-12-16 17:49:48.328,0.011266230291631023,-0.5648894429723271,-0.8250780182350262,0.0,-0.9999108234324707,-0.011044477447450561,-0.006091929228009147,0.0,-0.005671398248537735,0.8250889592062628,-0.5649743752046038,0.0,0.4633151601026344,0.24084958177661644,0.15704568795145393,1.0
2025-12-16 17:49:48.378,0.011314395265675948,-0.5648287266233242,-0.8251189253326181,0.0,-0.9999096521240621,-0.01116165629373889,-0.0060705781541457865,0.0,-0.005780968218900616,0.8251289488002126,-0.5649148593003269,0.0,0.4635273762283492,0.24077928063668425,0.15635726084287185,1.0
2025-12-16 17:49:48.428,0.011501435709950108,-0.564778302137105,-0.8251508548822738,0.0,-0.9999068009258179,-0.011368251529314064,-0.00615623429308731,0.0,-0.005903728581391798,0.8251606440188738,-0.5648672919821034,0.0,0.4637289712492315,0.24077616217122727,0.15587431731555704,1.0
2025-12-16 17:49:48.478,0.011776314272632957,-0.564768299263716,-0.8251538241262232,0.0,-0.9999035982066133,-0.011523896895879309,-0.006382867303097766,0.0,-0.005904260156578586,0.8251653314587255,-0.5648604389321447,0.0,0.4638769921280334,0.24075680055332344,0.15568149403598294,1.0
2025-12-16 17:49:48.528,0.011846643934963225,-0.5647542232214533,-0.825162451449543,0.0,-0.9999032506152,-0.011495512817263347,-0.006487641746665337,0.0,-0.005821854550526508,0.8251753614545102,-0.5648466418931878,0.0,0.4639530644102691,0.24073515772332735,0.15567003585261396,1.0
2025-12-16 17:49:48.578,0.011834444722099276,-0.564756837489948,-0.8251608372479153,0.0,-0.9999034908753728,-0.011475044216120715,-0.006486847978022741,0.0,-0.005805377114983848,0.8251738570954431,-0.5648490091721697,0.0,0.4639551754754462,0.2407245072665562,0.15566957217117297,1.0
2025-12-16 17:49:48.628,0.011809172961896642,-0.5647611395478972,-0.8251582548770416,0.0,-0.9999039182352865,-0.011442491603732998,-0.006478470871170827,0.0,-0.005783189155763295,0.8251713647045962,-0.564852877831691,0.0,0.46396175364750913,0.2407100239281637,0.15566609646879367,1.0
2025-12-16 17:49:48.679,0.011860931844767181,-0.5647485938583957,-0.8251660989958005,0.0,-0.9999034520771267,-0.011450686184520886,-0.006535687519852555,0.0,-0.005757808568628797,0.8251798375360816,-0.5648407592980639,0.0,0.46396537396635834,0.2407023893550594,0.15565443139567817,1.0
2025-12-16 17:49:48.728,0.011909504454394117,-0.5646995200010151,-0.8251989837096759,0.0,-0.9999028389006508,-0.01148286511688063,-0.006572934529955912,0.0,-0.005764026625835011,0.8252129747692273,-0.5647922824097187,0.0,0.4639423843779562,0.24070034927147865,0.15554142366388393,1.0
2025-12-16 17:49:48.778,0.01181349190144476,-0.5646448547703004,-0.8252377695499216,0.0,-0.9999035382265022,-0.01149073569492794,-0.00645167703158073,0.0,-0.005839795289003768,0.8252502711104739,-0.5647370067766693,0.0,0.46387928715175336,0.24070147703511768,0.15532886966479725,1.0
2025-12-16 17:49:48.828,0.011871812385122577,-0.5646385059452915,-0.8252412765826546,0.0,-0.9999027109149067,-0.011542886264860788,-0.006486708171744686,0.0,-0.005863133869560648,0.825253887290907,-0.5647314805927455,0.0,0.4638404147647436,0.2406682493855114,0.1551671253555417,1.0
2025-12-16 17:49:48.878,0.011986682985469227,-0.5645864149377849,-0.8252752549300828,0.0,-0.9999016435000977,-0.01156450287542447,-0.006611542955779117,0.0,-0.005811222608088077,0.8252892235889613,-0.5646803760710378,0.0,0.46382392057226507,0.2406573721141732,0.1550733491597543,1.0
2025-12-16 17:49:48.931,0.012018231493029918,-0.5645745325814798,-0.8252829249253808,0.0,-0.9999025357703332,-0.011398193083348255,-0.006763656976854751,0.0,-0.005588253241632338,0.825299666132138,-0.5646673644792028,0.0,0.46381966472720215,0.2406440858025068,0.15495472186638923,1.0
2025-12-16 17:49:48.978,0.011973603052835728,-0.5645732265290402,-0.8252844670886096,0.0,-0.9999038297045278,-0.01125956275185629,-0.006804446345126275,0.0,-0.005450838963045815,0.8253024626069378,-0.5646646204336898,0.0,0.4637201788281694,0.24066828367757256,0.15485326796128687,1.0
2025-12-16 17:49:49.028,0.011911344594673464,-0.5646041136261006,-0.8252642374704241,0.0,-0.999904582028563,-0.01122333453273514,-0.006753554727676972,0.0,-0.005449236748881205,0.8252818255811043,-0.5646947973767552,0.0,0.46347625489408345,0.24094169827548692,0.15463251378534884,1.0
2025-12-16 17:49:49.078,0.011745297980197772,-0.5645242778325616,-0.8253212311665012,0.0,-0.9999077397668269,-0.010944366661129567,-0.006743863432050453,0.0,-0.005225644143164243,0.8253401858789539,-0.5646116100618042,0.0,0.4631479114212464,0.24143249525484292,0.15422192135750187,1.0
2025-12-16 17:49:49.128,0.011794945702794062,-0.5644515792047363,-0.8253702447328445,0.0,-0.9999088601749314,-0.010693551910180243,-0.0069761158549647255,0.0,-0.004888554065933177,0.8253931949175722,-0.5645371341399138,0.0,0.4628747945894751,0.24186387205740653,0.153861602821552,1.0
2025-12-16 17:49:49.179,0.011859161123857207,-0.564465046481494,-0.8253601144344761,0.0,-0.9999080154359236,-0.010744280232871328,-0.007019117500004553,0.0,-0.004905948331327434,0.8253833260762417,-0.5645514119248051,0.0,0.46259891495610794,0.24216804357924693,0.15351751382094633,1.0
2025-12-16 17:49:49.228,0.011913653323149349,-0.5644682758462908,-0.8253571210868783,0.0,-0.9999072543276113,-0.010794097050757063,-0.007051036312789543,0.0,-0.00492899345453316,0.8253804675196038,-0.5645553904274101,0.0,0.46254433605650175,0.2421707380308011,0.15331470571929956,1.0
2025-12-16 17:49:49.279,0.011737977258974136,-0.5643977582061365,-0.8254078611952782,0.0,-0.9999104707713252,-0.01049892837529899,-0.0070405856323233346,0.0,-0.004692297609025641,0.8254324974335842,-0.564481332307548,0.0,0.46263391902737117,0.2420051126934979,0.15332096368008158,1.0
2025-12-16 17:49:49.329,0.01178474103849872,-0.5643162263535398,-0.825462938873675,0.0,-0.9999097937785484,-0.010546896430493183,-0.0070649970016807145,0.0,-0.004719270536905377,0.8254876293359923,-0.5644004804204575,0.0,0.46270061988002315,0.24193551102858044,0.15334346025471798,1.0
2025-12-16 17:49:49.379,0.011664535807696606,-0.5643307965531361,-0.8254546853506268,0.0,-0.999910109378502,-0.010666026753567657,-0.006837831320841006,0.0,-0.0049456181802968215,0.8254761378178629,-0.56441534950258,0.0,0.46266551512223913,0.24199451081051207,0.15321599186200258,1.0
2025-12-16 17:49:49.429,0.011591859849262661,-0.5643938794406888,-0.8254125783729808,0.0,-0.9999096712862132,-0.010834358049865395,-0.006634218503494484,0.0,-0.005198603183931693,0.8254308149485611,-0.5644793568043831,0.0,0.46258175918171274,0.24200008847549953,0.15300285389272958,1.0
2025-12-16 17:49:49.479,0.011681258675544925,-0.5644784151888217,-0.8253535084331317,0.0,-0.9999082900754416,-0.010939288225344826,-0.006670105901540088,0.0,-0.0052637504516141,0.8253716215189373,-0.564565301202955,0.0,0.4625398895552023,0.24198653143895119,0.1527413663243859,1.0
2025-12-16 17:49:49.528,0.011917048392124102,-0.5644359695985541,-0.8253791656458068,0.0,-0.99990523844299,-0.011114085151890205,-0.006836530312393347,0.0,-0.005314653037557959,0.8253983141687987,-0.5645257987288052,0.0,0.4625934665961574,0.2419865150946862,0.15250093144718846,1.0
2025-12-16 17:49:49.579,0.012186937112239442,-0.5643850084728596,-0.8254100724343754,0.0,-0.9999012555037539,-0.011377963076007669,-0.006983416031278519,0.0,-0.005450254945037391,0.8254295662615629,-0.5644788090462581,0.0,0.4626548343809097,0.24201231259883837,0.15218350403830655,1.0
2025-12-16 17:49:49.628,0.012247339025947846,-0.5643564123726802,-0.8254287306617266,0.0,-0.999899738364527,-0.011528310334247125,-0.006954004644532614,0.0,-0.00559136910424249,0.8254470322929537,-0.5644518876488019,0.0,0.46269839207080976,0.24197579553097287,0.15176400628074588,1.0
2025-12-16 17:49:49.678,0.012184950272524964,-0.5643347957068803,-0.8254444331646669,0.0,-0.9998995856618844,-0.01162606220817725,-0.0068117671665967605,0.0,-0.0057526618535687375,0.8254604404238606,-0.5644306584309935,0.0,0.46275297240526164,0.24193848303725465,0.1512992507471126,1.0
2025-12-16 17:49:49.728,0.012144718404719906,-0.5643272154416111,-0.8254502084486962,0.0,-0.9998989752291921,-0.011758577687360366,-0.006672487361552259,0.0,-0.005940768568481839,0.8254637457456852,-0.5644238759375072,0.0,0.46281594105207485,0.2419063776110318,0.15083347439545464,1.0
2025-12-16 17:49:49.778,0.012159508814917728,-0.5643162448645882,-0.8254574907459006,0.0,-0.9998981639535677,-0.011853816592861619,-0.006625379662706103,0.0,-0.006046128735159108,0.8254698836341752,-0.5644137804308991,0.0,0.46291945180137634,0.24188471010705614,0.1504811510596327,1.0
2025-12-16 17:49:49.828,0.012258142715740338,-0.5642877026852449,-0.8254755438149439,0.0,-0.9998967411094876,-0.011939006379772943,-0.006686863726606794,0.0,-0.0060821599139226955,0.8254881678612734,-0.5643866511991754,0.0,0.46304642629794684,0.24186761720269584,0.15018998561625593,1.0
2025-12-16 17:49:49.878,0.012347480798329818,-0.5642495745225509,-0.8255002751485087,0.0,-0.9998958392391977,-0.011962262395481392,-0.006779517072058578,0.0,-0.0060496277495718665,0.8255138940692324,-0.5643493711370146,0.0,0.46314506800561034,0.24184411195321973,0.14997912689208695,1.0
2025-12-16 17:49:49.928,0.012338577565134392,-0.5642639757777177,-0.8254905644793288,0.0,-0.9998952571938936,-0.012050899620849192,-0.0067080072073640385,0.0,-0.006162935769736843,0.8255027610346373,-0.5643644299093349,0.0,0.4631048662598961,0.24181708856663253,0.14977298023747912,1.0
2025-12-16 17:49:49.978,0.012203984205809612,-0.5642962612649773,-0.8254704956526798,0.0,-0.999896328639959,-0.0120523404546043,-0.006543696440503619,0.0,-0.0062563884674731755,0.8254806702326241,-0.5643957128430742,0.0,0.46306544371428277,0.24177278613185918,0.14960456096262112,1.0
2025-12-16 17:49:50.028,0.012281538376254241,-0.5643158750090324,-0.825455937000341,0.0,-0.9998959679108911,-0.01201798729306807,-0.006660948744284232,0.0,-0.006161558471930669,0.8254677626047557,-0.5644156341717472,0.0,0.46308849390070883,0.24168865560663008,0.14954267804937607,1.0
2025-12-16 17:49:50.078,0.012342553652424175,-0.5642987201728331,-0.8254667544376623,0.0,-0.9998957394378482,-0.011981755603707714,-0.006759784604586813,0.0,-0.006076120093785837,0.825480016862283,-0.5643986379551698,0.0,0.4631036474276401,0.24164594654966406,0.1495001409983591,1.0
2025-12-16 17:49:50.128,0.01242423111359783,-0.5642890163203921,-0.8254721627302817,0.0,-0.9998947589009484,-0.012023563597255746,-0.006830222693701593,0.0,-0.006071014287111439,0.8254860425622719,-0.564389879711184,0.0,0.46309532155038385,0.2416281268639602,0.14943856006743153,1.0
2025-12-16 17:49:50.178,0.012428942069906107,-0.5642990406235938,-0.8254652391539713,0.0,-0.999894631378031,-0.012035675575244572,-0.006827558571474857,0.0,-0.006082364169772488,0.8254790133781972,-0.5644000383754988,0.0,0.46308559216417006,0.24158713795341238,0.14936042250313467,1.0
2025-12-16 17:49:50.228,0.012433127275466844,-0.5643406364366297,-0.825436739134902,0.0,-0.9998948928095897,-0.011995659596016976,-0.006859619913976249,0.0,-0.006030611980709989,0.8254511588185502,-0.5644413309851173,0.0,0.46309901710724644,0.2414813724902918,0.14925024458086872,1.0
2025-12-16 17:49:50.278,0.01236921643955759,-0.564410640807119,-0.8253898339146035,0.0,-0.9998956729870992,-0.011961866369309137,-0.0068046892542472665,0.0,-0.006032680021174145,0.8254037837135332,-0.5645105850231198,0.0,0.4630912468612246,0.24134449015757548,0.1490542786845823,1.0
2025-12-16 17:49:50.328,0.012351776502445809,-0.5644161591228355,-0.8253863215727941,0.0,-0.9998953401641797,-0.012026543239070715,-0.006739278662171767,0.0,-0.006122904392454338,0.8253990703295564,-0.5645165052865191,0.0,0.4630422987844606,0.24129603922387471,0.1488319175287014,1.0
2025-12-16 17:49:50.378,0.012471120560128291,-0.5643718590191942,-0.8254148186217654,0.0,-0.9998936910075543,-0.012116121280071803,-0.006822989786316873,0.0,-0.006150241030215348,0.8254280519800838,-0.5644738306951299,0.0,0.4629980138611312,0.24124948385918296,0.14859386914922215,1.0
2025-12-16 17:49:50.428,0.012632175986868655,-0.5643126648637031,-0.8254528401462259,0.0,-0.999892174809089,-0.012138233421650602,-0.007003495281629711,0.0,-0.006067494984602708,0.8254681977418304,-0.5644160168009641,0.0,0.46297825872752,0.24115248790267413,0.14832547450660463,1.0
2025-12-16 17:49:50.478,0.012715958752937328,-0.564264347982545,-0.8254845830722918,0.0,-0.9998914252989535,-0.01214241802091887,-0.007102548798901341,0.0,-0.006015779632860825,0.8255011655035258,-0.5643683514759924,0.0,0.46293860244283436,0.2410422039703263,0.14799350215723817,1.0
2025-12-16 17:49:50.528,0.012703929830095032,-0.5642406054232604,-0.8255009971282125,0.0,-0.9998913169016702,-0.012171153108944345,-0.007068544252580704,0.0,-0.006059055994700133,0.8255169711721562,-0.5643447688666944,0.0,0.4628711302696279,0.24095325068302545,0.1476345358395427,1.0
2025-12-16 17:49:50.579,0.012725851587924551,-0.5642328745259201,-0.825505943592648,0.0,-0.9998906113712168,-0.012241270775409424,-0.007047232272721945,0.0,-0.006129079663313998,0.8255212185030086,-0.5643377997120064,0.0,0.4627944695101192,0.24088747440809444,0.1473299496072271,1.0
2025-12-16 17:49:50.628,0.01260580937961872,-0.5643370746155417,-0.8254365552151574,0.0,-0.9998918550116829,-0.01221155993637978,-0.006921198337324075,0.0,-0.006174098015688292,0.8254504281740971,-0.564440848221399,0.0,0.46272691375184033,0.24078014193975292,0.14709943633713293,1.0
2025-12-16 17:49:50.678,0.011843588132246965,-0.5650696485240142,-0.8249465247143654,0.0,-0.9999056739526415,-0.011145174012442907,-0.006721249493549604,0.0,-0.005396302375482059,0.8249641975973385,-0.5651592276546954,0.0,0.46283691243982966,0.24025779062457178,0.1467736452300809,1.0
2025-12-16 17:49:50.728,0.009938802145660406,-0.5656863172520687,-0.8245489418990904,0.0,-0.9999340991218691,-0.008681993148445546,-0.006096499775673627,0.0,-0.003710093188687733,0.8245710708530966,-0.5657462190069932,0.0,0.46304864944799556,0.23946383774814828,0.14603036814925774,1.0
2025-12-16 17:49:50.778,0.009567657544673465,-0.5658147007932072,-0.824465239532031,0.0,-0.9999378061081926,-0.008453534883354132,-0.005802461953230142,0.0,-0.0036865983670086836,0.824485352696957,-0.5658712858774994,0.0,0.4627672768145785,0.24073536423076297,0.14450985556924967,1.0
2025-12-16 17:49:50.828,0.009078766366889384,-0.5659484721697852,-0.8243789479063314,0.0,-0.9999420387847323,-0.008249710734324553,-0.005348667594947871,0.0,-0.003773890261271212,0.824395597374018,-0.5660014635870053,0.0,0.462245404101146,0.24211933444103062,0.14232560028399055,1.0
2025-12-16 17:49:50.878,0.008897100461092062,-0.5658644520068196,-0.8244386032080347,0.0,-0.9999448991894759,-0.007865512182051147,-0.005392513724729306,0.0,-0.0034332661541153367,0.8244570270617089,-0.565914148269933,0.0,0.4618564273925177,0.2434607656924632,0.14021859898693953,1.0
2025-12-16 17:49:50.928,0.00901559680039437,-0.5657727715252897,-0.8245002346367971,0.0,-0.9999437542852728,-0.007951958968839825,-0.0054773639316696675,0.0,-0.00345751523123954,0.8245191162845459,-0.5658235347436316,0.0,0.46137369710544235,0.24446401157926945,0.13846455677429428,1.0
2025-12-16 17:49:50.978,0.009455448930433182,-0.5657495772237936,-0.8245112232455244,0.0,-0.9999393611395535,-0.008278479250116497,-0.005786858071130016,0.0,-0.003551854930144211,0.8245318179580288,-0.5658044410407038,0.0,0.46103813113643755,0.2446782708448663,0.13727796147634796,1.0
2025-12-16 17:49:51.028,0.009373454195462873,-0.5656942762509356,-0.8245501022221658,0.0,-0.9999415846176448,-0.007872733575554066,-0.005966097519307559,0.0,-0.0031165360592404685,0.824573734354065,-0.5657459180731076,0.0,0.4610848394798066,0.2439601570516298,0.1369140542525369,1.0
2025-12-16 17:49:51.079,0.009618575348167919,-0.5655973286750448,-0.8246137833586905,0.0,-0.9999392250677855,-0.008019078524886886,-0.006163396113863965,0.0,-0.0031267025026019205,0.824638827454638,-0.5656509771808937,0.0,0.4615049985940332,0.24280400089844767,0.13696750393413834,1.0
2025-12-16 17:49:51.129,0.009846837507925858,-0.5655651735307877,-0.8246331433924973,0.0,-0.9999361230528659,-0.008370520602002841,-0.006199282221620535,0.0,-0.003396575985037099,0.8246573888796712,-0.5656223600934996,0.0,0.4619631802695629,0.2417142505728515,0.13711505143475358,1.0
2025-12-16 17:49:51.179,0.00966181001229345,-0.5655607590517701,-0.8246383596154621,0.0,-0.9999374955116338,-0.00836892852678498,-0.005976036014188764,0.0,-0.003521595829394172,0.8246604326100817,-0.565617157846336,0.0,0.46246272053440574,0.24066399908790534,0.1373259254582968,1.0
2025-12-16 17:49:51.228,0.009558399966657513,-0.5656470096696239,-0.8245804050200914,0.0,-0.9999381959997576,-0.008378947113563483,-0.005843314746509336,0.0,-0.0036039314784715787,0.8246011715198371,-0.56570303128586,0.0,0.46288708933740097,0.2398747790410923,0.137579513669865,1.0
2025-12-16 17:49:51.278,0.009624537626395924,-0.5657170953610338,-0.8245315537885507,0.0,-0.999937856912065,-0.008348514671000312,-0.005944032141803832,0.0,-0.003521040966462104,0.8245533986207424,-0.5657731834344003,0.0,0.4632150382583824,0.23938354659069383,0.1378449345628608,1.0
2025-12-16 17:49:51.328,0.009553896540303673,-0.565682802154533,-0.8245559030828054,0.0,-0.9999389000641123,-0.008221352611949877,-0.005945788510493583,0.0,-0.003415600282764021,0.8245782039038922,-0.5657376771272524,0.0,0.4633458588658901,0.23919466866833272,0.13794913847754733,1.0
2025-12-16 17:49:51.378,0.009467576233246554,-0.5657055081773898,-0.8245413209289374,0.0,-0.9999390998117047,-0.008318864226460198,-0.005774085810543912,0.0,-0.0035928843243572903,0.8245616481716965,-0.5657607087334778,0.0,0.463220458164307,0.23921673521113246,0.137905866932269,1.0
2025-12-16 17:49:51.428,0.009520516212424451,-0.5657114684914474,-0.8245366220426521,0.0,-0.9999384566256309,-0.008380939679713326,-0.005795663244579135,0.0,-0.0036317884512630997,0.8245569302585601,-0.565767336345273,0.0,0.4631044417660917,0.2392149902260619,0.13795140734246214,1.0
2025-12-16 17:49:51.478,0.009636074453856731,-0.5656938509092178,-0.8245473667496778,0.0,-0.9999374106435693,-0.008432329872562871,-0.00590063636924862,0.0,-0.003614971280850386,0.8245684933306882,-0.565750591505654,0.0,0.46296038703080333,0.23919469168540383,0.1379568626721189,1.0
2025-12-16 17:49:51.528,0.009610922480827646,-0.5656803807150322,-0.8245569015807046,0.0,-0.9999376657993718,-0.008415015597935742,-0.005882085463351895,0.0,-0.003611348373527041,0.8245779114327764,-0.5657368877314659,0.0,0.4628627634510949,0.2392563082275373,0.13783073871062534,1.0
2025-12-16 17:49:51.578,0.009717233909822535,-0.5656564753144294,-0.8245720551905736,0.0,-0.9999366066218816,-0.008482222952495901,-0.005965025776021856,0.0,-0.0036201182553943978,0.8245936223157102,-0.5657139319303288,0.0,0.4628129974233461,0.23934562703014933,0.13776925102316115,1.0
2025-12-16 17:49:51.628,0.00981552613856489,-0.5656421598178287,-0.8245807112614588,0.0,-0.9999359673816787,-0.008463741986905174,-0.006096975418477989,0.0,-0.003530400014571897,0.8246036323962844,-0.5656999078262172,0.0,0.4628207978962102,0.2393392475349167,0.13773334228125866,1.0
2025-12-16 17:49:51.678,0.009801316509747932,-0.5656425174866316,-0.824580634933461,0.0,-0.9999360358669966,-0.00847221854450428,-0.00607392696195063,0.0,-0.0035504243656056607,0.824603299997466,-0.5657002670320329,0.0,0.46281390582602266,0.23934372540776516,0.1377182743605793,1.0
2025-12-16 17:49:51.728,0.009796255771267958,-0.5656425255154346,-0.8245806895644555,0.0,-0.9999361314231539,-0.008458660664426151,-0.006077091036774281,0.0,-0.0035374552286110755,0.8246034336788325,-0.5657001534166177,0.0,0.4628174451263495,0.23933857221513313,0.13772002617729626,1.0
2025-12-16 17:49:51.778,0.009810223831687167,-0.5656416216319359,-0.824581143543299,0.0,-0.9999359696304941,-0.008472343639756096,-0.006084647367093528,0.0,-0.0035444732452741884,0.8246039132412039,-0.5656994104440155,0.0,0.46281615532783243,0.2393427883687507,0.13772028641366837,1.0
2025-12-16 17:49:51.828,0.009827704801615508,-0.5656412323302312,-0.8245812024339858,0.0,-0.9999358119487257,-0.008478977601699298,-0.006101296786804975,0.0,-0.00354052867906764,0.8246041121016464,-0.565699145272227,0.0,0.4628160606958757,0.23934118665942647,0.13772052102047913,1.0
2025-12-16 17:49:51.878,0.009809081492532632,-0.565636800114578,-0.8245844645502497,0.0,-0.9999359682736393,-0.008474583191686867,-0.006081750865868317,0.0,-0.0035480158548397067,0.8246071976171553,-0.5656946006649486,0.0,0.46280338302017354,0.23934255213421024,0.13771436132448955,1.0
2025-12-16 17:49:51.928,0.009717183126518078,-0.5656557177687438,-0.8245725754649017,0.0,-0.9999366471787315,-0.008473049081019644,-0.005971261963402077,0.0,-0.0036090349159892086,0.8245942363061951,-0.5657131077830688,0.0,0.46273852597185444,0.2393289046359036,0.13767777310819815,1.0
2025-12-16 17:49:51.978,0.009614604851775397,-0.565674386991786,-0.8245609705632567,0.0,-0.999937325771267,-0.008485818301669805,-0.0058380063691622795,0.0,-0.003694735035816932,0.8245812977099317,-0.5657314136584785,0.0,0.4626685635594278,0.2393220648189837,0.13762694225715397,1.0
2025-12-16 17:49:52.028,0.00961505598900067,-0.5656745255483663,-0.8245608702486233,0.0,-0.9999373488823282,-0.0084799423691783,-0.0058425840862197905,0.0,-0.0036872986705644957,0.8245812631061437,-0.5657315126124673,0.0,0.4626653538384788,0.2393195315268029,0.1376263078953161,1.0
2025-12-16 17:49:52.078,0.009613642028418832,-0.565673788243462,-0.8245613925490622,0.0,-0.9999373556375946,-0.00848066637437544,-0.005840376661626245,0.0,-0.003689153112077573,0.8245817614710134,-0.5657307741308374,0.0,0.46266228856286973,0.23931978626076228,0.1376244416459749,1.0
2025-12-16 17:49:52.128,0.009606236059689638,-0.5656700886789184,-0.8245640168622194,0.0,-0.9999374138845352,-0.008479338465377474,-0.0058323266631771006,0.0,-0.003692655739647923,0.8245843131133977,-0.5657270321108002,0.0,0.46266089653859116,0.23932026168141984,0.1376225808636869,1.0
2025-12-16 17:49:52.178,0.009625837336643689,-0.5656684515044055,-0.8245649114104873,0.0,-0.9999372713172562,-0.008480142636942651,-0.00585555400157893,0.0,-0.0036801967525969276,0.8245854279747998,-0.5657254883099031,0.0,0.4626661710674221,0.2393217379365652,0.13763254619133067,1.0
2025-12-16 17:49:52.228,0.009640344950011653,-0.5656683018782336,-0.8245648445699395,0.0,-0.9999371714658154,-0.008479393895195598,-0.005873661662283806,0.0,-0.003669336537026725,0.8245855383207907,-0.5657253980170857,0.0,0.4626695551501203,0.23932047930490874,0.1376407331596828,1.0
2025-12-16 17:49:52.278,0.009682744507671355,-0.5656658305457263,-0.824566043148165,0.0,-0.9999368594675938,-0.008481334758427984,-0.0059237606306419,0.0,-0.0036426217970431597,0.8245872137289959,-0.5657231286248557,0.0,0.4626516734140449,0.23931535866245934,0.1376810517285424,1.0
2025-12-16 17:49:52.328,0.009650495388233283,-0.5656855071977749,-0.824552922368459,0.0,-0.9999370192486909,-0.00849743846058521,-0.005873497838579093,0.0,-0.0036841060419375952,0.8245735491657215,-0.565742776691773,0.0,0.4625444159538727,0.23929559059353633,0.13771103597977646,1.0
