timestamp, data
2025-12-16 18:48:36.179,0.00862930079716697,-0.5668946595099342,-0.8237334077771011,0.0,-0.9999473975858438,-0.007683828255043728,-0.005187267667421185,0.0,-0.003388856941189169,0.823750699657849,-0.5669420609390668,0.0,0.3913647954290502,0.22948979274041892,0.14244496348564883,1.0
2025-12-16 18:48:36.231,0.008755017180910084,-0.5668961743592335,-0.8237310386723543,0.0,-0.9999466786248897,-0.007662714240603464,-0.005354401808456023,0.0,-0.0032766887456779697,0.8237498538177931,-0.5669439492983661,0.0,0.3913827415841419,0.22948693633936448,0.14240784455587582,1.0
2025-12-16 18:48:36.278,0.008678405014685213,-0.5669251732829529,-0.8237118914315268,0.0,-0.9999470243484891,-0.007699261258524714,-0.005236102929010666,0.0,-0.003373559445001442,0.82372955512584,-0.5669728733447985,0.0,0.39134781939805924,0.22948301796348303,0.14225426686704779,1.0
2025-12-16 18:48:36.328,0.008612939516342084,-0.5669249305883304,-0.8237127455924868,0.0,-0.999947405138667,-0.007707007119962266,-0.005151300700588466,0.0,-0.003428025203072187,0.8237296497245425,-0.5669724092122029,0.0,0.3913133761083113,0.22948942146233742,0.14216371939500275,1.0
2025-12-16 18:48:36.378,0.008715700547698003,-0.5669090378428768,-0.8237226027475723,0.0,-0.9999468326024217,-0.007687728304066329,-0.0052893953449778585,0.0,-0.0033340137321454058,0.8237407679087463,-0.5669568163780577,0.0,0.39133208455641777,0.22949000810020367,0.14217019709870965,1.0
2025-12-16 18:48:36.428,0.008725734777478166,-0.5668778923044214,-0.8237439308852589,0.0,-0.9999469639726495,-0.007638593462794345,-0.005335544302083206,0.0,-0.003267705810677611,0.8237626593079446,-0.566925394764283,0.0,0.39132958388381983,0.22951422291199366,0.1421707294365446,1.0
2025-12-16 18:48:36.478,0.008731173966913038,-0.5668775368381159,-0.8237441178732133,0.0,-0.9999465653250198,-0.007728792263883755,-0.005280072541720135,0.0,-0.0033734575983737115,0.8237620625782993,-0.5669256424263927,0.0,0.39125960799805654,0.2295635284500371,0.14215522877649953,1.0
2025-12-16 18:48:36.528,0.008687094762390112,-0.5668875302743712,-0.8237377066185702,0.0,-0.9999469539147848,-0.007702722417748376,-0.005244456607392941,0.0,-0.00337207076813092,0.8237554294941796,-0.5669352886508251,0.0,0.39122360863110195,0.22954083599014596,0.142150317242839,1.0
2025-12-16 18:48:36.578,0.00869705723646349,-0.566879170342759,-0.8237433546488488,0.0,-0.999946853039911,-0.007711802715069823,-0.005250342433642536,0.0,-0.003376301480369005,0.8237610976761066,-0.5669270275297955,0.0,0.39121546760620346,0.22954296251391385,0.1421605694165147,1.0
2025-12-16 18:48:36.628,0.008577657817401538,-0.5668594142127733,-0.8237582019051023,0.0,-0.9999483837875051,-0.007519345190513924,-0.005237949013746646,0.0,-0.0032250036553467727,0.8237764722108151,-0.5669055681357585,0.0,0.39121585517506613,0.22945123353144925,0.14218145109221705,1.0
2025-12-16 18:48:36.678,0.008632187736390103,-0.5667671956596408,-0.8238210838283992,0.0,-0.9999485796399451,-0.007373955393722596,-0.005404605361735032,0.0,-0.003011724885077992,0.82384123771651,-0.5668126185530326,0.0,0.3912479419315781,0.22926529213973312,0.14230774085078857,1.0
2025-12-16 18:48:36.728,0.00875209823655164,-0.5667475323182071,-0.8238333461865263,0.0,-0.9999479738913147,-0.00731934608629511,-0.005587806790846642,0.0,-0.0028631007919490683,0.823855252143839,-0.5667930188074537,0.0,0.3913160244916845,0.22914090150152577,0.1424005239074436,1.0
2025-12-16 18:48:36.778,0.008866801901183914,-0.5667148115309253,-0.8238546286309989,0.0,-0.9999465046851248,-0.0075126256681237935,-0.005594204570859179,0.0,-0.0030190509669023352,0.8238760211383805,-0.5667620198323544,0.0,0.3912940711068584,0.22908861285618667,0.14245335023489517,1.0
2025-12-16 18:48:36.828,0.008768213438709137,-0.5667458867634813,-0.8238343068669675,0.0,-0.9999474190801858,-0.007444631641275417,-0.005521180653567701,0.0,-0.0030040943607079584,0.8238552615584829,-0.5667922753703297,0.0,0.39129550047903416,0.22904113369439788,0.14248066308466512,1.0
2025-12-16 18:48:36.878,0.008766804140782833,-0.5667441789109396,-0.8238354967570469,0.0,-0.9999473974330092,-0.00745312924135523,-0.0055136315320863305,0.0,-0.003015391911114965,0.8238563596107673,-0.5667906193123846,0.0,0.39129317362483057,0.22904171858794892,0.14247718467003292,1.0
2025-12-16 18:48:36.928,0.008776485007744823,-0.5667572280118816,-0.8238264166123865,0.0,-0.9999472991661462,-0.00746234748996314,-0.005518981923995441,0.0,-0.0030198142362632976,0.8238472991488337,-0.5668037653431305,0.0,0.39130940741392545,0.2290176859589803,0.14248207937558832,1.0
2025-12-16 18:48:36.980,0.008598398688977183,-0.5667826959036639,-0.8238107732151653,0.0,-0.9999487738569345,-0.007381269605435502,-0.0053584906674463174,0.0,-0.0030437282356940527,0.8238305082959315,-0.5668280421073876,0.0,0.3913152210256051,0.22898982214447408,0.14249521990649394,1.0
2025-12-16 18:48:37.028,0.008663892183518398,-0.566786135420063,-0.823807720629657,0.0,-0.9999483379533344,-0.007383143279474317,-0.005436682893754828,0.0,-0.003000911726140235,0.8238281251154581,-0.5668317341130094,0.0,0.3913508344196001,0.22897670983926288,0.14263817790053138,1.0
2025-12-16 18:48:37.078,0.008750644022757813,-0.5667626518906891,-0.8238229600783343,0.0,-0.9999478408155602,-0.007360211831649485,-0.005557862116010838,0.0,-0.002913578921662761,0.8238444865768075,-0.5668084094249691,0.0,0.39144346301680827,0.22894999184744516,0.1428960627504794,1.0
2025-12-16 18:48:37.131,0.00856094398781514,-0.5667955456392155,-0.8238023225160206,0.0,-0.9999494749483786,-0.007255146372169465,-0.00539975025244667,0.0,-0.002916308188905591,0.8238227879621325,-0.5668399325919501,0.0,0.39138874454741185,0.2289498197137252,0.14319300470793644,1.0
2025-12-16 18:48:37.178,0.008417945229659066,-0.566749442956117,-0.8238355139275375,0.0,-0.9999510290531216,-0.007075719609331097,-0.005349821382179461,0.0,-0.002797274668701154,0.8238560662079651,-0.5667921642249166,0.0,0.3913493025477972,0.22903409338880562,0.14371645276648864,1.0
2025-12-16 18:48:37.228,0.008370428595938213,-0.5667087073392533,-0.8238640202437545,0.0,-0.9999515573551653,-0.007010085006887309,-0.005337466850835866,0.0,-0.0027506208344960526,0.8238846493093341,-0.5667508435966024,0.0,0.3913348225352302,0.2290734198219506,0.14431311018628137,1.0
2025-12-16 18:48:37.278,0.008332045568237207,-0.5667390517155905,-0.8238435356172737,0.0,-0.9999518960210981,-0.006983096439021768,-0.005309322851609161,0.0,-0.002744031092808994,0.8238640049202317,-0.566780885078315,0.0,0.39135317525543634,0.22919532423376204,0.1449134829522109,1.0
2025-12-16 18:48:37.328,0.008413957439871968,-0.5667560823996468,-0.8238309870868011,0.0,-0.9999514322947001,-0.00696192360847495,-0.005423243739302616,0.0,-0.0026618432715388375,0.8238524681611713,-0.5667980463049817,0.0,0.3915122526526768,0.22927930059852655,0.1456014598902094,1.0
2025-12-16 18:48:37.378,0.00837970938521243,-0.5667247854749613,-0.823852866050842,0.0,-0.999951860150314,-0.006898453159774692,-0.005425461006897795,0.0,-0.0026086174057296705,0.8238745318219788,-0.5667662224677347,0.0,0.3916542594901725,0.22934842493871035,0.14625968543743895,1.0
2025-12-16 18:48:37.428,0.00839530101003216,-0.5667837661728616,-0.8238121316326109,0.0,-0.9999518248318339,-0.006877316999561002,-0.005458702005160284,0.0,-0.0025717630108287484,0.823834133151043,-0.5668251115558356,0.0,0.3916589248161199,0.22936236773215246,0.1469367673334344,1.0
2025-12-16 18:48:37.478,0.00839954063701862,-0.5667709301088717,-0.8238209194975687,0.0,-0.9999517022101474,-0.006907329658621817,-0.005443247672466559,0.0,-0.002605378286107456,0.8238427130730887,-0.5668124876185764,0.0,0.39164768497580327,0.22936471149392013,0.14759369633421407,1.0
2025-12-16 18:48:37.528,0.008333493338547576,-0.5667669784937406,-0.8238243088663143,0.0,-0.9999522365382608,-0.006875639228521444,-0.005384898191945829,0.0,-0.0026123865542416447,0.8238456967612582,-0.5668081186472617,0.0,0.3916222183384785,0.22942515232819147,0.14812538701214648,1.0
2025-12-16 18:48:37.578,0.00837585805223585,-0.5667835587353798,-0.8238124722595279,0.0,-0.9999518869123537,-0.006898394941490598,-0.005420600415401608,0.0,-0.0026107268620303805,0.8238340996367913,-0.5668249821425385,0.0,0.3916577540032907,0.2295206239224135,0.14852680620265363,1.0
2025-12-16 18:48:37.628,0.008360835523777024,-0.5667475266616344,-0.8238374137859195,0.0,-0.9999521944753205,-0.0068314724856162615,-0.005448545574472397,0.0,-0.0025401218018803596,0.8238594460468002,-0.5667884622508568,0.0,0.39172621035575894,0.22962260923134462,0.14884244805328528,1.0
2025-12-16 18:48:37.678,0.008358212551254776,-0.5667444159597566,-0.8238395803568743,0.0,-0.9999520947672809,-0.0068690514682858755,-0.005419520611782296,0.0,-0.0025875632537870432,0.8238612735177429,-0.5667855913077983,0.0,0.39174895488828293,0.22974668477514504,0.14909885159238695,1.0
2025-12-16 18:48:37.728,0.008378135270687204,-0.5667786007119118,-0.8238158602052047,0.0,-0.9999521204385678,-0.0068184074838339055,-0.005478416833768646,0.0,-0.0025121111652887085,0.8238381766182227,-0.5668195021731832,0.0,0.39182205156624844,0.22978243904430803,0.14944493066420853,1.0
2025-12-16 18:48:37.778,0.008452959116883606,-0.5667896138340892,-0.8238075188010732,0.0,-0.9999518291245317,-0.006746773017517247,-0.005618486056007291,0.0,-0.0023735884963922023,0.8238311894078828,-0.5668302545175609,0.0,0.39193165352734255,0.22980488922702622,0.1499594982511269,1.0
2025-12-16 18:48:37.828,0.008454679248977805,-0.5667875073295606,-0.8238089504461266,0.0,-0.9999517813983081,-0.006759217557466799,-0.00561201902791694,0.0,-0.00238752761323966,0.8238325366805114,-0.5668282378449842,0.0,0.39204851104742977,0.2298825538272066,0.1505582260793468,1.0
2025-12-16 18:48:37.878,0.008370980969702223,-0.5668054349082826,-0.8237974705819665,0.0,-0.9999523954356127,-0.006742752393477212,-0.005521689410775419,0.0,-0.002424985487089199,0.8238203371135511,-0.5668458093727979,0.0,0.392169759773193,0.23004374532070723,0.15123837350509925,1.0
2025-12-16 18:48:37.928,0.008312336840971548,-0.5668164946089431,-0.8237904547860945,0.0,-0.9999525458889165,-0.006821528172681839,-0.005396260267247658,0.0,-0.002560869771709686,0.8238120790107095,-0.5668572134339165,0.0,0.3923308438093144,0.23030688162685853,0.15200355718162165,1.0
2025-12-16 18:48:37.980,0.008227026193315438,-0.5668158268265915,-0.8237917706557344,0.0,-0.999953202733039,-0.006788764942645221,-0.005315253117170758,0.0,-0.0025798087715786233,0.8238128091283419,-0.5668560664778779,0.0,0.3926286549528579,0.23057708012812975,0.15276435059717638,1.0
2025-12-16 18:48:38.029,0.008056162942050912,-0.5668427316554682,-0.8237749466384775,0.0,-0.9999545185464512,-0.0067160005449655915,-0.005157817021117854,0.0,-0.002608852129411224,0.8237948929753133,-0.5668819702533846,0.0,0.3929438935327507,0.23078891030101786,0.15347719691942996,1.0
2025-12-16 18:48:38.078,0.008105772736371045,-0.5668784518166863,-0.8237498796451941,0.0,-0.9999538622792467,-0.006823522359530902,-0.0051439048042225596,0.0,-0.0027049590095528406,0.8237694291407975,-0.5669185221967978,0.0,0.39328540100199494,0.230848726286034,0.15424509912723244,1.0
2025-12-16 18:48:38.129,0.008070355618967791,-0.5669097667842419,-0.8237286765592345,0.0,-0.9999540638219012,-0.00682935165420975,-0.0050967738086234,0.0,-0.0027361746285215387,0.8237478300875403,-0.5669497559523867,0.0,0.39367366573839213,0.23086640064840264,0.15497963056455252,1.0
2025-12-16 18:48:38.178,0.007888774187185425,-0.5669102380851254,-0.8237301111998385,0.0,-0.999955549690796,-0.006715276798853047,-0.004954856335096462,0.0,-0.002722669339471631,0.8237484435946165,-0.5669489295757731,0.0,0.3939847961286221,0.2310634336017871,0.15558703562279813,1.0
2025-12-16 18:48:38.228,0.007851557588767976,-0.566882574505589,-0.8237495048050433,0.0,-0.9999558652326094,-0.006687153731914855,-0.004929144254112367,0.0,-0.0027143458499082618,0.8237677103533437,-0.566920974833192,0.0,0.39431560894852574,0.2312920892757154,0.1562277629122061,1.0
2025-12-16 18:48:38.278,0.007837505547477364,-0.566885610708318,-0.8237475491798799,0.0,-0.9999563219144071,-0.006571468298985657,-0.004991689995814969,0.0,-0.0025835634156602763,0.8237665519207589,-0.5669232691790493,0.0,0.39466175521480573,0.2314357115060672,0.15686555632269425,1.0
2025-12-16 18:48:38.328,0.007785543448467864,-0.5669236358751163,-0.8237218725398512,0.0,-0.9999565823662254,-0.006588123347680986,-0.004917002585161698,0.0,-0.002639267131358872,0.8237402495749239,-0.5669612292734411,0.0,0.3949495382894194,0.2315142747105356,0.1574140285284264,1.0
2025-12-16 18:48:38.378,0.007727947286859992,-0.566930710636882,-0.8237175456846234,0.0,-0.9999570361101108,-0.006553333709983881,-0.00487100116776929,0.0,-0.002636626569315611,0.8237356578789491,-0.5669679127949561,0.0,0.39524749110474044,0.2316383595826892,0.1579891503594714,1.0
2025-12-16 18:48:38.428,0.00789341583641731,-0.5668905213395947,-0.8237436359104475,0.0,-0.9999558705707636,-0.006606880717646782,-0.0050351702510480776,0.0,-0.0025880354834335066,0.8237628892548444,-0.5669285707731154,0.0,0.3954941427381272,0.2318957572007763,0.15862508937072103,1.0
2025-12-16 18:48:38.478,0.007945173141625982,-0.5668822608422464,-0.8237488230445864,0.0,-0.9999555545168041,-0.006606090763174591,-0.0050985740190633184,0.0,-0.0025515174487103064,0.8237685802813287,-0.5669204669969088,0.0,0.3956739490119784,0.23196232930578925,0.15934369818249483,1.0
2025-12-16 18:48:38.528,0.007766113587933892,-0.5668939048421056,-0.8237425174372252,0.0,-0.9999572265602857,-0.006417152594590958,-0.005011197825589699,0.0,-0.002445311009576811,0.8237620606401751,-0.566930408342963,0.0,0.39592224136226933,0.23211310197882196,0.15999525206597215,1.0
2025-12-16 18:48:38.578,0.007736161482186332,-0.5667806207063367,-0.8238207491308226,0.0,-0.999956941282297,-0.0065668642194687725,-0.004872245568982256,0.0,-0.0026484756242645528,0.8238388303946402,-0.5668179311832495,0.0,0.39609132152282306,0.23259235935680325,0.16064703524214752,1.0
2025-12-16 18:48:38.628,0.007718151027509469,-0.566776102091779,-0.8238240268064377,0.0,-0.9999570576952813,-0.006563697606865014,-0.004852580790687898,0.0,-0.002657056124159671,0.8238419643661883,-0.5668133359422777,0.0,0.3963024465846198,0.23297956820129284,0.16128328910203438,1.0
2025-12-16 18:48:38.679,0.00759419184196381,-0.566816189207254,-0.8237975982023997,0.0,-0.9999580556120367,-0.006478473563993589,-0.004760598500614258,0.0,-0.0026386174631343896,0.823815058407339,-0.5668525268878984,0.0,0.39655381163593145,0.23351939484083875,0.16184815750867718,1.0
2025-12-16 18:48:38.728,0.007578178749711071,-0.5669429922469564,-0.8237104841205515,0.0,-0.9999574010048116,-0.006700228015898054,-0.004588030235982347,0.0,-0.00291795265181669,0.8237260230733384,-0.5669805327029349,0.0,0.3966799030146133,0.2342191900713191,0.16231478700703666,1.0
2025-12-16 18:48:38.778,0.0076793806596207066,-0.5669800540808093,-0.8236840366842224,0.0,-0.9999563195710105,-0.006843615418642728,-0.00461202549960945,0.0,-0.003022108491304748,0.8236993340762253,-0.5670187597449046,0.0,0.3967986628969418,0.23496134480186656,0.16279269167492869,1.0
2025-12-16 18:48:38.828,0.007699121861586044,-0.5669639938535365,-0.8236949071697698,0.0,-0.9999560045960387,-0.006898803683747293,-0.004598073647528414,0.0,-0.0030756264759716156,0.8237099284775576,-0.5670030813401961,0.0,0.39691147901451296,0.23569589370755667,0.16332337885334028,1.0
2025-12-16 18:48:38.879,0.0077462806973202245,-0.5669572215761861,-0.8236991264649843,0.0,-0.9999558155103229,-0.006878161846744152,-0.0046695629242515324,0.0,-0.0030181515921098552,0.8237147625462785,-0.5669963674701058,0.0,0.3971861145011767,0.2363361265539446,0.163908866037514,1.0
2025-12-16 18:48:38.928,0.007596715153020148,-0.5667563480150585,-0.8238387456321329,0.0,-0.9999578664960356,-0.006531989083874421,-0.004727076529221881,0.0,-0.002702257089675111,0.8238558064502085,-0.5667930027663521,0.0,0.39772439998644243,0.23683374654634706,0.16459089143192238,1.0
2025-12-16 18:48:38.978,0.007591875843687725,-0.5668300343152238,-0.8237880932136519,0.0,-0.9999583651414257,-0.006384097162988065,-0.00482267439378012,0.0,-0.00252555516143412,0.8238062688816082,-0.5668658156234949,0.0,0.3985219307928604,0.23708052160390103,0.16537503751954608,1.0
2025-12-16 18:48:39.028,0.0077711763267142315,-0.5669283329578106,-0.8237187754381863,0.0,-0.9999568243418763,-0.006538976020589193,-0.004933370644971069,0.0,-0.002589459579804014,0.8237374084288178,-0.5669655868340331,0.0,0.39955645549214297,0.23722858601848637,0.16630432893431885,1.0
2025-12-16 18:48:39.078,0.007780735429507127,-0.5669468714926142,-0.8237059256567972,0.0,-0.9999570213242912,-0.006456378886085971,-0.0050017574049618764,0.0,-0.002482474629375721,0.8237253004825773,-0.5669836564351763,0.0,0.4007884064211423,0.23723365364824303,0.1673630376197615,1.0
2025-12-16 18:48:39.128,0.007723061472908767,-0.5670439432599417,-0.8236396467114182,0.0,-0.9999571921775114,-0.006513950276138417,-0.0048917446249344045,0.0,-0.0025913634343672854,0.8236580257054149,-0.5670808950463848,0.0,0.40192357749897517,0.2372149587911053,0.16827384646498234,1.0
2025-12-16 18:48:39.178,0.007653295352272358,-0.5670420424999043,-0.8236416065310177,0.0,-0.9999576486369184,-0.006499632916718034,-0.004816908311488316,0.0,-0.002622029052090814,0.8236594474049947,-0.5670786891288973,0.0,0.4030927234777093,0.23724403094531304,0.1691731238574343,1.0
2025-12-16 18:48:39.229,0.007905085181422163,-0.567036476301112,-0.8236430604779605,0.0,-0.9999559662398274,-0.006553742360753256,-0.005085365635861548,0.0,-0.002514405014821335,0.8236628506877329,-0.5670742333807619,0.0,0.40433730720627203,0.23731967583117078,0.16998178414664888,1.0
2025-12-16 18:48:39.279,0.008169326565588273,-0.5670017823628134,-0.8236643659902168,0.0,-0.9999541701286961,-0.006593068461774584,-0.005379218502442293,0.0,-0.0023804949077976386,0.8236864206669707,-0.5670405749616407,0.0,0.4056157364642388,0.23739321782568978,0.1706971414424817,1.0
2025-12-16 18:48:39.329,0.008313427112412243,-0.5669652948324744,-0.8236880406357618,0.0,-0.9999532377030765,-0.0065841454162445315,-0.005560426016127656,0.0,-0.0022707569806477367,0.8237116082884024,-0.5670044356384422,0.0,0.40681790004680374,0.23749088185683137,0.17115821445905222,1.0
2025-12-16 18:48:39.378,0.00834002611779379,-0.5670084859601896,-0.8236580405208803,0.0,-0.9999526957994623,-0.0067123420298437686,-0.0055043191286884615,0.0,-0.002407725184378572,0.8236808426096869,-0.5670485626268996,0.0,0.4077871296393011,0.23765238748360937,0.171374496439496,1.0
2025-12-16 18:48:39.428,0.008406073865562427,-0.5670082169101935,-0.8236575543147152,0.0,-0.9999517223206663,-0.006888755438930679,-0.005463055705728571,0.0,-0.0025764275867304494,0.8236795712733797,-0.5670496679196557,0.0,0.40858758964911934,0.23783315859048706,0.1715875945897468,1.0
2025-12-16 18:48:39.478,0.00845293778639515,-0.5669980768504199,-0.8236640550563763,0.0,-0.9999512106351579,-0.006952227118433495,-0.0054762933252460325,0.0,-0.002621302264549837,0.8236860182853484,-0.5670400973967068,0.0,0.4092617582876669,0.23798328123243329,0.17193548191034605,1.0
2025-12-16 18:48:39.528,0.008386067499234158,-0.5669730608811967,-0.8236819586515862,0.0,-0.9999517150789482,-0.006932477920635314,-0.0054088040968707325,0.0,-0.002643561674222175,0.8237034046725125,-0.5670147376502533,0.0,0.4097472840907447,0.23813219866077523,0.17236971084436897,1.0
2025-12-16 18:48:39.578,0.008256807336572802,-0.5669459799767785,-0.8237019047094557,0.0,-0.9999527657632945,-0.006866782457886846,-0.005297210796478036,0.0,-0.002653000502114806,0.8237225950401809,-0.5669868146690944,0.0,0.4101680955110534,0.23828535486152042,0.17294043750613186,1.0
2025-12-16 18:48:39.629,0.008070113813598194,-0.5669695809837909,-0.8236875101659056,0.0,-0.9999541301320212,-0.006810125911804707,-0.00510947337666018,0.0,-0.0027125519018275255,0.8237068206690291,-0.5670094493441004,0.0,0.4106071527507201,0.23843680137181608,0.17353323061702736,1.0
2025-12-16 18:48:39.678,0.007945329694815638,-0.56698329782755,-0.8236792814086347,0.0,-0.9999551312810439,-0.0067388850227780165,-0.005006970597952082,0.0,-0.0027118634830802344,0.8236979647449097,-0.5670223176132863,0.0,0.4110701835755727,0.23862605397117212,0.17416944576589957,1.0
2025-12-16 18:48:39.728,0.00794682736726749,-0.5670089192166132,-0.8236616297757295,0.0,-0.9999553941933887,-0.006654799644655987,-0.0050665734418630605,0.0,-0.0026085610126288495,0.8236810112807281,-0.5670474292905315,0.0,0.4116439179246398,0.23886229637808962,0.1748256120318394,1.0
2025-12-16 18:48:39.779,0.007916519047494318,-0.5669641403345742,-0.8236927456291311,0.0,-0.9999558699422042,-0.006561692202810159,-0.005094042085972183,0.0,-0.002516727529208316,0.8237125821215823,-0.5670019824807842,0.0,0.41228799186829895,0.23908113495560995,0.17544022772105575,1.0
2025-12-16 18:48:39.828,0.007834261617901862,-0.5669764547496496,-0.8236850557134255,0.0,-0.9999563577159168,-0.006566866921365029,-0.0049905734703197535,0.0,-0.0025795421567975886,0.8237040645301487,-0.5670140739335966,0.0,0.41290467751023485,0.23928522665942478,0.1759941019714671,1.0
2025-12-16 18:48:39.879,0.00787099523759594,-0.5670022707808274,-0.8236669346675046,0.0,-0.9999556627815018,-0.0067139054404635745,-0.004933846993202766,0.0,-0.0027325720754432935,0.8236851083436033,-0.5670408938893553,0.0,0.4134839683285996,0.23943817522812214,0.17656535553592229,1.0
2025-12-16 18:48:39.929,0.007915230205728634,-0.5670057966468822,-0.82366408359284,0.0,-0.9999552825854818,-0.006748344671576604,-0.004963826627851905,0.0,-0.0027439034867853818,0.823682399733666,-0.5670447736842695,0.0,0.4141185297204048,0.23953193029489162,0.17719859687773074,1.0
2025-12-16 18:48:39.979,0.007922211129760081,-0.5669973022147801,-0.8236698639340795,0.0,-0.9999553878249339,-0.0067035403431077185,-0.005003179785135421,0.0,-0.002684766411689825,0.8236886130347314,-0.5670360312945157,0.0,0.41486136141260294,0.23956519638375035,0.17782636097302534,1.0
2025-12-16 18:48:40.028,0.007902001442789566,-0.5669650371869276,-0.8236922677080514,0.0,-0.9999559030434491,-0.00658004438028767,-0.005063781760899548,0.0,-0.0025489935388683235,0.823711818401707,-0.5670029478382734,0.0,0.4156821404955794,0.23958131327798504,0.17844579223295906,1.0
2025-12-16 18:48:40.078,0.00796875540947267,-0.5670311389560622,-0.8236461213971831,0.0,-0.9999551170040926,-0.006699553211875666,-0.005062298420778957,0.0,-0.0026476311538898185,0.8236653520200059,-0.5670699938552848,0.0,0.4165137785396068,0.23959589585613938,0.17900385805471086,1.0
2025-12-16 18:48:40.129,0.008084193267041085,-0.5670830421329344,-0.8236092617532211,0.0,-0.9999538732954376,-0.006861853526013644,-0.005090495933374301,0.0,-0.002764805428027747,0.8236282813217479,-0.5671232758915198,0.0,0.4173105456383996,0.23963808863949557,0.1795520871457854,1.0
2025-12-16 18:48:40.178,0.00819763956100946,-0.5670289375103372,-0.8236453907069073,0.0,-0.9999531110031071,-0.006877281078536158,-0.005217825349939587,0.0,-0.0027058349923499273,0.8236654027636237,-0.5670696454115948,0.0,0.41805968759623663,0.23970674411682846,0.18014818763156965,1.0
2025-12-16 18:48:40.229,0.00822052372095062,-0.5669840152592946,-0.8236760870217185,0.0,-0.9999529738571007,-0.006874479047509894,-0.005247715062219869,0.0,-0.002687025178812934,0.8236963503857057,-0.5670247809901764,0.0,0.41881556569158873,0.23979092363796614,0.1806198429962932,1.0
2025-12-16 18:48:40.278,0.008417755512640342,-0.5669522600121063,-0.8236959531043618,0.0,-0.9999516137502665,-0.006898298775737712,-0.005470880500132511,0.0,-0.0025804224022009897,0.8237180092049672,-0.5669938118988884,0.0,0.419539859762802,0.23985449877962045,0.18101998365142946,1.0
2025-12-16 18:48:40.329,0.00856508231844617,-0.566911848474182,-0.8237222482886283,0.0,-0.9999507698050379,-0.006847358548073754,-0.0056849404952322045,0.0,-0.002417507997960117,0.8237462479329584,-0.566953503094789,0.0,0.4203279548480925,0.23990974019500982,0.18136506174987804,1.0
2025-12-16 18:48:40.378,0.008564058129489762,-0.5669367884923785,-0.8237050938676482,0.0,-0.9999506992228061,-0.00687380763572686,-0.005665403217482822,0.0,-0.0024501120304294063,0.8237288627419953,-0.5669786218516687,0.0,0.42096267514761254,0.2399939200469395,0.18152242299471436,1.0
2025-12-16 18:48:40.428,0.00846336027065075,-0.5669450454346466,-0.8237004515545953,0.0,-0.999951289204258,-0.006904739721810383,-0.005521837495362591,0.0,-0.0025569080454344003,0.8237229209690006,-0.5669867826427217,0.0,0.42153065330029543,0.24012118011328848,0.1816212439211134,1.0
2025-12-16 18:48:40.478,0.008491944628445009,-0.5669412042289604,-0.8237028012123376,0.0,-0.9999509928844195,-0.006938240484175304,-0.005533493440469317,0.0,-0.002577932320752903,0.8237252832981095,-0.5669832554144777,0.0,0.42211349016106753,0.24026125865256426,0.1817287996616586,1.0
2025-12-16 18:48:40.528,0.0085496214472731,-0.566928417836016,-0.8237110051008597,0.0,-0.9999505915690791,-0.0069418501725829005,-0.005601074721746972,0.0,-0.0025427189079549667,0.823734053334241,-0.5669706729259433,0.0,0.42275766493514955,0.2404274764239196,0.1817478030425932,1.0
2025-12-16 18:48:40.578,0.008456933828382878,-0.5668080942322331,-0.8237947629623865,0.0,-0.9999513672818775,-0.006892526661212702,-0.005522956503214176,0.0,-0.0025476199665501894,0.8238172678968185,-0.5668497320697327,0.0,0.42343013113304934,0.2406426523073382,0.18155523803392606,1.0
2025-12-16 18:48:40.629,0.008317381219017614,-0.5667616005368848,-0.8238281715429101,0.0,-0.9999523886561886,-0.0068607962925551075,-0.005375574036635342,0.0,-0.0026054984841357106,0.8238495203313313,-0.5668025928200086,0.0,0.4240914177902255,0.2408478703289299,0.18125923160679194,1.0
2025-12-16 18:48:40.678,0.008175161969770509,-0.5668153397694409,-0.8237926221022069,0.0,-0.9999536116619646,-0.0067646022455112855,-0.005268926063361257,0.0,-0.0025861710962917046,0.8238133430152357,-0.566855261587226,0.0,0.4248326785839629,0.2410494451202169,0.18090860528658106,1.0
2025-12-16 18:48:40.729,0.008011480723547357,-0.5667806221338764,-0.8238181167292699,0.0,-0.9999547701204471,-0.006723939042340628,-0.005098358395305234,0.0,-0.0026497030707060567,0.8238375623610588,-0.5668197684596274,0.0,0.4255514561521681,0.24126538090345978,0.18056200192589086,1.0
2025-12-16 18:48:40.778,0.00790596519967523,-0.5667292283393148,-0.8238544922262637,0.0,-0.9999556706311212,-0.006644858128780066,-0.005024891473606024,0.0,-0.0026266939242737663,0.8238735600127406,-0.5667675516390838,0.0,0.42629318815370765,0.24145957919847244,0.18025465959761292,1.0
2025-12-16 18:48:40.828,0.008056254027441648,-0.566718650097578,-0.8238603129801997,0.0,-0.9999542280945865,-0.006804900136801732,-0.005097249365704307,0.0,-0.0027176331996223682,0.8238795302936005,-0.5667584441655796,0.0,0.42697248211740707,0.24162642731890083,0.18002895422170334,1.0
2025-12-16 18:48:40.878,0.008442807193749895,-0.5666972274308779,-0.8238711782372614,0.0,-0.9999510836597766,-0.007010291860420554,-0.005425218601896384,0.0,-0.002701173080882878,0.8238925440335901,-0.5667396047126455,0.0,0.427755762721528,0.24181069665703675,0.17992500438072517,1.0
2025-12-16 18:48:40.928,0.008414345957649186,-0.5667103250196222,-0.8238624601227242,0.0,-0.9999516576150194,-0.006889910729761261,-0.005473432590200385,0.0,-0.0025745376095085127,0.8238845503325362,-0.5667518147120941,0.0,0.42860068004380925,0.241950298427823,0.1798949882504192,1.0
2025-12-16 18:48:40.978,0.00834015081450561,-0.5667748793516929,-0.8238188058799542,0.0,-0.9999522606425748,-0.006854210997068206,-0.00540769161659541,0.0,-0.002581733861664125,0.8238404397445422,-0.5668158999990972,0.0,0.4294121815371147,0.24212792670447567,0.1799098198896959,1.0
2025-12-16 18:48:41.028,0.008304715630801606,-0.5668214303668975,-0.8237871355370416,0.0,-0.999952585498849,-0.006824854961768064,-0.005384701489038175,0.0,-0.002570113001934852,0.8238086553650059,-0.5668621471441342,0.0,0.43020577126017984,0.24233677296915349,0.18001508597452848,1.0
2025-12-16 18:48:41.078,0.008249877917401841,-0.5668414537767589,-0.8237739087248436,0.0,-0.9999531931539126,-0.0067440370792882,-0.005373673452634792,0.0,-0.0025095892307467602,0.8237955432332171,-0.5668814734236616,0.0,0.4310504097247227,0.24256828557804105,0.18016917338515714,1.0
2025-12-16 18:48:41.128,0.008316655691634365,-0.5669031671611445,-0.823730768638624,0.0,-0.9999529323050222,-0.00668401430160564,-0.005495819193900312,0.0,-0.002390276951324306,0.8237535641747923,-0.5669429883907398,0.0,0.4319322105774348,0.24273415951296018,0.18032643946453497,1.0
2025-12-16 18:48:41.178,0.0083221505950876,-0.5668730950081228,-0.8237514084155442,0.0,-0.9999529895214424,-0.006651129202170037,-0.005525226572209632,0.0,-0.002346819943788067,0.8237745254475487,-0.5669127125579541,0.0,0.43282189264341875,0.24281584489586508,0.18044316841540597,1.0
2025-12-16 18:48:41.228,0.008241753634990523,-0.5669013467739352,-0.8237327742806685,0.0,-0.9999536604396165,-0.0066039648078971246,-0.005459992988664435,0.0,-0.002344670015974362,0.8237554626283985,-0.5669404204256294,0.0,0.43367188990745587,0.2428224608222304,0.18043949909930188,1.0
2025-12-16 18:48:41.278,0.008273996695859574,-0.5669101152481802,-0.8237264164206342,0.0,-0.9999535184328718,-0.0065781414587676645,-0.005516876822725732,0.0,-0.00229105972515637,0.8237496346796128,-0.5669491074254727,0.0,0.43457281075524334,0.24278383902206926,0.18043163378596785,1.0
2025-12-16 18:48:41.328,0.008249135105025883,-0.5669335112311192,-0.8237105635563877,0.0,-0.9999536191950185,-0.006601457440818555,-0.0054705684942024345,0.0,-0.002336286604778425,0.823733346075478,-0.5669725886920788,0.0,0.43544197936705953,0.24275848705911712,0.18030709415016635,1.0
2025-12-16 18:48:41.378,0.008396067674163624,-0.5669535231198028,-0.8236953050557363,0.0,-0.999952234120391,-0.006741252159142555,-0.005552647852510991,0.0,-0.0024046907888071512,0.8237184400646042,-0.5669939584861072,0.0,0.4362781740297958,0.24278222617979,0.18015604595671197,1.0
2025-12-16 18:48:41.428,0.00851464742221534,-0.5669050106582387,-0.8237274771252115,0.0,-0.9999511803350365,-0.006825586390247773,-0.00563872487400672,0.0,-0.0024258483774396715,0.8237511345419433,-0.5669463674815379,0.0,0.43717917250122346,0.24275334985132796,0.1799718172437728,1.0
2025-12-16 18:48:41.478,0.008617927871368851,-0.566950897911325,-0.8236948206574778,0.0,-0.999950395315865,-0.006850298612043857,-0.005746931161885221,0.0,-0.0023843736108128204,0.823719347324281,-0.5669927262374225,0.0,0.43807868745558143,0.2427143231670309,0.1797161340117504,1.0
2025-12-16 18:48:41.529,0.008526507652012417,-0.5669003982639594,-0.8237305287632798,0.0,-0.9999510389203919,-0.006845935659427258,-0.0056391336377296306,0.0,-0.002442426119798162,0.823754139963235,-0.5669419295201937,0.0,0.43894616107170703,0.2426837891058473,0.1794694988496634,1.0
2025-12-16 18:48:41.578,0.008493546972348543,-0.5669176213103493,-0.8237190159325277,0.0,-0.9999512872866718,-0.006838176986132603,-0.005604399204413232,0.0,-0.002455551028916629,0.8237423511650022,-0.5669590013098817,0.0,0.439813639742694,0.24267767221211894,0.17923079299037198,1.0
2025-12-16 18:48:41.628,0.008499834200736123,-0.5668987478497305,-0.8237319402610146,0.0,-0.9999510433098217,-0.006904558273291153,-0.005566413554328846,0.0,-0.002531961057236955,0.8237547864962145,-0.5669405973272514,0.0,0.44064352621366537,0.2427026910821921,0.17907618976628858,1.0
2025-12-16 18:48:41.678,0.008431506408069922,-0.5668956446310804,-0.8237347781289867,0.0,-0.9999517373548997,-0.0068278503018050435,-0.0055362733297976445,0.0,-0.0024858963765142764,0.8237575615195024,-0.5669367691009717,0.0,0.44147001727964125,0.24268099894382192,0.17894407528466177,1.0
2025-12-16 18:48:41.729,0.008407537193551171,-0.5669275748567191,-0.8237130477821913,0.0,-0.999951931160429,-0.006817128008691166,-0.0055144388155187185,0.0,-0.002489117788013242,0.8237356751656203,-0.566968554464952,0.0,0.44228893209697445,0.24267176298193924,0.17879607161831254,1.0
2025-12-16 18:48:41.778,0.008451262385738659,-0.5669201008869608,-0.8237177443005667,0.0,-0.9999515715996801,-0.006838877946010544,-0.005552576427011781,0.0,-0.002485485780353946,0.8237406388080943,-0.5669613587683628,0.0,0.443071564413093,0.24266333772578658,0.17858855081144948,1.0
2025-12-16 18:48:41.828,0.008444811708188296,-0.5669228940148671,-0.8237158880938434,0.0,-0.9999516837255592,-0.0068160503984060405,-0.005560447157735265,0.0,-0.0024621916173539313,0.8237389056667229,-0.5669639784884303,0.0,0.44387481409486024,0.24257377640692504,0.1783185452201288,1.0
2025-12-16 18:48:41.878,0.008398322668736392,-0.5669328509735034,-0.8237095104250135,0.0,-0.9999522689393898,-0.006723890915655624,-0.00556740829552174,0.0,-0.0023822321021221113,0.8237328101969131,-0.5669731760633018,0.0,0.44472652626183706,0.24243210108120153,0.17808316820169603,1.0
2025-12-16 18:48:41.929,0.00842752216709337,-0.5668951065773224,-0.8237351891900805,0.0,-0.9999523142798974,-0.006636842010375295,-0.00566289639806233,0.0,-0.0022567755018470044,0.8237594928922318,-0.5669349211631501,0.0,0.44562925593673086,0.24230812686343325,0.1779213377351298,1.0
2025-12-16 18:48:41.978,0.008451108363038093,-0.5668706403029651,-0.8237517847210715,0.0,-0.9999520793205406,-0.006663103792319131,-0.0056735360744724185,0.0,-0.002272626368486469,0.8237761178869889,-0.5669107008766294,0.0,0.44645182669036915,0.24226125607894153,0.1777562641835762,1.0
2025-12-16 18:48:42.028,0.008490938564702576,-0.5668863744560425,-0.823740547332461,0.0,-0.9999515279845204,-0.006761790948131735,-0.005653915970827288,0.0,-0.002364878981629064,0.8237644860400885,-0.5669272253883306,0.0,0.44720106886334526,0.24230151126340266,0.17755420410574213,1.0
2025-12-16 18:48:42.078,0.008546409293107148,-0.5668909761375907,-0.8237368068522691,0.0,-0.9999506896960576,-0.006916753682312364,-0.005614587793000546,0.0,-0.002514773854656939,0.8237600326385349,-0.5669330511972467,0.0,0.44787394805906794,0.24236860751621606,0.1773253721760247,1.0
2025-12-16 18:48:42.128,0.008530092272768323,-0.5668803612525931,-0.8237442809835803,0.0,-0.9999508649184732,-0.006895638008088423,-0.005609351697567359,0.0,-0.002500459197773897,0.8237675146060879,-0.5669222429782669,0.0,0.44853728113889385,0.24236085196848456,0.17713965995503542,1.0
2025-12-16 18:48:42.178,0.00847501427968906,-0.5669156987787132,-0.8237205299811404,0.0,-0.9999514784413036,-0.00681624823845178,-0.0055970013588720335,0.0,-0.002441702685373156,0.8237438560653753,-0.5669568746232314,0.0,0.44916208579028527,0.24231266621271774,0.17692562424073377,1.0
2025-12-16 18:48:42.228,0.008388002423468122,-0.5669133623031041,-0.8237230286684608,0.0,-0.999952213551138,-0.006766414205380728,-0.005525681332557817,0.0,-0.0024411156182657773,0.8237458749591934,-0.5669539438457513,0.0,0.44968871442554686,0.2422381730311184,0.1767393442967319,1.0
2025-12-16 18:48:42.278,0.008330563990660768,-0.5669136874655666,-0.8237233877758965,0.0,-0.9999527491892625,-0.006715043120679422,-0.005491310037872015,0.0,-0.0024182858053359924,0.8237460715521584,-0.5669537560473078,0.0,0.4502163551620208,0.24212818421930035,0.17656288126219738,1.0
2025-12-16 18:48:42.328,0.008237692943949737,-0.5668973108082819,-0.8237355924776517,0.0,-0.99995353757936,-0.006655796928574903,-0.005419405039027773,0.0,-0.002410417091563287,0.8237578230134551,-0.5669367150869465,0.0,0.4507373611759371,0.24196248373369844,0.17646897300373943,1.0
2025-12-16 18:48:42.378,0.008264215416164072,-0.5668912922792808,-0.823739468753738,0.0,-0.9999535228733698,-0.006599758944912531,-0.005490189087341792,0.0,-0.002324186288392363,0.8237624157946039,-0.5669304017975532,0.0,0.4512659122633667,0.24172379067498412,0.1764527292659833,1.0
2025-12-16 18:48:42.428,0.00837122937085451,-0.566887840628386,-0.8237407635705025,0.0,-0.9999527276273956,-0.00662646923029255,-0.005601724491609094,0.0,-0.0022829872772738634,0.823764576731566,-0.5669274292988087,0.0,0.4517641490005593,0.24154343767224898,0.17644991667393484,1.0
2025-12-16 18:48:42.478,0.008406776348928675,-0.5669084841487417,-0.823726194565162,0.0,-0.9999523397201725,-0.006678852139894692,-0.005608754180232298,0.0,-0.002321939831517304,0.823749946825323,-0.5669485282639829,0.0,0.45224945595299015,0.2414365339279915,0.1763329061829442,1.0
2025-12-16 18:48:42.528,0.008395484070903556,-0.5669186486276496,-0.8237193142003064,0.0,-0.9999521358924875,-0.006775703789952709,-0.0055283508762581516,0.0,-0.002447199987359645,0.8237421603814042,-0.5669593146094336,0.0,0.4526587981961643,0.24136708330764733,0.1761552635293828,1.0
2025-12-16 18:48:42.578,0.008464595754936641,-0.5669183777836165,-0.8237187933094074,0.0,-0.9999515746641356,-0.0068076667121003505,-0.005590250608012027,0.0,-0.0024384341506593498,0.8237420832494572,-0.566959464444097,0.0,0.45304017137729674,0.24128825381260793,0.176043977194287,1.0
2025-12-16 18:48:42.628,0.00842981147276667,-0.5668977152557496,-0.8237333704649538,0.0,-0.9999521483557992,-0.0066909301451570785,-0.005628441491432012,0.0,-0.0023208365013668354,0.8237572600493606,-0.5669379068592116,0.0,0.4533997616230951,0.24126351637341392,0.1759263730008287,1.0
2025-12-16 18:48:42.679,0.00829165819068396,-0.5668950652629955,-0.8237365964227407,0.0,-0.9999532025880163,-0.006648062832874445,-0.00549024550889796,0.0,-0.0023639050771779744,0.8237594308427173,-0.5669345747530914,0.0,0.4536727684612425,0.24126855562122254,0.17573906403235529,1.0
2025-12-16 18:48:42.728,0.008118872167970661,-0.566897675139834,-0.8237365214296253,0.0,-0.9999544183529908,-0.0066192982965083275,-0.005300283728443121,0.0,-0.002447886359232796,0.823757866379904,-0.5669364915311066,0.0,0.45397032777034513,0.2412345702562191,0.17551742892764094,1.0
2025-12-16 18:48:42.778,0.008049666536215366,-0.5668725510889693,-0.8237544904835103,0.0,-0.9999550274672313,-0.006563135804933069,-0.005255015948861908,0.0,-0.002427535031593902,0.82377560551684,-0.5669108032389523,0.0,0.4543759864118235,0.24113915646511527,0.17533865785113503,1.0
2025-12-16 18:48:42.829,0.008062196893728902,-0.566868638850085,-0.8237570601644073,0.0,-0.9999551581939417,-0.006489987104369961,-0.005320579848354792,0.0,-0.0023301477036346573,0.823778877268509,-0.56690645769643,0.0,0.45482842265982487,0.2409801194256748,0.1751807815759025,1.0
2025-12-16 18:48:42.878,0.008161046653848718,-0.5668704469880954,-0.8237548425048796,0.0,-0.9999544179148814,-0.006524142017000675,-0.005417062364532557,0.0,-0.0023035653665205327,0.8237773632071715,-0.5669087664289927,0.0,0.455203923106973,0.2408356108870559,0.17510541306758517,1.0
2025-12-16 18:48:42.928,0.00836138580646159,-0.5668853012441795,-0.8237426111121724,0.0,-0.9999527570948745,-0.006639859681119598,-0.005580568338631961,0.0,-0.0023060375857542554,0.8237662164553932,-0.5669249534263061,0.0,0.455588270934186,0.2406038320318118,0.17511068326908916,1.0
2025-12-16 18:48:42.978,0.008445072184576964,-0.5668951837089459,-0.8237349563692231,0.0,-0.999951909577272,-0.00673822173206218,-0.005614428008738874,0.0,-0.002367762173790893,0.8237586167627934,-0.5669357415186818,0.0,0.455967308962723,0.24033090429447423,0.17517533450166153,1.0
2025-12-16 18:48:43.028,0.008506050505464175,-0.5669128612926921,-0.8237221629329512,0.0,-0.9999510386100263,-0.006892450705488738,-0.005582240339713889,0.0,-0.0025128689401371952,0.8237451748163952,-0.5669546476186577,0.0,0.45631262209059664,0.24004598640415006,0.1752228395173058,1.0
2025-12-16 18:48:43.078,0.008606854287617888,-0.5669671643227354,-0.8236837399999569,0.0,-0.9999498669386299,-0.00704893679440459,-0.005596695515502447,0.0,-0.0026330027292979716,0.8237064750574035,-0.5670103264007936,0.0,0.4566133585441131,0.23966775166823934,0.1752378176330967,1.0
2025-12-16 18:48:43.128,0.008481068813046668,-0.5669534122349449,-0.8236945105608932,0.0,-0.99995086257067,-0.007002134187133821,-0.005476263526065246,0.0,-0.002662884468530184,0.8237163399899641,-0.5669958556108194,0.0,0.4568881429534743,0.239255090381506,0.17522525415499157,1.0
2025-12-16 18:48:43.178,0.008381123705065996,-0.5669249759551414,-0.823715105667555,0.0,-0.999951748407527,-0.00693188783130441,-0.005403396064720081,0.0,-0.0026466314892284624,0.8237365061131389,-0.5669666337962747,0.0,0.4571571611769787,0.23889177473012752,0.1751657570657032,1.0
2025-12-16 18:48:43.228,0.008205783261507357,-0.5668843473221137,-0.8237448323257964,0.0,-0.9999533884227193,-0.006773602815995221,-0.0052996403671705765,0.0,-0.002575486731418645,0.8237657840241231,-0.5669244217170556,0.0,0.4574926830658105,0.23853842890382543,0.17505219251790757,1.0
2025-12-16 18:48:43.278,0.008159856570311411,-0.5668793144236566,-0.8237487520600717,0.0,-0.9999537230367165,-0.006760673719319905,-0.005252806590671299,0.0,-0.002591439033686997,0.823769353730438,-0.5669191620489389,0.0,0.4578335235703036,0.23823413717944522,0.1747871450061003,1.0
2025-12-16 18:48:43.328,0.008072375488618694,-0.5668581236627966,-0.823764196413435,0.0,-0.9999544966207987,-0.006690646659060254,-0.005194885594253749,0.0,-0.002566801486867964,0.8237845078304826,-0.5668972536435648,0.0,0.45819978831744174,0.23795881775113673,0.17438157626381964,1.0
2025-12-16 18:48:43.378,0.007998935502378323,-0.566859582297215,-0.8237639090721709,0.0,-0.9999551414348531,-0.006631408478750485,-0.0051464979159834695,0.0,-0.0025454223194293956,0.8237839831044931,-0.5668981125437904,0.0,0.4586151871725329,0.237675631460291,0.17386632856884104,1.0
2025-12-16 18:48:43.428,0.007897223784067164,-0.5668735519277764,-0.8237552773017599,0.0,-0.9999557995537378,-0.006621930923900817,-0.005029500063866646,0.0,-0.0026038101102792465,0.8237744462492141,-0.5669117055412687,0.0,0.45897544080379393,0.23740435308703176,0.17331823504053523,1.0
2025-12-16 18:48:43.478,0.007842976519196175,-0.5668910126537884,-0.823743779577661,0.0,-0.9999561353902607,-0.006619916046346376,-0.004964968088733388,0.0,-0.0026385696775310546,0.8237624464861463,-0.5669289811865468,0.0,0.4593784420057205,0.23720809380848554,0.1727938607720688,1.0
2025-12-16 18:48:43.528,0.007832089789219478,-0.5669081220649224,-0.8237321083990625,0.0,-0.9999560442365802,-0.006668262644478651,-0.004918411251918724,0.0,-0.002704626833574505,0.8237502818094853,-0.5669463450913893,0.0,0.4597811943186752,0.23699595728432324,0.172320373705431,1.0
2025-12-16 18:48:43.578,0.007937041154103652,-0.5669222553002671,-0.8237213768770268,0.0,-0.9999554826282963,-0.006645333161680792,-0.005061542254078198,0.0,-0.002604452175541711,0.8237407401973358,-0.5669606774442216,0.0,0.46023153446241205,0.23677804144970158,0.17201140580533844,1.0
2025-12-16 18:48:43.628,0.008013363430672726,-0.566905404504379,-0.8237322351659323,0.0,-0.9999549384502987,-0.006667992697623593,-0.005138661640171325,0.0,-0.0025795551375810137,0.8237521542597525,-0.5669442073499906,0.0,0.4606539692090084,0.2366053512746058,0.17173902422237444,1.0
2025-12-16 18:48:43.678,0.007993145561761953,-0.5669134851748567,-0.8237268702987259,0.0,-0.9999550351592327,-0.006677270324572548,-0.005107702215129592,0.0,-0.0026046718705891587,0.8237465178315462,-0.5669522819822218,0.0,0.4609905897211577,0.23643748643152016,0.17145984517115284,1.0
2025-12-16 18:48:43.728,0.008007068553709919,-0.5669178421503841,-0.823723736458976,0.0,-0.9999549900480763,-0.006664126833621842,-0.00513363347981738,0.0,-0.0025791006965389896,0.8237436256658062,-0.5669566009974213,0.0,0.46136848168582484,0.2362822672282447,0.17113918625471916,1.0
2025-12-16 18:48:43.778,0.007904633278247725,-0.5669270528964332,-0.8237183865667376,0.0,-0.9999559184931055,-0.006569555345491594,-0.005074338812155699,0.0,-0.0025347323829287287,0.8237380461164212,-0.5669649076548282,0.0,0.4617896945063491,0.23613411843800003,0.17073201193898094,1.0
2025-12-16 18:48:43.828,0.00786976731065735,-0.5669326540613989,-0.8237148653645766,0.0,-0.9999563309211316,-0.0065046738848454815,-0.005076649447109361,0.0,-0.002479925974766721,0.823734705990695,-0.5669700028339973,0.0,0.4622448839838412,0.23598115350267795,0.17027591828118094,1.0
2025-12-16 18:48:43.878,0.007952091564122554,-0.5669655424650107,-0.8236914378566286,0.0,-0.9999557204504028,-0.006537953489038941,-0.005153562253374704,0.0,-0.0024634115197198644,0.8237118057744459,-0.5670033444623462,0.0,0.4627243369525468,0.23586131594721937,0.16973041766102875,1.0
2025-12-16 18:48:43.928,0.00806116564489193,-0.5670372970380276,-0.8236409826359185,0.0,-0.9999545593496294,-0.006694290195076135,-0.005178089983853187,0.0,-0.002577571232292325,0.823661155324674,-0.567076412254791,0.0,0.46308546676819523,0.2356968649191434,0.1690907456847192,1.0
2025-12-16 18:48:43.978,0.00811706214604783,-0.5670787060496015,-0.8236119239960258,0.0,-0.9999536646842817,-0.006863226217831055,-0.005129474784653268,0.0,-0.0027438718545283926,0.8236312553970294,-0.5671190583117085,0.0,0.46335409855310355,0.23550202670846312,0.16845733734312646,1.0
2025-12-16 18:48:44.028,0.008203876721744783,-0.567066608646362,-0.8236193930853354,0.0,-0.9999526702206937,-0.0069966599355738525,-0.005143050598510529,0.0,-0.0028461873466939878,0.823638461906988,-0.567108087832539,0.0,0.463550031870492,0.23522470345496377,0.16789075358797753,1.0
2025-12-16 18:48:44.078,0.008169626797091274,-0.567025970738796,-0.8236477114682773,0.0,-0.9999533133507152,-0.0068695526662368635,-0.00518914889942071,0.0,-0.0027157614271777443,0.823667509678276,-0.5670665376657822,0.0,0.46375857752580896,0.23484648618162035,0.16743504037005535,1.0
2025-12-16 18:48:44.128,0.00818971848496612,-0.5670216157231474,-0.8236505100557254,0.0,-0.999953113532412,-0.006891650250204563,-0.005198345397535591,0.0,-0.0027287895749643887,0.8236703231842795,-0.5670623884661723,0.0,0.4639047616979404,0.23452288549947223,0.16693353803765648,1.0
2025-12-16 18:48:44.178,0.008370278033809379,-0.5670427251005631,-0.8236341622694947,0.0,-0.99995130330995,-0.007087364734243407,-0.0052827238300778515,0.0,-0.0028419203147983883,0.8236541297735442,-0.5670853533604178,0.0,0.46400837180594984,0.23435151045444066,0.1665304533775375,1.0
2025-12-16 18:48:44.228,0.00874353851011881,-0.5671381454840642,-0.8235645823931642,0.0,-0.9999471355214152,-0.007566642054731008,-0.005405459438428752,0.0,-0.003166037118548691,0.8235841644709814,-0.5671852433214384,0.0,0.46405082065367753,0.23429120733223552,0.16606419967114375,1.0
2025-12-16 18:48:44.279,0.008970852072696349,-0.5671530058945927,-0.8235519040224643,0.0,-0.9999437996931363,-0.008019547931211563,-0.005369469940335421,0.0,-0.003559271478432229,0.8235696451410234,-0.5672039943343414,0.0,0.46401634245579376,0.23429603495242735,0.16549354800348037,1.0
2025-12-16 18:48:44.328,0.00899523394993812,-0.5671794455435484,-0.8235334293277398,0.0,-0.9999431097595907,-0.00814055545147623,-0.005315590509913652,0.0,-0.0036891968979097956,0.8235502491874863,-0.5672313257300565,0.0,0.4639657454829095,0.23425796317909267,0.16493428445323435,1.0
2025-12-16 18:48:44.378,0.009068988398259587,-0.567199223877173,-0.8235189984352353,0.0,-0.9999421135795084,-0.008255312863574787,-0.005325992947624449,0.0,-0.0037775806450461606,0.8235354848465085,-0.5672521794432317,0.0,0.4638794501695297,0.23420982830183032,0.1642703103126363,1.0
2025-12-16 18:48:44.428,0.009050331572215324,-0.5672245072952831,-0.8235017891439365,0.0,-0.9999421545804608,-0.00827267951501557,-0.005291235000960672,0.0,-0.003811321594977507,0.8235178960400469,-0.5672774882978119,0.0,0.4638331125300421,0.23416039325119403,0.16350874524250486,1.0
2025-12-16 18:48:44.479,0.009114003290617673,-0.5671858904273892,-0.8235276847473416,0.0,-0.999941276641131,-0.008372639535565054,-0.0052999129918304706,0.0,-0.003889139460475074,0.8235434836240685,-0.5672398127552322,0.0,0.4637557224387922,0.2340947044669711,0.16272826038932323,1.0
2025-12-16 18:48:44.528,0.009177849806996286,-0.567190867943484,-0.8235235475052586,0.0,-0.9999405657475148,-0.008435655045789902,-0.005334003908652161,0.0,-0.003921637765956514,0.8235394123712172,-0.5672454997869115,0.0,0.463751232690886,0.23405522937266277,0.16189406569463372,1.0
2025-12-16 18:48:44.578,0.00920218696004387,-0.5671572489535825,-0.8235464295446642,0.0,-0.9999398752083825,-0.008545842062740406,-0.005287859008243842,0.0,-0.004038927912130593,0.8235614299639848,-0.5672127097809049,0.0,0.46370882137064373,0.23399851551255824,0.16097796168203304,1.0
2025-12-16 18:48:44.628,0.009269732874798528,-0.567093014051029,-0.8235899054554745,0.0,-0.9999389645927657,-0.008641703832150233,-0.005304238421610077,0.0,-0.004109302605147691,0.823604663125418,-0.567149426968031,0.0,0.4636687017982743,0.23395890986013887,0.16012342687533945,1.0
2025-12-16 18:48:44.678,0.009310081474292723,-0.5670681307457814,-0.8236065834951999,0.0,-0.9999385137154556,-0.008679629992093695,-0.005327261297709128,0.0,-0.004127759769871065,0.8236213974873039,-0.5671249908092069,0.0,0.46365211945326223,0.23393417781192907,0.15935187511634805,1.0
2025-12-16 18:48:44.728,0.009431339893557251,-0.5669805411566541,-0.823665504120895,0.0,-0.9999369032998056,-0.00884114373772835,-0.005363813737696717,0.0,-0.004241048751409033,0.8236799798880325,-0.567039067646259,0.0,0.46359596224946753,0.23389978860091068,0.15869120825659686,1.0
2025-12-16 18:48:44.779,0.009465926793484408,-0.5669321882360238,-0.8236983896263622,0.0,-0.999936294184352,-0.008914845474504177,-0.005355371531382381,0.0,-0.004307094284925199,0.82371246782099,-0.5669913749741485,0.0,0.46356842166770246,0.2338657710170155,0.1581495759896664,1.0
2025-12-16 18:48:44.828,0.009481306742906434,-0.5668554032757762,-0.8237510567524102,0.0,-0.999935819182977,-0.008985495587757514,-0.005325906976263872,0.0,-0.004382876722978624,0.8237645443144428,-0.5669151311457911,0.0,0.46354471736146224,0.2338027607755339,0.15767541019140913,1.0
2025-12-16 18:48:44.878,0.009528138609171883,-0.5668356859463709,-0.823764084318781,0.0,-0.999935183503859,-0.009047552840491817,-0.0053401760186888815,0.0,-0.0044261319611015384,0.8237774330227926,-0.5668960664868308,0.0,0.4635176481639589,0.23370145182127292,0.15732434119202743,1.0
2025-12-16 18:48:44.928,0.009678974003595932,-0.5668528604767452,-0.8237505076980395,0.0,-0.9999336791161819,-0.00914353887524713,-0.005457102456584102,0.0,-0.0044387061120593875,0.8237645550094943,-0.5669146812334821,0.0,0.46356094598975595,0.2335743055718221,0.15698493173223624,1.0
2025-12-16 18:48:44.978,0.009751222750648545,-0.5668261881414706,-0.8237680092071346,0.0,-0.9999327737995959,-0.009221871843380025,-0.005491071148581126,0.0,-0.004484286418030137,0.8237820354286814,-0.566888921465484,0.0,0.46358877521175845,0.23347178986406825,0.1565801409804672,1.0
2025-12-16 18:48:45.029,0.009781870117849697,-0.5667998932218007,-0.8237857385036239,0.0,-0.999931740259301,-0.00937157297134163,-0.005425434844955778,0.0,-0.004645121703321566,0.8237984386744326,-0.566863789002198,0.0,0.4635324728009496,0.2333989983211822,0.15612886160619513,1.0
2025-12-16 18:48:45.078,0.009907730752378174,-0.5667371839349766,-0.823827377621064,0.0,-0.9999297537403855,-0.009572832330381347,-0.005440162412532845,0.0,-0.00480331150794744,0.823839267952465,-0.5668031305295553,0.0,0.4634346124597711,0.23335584100321088,0.15570284572136323,1.0
2025-12-16 18:48:45.128,0.009975005923222606,-0.5666218474649203,-0.8239058976202808,0.0,-0.9999286833764707,-0.009678479565221899,-0.005449962890849883,0.0,-0.004886182426108043,0.8239173658081141,-0.5666888913161408,0.0,0.4633491150086354,0.23334956848075372,0.1553222206322992,1.0
2025-12-16 18:48:45.178,0.01006213249419942,-0.5665780483661259,-0.8239349582949551,0.0,-0.9999281437519306,-0.009670957720144374,-0.005561187894833756,0.0,-0.004817485913299433,0.8239475743736705,-0.5666455563341337,0.0,0.463304228967424,0.23332890250362673,0.1550168503042708,1.0
2025-12-16 18:48:45.228,0.010043784801486521,-0.5665220890300681,-0.8239736597301383,0.0,-0.9999283761182961,-0.009651981593162951,-0.0055523675995808605,0.0,-0.004807532265282779,0.8239862746126635,-0.5665893635460011,0.0,0.4632462596627037,0.23331582265379042,0.1548216292658686,1.0
2025-12-16 18:48:45.278,0.01006940829415772,-0.5665338756754021,-0.8239652429744971,0.0,-0.9999280704742886,-0.009674788455777097,-0.005567696750948798,0.0,-0.004817493353466277,0.8239779030851809,-0.5666014533913037,0.0,0.46319041310031406,0.23328979849113082,0.15476030458603163,1.0
2025-12-16 18:48:45.328,0.010084970038051142,-0.5665289395480517,-0.8239684465652188,0.0,-0.9999280935989145,-0.00965267334865919,-0.005601823816642652,0.0,-0.00477999498763444,0.8239815563832753,-0.56659645814999,0.0,0.4631877079407771,0.23327208192189725,0.15475304787446567,1.0
2025-12-16 18:48:45.378,0.010027101548105936,-0.5665205547826266,-0.8239749177884829,0.0,-0.9999284351640967,-0.00966105224797928,-0.0055258954885913205,0.0,-0.004830024346847318,0.8239872231813223,-0.5665877927547879,0.0,0.4631204256307604,0.23326802723947604,0.15470161471436866,1.0
2025-12-16 18:48:45.428,0.010159646297200729,-0.5665117997874117,-0.8239793135691889,0.0,-0.9999274613603735,-0.009673485791793933,-0.005678256003643383,0.0,-0.004754044684358035,0.8239930967237791,-0.5665798934048896,0.0,0.46313520709426637,0.23326070878064323,0.15470182176850258,1.0
2025-12-16 18:48:45.478,0.010136981368592266,-0.5664587771011416,-0.8240160449621237,0.0,-0.9999281571858983,-0.009578691739038274,-0.005716295355409214,0.0,-0.0046550396300775185,0.8240306564537397,-0.566526087510947,0.0,0.4631195146308595,0.23327765333874678,0.15455874562796648,1.0
2025-12-16 18:48:45.528,0.010094017689703874,-0.566443538684046,-0.8240270476089872,0.0,-0.999928307414068,-0.009604264061290625,-0.005646684433042674,0.0,-0.0047157362393332545,0.8240408340512078,-0.5665107815813489,0.0,0.46304601223220776,0.23334589934443759,0.15431964204815357,1.0
2025-12-16 18:48:45.578,0.010125566803031918,-0.56638506732398,-0.8240668512387428,0.0,-0.9999282006128528,-0.00958447894966988,-0.0056989721541492,0.0,-0.004670528583761476,0.8240812551849296,-0.5664523554682945,0.0,0.4629965760870588,0.233354054401401,0.15411111088614493,1.0
2025-12-16 18:48:45.628,0.010079235382377625,-0.566392490313541,-0.8240623173229924,0.0,-0.999928522127607,-0.009584059638219912,-0.005642990143486385,0.0,-0.004701805678978493,0.8240761581474322,-0.5664595118773499,0.0,0.4628350635603007,0.23332512998746668,0.15387612014524918,1.0
2025-12-16 18:48:45.678,0.01014210884234637,-0.5663747235983293,-0.8240737570135056,0.0,-0.9999279356546915,-0.009610910160957284,-0.00570094767851612,0.0,-0.00469131650137127,0.8240880565583465,-0.5664422888409474,0.0,0.4626923702388266,0.23330054672257133,0.15365301390282185,1.0
2025-12-16 18:48:45.728,0.01023194094675257,-0.5663665156631352,-0.8240782876773725,0.0,-0.9999269011252591,-0.009682648349253073,-0.005760696849330942,0.0,-0.004716685280295211,0.8240928579330266,-0.566435092825068,0.0,0.46249995562616475,0.2333355722522792,0.15337169436295,1.0
2025-12-16 18:48:45.778,0.010287686416034045,-0.566286489204313,-0.824132587969962,0.0,-0.9999262141975233,-0.009733696121699012,-0.0057938089050199645,0.0,-0.004740991750127005,0.8241472509632222,-0.5663557466177852,0.0,0.4623238549243363,0.23336946155510238,0.1530637372486115,1.0
2025-12-16 18:48:45.828,0.010556205955045552,-0.5662257470434602,-0.8241709269333143,0.0,-0.9999241044247059,-0.00976368193676261,-0.006099410356403132,0.0,-0.004593388043478458,0.8241886308237328,-0.5662967434191926,0.0,0.46224769053195086,0.23336344169895623,0.15276575011163043,1.0
2025-12-16 18:48:45.878,0.010835038343210401,-0.566155506172899,-0.8242155614130431,0.0,-0.9999214531192073,-0.009861151196946407,-0.006371200063716074,0.0,-0.0045207113106696655,0.8242357231403814,-0.5662287840338903,0.0,0.46217073290690924,0.2333832163121368,0.15239421588441388,1.0
2025-12-16 18:48:45.928,0.010901217381060658,-0.566095529867851,-0.8242558834636586,0.0,-0.9999201687903775,-0.009999796929858988,-0.006356650752790373,0.0,-0.0046440092883620904,0.8242752472038808,-0.5661702482687613,0.0,0.4619598032691165,0.23343363547078635,0.15186058312175663,1.0
2025-12-16 18:48:45.978,0.010942209898398827,-0.5660657930068457,-0.824275762673681,0.0,-0.9999184125963607,-0.010248374751977285,-0.006235853343814533,0.0,-0.00491767832725761,0.8242926163576814,-0.566142649036511,0.0,0.4616369774994411,0.23347766587639038,0.15124919653225113,1.0
2025-12-16 18:48:46.028,0.011098245374849797,-0.5660572864263166,-0.8242795183276623,0.0,-0.9999167457735758,-0.010327783999863522,-0.006370659341275874,0.0,-0.004906917154691191,0.8242974669951415,-0.5661356799120073,0.0,0.46139074272738523,0.23346681966792238,0.15069368800253846,1.0
2025-12-16 18:48:46.078,0.011227300797611795,-0.5659640624270803,-0.8243417826721172,0.0,-0.9999156897323188,-0.010334967207073782,-0.006522942677829607,0.0,-0.004827887106201033,0.8243613887465465,-0.5660432777181926,0.0,0.4612161385722315,0.23349681608622264,0.15012000802969627,1.0
2025-12-16 18:48:46.128,0.011308985346681497,-0.5658654148738304,-0.824408385450624,0.0,-0.9999145191417039,-0.0104228975397918,-0.006562356108749055,0.0,-0.004879407714188785,0.824428000697067,-0.5659458128186793,0.0,0.4610032706634772,0.23365903218770648,0.14949741260849925,1.0
2025-12-16 18:48:46.178,0.011421733811897563,-0.5658367800508206,-0.8244264850425765,0.0,-0.999911819247764,-0.010719391361858534,-0.0064957893028425384,0.0,-0.005161893021680143,0.8244438527702229,-0.5659202138904598,0.0,0.4606103764397791,0.2338452171347445,0.14885980377563165,1.0
2025-12-16 18:48:46.228,0.011545127514801091,-0.565807537077232,-0.8244448361888574,0.0,-0.9999105734637362,-0.010761542030557767,-0.006616735581474509,0.0,-0.005128597635074314,0.8244633734736161,-0.5658920774200699,0.0,0.46033635607069584,0.2338662899742605,0.1484124254046643,1.0
2025-12-16 18:48:46.278,0.01150220490151981,-0.5657761241208331,-0.824466993613704,0.0,-0.9999117357387739,-0.01062827596699786,-0.006656379124594043,0.0,-0.004996738554716928,0.8244866596033101,-0.5658593294627128,0.0,0.4601202272434735,0.23377953436561022,0.14799955538982226,1.0
2025-12-16 18:48:46.328,0.011465083823524921,-0.565737602238887,-0.8244939442877205,0.0,-0.9999119586053257,-0.010640395830687781,-0.006603326119189932,0.0,-0.005037289025177735,0.8245129368074626,-0.5658206807429451,0.0,0.4598781527733551,0.23375280674103138,0.14759418199543825,1.0
2025-12-16 18:48:46.379,0.011460327933082243,-0.5656731830712765,-0.8245382087804574,0.0,-0.9999114796148437,-0.010723620393484132,-0.006540932756028695,0.0,-0.005142103499953806,0.8245560568342335,-0.5657568982430315,0.0,0.4597004526572944,0.23380177138249078,0.14724887994594937,1.0
2025-12-16 18:48:46.428,0.01149262187763103,-0.5656159324151113,-0.8245770331156271,0.0,-0.9999112512845286,-0.010718551652485324,-0.00658400381905945,0.0,-0.005114352528895576,0.8245953964460953,-0.5656998104632146,0.0,0.45966046329628196,0.23381655510505475,0.1470577550433822,1.0
2025-12-16 18:48:46.478,0.01142126075377199,-0.5656370358344862,-0.824563548428124,0.0,-0.999911854365839,-0.010712800347964721,-0.006501254385316439,0.0,-0.005156133680354669,0.8245809950121616,-0.5657204229566264,0.0,0.45959391735112215,0.23379306910827366,0.14690447921665012,1.0
2025-12-16 18:48:46.528,0.011325205406054315,-0.5656594362137805,-0.8245495066071091,0.0,-0.9999124178943364,-0.010742405890691404,-0.006364287673402482,0.0,-0.005257727327247512,0.8245652431263473,-0.5657424468177549,0.0,0.4594397570110243,0.23376171249680164,0.14681124936234552,1.0
2025-12-16 18:48:46.578,0.011233032733810773,-0.5656541866543444,-0.8245543687333307,0.0,-0.999912952968782,-0.010768649014951358,-0.0062345476862108165,0.0,-0.005352841648821855,0.8245685021005258,-0.5657368049101789,0.0,0.4592197597712178,0.23373780322555646,0.14670140031333634,1.0
2025-12-16 18:48:46.628,0.011258509928961859,-0.565630333882052,-0.8245703840472723,0.0,-0.9999131412796711,-0.010709118000024387,-0.00630647200028747,0.0,-0.005263391015534324,0.8245856402253182,-0.5657126643882207,0.0,0.4590161215478245,0.23369294785219527,0.14659209829167227,1.0
2025-12-16 18:48:46.681,0.011450923461044739,-0.565628017693968,-0.8245693232546853,0.0,-0.9999110434221354,-0.010804287775276296,-0.0064745277305283955,0.0,-0.005246810990755318,0.8245859875464457,-0.5657123121485691,0.0,0.45875178644590875,0.23367623104381605,0.14627236082863246,1.0
2025-12-16 18:48:46.728,0.011694156219474594,-0.5655736881529269,-0.8246031754005186,0.0,-0.999908477795017,-0.010902076678959366,-0.006702809779967691,0.0,-0.005199054297592091,0.8246219661325261,-0.5656603069034786,0.0,0.4584552124940939,0.23364380643615482,0.14577084386239372,1.0
2025-12-16 18:48:46.778,0.011979254446793987,-0.5655453828371851,-0.8246184962245564,0.0,-0.999905587859541,-0.010985492785832015,-0.006991510332254343,0.0,-0.00510492243944962,0.8246402721891314,-0.5656344767168302,0.0,0.45815377813058306,0.2335442893733623,0.14520116730424412,1.0
2025-12-16 18:48:46.829,0.012152727627978057,-0.5655141260777297,-0.824637393839832,0.0,-0.9999034853250721,-0.011084842414879646,-0.007133947337833355,0.0,-0.005106725886190208,0.8246603784164765,-0.5656051463881117,0.0,0.457790061235879,0.23348235903536477,0.1446114182151371,1.0
2025-12-16 18:48:46.878,0.012187710178229276,-0.5655068557801428,-0.8246418632882255,0.0,-0.9999026867431754,-0.011164344693606849,-0.007121892483741774,0.0,-0.005179206700621284,0.8246642916073839,-0.5655987817929279,0.0,0.45736558405213135,0.23344769636802076,0.1440506135312705,1.0
2025-12-16 18:48:46.928,0.012030561896188743,-0.5655717228548713,-0.8245996839610376,0.0,-0.9999039768568716,-0.01117251266606803,-0.0069252384614372844,0.0,-0.005296233334578002,0.8246196943019569,-0.5656627172457211,0.0,0.4569467951251589,0.23332607956070872,0.14357879221770983,1.0
2025-12-16 18:48:46.978,0.011839928974936355,-0.5655936295478163,-0.824587417559839,0.0,-0.9999065619079652,-0.011016377788205203,-0.006801012794323023,0.0,-0.005237457837590554,0.8246067694288648,-0.5656821058222459,0.0,0.4566363041095436,0.23315921325969988,0.14327293198955712,1.0
2025-12-16 18:48:47.028,0.011727520720949118,-0.5657445839094956,-0.8244854625377089,0.0,-0.999908838257144,-0.010801508299415208,-0.006810983402895819,0.0,-0.005052506871476338,0.8245060512514313,-0.5658305785516421,0.0,0.4564534751325823,0.23299612087584096,0.14304910445863298,1.0
2025-12-16 18:48:47.078,0.011405290433494905,-0.5660867457869571,-0.8242550955230237,0.0,-0.9999130897827346,-0.010535473387577743,-0.0066002714226162116,0.0,-0.004947686710819707,0.8242746071865484,-0.5661686076988663,0.0,0.45627088174918706,0.23278584682082956,0.14263953182050415,1.0
2025-12-16 18:48:47.129,0.00994019437651089,-0.5670240638249066,-0.8236295590133065,0.0,-0.9999342824283697,-0.008648582868007113,-0.006113897287712259,0.0,-0.0036565720081220263,0.8236520632607471,-0.5670836870934163,0.0,0.45631125744796536,0.2319298584568405,0.14163292733469507,1.0
2025-12-16 18:48:47.178,0.008762826161403687,-0.5670216322613533,-0.8236446007390227,0.0,-0.9999475497573047,-0.0074204364699223336,-0.0055300775913429984,0.0,-0.0029761861120083566,0.8236657176058438,-0.5670678336469783,0.0,0.4560246953252413,0.2325448327649931,0.139961192994416,1.0
2025-12-16 18:48:47.228,0.008689317186175246,-0.5671691030134202,-0.8235438368751228,0.0,-0.9999474636339452,-0.007573416489654608,-0.005334813578974722,0.0,-0.0032113608704606987,0.8235627828975836,-0.5672160344942192,0.0,0.4552203809536316,0.23380729020653315,0.1375735639092867,1.0
2025-12-16 18:48:47.279,0.008530349869470787,-0.5671100559663691,-0.8235861609170798,0.0,-0.9999489087682142,-0.007463207441963608,-0.005217977495520773,0.0,-0.0031874882247642246,0.8236044509971451,-0.5671556648897267,0.0,0.4547035459449914,0.23448660695734247,0.13541795015933347,1.0
2025-12-16 18:48:47.329,0.008627598239882305,-0.5671018601948357,-0.8235907913602339,0.0,-0.9999478919522289,-0.007565047895196567,-0.005265959726904176,0.0,-0.00324423068733857,0.8236091652654296,-0.5671484971839645,0.0,0.4544357359226623,0.2346643684688291,0.13400331761693202,1.0
2025-12-16 18:48:47.378,0.00885127148427291,-0.5671936656847792,-0.8235251954259705,0.0,-0.9999463761471258,-0.007578632397226079,-0.00552775383196195,0.0,-0.003105947566148894,0.8235458182909167,-0.5672412522597953,0.0,0.4543130781766968,0.2343244246660299,0.13346927404503622,1.0
2025-12-16 18:48:47.428,0.008760452874808472,-0.5671029211490248,-0.8235886583670755,0.0,-0.9999479224329336,-0.007320243995482701,-0.005595833370887098,0.0,-0.0028555114577102046,0.823610646965177,-0.5671484358260342,0.0,0.45427337690633834,0.23400738750800673,0.1334270209862343,1.0
2025-12-16 18:48:47.478,0.00885071043445596,-0.5670599965837584,-0.8236172485447603,0.0,-0.9999470059807687,-0.00740596885965367,-0.005646570335552619,0.0,-0.00289779533134759,0.8236394355268606,-0.5671064124370417,0.0,0.4540166949963029,0.23393106594250498,0.13363157570674372,1.0
2025-12-16 18:48:47.528,0.008920201373663202,-0.5669939061600511,-0.8236619982043777,0.0,-0.9999461138954294,-0.007521738248017338,-0.005651518412346728,0.0,-0.0029910510419815426,0.8236838854173361,-0.5670413657904201,0.0,0.45374212753412946,0.2339105800747091,0.13407345410686944,1.0
2025-12-16 18:48:47.578,0.00892355060878975,-0.5669996558828507,-0.8236580038914632,0.0,-0.9999461977874234,-0.0074921436483434845,-0.005675932983713491,0.0,-0.0029527688836340623,0.823680197139888,-0.5670469239802954,0.0,0.4537030892228596,0.2338882712151232,0.1344019318258454,1.0
2025-12-16 18:48:47.628,0.008774634048283275,-0.5670171734437985,-0.8236475445955828,0.0,-0.9999474322249094,-0.0074309705829735855,-0.005537180168043668,0.0,-0.0029808818181071618,0.8236686921810407,-0.5670634883894048,0.0,0.45374104420392775,0.23386787995479286,0.13455082319601588,1.0
2025-12-16 18:48:47.678,0.008661045914841741,-0.5670378186060515,-0.8236345339137743,0.0,-0.9999482031879354,-0.007426565701046312,-0.005402218462447585,0.0,-0.0030535725979166004,0.8236545190345816,-0.5670836877995182,0.0,0.45375065232381817,0.23384161966481837,0.13452874573975795,1.0
2025-12-16 18:48:47.728,0.008679512575643571,-0.5670298877662747,-0.8236397995133694,0.0,-0.9999481274749095,-0.007414114803377775,-0.005433246019932681,0.0,-0.003025805405464593,0.8236600911734664,-0.5670757433621769,0.0,0.4537617614623925,0.2338364987406459,0.1345522029338991,1.0
2025-12-16 18:48:47.778,0.008730093250997656,-0.5670235371722923,-0.8236436369363022,0.0,-0.9999478523105724,-0.0073973874226986895,-0.005506198325556383,0.0,-0.0029707242253762846,0.8236646135447406,-0.5670694659314409,0.0,0.4537742005128696,0.2338169043081152,0.13459620990264343,1.0
2025-12-16 18:48:47.828,0.008850956007381698,-0.5669772695979016,-0.8236741972638648,0.0,-0.9999469145825711,-0.007430769627785741,-0.005630149264744771,0.0,-0.0029284229318815008,0.823696163082337,-0.5670238577542995,0.0,0.4537975283090902,0.23379518292813722,0.13475009692665885,1.0
2025-12-16 18:48:47.878,0.00893048793432293,-0.5669572188681772,-0.8236871403996331,0.0,-0.9999463424279001,-0.0074374595407933515,-0.0057221815640380435,0.0,-0.0028819631223089485,0.8237099041890862,-0.5670041340496276,0.0,0.4538323042076606,0.23377956898302846,0.13485671673688437,1.0
2025-12-16 18:48:47.928,0.00885031864882345,-0.5669725440407064,-0.8236774569362886,0.0,-0.9999468801242762,-0.007441628783606562,-0.005621920666582995,0.0,-0.002942083853448431,0.8236993178457986,-0.5670192041923846,0.0,0.4538168738757226,0.23376308764822926,0.13485904281961553,1.0
2025-12-16 18:48:47.978,0.008766991787127608,-0.5669330853451227,-0.8237055077497496,0.0,-0.9999473643443828,-0.007463074557868287,-0.0055061747224494926,0.0,-0.003025801250265925,0.8237262833423943,-0.5669795892778853,0.0,0.45379290941089917,0.2337377192861556,0.13487568488318447,1.0
2025-12-16 18:48:48.028,0.008766897931569448,-0.5669547804720231,-0.8236905761885257,0.0,-0.9999473505237265,-0.0074671495733791195,-0.005503159005209285,0.0,-0.0030306367780308366,0.8237113139396811,-0.5670013108701633,0.0,0.45380093269255,0.23368856446773575,0.1348854501745375,1.0
2025-12-16 18:48:48.078,0.00872578004556115,-0.5669660603771535,-0.8236832486121194,0.0,-0.9999477311531966,-0.0074382005949912245,-0.005473119283486404,0.0,-0.0030237065674997886,0.8237038117244764,-0.5670122465601267,0.0,0.45381656274360394,0.23362757524717334,0.13488775013090132,1.0
2025-12-16 18:48:48.128,0.008656808257319605,-0.5669663965377194,-0.82368374499503,0.0,-0.9999482728703454,-0.007414780239205843,-0.005405508193149803,0.0,-0.003042751036405204,0.8237037914975925,-0.5670121740656201,0.0,0.453826551157357,0.23358926389354562,0.13488618527409027,1.0
2025-12-16 18:48:48.179,0.008628475936674988,-0.566961816371528,-0.8236871949234831,0.0,-0.9999484134097587,-0.007426773077447634,-0.005362878161125376,0.0,-0.0030768499791819738,0.8237068360839266,-0.5670075671301157,0.0,0.4538417902097332,0.23362202293379852,0.13487867902985082,1.0
2025-12-16 18:48:48.228,0.008651140859616706,-0.5669450808003474,-0.8236984763973546,0.0,-0.9999483434612261,-0.007405588037294901,-0.005405050987732355,0.0,-0.0030356629600953233,0.8237185459770611,-0.5669907774945102,0.0,0.453914358986083,0.2336414966796817,0.13487895382149803,1.0
2025-12-16 18:48:48.279,0.00866101308134541,-0.5669395942902622,-0.8237021489468181,0.0,-0.9999482354978998,-0.0074172487978998594,-0.005409033750586852,0.0,-0.0030430669625121564,0.8237222173324975,-0.5669854040593069,0.0,0.45394554977155593,0.2336657521013022,0.13486991409414809,1.0
2025-12-16 18:48:48.328,0.008647217701368079,-0.5669475654353804,-0.8236968074322787,0.0,-0.9999485431301015,-0.00735799633078384,-0.005433036277440492,0.0,-0.002980568781533083,0.8237172623301212,-0.5669929346553699,0.0,0.45395163827500273,0.23363528572346076,0.1348906717052258,1.0
2025-12-16 18:48:48.378,0.008696528890534728,-0.5669560754320638,-0.823690430815568,0.0,-0.9999482503450452,-0.0073484570887019885,-0.00549942828908271,0.0,-0.002934976012707463,0.8237114900556751,-0.5670015582571746,0.0,0.45394942365792335,0.23360757658631184,0.13497046077475783,1.0
2025-12-16 18:48:48.428,0.008657925981779932,-0.5669820123109118,-0.8236729842205409,0.0,-0.9999479884867203,-0.007488809763087208,-0.005355833352763866,0.0,-0.00313172940936566,0.82369237278155,-0.5670282773305106,0.0,0.4539360431309122,0.23355979092166165,0.13497569904938836,1.0
2025-12-16 18:48:48.478,0.008436795249067834,-0.5669860597512013,-0.8236724928240233,0.0,-0.9999498421848715,-0.0073730187873651395,-0.005167069732461054,0.0,-0.003143356775518119,0.8236906313178708,-0.5670307427180199,0.0,0.45397156009533773,0.23353769360357896,0.1349881644041653,1.0
2025-12-16 18:48:48.528,0.008542067193056706,-0.5669434783463857,-0.8237007177062423,0.0,-0.9999492193543336,-0.007360448806372596,-0.005303716360791115,0.0,-0.003055958399368646,0.8237200535170555,-0.5669884783239608,0.0,0.45411324360919814,0.23359639195102946,0.13503082804290528,1.0
2025-12-16 18:48:48.578,0.008589059273251582,-0.5669313795564913,-0.823708556369413,0.0,-0.9999487449742845,-0.007406307793128434,-0.005329252333577244,0.0,-0.0030793780103947283,0.8237279697463286,-0.5669768507520044,0.0,0.4541548071962505,0.23365981515203518,0.1350346224587551,1.0
2025-12-16 18:48:48.628,0.00860456325450237,-0.5669600347569826,-0.8236886713927591,0.0,-0.999948728088932,-0.007383953295796105,-0.005363331824634754,0.0,-0.0030413424373987954,0.8237084473685043,-0.5670054179370303,0.0,0.45416239640601697,0.23365634936932708,0.13503909295143068,1.0
2025-12-16 18:48:48.678,0.008590061334918556,-0.5669613580247231,-0.8236879119267394,0.0,-0.9999488547093643,-0.007375214232011769,-0.005351736322946828,0.0,-0.0030407056603364946,0.8237076148364374,-0.5670066307985774,0.0,0.4541619014690938,0.2336554497918268,0.1350407858122768,1.0
