timestamp, data
2025-12-16 17:22:17.078,0.009141817445574123,-0.5629917979643195,-0.8264002719626264,0.0,-0.9999440690654757,-0.007630957658824511,-0.0058629452663940245,0.0,-0.003005493252752715,0.8264235598128841,-0.5630409104110535,0.0,0.40259214722019643,0.24281599921693334,0.22511448716397003,1.0
2025-12-16 17:22:17.128,0.008978246635484756,-0.5629571452572999,-0.8264256715472433,0.0,-0.9999456811056775,-0.007502605925363373,-0.005752620588879824,0.0,-0.0029619243019797974,0.826448341156531,-0.563004765880403,0.0,0.4026517769216785,0.24257574097553364,0.22488561596424583,1.0
2025-12-16 17:22:17.178,0.009050249416087031,-0.5629280975445109,-0.8264446726076903,0.0,-0.9999454976166587,-0.007409382700860556,-0.005903367291067927,0.0,-0.0028003274571517184,0.8264689684384101,-0.562975312402314,0.0,0.4027557420680243,0.24223974312619614,0.22464628036752207,1.0
2025-12-16 17:22:17.228,0.009074227873888919,-0.5628391115884612,-0.8265050149611994,0.0,-0.9999456376809676,-0.00731424459559373,-0.005997533660368948,0.0,-0.002669664721105586,0.8265304204908497,-0.5628857227657279,0.0,0.402866166975308,0.24185732245101316,0.22444057811414714,1.0
2025-12-16 17:22:17.278,0.009107923548439192,-0.5628408213334406,-0.8265034800111503,0.0,-0.9999452520532238,-0.007357635570894331,-0.006008743315229636,0.0,-0.0026991973491855294,0.8265288710593625,-0.5628878570719088,0.0,0.4028672459499345,0.24181770734509228,0.22438129122223807,1.0
2025-12-16 17:22:17.328,0.009154475492661239,-0.5628412770801885,-0.8265026553462518,0.0,-0.999944945846139,-0.0073471361521368845,-0.006072212803606289,0.0,-0.00265478664271662,0.8265286541030262,-0.5628883868534876,0.0,0.40284150839852667,0.24179065191034343,0.2243994232972342,1.0
2025-12-16 17:22:17.378,0.009145662415540944,-0.5628024853499783,-0.8265291684169873,0.0,-0.9999447704222097,-0.007420218161165198,-0.006011935538876721,0.0,-0.0027495474204849123,0.8265544164267231,-0.5628501014252925,0.0,0.40281244768728514,0.24174692466168024,0.22434834090829317,1.0
2025-12-16 17:22:17.428,0.009146674248868001,-0.5628374462356878,-0.8265053504765004,0.0,-0.9999446709659947,-0.007447997239565899,-0.00599410085303557,0.0,-0.0027821587174103467,0.826530360092453,-0.56288526667369,0.0,0.4027354558404517,0.241687508612535,0.22429066572066034,1.0
2025-12-16 17:22:17.478,0.009070340112223735,-0.5628912298587017,-0.8264695633715833,0.0,-0.99994523894831,-0.007442937423981367,-0.005904971491756692,0.0,-0.002827559016997417,0.8264937776952389,-0.5629387536322743,0.0,0.40260408956243554,0.2415910327764808,0.22420132944186047,1.0
2025-12-16 17:22:17.529,0.009106207444459965,-0.5629027771798589,-0.8264613041942065,0.0,-0.9999450360403862,-0.007426955026869262,-0.005959206191061719,0.0,-0.00278369081763628,0.8264860567939419,-0.5629503077453929,0.0,0.40259548238661647,0.2415449008572329,0.22417834506027895,1.0
2025-12-16 17:22:17.579,0.009119046272915795,-0.5629044328036487,-0.82646003498432,0.0,-0.9999448362574584,-0.007458643088140455,-0.005953149295686807,0.0,-0.002813270464050226,0.8264846437901229,-0.5629522351748947,0.0,0.40255397995691566,0.24154781333423767,0.22418210798000607,1.0
2025-12-16 17:22:17.628,0.00913267663323834,-0.5629248517092549,-0.8264459767261466,0.0,-0.99994464306222,-0.007486588753316761,-0.005950521087825279,0.0,-0.002837619586595343,0.8264704835103962,-0.5629729014803232,0.0,0.4025040908211771,0.24152682880397336,0.22416143376163702,1.0
2025-12-16 17:22:17.678,0.009251360937637548,-0.5629452013597958,-0.8264307953410188,0.0,-0.9999432852992691,-0.007630004218843512,-0.005996342362911143,0.0,-0.0029301147099108954,0.8264553107190353,-0.5629947014067623,0.0,0.4024756755298714,0.24156171703002285,0.22413644817812292,1.0
2025-12-16 17:22:17.728,0.00928862864083178,-0.562945724736971,-0.8264300208000358,0.0,-0.9999428238409921,-0.007683482187698597,-0.006005002213329113,0.0,-0.0029694271918419093,0.8264544587506458,-0.5629957460881293,0.0,0.40245830844806807,0.24158028276299923,0.22413676668664673,1.0
2025-12-16 17:22:17.778,0.009143542818109491,-0.5629498041014861,-0.8264288599680193,0.0,-0.9999443477982598,-0.007549282095408136,-0.005920856978896307,0.0,-0.0029058552660210183,0.8264529167713403,-0.56299834135219,0.0,0.40249579326488755,0.24152580671570087,0.22409721619332076,1.0
2025-12-16 17:22:17.828,0.00900090564972262,-0.5628380706304578,-0.8265065255929182,0.0,-0.9999459485222039,-0.007379331536441366,-0.005864503501022498,0.0,-0.0027983537106417264,0.826530550810846,-0.5628849063466079,0.0,0.4025236006607065,0.24136919123935033,0.22407813452739073,1.0
2025-12-16 17:22:17.878,0.009009602196583099,-0.5628215452999715,-0.826517684091284,0.0,-0.9999461491412036,-0.0073001984472671685,-0.005928981490659584,0.0,-0.002696836511873823,0.8265425066733836,-0.5628678457106142,0.0,0.4025328389702577,0.2408818117857394,0.223943167939482,1.0
2025-12-16 17:22:17.928,0.009000619219473696,-0.5627875745961941,-0.8265409134670876,0.0,-0.9999463168904869,-0.007268117904029751,-0.005940092633241269,0.0,-0.002664437784328656,0.8265659206479611,-0.5628336162621079,0.0,0.40260961468337253,0.24037792194457766,0.223722094713377,1.0
2025-12-16 17:22:17.979,0.009027545063553246,-0.5627521324538324,-0.8265647510933417,0.0,-0.9999462251630452,-0.007235664937601627,-0.005994900857892006,0.0,-0.0026071525422809074,0.8265903363716716,-0.5627980264469555,0.0,0.40276077331405574,0.24003959048241322,0.2234059618057266,1.0
2025-12-16 17:22:18.028,0.00914822380859943,-0.5628021634902155,-0.82652935923238,0.0,-0.9999451392349614,-0.007300514868636101,-0.006096548550993352,0.0,-0.00260298927772775,0.8265557015485892,-0.5628489110625868,0.0,0.402966998575539,0.23978395613793246,0.22296070378557473,1.0
2025-12-16 17:22:18.078,0.009107512980368625,-0.562875872139565,-0.826479614189996,0.0,-0.9999447579608831,-0.007505217451243348,-0.005907591621724285,0.0,-0.002877723842294663,0.8265036739950843,-0.5629239696247753,0.0,0.40317417098512437,0.2393848703321484,0.2221372002698351,1.0
2025-12-16 17:22:18.130,0.009056631698142458,-0.5629641696727224,-0.8264200312118497,0.0,-0.999944305899568,-0.007726661188785174,-0.00569479649446419,0.0,-0.003179562417267425,0.8264414917257642,-0.5630136331714608,0.0,0.40343159361679526,0.23878316875608083,0.22101850963324124,1.0
2025-12-16 17:22:18.178,0.00903753711159828,-0.5630412319141811,-0.8263677395619495,0.0,-0.9999441802497784,-0.00779288612416933,-0.005626207573736471,0.0,-0.003272065845178997,0.8263883695177998,-0.5630910728388588,0.0,0.40391278052589397,0.23834973255356884,0.22011750618229003,1.0
2025-12-16 17:22:18.228,0.009028839042481055,-0.5630398266397051,-0.8263687921166214,0.0,-0.9999441134217831,-0.007824455419787773,-0.005594178377203138,0.0,-0.003316204397739246,0.8263890286782372,-0.5630898472434325,0.0,0.40452023789699837,0.2379465227253851,0.219246637252248,1.0
2025-12-16 17:22:18.278,0.008787061687835754,-0.5628944144733847,-0.8264704547669975,0.0,-0.9999469992707629,-0.007498411151287135,-0.005524434886134239,0.0,-0.00308760117959788,0.8264911072952762,-0.5629413080248987,0.0,0.4052123809161398,0.23748062207045223,0.2185354833873413,1.0
2025-12-16 17:22:18.328,0.008792148869242039,-0.5630042636584033,-0.8263955736340367,0.0,-0.9999461783352489,-0.007701937467202949,-0.005391427750628917,0.0,-0.0033295143239605814,0.82641440892218,-0.5630525189182362,0.0,0.40577888486708746,0.23728113781302865,0.21771814281623889,1.0
2025-12-16 17:22:18.378,0.009001640830234468,-0.5630629506618824,-0.8263533329971545,0.0,-0.9999434777864361,-0.008020645964462047,-0.005427464591130668,0.0,-0.003571952069374688,0.8263713919745042,-0.5631141657643983,0.0,0.4062733162793881,0.23718928076599252,0.2170634698317606,1.0
2025-12-16 17:22:18.428,0.00898458830507995,-0.5630923279229342,-0.8263335006572875,0.0,-0.9999449338293923,-0.007692677839727955,-0.005630179197349724,0.0,-0.003186468047256304,0.8263544923626122,-0.5631412783427561,0.0,0.40700149807443503,0.23681883486476885,0.21645461787661346,1.0
2025-12-16 17:22:18.478,0.00887423745967658,-0.5629042322056496,-0.8264628365363356,0.0,-0.9999464976746929,-0.0074747072332414614,-0.005646011078735505,0.0,-0.0029994619599005953,0.8264846352861467,-0.5629512864039627,0.0,0.4077658036196835,0.23638439796778302,0.2157766490564835,1.0
2025-12-16 17:22:18.529,0.00875571838845322,-0.5628631191102634,-0.8264921012581884,0.0,-0.9999472103567261,-0.007497593235132449,-0.005487212105418079,0.0,-0.0031082121091234307,0.8265124284443647,-0.5629098903416813,0.0,0.40860344365964274,0.23605872083274812,0.21497027754716783,1.0
2025-12-16 17:22:18.578,0.009082151485149974,-0.5630362436631914,-0.8263706491322478,0.0,-0.9999426642823595,-0.008085521393813773,-0.005480820458231217,0.0,-0.0035958062301963685,0.8263889567679322,-0.5630882366996878,0.0,0.40938423872744156,0.23605423622903876,0.21391987116841119,1.0
2025-12-16 17:22:18.628,0.009324937357131882,-0.5632036903460074,-0.8262538324420242,0.0,-0.9999394045322259,-0.008450289693266095,-0.005525103532601082,0.0,-0.0038704000623965206,0.8262711947298211,-0.56325920566211,0.0,0.4099352454931639,0.2361972568090155,0.21273357328458228,1.0
2025-12-16 17:22:18.678,0.009203687984685726,-0.563271524115866,-0.8262089500537245,0.0,-0.9999403529666704,-0.00841956235310665,-0.005398923955845325,0.0,-0.003915333028771088,0.8262252665491673,-0.5633262634415611,0.0,0.4105242508531244,0.23656925801241122,0.21152312860255804,1.0
2025-12-16 17:22:18.728,0.009173039691414767,-0.5633053548618647,-0.8261862256343763,0.0,-0.9999405681669548,-0.008416502759520703,-0.005363722257413809,0.0,-0.003932260886544187,0.8262022324629148,-0.5633599279302849,0.0,0.41112910020023774,0.23707482625889273,0.2105472815915527,1.0
2025-12-16 17:22:18.778,0.009143858853814994,-0.5633302519462035,-0.8261695733859341,0.0,-0.9999406074864096,-0.008447768280003522,-0.005306939985125825,0.0,-0.003989806093200268,0.826184937628713,-0.5633848864522175,0.0,0.41172813761247185,0.23751293435594048,0.20967583370885257,1.0
2025-12-16 17:22:18.828,0.009201354975893895,-0.5633027607762684,-0.826187679446777,0.0,-0.9999397976448133,-0.00853795799116626,-0.005315191492299035,0.0,-0.004059971825307814,0.8262027549295958,-0.5633582557977863,0.0,0.4123276482677247,0.2380077432880475,0.2090419274056772,1.0
2025-12-16 17:22:18.878,0.009195376177497931,-0.5632927539394998,-0.826194568680657,0.0,-0.9999403618449644,-0.008429250062683085,-0.005382136931589011,0.0,-0.003932557599485572,0.8262106938507167,-0.5633475165095201,0.0,0.41282005807481065,0.2384815782083285,0.20853566781445973,1.0
2025-12-16 17:22:18.928,0.009226656324665163,-0.5633234096891422,-0.8261733182634705,0.0,-0.9999401846743504,-0.008423675787235659,-0.005423620641791214,0.0,-0.003904238873018599,0.8261898490358768,-0.5633782834551733,0.0,0.4133626347610553,0.2389751222388135,0.20807736934468793,1.0
2025-12-16 17:22:18.980,0.009208331276601237,-0.563332470160619,-0.8261673447910197,0.0,-0.999941034227084,-0.008266013004738382,-0.005508901803716759,0.0,-0.0037258384891092735,0.8261852636142558,-0.5633862159426652,0.0,0.4140692930644344,0.2396346907891335,0.20755375441067578,1.0
2025-12-16 17:22:19.028,0.009159717942617948,-0.56330921205667,-0.8261837435343988,0.0,-0.9999422677559596,-0.00805869520092247,-0.005591555055231713,0.0,-0.003508256041566891,0.826203170131318,-0.5633613527785758,0.0,0.4147077896128361,0.2404110018828188,0.20698974072697768,1.0
2025-12-16 17:22:19.078,0.00892108039813575,-0.5632444899846926,-0.8262304797861318,0.0,-0.999944629074964,-0.007875419075783985,-0.005428025398030472,0.0,-0.0034496723014458687,0.826249062345976,-0.5632944050258337,0.0,0.41519054640417885,0.24142684881235,0.20632914060403065,1.0
2025-12-16 17:22:19.128,0.008850994759906139,-0.5632894220657377,-0.8262006014170018,0.0,-0.999945808278697,-0.007699702058315278,-0.005462782741887773,0.0,-0.003284433973294878,0.8262200865426421,-0.563337892465032,0.0,0.41563857014924627,0.24267487893623155,0.20568331498835435,1.0
2025-12-16 17:22:19.178,0.00882914876944676,-0.5632333843172751,-0.8262390379446641,0.0,-0.999946267545715,-0.007619227063645201,-0.0054914753531403,0.0,-0.003202382246685805,0.826259035193018,-0.5632812366037495,0.0,0.416065808577685,0.24411314617565424,0.20520833999662452,1.0
2025-12-16 17:22:19.228,0.00885309617844684,-0.5632102538220468,-0.8262545489006213,0.0,-0.9999458984503096,-0.007672858231962782,-0.005484005850120584,0.0,-0.003251148285099899,0.826274306021164,-0.5632585562990341,0.0,0.41651367926618893,0.2458014364631419,0.2048023481461078,1.0
2025-12-16 17:22:19.279,0.00914026666150388,-0.5632413998904828,-0.8262301906103251,0.0,-0.9999432307974117,-0.007856080992804906,-0.005706494114346932,0.0,-0.003276860652425763,0.8262513529580827,-0.5632920769185402,0.0,0.4169793434783113,0.24745161722931378,0.20448895859993366,1.0
2025-12-16 17:22:19.328,0.009389164809485694,-0.563258824148234,-0.8262155212198189,0.0,-0.9999407368153975,-0.008043382196984259,-0.005879945673324541,0.0,-0.003333700112296854,0.8262376724713948,-0.563311809775557,0.0,0.41743547492280064,0.24875049737344043,0.20423662472109153,1.0
2025-12-16 17:22:19.378,0.00947452735285237,-0.5632672053401657,-0.8262088329356736,0.0,-0.9999395432985797,-0.00818615391871254,-0.005885875725419788,0.0,-0.0034482182934619794,0.8262305564640344,-0.5633215576877318,0.0,0.4179894977720706,0.24957083891085646,0.20404791088261637,1.0
2025-12-16 17:22:19.429,0.009218692115560452,-0.5631764847345454,-0.8262735682925643,0.0,-0.999942734902972,-0.007842707801920352,-0.005810830431739396,0.0,-0.0032077608639699516,0.8262957286664856,-0.5632273777594277,0.0,0.4187759453990933,0.2497127707130101,0.20384842739714026,1.0
2025-12-16 17:22:19.478,0.008660678994007277,-0.5630327516152077,-0.8263775530283836,0.0,-0.9999484625147318,-0.007329744567080669,-0.005485805338659277,0.0,-0.002968505457945442,0.8263983851362304,-0.563078055885307,0.0,0.41983103110485814,0.2491577812770498,0.20346528781938664,1.0
2025-12-16 17:22:19.528,0.008695278980049364,-0.5629660698909067,-0.8264226177787333,0.0,-0.999948365681682,-0.007291475256695939,-0.00555403099762059,0.0,-0.002899164884232673,0.8264441514701039,-0.5630112426442603,0.0,0.42104295661386154,0.24837793208427816,0.20267649309135224,1.0
2025-12-16 17:22:19.578,0.00870166651290806,-0.5629570922818437,-0.826428666099306,0.0,-0.9999479321678383,-0.007400432224828903,-0.00548757299342426,0.0,-0.0030267194697900374,0.82644929849037,-0.563003015972407,0.0,0.4222852800239132,0.24791017579841304,0.20162927849292703,1.0
2025-12-16 17:22:19.629,0.008650350826145563,-0.562946139164572,-0.8264366658924902,0.0,-0.999948017417731,-0.007467904790839112,-0.005379568903951334,0.0,-0.0031434033119489063,0.8264561525807805,-0.5629923151136187,0.0,0.42341542516979114,0.24760330610677356,0.20067790621442894,1.0
2025-12-16 17:22:19.678,0.008724530909410345,-0.5629198805233967,-0.8264537721936682,0.0,-0.9999475391246936,-0.007465431959040106,-0.005471126514967556,0.0,-0.003090088013239774,0.8264740609045113,-0.5629663204918006,0.0,0.42457993786960313,0.24722584912381254,0.19995200680097736,1.0
2025-12-16 17:22:19.728,0.008701281999642645,-0.5629109707863991,-0.8264600858850262,0.0,-0.9999477796009544,-0.007442127061218321,-0.005458911717009532,0.0,-0.0030777989332896635,0.8264803396474355,-0.562957170067125,0.0,0.42554662237507607,0.24683051283152121,0.19926963119107274,1.0
2025-12-16 17:22:19.778,0.008514218221697427,-0.5629401218124777,-0.8264421784027206,0.0,-0.9999492073261389,-0.007385556570252433,-0.005270979338078406,0.0,-0.0031365500982958893,0.8264609913981295,-0.5629852500294319,0.0,0.42641625128281074,0.2465480511842071,0.19861870694203307,1.0
2025-12-16 17:22:19.828,0.00843284558498845,-0.5629004607067523,-0.8264700268930956,0.0,-0.9999499218653672,-0.0073328992853169865,-0.00520857473074182,0.0,-0.0031285725886973565,0.8264884743864889,-0.5629449473437449,0.0,0.4272542987524731,0.24655260447418287,0.19813326292316047,1.0
2025-12-16 17:22:19.878,0.008482763306224226,-0.5628033107063705,-0.8265356756280079,0.0,-0.9999493585261453,-0.007397403836055699,-0.005225485704222291,0.0,-0.0031733586201292733,0.826554058928543,-0.5628483965188307,0.0,0.4280892537669927,0.24672554435623237,0.19772369691993125,1.0
2025-12-16 17:22:19.928,0.008625898667885974,-0.5628425943129367,-0.8265074438869036,0.0,-0.9999481316665487,-0.007478842906217751,-0.005343012873949841,0.0,-0.0031741052175897526,0.8265265758086536,-0.562888749699343,0.0,0.4288776526412143,0.246968786440011,0.197371673521982,1.0
2025-12-16 17:22:19.979,0.008935762654497324,-0.5629991411595834,-0.826397523048419,0.0,-0.9999446213332226,-0.007852368235633931,-0.005462735675309625,0.0,-0.0034137278912511042,0.8264164830429942,-0.5630489703540295,0.0,0.42967258965909183,0.247475194960946,0.19692832998003432,1.0
2025-12-16 17:22:20.028,0.009039701896259831,-0.5630939398898244,-0.8263318011248205,0.0,-0.9999427096527951,-0.00813897098335071,-0.005392723316311528,0.0,-0.0036889517568097652,0.8263491186814346,-0.5631460962213556,0.0,0.43023803235732994,0.24793745540525086,0.19640523327297774,1.0
2025-12-16 17:22:20.078,0.009039290983781579,-0.563096909791171,-0.8263297818083,0.0,-0.9999427085398095,-0.008139840174912956,-0.005391617679765744,0.0,-0.003690260150382036,0.8263470863116711,-0.56314906989556,0.0,0.43102892585643005,0.24829653977639826,0.19586827081896074,1.0
2025-12-16 17:22:20.128,0.009043797812639434,-0.5630877567295344,-0.8263359697142761,0.0,-0.9999427062375157,-0.008133696633514176,-0.005401307496870497,0.0,-0.0036798268212667215,0.82635338401376,-0.563139897009236,0.0,0.4318088258349144,0.24848259600535078,0.19534826238186878,1.0
2025-12-16 17:22:20.178,0.008919052907980125,-0.563063629008373,-0.8263537663037267,0.0,-0.9999445115445779,-0.007905393099888918,-0.0054060607673289945,0.0,-0.003488762337398562,0.8263720403741419,-0.5631137357809972,0.0,0.4324790799702414,0.24835747682150647,0.194868400805827,1.0
2025-12-16 17:22:20.228,0.008754247607272865,-0.5630046886849412,-0.8263956864413144,0.0,-0.9999464472767038,-0.007696337601151221,-0.005349380098242568,0.0,-0.0033485585882481704,0.8264141715333982,-0.5630527544059687,0.0,0.43303432635699013,0.24808581994208384,0.1943999319205958,1.0
2025-12-16 17:22:20.278,0.008625602928492031,-0.5629565960804574,-0.8264298014984897,0.0,-0.9999477513428604,-0.007577277804312554,-0.005275068401630092,0.0,-0.003292517031399333,0.8264480339822388,-0.563003380503608,0.0,0.43358449098299645,0.24782814087459393,0.19402122552309928,1.0
2025-12-16 17:22:20.328,0.00864241252210866,-0.5629087487998954,-0.8264622170018072,0.0,-0.9999480479309422,-0.007473197796816425,-0.005366531002041718,0.0,-0.003155509120823583,0.8264815726857366,-0.5629549296107991,0.0,0.43433696474075584,0.24770470457825602,0.19367064027976805,1.0
2025-12-16 17:22:20.378,0.008567352324445228,-0.5628790154359059,-0.8264832492901848,0.0,-0.9999490404194687,-0.007338336759379769,-0.005367707052160985,0.0,-0.0030437013492917698,0.8265030318324987,-0.5629240395060274,0.0,0.43512406812284754,0.2475689643189489,0.193232705946215,1.0
2025-12-16 17:22:20.428,0.008526705913063537,-0.562875036176472,-0.8264863797043576,0.0,-0.999949344973999,-0.007327043132609557,-0.0053262394061401805,0.0,-0.0030577530254134342,0.8265058420909727,-0.5629198372201212,0.0,0.4357642318455665,0.24729371291609695,0.19272828912815249,1.0
2025-12-16 17:22:20.478,0.008680013354161218,-0.5628478568742381,-0.8265032935696366,0.0,-0.9999480993449774,-0.007393250334720143,-0.005466751051936139,0.0,-0.003033655045443972,0.8265237621231024,-0.562893655660586,0.0,0.4362072442495504,0.2469943564112828,0.1925575618999314,1.0
2025-12-16 17:22:20.528,0.008836419699544658,-0.5627854490944132,-0.8265441324428487,0.0,-0.999947108683145,-0.0073753188596738,-0.005668457386742826,0.0,-0.0029059571409677,0.8265664182686719,-0.5628316902979021,0.0,0.4365377524018371,0.24679464280153626,0.19260851118910094,1.0
2025-12-16 17:22:20.578,0.00886244050428341,-0.5628054621688467,-0.8265302267929634,0.0,-0.9999467358945104,-0.007430300352792253,-0.005662412188324171,0.0,-0.0029545882120715987,0.8265522988839694,-0.5628521720826193,0.0,0.4367794723724314,0.24660146114576156,0.1925545246273426,1.0
2025-12-16 17:22:20.628,0.008649609146218658,-0.5627885700522895,-0.8265439834523782,0.0,-0.9999486520939993,-0.007295644329977856,-0.005496694498756364,0.0,-0.002936750630932367,0.8265650003462304,-0.5628336128007709,0.0,0.4370751086008499,0.2463960625754128,0.1924200036270415,1.0
2025-12-16 17:22:20.678,0.008655625538290322,-0.5628096533758602,-0.8265295645738835,0.0,-0.9999488831812564,-0.007218126070529692,-0.005556670027693668,0.0,-0.002838701719708486,0.8265513251412637,-0.5628541984206635,0.0,0.4373997852921282,0.24609201991782054,0.19210630633978582,1.0
2025-12-16 17:22:20.728,0.008734502245238035,-0.5627928073129483,-0.8265402055608347,0.0,-0.9999480504968502,-0.007304775638775744,-0.005593162041659638,0.0,-0.0028899550314573598,0.8265620345747424,-0.5628382104651198,0.0,0.43777822310135417,0.24578035500411327,0.19160314952469742,1.0
2025-12-16 17:22:20.778,0.008763975066948593,-0.5628078035128844,-0.8265296824356867,0.0,-0.9999474399771715,-0.007420281591287545,-0.005550099586092429,0.0,-0.003009501572135007,0.826550794615206,-0.5628540901701427,0.0,0.43810686363137413,0.24540560251572127,0.1909375388684175,1.0
2025-12-16 17:22:20.828,0.008790560672709929,-0.5628526956253224,-0.826498829988026,0.0,-0.9999470901002758,-0.007467345193250794,-0.005550014140862929,0.0,-0.0030479703282689508,0.8265198008212273,-0.5628993948542816,0.0,0.43852394386292964,0.24505299448143716,0.19021427671552726,1.0
2025-12-16 17:22:20.878,0.008778476453332254,-0.5628665118516406,-0.8264895492916614,0.0,-0.9999468224692178,-0.007560034117468384,-0.005472204223668287,0.0,-0.003168229685099006,0.8265095491041393,-0.5629137834165503,0.0,0.4388519251342292,0.24463809392152788,0.18938220833098796,1.0
2025-12-16 17:22:20.928,0.008623592720371373,-0.5628236451032174,-0.8265203718375788,0.0,-0.9999483291090218,-0.007430772639832575,-0.005373046738938767,0.0,-0.003117667239150852,0.8265399132149025,-0.5628694804425688,0.0,0.43944819559780707,0.24415108246622352,0.18848554447138735,1.0
2025-12-16 17:22:20.978,0.008699328860179231,-0.562847545558001,-0.8265033024966838,0.0,-0.9999472582235738,-0.007581294613736704,-0.005362055981192361,0.0,-0.003248007521504636,0.8265222706475653,-0.5628946496199203,0.0,0.43988617266160956,0.24365189211470314,0.1876950148395052,1.0
2025-12-16 17:22:21.028,0.008585877656422611,-0.5628079594141715,-0.826531445515616,0.0,-0.9999485112777823,-0.007446915461630031,-0.005316497405518308,0.0,-0.003163003642724762,0.8265504489213472,-0.5628537561355306,0.0,0.4402830450771533,0.2432842953548276,0.18712426562745177,1.0
2025-12-16 17:22:21.078,0.008678413830809733,-0.562769867971814,-0.8265564153387093,0.0,-0.9999481505283828,-0.007381650392999289,-0.005473060711412058,0.0,-0.0030213350042193323,0.8265769704791583,-0.5628155856124538,0.0,0.4404431644257479,0.2431083192193077,0.18695257556286626,1.0
2025-12-16 17:22:21.128,0.00882919466420748,-0.5627558651783705,-0.8265643522618995,0.0,-0.9999468456122661,-0.007462299108442868,-0.005600619903473172,0.0,-0.0030163468036633763,0.8265857800408832,-0.5628026740218675,0.0,0.44044674742734297,0.24311870109893438,0.18698935914535902,1.0
2025-12-16 17:22:21.178,0.008836538089456407,-0.5627765354431528,-0.8265502003208297,0.0,-0.9999464894735562,-0.007545151589859151,-0.005552997227192241,0.0,-0.0031114099214868862,0.8265709545082325,-0.5628239300986142,0.0,0.44039539165622893,0.2431456668896648,0.18696777849268445,1.0
2025-12-16 17:22:21.228,0.008733822197452504,-0.5627902737572156,-0.8265419378442392,0.0,-0.9999477575963327,-0.00738837111606915,-0.005535426950613456,0.0,-0.0029915717279152916,0.8265630166408646,-0.5628362373018908,0.0,0.44043621746572525,0.24307823529359235,0.18695702064401787,1.0
2025-12-16 17:22:21.278,0.008644047268308343,-0.5628137642617638,-0.8265268864988816,0.0,-0.9999481012984524,-0.007455760662825118,-0.0053808218486859115,0.0,-0.0031340463877493822,0.826546416484893,-0.5628598397018757,0.0,0.440426966828962,0.24308574202015584,0.18683681904956811,1.0
2025-12-16 17:22:21.328,0.008783751119730222,-0.5628626044805665,-0.8264921542851017,0.0,-0.9999464667662784,-0.007642480997574541,-0.005422452124807922,0.0,-0.0032644179082882163,0.8265114518639955,-0.5629104400465408,0.0,0.4404377754388929,0.2430457098545118,0.18664099144338403,1.0
2025-12-16 17:22:21.379,0.00887235054120237,-0.5628416708406502,-0.8265054639035289,0.0,-0.9999458132021012,-0.0076594490927698565,-0.005518188143975302,0.0,-0.0032247723775581517,0.8265255506966411,-0.5628899669462293,0.0,0.44045915495406174,0.24305086962340225,0.18667475367076997,1.0
2025-12-16 17:22:21.428,0.008850075247735253,-0.5628430337434326,-0.8265047745995221,0.0,-0.9999459679093197,-0.00765783806223686,-0.005492329133852937,0.0,-0.003237982870737557,0.8265246375052129,-0.562891232001179,0.0,0.44045390770692044,0.2430491503491447,0.18666545118612918,1.0
2025-12-16 17:22:21.478,0.008844695146568769,-0.5628438851635761,-0.8265042523804361,0.0,-0.9999460620975971,-0.007642897127085168,-0.005495991286515561,0.0,-0.0032235639511097114,0.8265241959941924,-0.5628919630547295,0.0,0.4404583933877444,0.24304345884530712,0.1866682500061473,1.0
2025-12-16 17:22:21.528,0.008839706531951501,-0.5628449818174498,-0.8265035589352002,0.0,-0.9999461271953543,-0.00763471017730747,-0.0054955262468463885,0.0,-0.003217047700636932,0.8265235248487687,-0.5628929858113875,0.0,0.4404597115775023,0.2430394427733268,0.1866674933869974,1.0
2025-12-16 17:22:21.579,0.008822397216492462,-0.5628338103364503,-0.8265113514953775,0.0,-0.9999463921935314,-0.0075959256282449325,-0.00550105028143465,0.0,-0.003182002929523645,0.8265314897779202,-0.5628814895365171,0.0,0.44047630291907186,0.24301929223522736,0.18667296019668636,1.0
2025-12-16 17:22:21.630,0.008847135691285217,-0.5628179262241338,-0.8265219035282935,0.0,-0.9999462502848395,-0.0075897559212350675,-0.005535254967345771,0.0,-0.0031578195873035717,0.8265423628649547,-0.5628656594295585,0.0,0.44051066762405666,0.24297708721863662,0.1866959146005717,1.0
2025-12-16 17:22:21.678,0.008856692175272152,-0.5628088964365167,-0.8265279499187136,0.0,-0.9999459513300081,-0.007650591516202861,-0.005505430899180557,0.0,-0.0032249843237191636,0.8265479506984263,-0.5628570730410553,0.0,0.4405183766196863,0.24293364371271284,0.18670994957154144,1.0
2025-12-16 17:22:21.731,0.008731866558336337,-0.5628320927969414,-0.8265134824825491,0.0,-0.9999469503233109,-0.007605686746829582,-0.005384883418228576,0.0,-0.0032554801141244636,0.8265325696061814,-0.5628794837524546,0.0,0.44050968416773056,0.24292161862142267,0.1867024270412187,1.0
2025-12-16 17:22:21.778,0.00877788858150754,-0.5628254122494573,-0.8265175442175969,0.0,-0.9999467339996413,-0.007583744763145372,-0.005455536639633865,0.0,-0.0031976450039390963,0.8265373204312503,-0.5628728391037866,0.0,0.4405296693218342,0.24291144998439385,0.1867340829766418,1.0
2025-12-16 17:22:21.828,0.008763036363024312,-0.5628297979215642,-0.8265147153357161,0.0,-0.9999468610262079,-0.007576250910082758,-0.005442650750280422,0.0,-0.0031986584264077126,0.8265344026868647,-0.5628771178146603,0.0,0.44052844621517295,0.24290680000819748,0.1867283531428304,1.0
2025-12-16 17:22:21.878,0.008763604263363294,-0.5628290317979827,-0.8265152310192891,0.0,-0.999946856430582,-0.00757646700325104,-0.005443194241822326,0.0,-0.003198539212280279,0.8265349224085143,-0.5628763553268683,0.0,0.4405281070189641,0.24290380663650638,0.18672820151349567,1.0
2025-12-16 17:22:21.928,0.008758779602169602,-0.5628312880094863,-0.8265137457530102,0.0,-0.9999468876934557,-0.007576609349647261,-0.005437249685522596,0.0,-0.003201979177973736,0.8265333847021303,-0.5628785937501833,0.0,0.44052884976100903,0.24290080324289715,0.18672477380931043,1.0
2025-12-16 17:22:21.978,0.008769477681600794,-0.5628280064981627,-0.8265158669158773,0.0,-0.9999468356671581,-0.007571813823930056,-0.005453473742605704,0.0,-0.0031889179083217523,0.8265356632402817,-0.562875322069214,0.0,0.440533549183046,0.24289871171072838,0.18673103707410027,1.0
2025-12-16 17:22:22.028,0.00876174668277838,-0.5628301885713844,-0.8265144629883828,0.0,-0.9999468692575879,-0.007576320653547487,-0.005441041123828748,0.0,-0.003199617997206805,0.8265341360287431,-0.5628775039241584,0.0,0.4405289691058166,0.24290065375934108,0.18672782676236943,1.0
2025-12-16 17:22:22.078,0.008756745860853456,-0.562830392042299,-0.8265143774288798,0.0,-0.9999469057337635,-0.0075753996998856364,-0.0054356171744637275,0.0,-0.0032019078680792187,0.8265340059135405,-0.5628776819652026,0.0,0.4405284223309822,0.2428984555254716,0.18672619888297837,1.0
2025-12-16 17:22:22.128,0.00876799970972965,-0.5628307075309013,-0.8265140432821233,0.0,-0.9999468195252085,-0.007578532000299358,-0.0054470978831649905,0.0,-0.0031980307421403914,0.8265337623617196,-0.5628780616399548,0.0,0.4405311092102474,0.24289881966788926,0.18672945239474315,1.0
2025-12-16 17:22:22.178,0.008766406821551793,-0.562830665190797,-0.8265140890109086,0.0,-0.9999468332769209,-0.007577690428542723,-0.00544574406627195,0.0,-0.0031980977193662614,0.8265337989100333,-0.5628780075916326,0.0,0.44053124572807306,0.24289823498979168,0.1867282733613928,1.0
2025-12-16 17:22:22.228,0.008770033945390906,-0.5628289718766334,-0.826515203624287,0.0,-0.9999467885325349,-0.007583062999931008,-0.00544648145291032,0.0,-0.0032021409541333045,0.8265349027227822,-0.5628763637552664,0.0,0.44053051856144315,0.2428992762829243,0.1867293223848024,1.0
2025-12-16 17:22:22.280,0.008769978585119416,-0.5628293741284175,-0.8265149302916668,0.0,-0.9999467842732784,-0.007584258927481423,-0.005445598154367513,0.0,-0.0032036223174406434,0.826534617830854,-0.5628767736647619,0.0,0.4405295418268065,0.24289925527105155,0.18672782023172324,1.0
2025-12-16 17:22:22.328,0.008765505723304935,-0.5628309244756616,-0.8265139220028267,0.0,-0.9999468263354224,-0.007581017684098202,-0.005442386774001711,0.0,-0.003202734742059695,0.8265335918340839,-0.5628782852980029,0.0,0.4405300284841797,0.24289750760019962,0.18672753786380716,1.0
2025-12-16 17:22:22.378,0.008760750112594109,-0.5628337194498575,-0.8265120691247722,0.0,-0.9999468594687486,-0.007580562848420806,-0.005436929896180877,0.0,-0.003205400923023591,0.8265316927148676,-0.5628810587884606,0.0,0.4405282505394788,0.2428967691917519,0.18672499183673788,1.0
2025-12-16 17:22:22.429,0.008762904905063294,-0.5628319409621292,-0.8265132573840758,0.0,-0.9999468420409617,-0.007581389380284694,-0.00543898231113183,0.0,-0.003204947566335207,0.8265328962304737,-0.5628792941297115,0.0,0.44052909419739095,0.2428954394773647,0.1867258197032018,1.0
2025-12-16 17:22:22.478,0.008774944954824655,-0.5628281214326432,-0.826515730622745,0.0,-0.9999467463716869,-0.007585583529731096,-0.005450710448988322,0.0,-0.003201852636383248,0.8265354587142276,-0.5628755489695356,0.0,0.4405309322541947,0.24289863913721682,0.18673094296621126,1.0
2025-12-16 17:22:22.528,0.008760877001050296,-0.5628333112404946,-0.8265123457598448,0.0,-0.9999468462982195,-0.00758373920830989,-0.005434922177332542,0.0,-0.0032091606235750843,0.8265319415549315,-0.5628806719701143,0.0,0.44052763325444194,0.24289688473770388,0.1867244280636634,1.0
2025-12-16 17:22:22.578,0.0087712547429532,-0.5628317011856965,-0.8265133320956519,0.0,-0.9999467766780059,-0.007584064174876252,-0.00544726381457748,0.0,-0.0032024990504689894,0.8265330349711922,-0.5628791043387041,0.0,0.44052979182856505,0.24289615142943038,0.18672778389756106,1.0
2025-12-16 17:22:22.628,0.008767637882765238,-0.5628314682762082,-0.8265135290757268,0.0,-0.999946808786498,-0.007581926283833533,-0.005444345023373964,0.0,-0.0032023776024277402,0.8265332131894215,-0.5628788433335026,0.0,0.4405307750360512,0.24289443176479755,0.18672660771335414,1.0
2025-12-16 17:22:22.678,0.008758209128242716,-0.5628307152834088,-0.8265141418074108,0.0,-0.9999468879772643,-0.007577500740515214,-0.005435955143333349,0.0,-0.0032034506763734703,0.8265337665377385,-0.5628780246880342,0.0,0.44053032748029963,0.24289536517415133,0.1867261479237803,1.0
2025-12-16 17:22:22.729,0.008756399588588933,-0.5628318121849087,-0.8265134140230909,0.0,-0.9999469187182133,-0.007572643850947065,-0.005437068352153675,0.0,-0.00319879827559071,0.8265330640974802,-0.5628790826129737,0.0,0.44053148315968427,0.24289399393372763,0.18672656669017415,1.0
2025-12-16 17:22:22.778,0.008723055227333942,-0.5628173868657802,-0.8265235896514291,0.0,-0.9999467354357674,-0.007673722264269229,-0.005327962009101322,0.0,-0.003343907197144995,0.8265419548333649,-0.5628651838450276,0.0,0.44073950010613766,0.2430059875962767,0.18656233775512598,1.0
2025-12-16 17:22:22.828,0.008584268747224576,-0.5628244479780684,-0.8265202344706791,0.0,-0.9999489584010973,-0.007330321231771114,-0.005393874711976944,0.0,-0.003022912466429874,0.8265402634878508,-0.562869482947561,0.0,0.44089174032131334,0.24280152284142273,0.18649538886881245,1.0
2025-12-16 17:22:22.878,0.008470134318641173,-0.5627814586053176,-0.8265506842147695,0.0,-0.9999504949594132,-0.007106719832853267,-0.00540824045788806,0.0,-0.0028304611821377812,0.8265714883752303,-0.562824629076103,0.0,0.4410281212649342,0.2424875499590357,0.18652949659697388,1.0
2025-12-16 17:22:22.928,0.008783482310193269,-0.5627845704775345,-0.8265452949307327,0.0,-0.9999472636304312,-0.007432529577185908,-0.005565461643516199,0.0,-0.003011224386301696,0.8265665040330478,-0.5628310109955571,0.0,0.4411857820151169,0.242411460657089,0.18656803715169248,1.0
2025-12-16 17:22:22.978,0.008677961314474795,-0.5628083511135976,-0.8265302171157607,0.0,-0.9999481199353459,-0.007391076457190187,-0.005465924238341661,0.0,-0.0030327386106036446,0.8265506834157106,-0.5628541287416677,0.0,0.44161767114679407,0.24227858306077585,0.18638461344048457,1.0
2025-12-16 17:22:23.028,0.008457392566066889,-0.562807531352909,-0.8265330616887845,0.0,-0.9999503591684037,-0.007169816019368806,-0.005349751250018805,0.0,-0.0029152658197598436,0.826553190556947,-0.5628510676949376,0.0,0.44239857644327657,0.2421994935802958,0.18601833747716415,1.0
2025-12-16 17:22:23.078,0.008454140015850613,-0.5628093305864262,-0.8265318698166814,0.0,-0.999950358902064,-0.007175857681055519,-0.005341694429978912,0.0,-0.0029247759113270556,0.8265519129854545,-0.5628528944812795,0.0,0.44333217747735393,0.2421023648039803,0.18549636488358873,1.0
2025-12-16 17:22:23.128,0.008400223897666446,-0.5628073541886427,-0.8265337653180644,0.0,-0.9999510161734686,-0.007087462995251856,-0.005336667794317131,0.0,-0.0028545665537666174,0.8265540214620534,-0.5628501586165697,0.0,0.44444159998941496,0.24200708511987049,0.1850792184133977,1.0
2025-12-16 17:22:23.178,0.00847135963671746,-0.5628322583369667,-0.82651608087346,0.0,-0.9999503791639723,-0.0071383249761133045,-0.005387989195582118,0.0,-0.0028674614639325885,0.8265366254400357,-0.5628756385481175,0.0,0.4457097299377793,0.24213286512774343,0.18457452595253462,1.0
2025-12-16 17:22:23.228,0.008692920999618457,-0.5627850519967741,-0.8265459244801169,0.0,-0.9999479828934698,-0.007401277974202143,-0.005477179277502473,0.0,-0.0030350799557306374,0.8265664566051182,-0.5628309525114283,0.0,0.4469465993171377,0.24254132769534317,0.18394751719323388,1.0
2025-12-16 17:22:23.278,0.008857713619928693,-0.5630597099919785,-0.8263570964143679,0.0,-0.9999451529987418,-0.007847943233865241,-0.005371003866080993,0.0,-0.003461074340766512,0.8263752583042453,-0.5631091842857827,0.0,0.4482682358673542,0.2434059940216642,0.18307017250992946,1.0
2025-12-16 17:22:23.328,0.008817300458307208,-0.5631061568774098,-0.8263258789367487,0.0,-0.9999449632093671,-0.007953221180720694,-0.005250116786973305,0.0,-0.0036156490079148236,0.8263426021252614,-0.5631561337631898,0.0,0.44972208526706864,0.24478265650818487,0.18197813680211863,1.0
2025-12-16 17:22:23.379,0.008879741081327688,-0.5631228943201901,-0.8263138041882085,0.0,-0.999944113300606,-0.008055700555805257,-0.005255745925014317,0.0,-0.003696976892824236,0.826330203317071,-0.5631737986162194,0.0,0.4509587514722136,0.2460861790851278,0.18118679742132363,1.0
2025-12-16 17:22:23.428,0.009043530800320148,-0.5631505562983464,-0.8262931758115488,0.0,-0.9999428626541047,-0.008099176496911923,-0.00542417444362439,0.0,-0.0036377374514236817,0.826310926347096,-0.5632024679150817,0.0,0.4519752350510302,0.24682166038639072,0.18053822463860494,1.0
2025-12-16 17:22:23.478,0.008889678281845163,-0.5630658728067928,-0.8263525539390425,0.0,-0.999945068180428,-0.007818107634277111,-0.0054299830447197914,0.0,-0.0034031405891559764,0.8263713419010746,-0.5631152847497106,0.0,0.45289850954659366,0.24693584765512744,0.18009139574613703,1.0
2025-12-16 17:22:23.528,0.008702696142588357,-0.5629526236322135,-0.8264316992508607,0.0,-0.9999475160987329,-0.00750977822009669,-0.005414349477760593,0.0,-0.0031583573398305384,0.8264513560790734,-0.5629992724808573,0.0,0.45378668246342696,0.24676914726931481,0.17958994215682308,1.0
2025-12-16 17:22:23.578,0.008604156766558159,-0.5629259945842611,-0.8264508696884925,0.0,-0.9999484318280579,-0.007437592470746194,-0.005344418027753204,0.0,-0.003138353355116796,0.8264701474498766,-0.5629717986830226,0.0,0.4546762525518948,0.2464969368985761,0.17891814673508136,1.0
2025-12-16 17:22:23.628,0.008564654745719097,-0.5629399029075367,-0.8264418063631268,0.0,-0.9999485015212485,-0.007485448490695521,-0.005263959299931269,0.0,-0.0032230568887087574,0.8264602417820043,-0.5629858618632648,0.0,0.45556453445997763,0.24621355477339335,0.17811007054876693,1.0
2025-12-16 17:22:23.678,0.008509107266568259,-0.5628911711188512,-0.8264755722168579,0.0,-0.9999489517577949,-0.007460011373683977,-0.005214308199511914,0.0,-0.003230491316780316,0.8264936637636207,-0.5629367528279172,0.0,0.45648171180359287,0.24620538036230438,0.1774242320512221,1.0
2025-12-16 17:22:23.728,0.008652515083773888,-0.5628412290943657,-0.8265080953720159,0.0,-0.9999476620171728,-0.007555506916303519,-0.0053230106928406715,0.0,-0.0032487402984411303,0.8265268082381175,-0.5628879825952793,0.0,0.4573622838394148,0.24631586058524232,0.176882293233703,1.0
2025-12-16 17:22:23.778,0.008622985825401117,-0.562867830873398,-0.8264902878948662,0.0,-0.9999484052810157,-0.007411842986569469,-0.005385003315141393,0.0,-0.0030948306936427073,0.8265099930465238,-0.5629135399128473,0.0,0.4582398252314604,0.24616700023445431,0.17638226669833068,1.0
2025-12-16 17:22:23.828,0.008437389638207393,-0.5629060572010105,-0.826466168771423,0.0,-0.9999503725109095,-0.007202919602530014,-0.00530258104147647,0.0,-0.002968171527324853,0.8264858056858502,-0.5629497339528596,0.0,0.4589213645948344,0.24588332015280165,0.17586881257960837,1.0
2025-12-16 17:22:23.878,0.008395460256203446,-0.5628925149884711,-0.8264758191975423,0.0,-0.9999507535201458,-0.00717139188409079,-0.005273383557630171,0.0,-0.0029586908129037356,0.8264953032505602,-0.5629358399084553,0.0,0.4596012750324432,0.2456269255077412,0.1753661860060745,1.0
2025-12-16 17:22:23.927,0.008502262180333507,-0.5629037753814271,-0.8264670580854151,0.0,-0.9999498330135516,-0.0072366437339777346,-0.005358110193495297,0.0,-0.002964804282074345,0.8264870652184853,-0.5629479025292699,0.0,0.4604726221004483,0.2453295541084059,0.17495317939936816,1.0
2025-12-16 17:22:23.978,0.00878377364841172,-0.56289261016593,-0.8264717185979737,0.0,-0.9999474568852024,-0.00737908265478754,-0.0056017416219092545,0.0,-0.0029454808699812514,0.8264934101893071,-0.5629386885408519,0.0,0.4615104981126412,0.24488475603706022,0.17471409080442268,1.0
2025-12-16 17:22:24.028,0.008725495513613167,-0.5628842993049159,-0.8264779962136101,0.0,-0.9999478980310234,-0.007365526382258874,-0.005540500488101811,0.0,-0.0029688419098306334,0.8264991913654264,-0.5629300779404232,0.0,0.46246084802498205,0.24443378185497788,0.1743002633250175,1.0
2025-12-16 17:22:24.078,0.0086739695450876,-0.5629156996475257,-0.8264571520919132,0.0,-0.9999479661173776,-0.007440380097768506,-0.005427034450657996,0.0,-0.0030942520252196064,0.8264771344949335,-0.5629617853473252,0.0,0.46311563737772515,0.24412327518751573,0.1736759264663693,1.0
2025-12-16 17:22:24.128,0.008524659982975552,-0.5628977499407389,-0.8264709312401959,0.0,-0.9999495454018842,-0.007276084640635469,-0.0053583714014534545,0.0,-0.0029973149511044357,0.8264908227852271,-0.5629422136906082,0.0,0.46373605695047276,0.24383937343645457,0.17303463955468293,1.0
2025-12-16 17:22:24.179,0.00854495598307972,-0.5628852843919241,-0.8264792116220941,0.0,-0.9999496155425993,-0.007219386240321074,-0.0054215993700511955,0.0,-0.0029149902676212773,0.8264998099259303,-0.5629294511962762,0.0,0.4644105408575028,0.2435171080155856,0.172525915706916,1.0
2025-12-16 17:22:24.228,0.008558163900468816,-0.5628927916224687,-0.8264739620044452,0.0,-0.9999495116328768,-0.0072243054178797745,-0.005434197052804425,0.0,-0.0029118860349950366,0.8264946540159036,-0.5629370371567775,0.0,0.46501877385959955,0.24325546979480503,0.17193212931997126,1.0
2025-12-16 17:22:24.278,0.008503302115652022,-0.5629152932623962,-0.8264592024810715,0.0,-0.999950017599003,-0.00718277645311713,-0.005396010321215289,0.0,-0.0028988307781044856,0.8264796902669119,-0.5629590734293474,0.0,0.46567949527852026,0.24300019771408787,0.17120154037880975,1.0
2025-12-16 17:22:24.328,0.008369363404203045,-0.5629523593115081,-0.8264353222140395,0.0,-0.999951011506377,-0.007146100238111788,-0.00525877742148375,0.0,-0.0029454052045168725,0.8264547608269868,-0.5629954288398703,0.0,0.4663259212334658,0.24277601910859617,0.17034948382800377,1.0
2025-12-16 17:22:24.378,0.008363604236185505,-0.562917945532491,-0.8264588214925583,0.0,-0.9999506356386165,-0.007258854048148022,-0.005175154591217834,0.0,-0.0030860159870881297,0.8264772190730354,-0.5629617063874144,0.0,0.4671036157853666,0.24252659151822908,0.1695530222119945,1.0
2025-12-16 17:22:24.428,0.008476777615669302,-0.5629052889347083,-0.8264662889869104,0.0,-0.9999495959215831,-0.007345611456163916,-0.0052530476683972805,0.0,-0.0031139918789418555,0.8264850730309218,-0.562950021859534,0.0,0.46769681197229657,0.24224100463291695,0.16895752429568187,1.0
2025-12-16 17:22:24.478,0.008736061859527763,-0.5628666346969603,-0.8264899150439247,0.0,-0.9999470842811655,-0.007564606493464724,-0.005417773288272474,0.0,-0.003202648820717516,0.8265094236061327,-0.5629137729091281,0.0,0.4679765482672235,0.24183422371107177,0.16842192428107167,1.0
2025-12-16 17:22:24.528,0.008643417205754508,-0.5628183708427382,-0.8265237562720998,0.0,-0.9999483079927631,-0.0074018056354028606,-0.005416781050977967,0.0,-0.0030691634015521,0.826543764627401,-0.5628640914035804,0.0,0.46849050914803403,0.24158372944982998,0.16789670847702956,1.0
2025-12-16 17:22:24.578,0.008707881123454409,-0.56277103279517,-0.8265553123380225,0.0,-0.9999476314415654,-0.0074691636123580514,-0.005449116492022859,0.0,-0.003107131768394454,0.8265753912241551,-0.5628174378560146,0.0,0.4689682163798877,0.2412793161933275,0.16746631189981623,1.0
2025-12-16 17:22:24.628,0.008797391532316814,-0.5627588103986696,-0.8265626861418979,0.0,-0.9999467570289381,-0.007543537125203529,-0.005506819059933785,0.0,-0.003136255748611937,0.8265830374169657,-0.5628060466576585,0.0,0.46954873873797254,0.2408921333522905,0.16701663905431569,1.0
2025-12-16 17:22:24.678,0.008871727233535355,-0.5627080454568167,-0.8265964522880987,0.0,-0.9999455011762102,-0.0077384000451647325,-0.005464315456418395,0.0,-0.0033217837081083333,0.8266157965855419,-0.5627568663181698,0.0,0.47008170022640433,0.2406013002480018,0.16633258831499717,1.0
2025-12-16 17:22:24.728,0.008964240474249827,-0.5626459454803345,-0.8266377255657211,0.0,-0.9999440224210883,-0.007948170881839835,-0.005433737680004066,0.0,-0.0035130550629100033,0.8266560774095697,-0.5626965328895748,0.0,0.470555186408944,0.24018074967407796,0.16542401975301757,1.0
2025-12-16 17:22:24.778,0.009054085250466137,-0.56258278799407,-0.8266797306661782,0.0,-0.9999427558918776,-0.008103942915997411,-0.005436722337903126,0.0,-0.0036408290339645906,0.8266975491594084,-0.5626347896973424,0.0,0.47125074283138624,0.23980698562439096,0.16461485664146225,1.0
2025-12-16 17:22:24.828,0.009303161213428404,-0.5625080156150944,-0.8267278454615,0.0,-0.9999391949724039,-0.008520295366335999,-0.005455073420158277,0.0,-0.003975519447367325,0.8267442430680882,-0.5625639090795793,0.0,0.4716783972883575,0.2394491133925371,0.16353872966249713,1.0
2025-12-16 17:22:24.878,0.00993293137992329,-0.562641944885214,-0.8266293762208032,0.0,-0.9999302508444868,-0.009429168827385969,-0.005597421059253969,0.0,-0.0046451735089270835,0.8266432337630205,-0.5627071942288354,0.0,0.47180903275227276,0.23913409372579714,0.16225561267868008,1.0
2025-12-16 17:22:24.928,0.010397847529362856,-0.5626902722968612,-0.8265907627904201,0.0,-0.9999221885427265,-0.010244850674464078,-0.0056041766380274085,0.0,-0.0053149855851704645,0.8266006305564099,-0.5627638478900141,0.0,0.47170184330496984,0.23900906569261554,0.16081622548976895,1.0
2025-12-16 17:22:24.978,0.010622762000403296,-0.5626746456050541,-0.8265985404184537,0.0,-0.9999185958803963,-0.010558411305002095,-0.00566290248014559,0.0,-0.005541302414983395,0.8266073223097216,-0.56275183577799,0.0,0.47180295669345595,0.2387629608719819,0.159526139949772,1.0
2025-12-16 17:22:25.028,0.010784639083104787,-0.5626898416029361,-0.8265860999423582,0.0,-0.9999166330347962,-0.010683805786415222,-0.005773229207618945,0.0,-0.005582655412578074,0.8265953666833298,-0.5627689878948519,0.0,0.4721289329604312,0.23833011991839104,0.15855438847512854,1.0
2025-12-16 17:22:25.078,0.010896934939333927,-0.5624833423751628,-0.8267251618649339,0.0,-0.999914661403823,-0.010855904624113304,-0.005793629749845315,0.0,-0.005716139334778626,0.826733660291479,-0.562564468032028,0.0,0.47231948842002597,0.23782823168112793,0.15778846699051693,1.0
2025-12-16 17:22:25.129,0.011417599780648146,-0.56234379650156,-0.8268130622170101,0.0,-0.9999078880416794,-0.011285179543680277,-0.006132459205207097,0.0,-0.005882296717271663,0.8268228397133764,-0.5624316761293214,0.0,0.47217342812780033,0.23718058958835067,0.15708746193960943,1.0
2025-12-16 17:22:25.178,0.011974020562852999,-0.5623247473119865,-0.8268181470512603,0.0,-0.9999013460475944,-0.011602724293718116,-0.0065895267190656135,0.0,-0.005888002416366717,0.8268314003682018,-0.562419031321579,0.0,0.47181444265594447,0.23626993389476422,0.1563672984702682,1.0
2025-12-16 17:22:25.228,0.01214495231968331,-0.5623829011126987,-0.8267761000237158,0.0,-0.9998990380772323,-0.011733821935119466,-0.006706562176596466,0.0,-0.0059297018096584764,0.8267899962663009,-0.5624794580341744,0.0,0.47134760775655427,0.23519482561111585,0.15544122205164052,1.0
2025-12-16 17:22:25.278,0.012083935991411297,-0.5623780671090827,-0.826780282195225,0.0,-0.9998997893271265,-0.011697786241495327,-0.006657326927890609,0.0,-0.005927678486162038,0.8267937950419144,-0.5624738954902293,0.0,0.47086209440082827,0.23419893532654365,0.15449979355136462,1.0
2025-12-16 17:22:25.328,0.012180305904869787,-0.5623115678105193,-0.8268240972273051,0.0,-0.9998979396689972,-0.011845456936665158,-0.006674001563130688,0.0,-0.006041357270217592,0.8268369218398502,-0.5624092875164272,0.0,0.4703100817564785,0.23354240482115443,0.15363087538782164,1.0
2025-12-16 17:22:25.378,0.012169645038669174,-0.5621120097980072,-0.8269599355964508,0.0,-0.9998977312407561,-0.011883938811946541,-0.006636712974870462,0.0,-0.006097082593536004,0.826972051645629,-0.5622099709013232,0.0,0.469752932638836,0.2334243181654811,0.15299492285155344,1.0
2025-12-16 17:22:25.428,0.01201843779157082,-0.5620585362999986,-0.8269984920340314,0.0,-0.9999005778725307,-0.011658509777149613,-0.006607603284369681,0.0,-0.0059278243035898485,0.8270116056897101,-0.5621535955177672,0.0,0.46929995783081807,0.23361219061118274,0.15257272325740606,1.0
2025-12-16 17:22:25.478,0.012041736541437975,-0.5619964982740032,-0.8270403130501156,0.0,-0.9999012906104635,-0.011530545057306794,-0.006723278026280554,0.0,-0.005757877743130311,0.8270555597307775,-0.5620906937161524,0.0,0.46893311495198214,0.2339345277924155,0.15232550308262602,1.0
2025-12-16 17:22:25.528,0.012009527741755293,-0.5620111879386718,-0.8270307991703761,0.0,-0.9999025141414953,-0.01139089996330384,-0.006779123302530506,0.0,-0.005610789984576897,0.8270475126597423,-0.5621040213688939,0.0,0.4685855295644607,0.23415728757444387,0.15205632165776795,1.0
2025-12-16 17:22:25.581,0.01193877392874079,-0.5619819900383077,-0.8270516643178165,0.0,-0.9999045753462081,-0.011168360318474369,-0.006845058854697265,0.0,-0.005390114968419128,0.8270703884771733,-0.5620725212682479,0.0,0.46814964873143894,0.23447625900873365,0.15171069212968422,1.0
2025-12-16 17:22:25.629,0.011943020737622963,-0.5619395495790825,-0.8270804397250165,0.0,-0.9999055082709298,-0.011016813645535282,-0.006953506148793031,0.0,-0.005204441162689499,0.8271012575945442,-0.5620288457701325,0.0,0.4676670095279769,0.2348380178625996,0.15135309044652762,1.0
2025-12-16 17:22:25.679,0.011916048052830747,-0.5619205480072257,-0.8270937385975486,0.0,-0.9999064078529778,-0.01090866910906337,-0.00699452457507985,0.0,-0.005092222875330155,0.8271156007480813,-0.5620087652922581,0.0,0.4671626637838317,0.23525699943577694,0.1508994872371232,1.0
2025-12-16 17:22:25.728,0.01189701037282809,-0.5619355802950997,-0.8270837996501964,0.0,-0.9999058846904236,-0.011018179282570803,-0.006896983976084992,0.0,-0.00523739772950433,0.8271039362060465,-0.5620245976623148,0.0,0.4667659283852715,0.2356306710658386,0.15048793893921192,1.0
2025-12-16 17:22:25.778,0.01197491303905541,-0.5619807091160864,-0.8270520122339925,0.0,-0.9999035509879531,-0.011278626356645489,-0.006813824946194584,0.0,-0.005498878318891212,0.8270697625015402,-0.562072388836954,0.0,0.4665008554173761,0.235924935607776,0.15012691915107046,1.0
2025-12-16 17:22:25.828,0.01210240411620096,-0.561934658696338,-0.8270814458514024,0.0,-0.999901120326154,-0.011482692324499137,-0.0068296594857500045,0.0,-0.005659408359024683,0.8270982438110637,-0.5620288837610393,0.0,0.4663834748132581,0.2362085246508735,0.14966548924933845,1.0
2025-12-16 17:22:25.878,0.012139272114574105,-0.5618298022601309,-0.8271521373157894,0.0,-0.999900161801351,-0.0115767335981601,-0.006811209146510046,0.0,-0.005749090338721696,0.8271681646080405,-0.5619250621028061,0.0,0.46619544539132324,0.2364783819232624,0.1489143796646003,1.0
2025-12-16 17:22:25.929,0.012183527600427391,-0.5618099765593036,-0.8271649525909888,0.0,-0.999899113729962,-0.01167423458565401,-0.006798640311394352,0.0,-0.005837086125594919,0.8271802602093634,-0.5619063494440442,0.0,0.4659536959356924,0.2367165370135953,0.1480695860309995,1.0
2025-12-16 17:22:25.978,0.012307711973275669,-0.5618079813719407,-0.8271644692526248,0.0,-0.9998975666881457,-0.011747712623401301,-0.0068988608082288395,0.0,-0.0058415678809146145,0.827180575037692,-0.5619058394117341,0.0,0.4657095125415465,0.2367802173574416,0.14748927311268642,1.0
2025-12-16 17:22:26.028,0.012540385138399075,-0.561729622188562,-0.8272141906409031,0.0,-0.9998956232585775,-0.0117416856699073,-0.007184866538669558,0.0,-0.00567704594267651,0.8272338765283369,-0.5618290528917714,0.0,0.4654720860789342,0.23664223281033525,0.14707547499259996,1.0
2025-12-16 17:22:26.078,0.012653025052233851,-0.5618179132397146,-0.8271525132774536,0.0,-0.999894384668914,-0.011779387221594625,-0.007294686111533176,0.0,-0.005645173103365496,0.8271733787878023,-0.5619184402076549,0.0,0.46530267385578356,0.23625531660906382,0.14665336548286603,1.0
2025-12-16 17:22:26.128,0.012791476605575659,-0.5617879522174601,-0.8271707331444763,0.0,-0.9998916969844944,-0.01199070942796558,-0.007318749216260957,0.0,-0.005806890574094242,0.8271906916532266,-0.5618913059161152,0.0,0.4651097546321545,0.2358400836787616,0.14615150549965916,1.0
2025-12-16 17:22:26.179,0.012966300755254102,-0.5617429370209357,-0.8271985823567554,0.0,-0.9998881740842095,-0.012266333135232349,-0.007343248543328918,0.0,-0.006021791314318622,0.8272172213817616,-0.5618499859204453,0.0,0.46492924249907436,0.23546420273602167,0.14550426274231562,1.0
2025-12-16 17:22:26.228,0.013142389478838782,-0.561696732522755,-0.8272271786959464,0.0,-0.9998847630884645,-0.012515352349322877,-0.007387381153400961,0.0,-0.006203691198830127,0.8272448664582208,-0.5618073024926161,0.0,0.46480011483300404,0.23505941412441364,0.14472619546603185,1.0
2025-12-16 17:22:26.279,0.01325757605925245,-0.5616707743849612,-0.8272429659900646,0.0,-0.9998825361517565,-0.01267317417140426,-0.007419666863212407,0.0,-0.006316505769631761,0.8272600889658396,-0.561783630020574,0.0,0.46460542886994133,0.2347029430386128,0.14393262532953036,1.0
2025-12-16 17:22:26.328,0.013344449053893702,-0.5615352384850549,-0.8273335775370108,0.0,-0.9998806764711584,-0.012812174375783286,-0.007431548193448666,0.0,-0.006426989614689359,0.8273499561417098,-0.5616500190303598,0.0,0.46438402718096045,0.23456503273765528,0.14314753174867478,1.0
2025-12-16 17:22:26.378,0.013301575726676404,-0.5614661412779215,-0.8273811619700299,0.0,-0.9998809537976495,-0.012825181937786239,-0.007371556292486044,0.0,-0.006472559284230908,0.8273966486484655,-0.5615807081636617,0.0,0.4642068126769561,0.2346190243576766,0.14237264028369176,1.0
2025-12-16 17:22:26.428,0.013164482980107157,-0.5614444314154369,-0.8273980866074513,0.0,-0.9998826634553195,-0.012761362635087986,-0.007249403175456445,0.0,-0.006488714910699442,0.8274123674716652,-0.5615573619264035,0.0,0.4639306845992019,0.23500452252672996,0.1415534086906772,1.0
2025-12-16 17:22:26.478,0.012747491567502552,-0.5618380383996997,-0.8271373930412785,0.0,-0.9998909142870415,-0.012154265389808926,-0.007154038039241967,0.0,-0.006033952862544392,0.8271542854917971,-0.5619425054268516,0.0,0.46380581053650266,0.23524665820589483,0.14077772357765406,1.0
2025-12-16 17:22:26.528,0.010931417483703819,-0.5631211694080208,-0.8262903845365431,0.0,-0.9999218932870657,-0.009609035483285878,-0.0066798700210957945,0.0,-0.004178357853073113,0.826314775278617,-0.5631930694547832,0.0,0.4640719601054788,0.23433070736723374,0.13956813767014642,1.0
2025-12-16 17:22:26.578,0.009499803987323086,-0.5630465879151855,-0.8263589053567936,0.0,-0.9999394514552616,-0.008163130083712741,-0.005933264851253659,0.0,-0.0034050362680661255,0.8263811457785737,-0.5631008858363703,0.0,0.46412022346807674,0.2349772757065599,0.13776321558191185,1.0
2025-12-16 17:22:26.628,0.009561787652488883,-0.5633466937647533,-0.8261536308353418,0.0,-0.9999376168818841,-0.008487339192667365,-0.0057856995441370115,0.0,-0.0037525636293257772,0.8261733208228347,-0.5634035518407543,0.0,0.46416292255092956,0.2368271785251093,0.13521636867533957,1.0
2025-12-16 17:22:26.678,0.008825896614873754,-0.5632631085968307,-0.8262188093622577,0.0,-0.9999448580543034,-0.007965753294544846,-0.005251145248205836,0.0,-0.003623748574883668,0.8262355037083868,-0.5633131996128036,0.0,0.46439853750762394,0.23866662097530417,0.1322589107480116,1.0
2025-12-16 17:22:26.729,0.008983227889114057,-0.5633269361142804,-0.8261735965074156,0.0,-0.9999428604374443,-0.0081878588639953,-0.005289775856655866,0.0,-0.0037847924482837312,0.826189815285653,-0.5633791480560689,0.0,0.46451807435238174,0.24045339554755082,0.12997213630069088,1.0
2025-12-16 17:22:26.778,0.009415036079247215,-0.5633424342076332,-0.826158220813576,0.0,-0.9999383343583689,-0.008549844194603995,-0.0055654780627784626,0.0,-0.003928329741153105,0.8261755808536374,-0.5633990396039025,0.0,0.4639942314904731,0.24062591216067336,0.12940187523566443,1.0
2025-12-16 17:22:26.828,0.009310374846243261,-0.5632084699062623,-0.8262507387272205,0.0,-0.9999416118209229,-0.00796414879814399,-0.0058388512658186405,0.0,-0.003291956720735969,0.8262727656562673,-0.563260578911477,0.0,0.4636736926397406,0.2399295434476435,0.12975504156839598,1.0
2025-12-16 17:22:26.878,0.009310992270286943,-0.5630400473281714,-0.8263655107934027,0.0,-0.9999418980684164,-0.007888990610658361,-0.005891622500290608,0.0,-0.003202031993256024,0.8263882647474928,-0.5630916292032246,0.0,0.46344174766991264,0.2395603352360457,0.13007389991173274,1.0
2025-12-16 17:22:26.928,0.00918909337530973,-0.5630323618214591,-0.8263721117062808,0.0,-0.9999428138597629,-0.007874412124022716,-0.005754089426572172,0.0,-0.0032675189252641037,0.8263936401782387,-0.5630833639817758,0.0,0.46337661861527957,0.23932944960185923,0.130150124362008,1.0
2025-12-16 17:22:26.978,0.009208599606887247,-0.5630252073497042,-0.8263767690849683,0.0,-0.9999426630409906,-0.007878096799924432,-0.005775216230697186,0.0,-0.003258746605252813,0.8263984795395124,-0.5630763123994338,0.0,0.4634943869690218,0.23925490651176373,0.13018552190085847,1.0
2025-12-16 17:22:27.028,0.009265197083274552,-0.5629628858594302,-0.8264185937943546,0.0,-0.9999424588968877,-0.007827460899206396,-0.00587849065028848,0.0,-0.0031594479974828833,0.8264414176895227,-0.5630138550832324,0.0,0.463647740502629,0.23918867250773332,0.13028398074409162,1.0
2025-12-16 17:22:27.078,0.009180730024950083,-0.5629461226353584,-0.8264309554386461,0.0,-0.9999429958806654,-0.007842362205703316,-0.005766215868557649,0.0,-0.0032351643120104683,0.8264526953163848,-0.5629968704319388,0.0,0.4636990489197446,0.23902331459829942,0.1303200187497376,1.0
2025-12-16 17:22:27.128,0.008863801888608068,-0.5629553204353291,-0.8264281499990447,0.0,-0.9999460036490085,-0.00762585270977511,-0.005530195117181739,0.0,-0.0031890279815124756,0.8264484561422846,-0.5630033565091485,0.0,0.4637746420153038,0.23869650723324942,0.1303188269545148,1.0
2025-12-16 17:22:27.178,0.008701589485670682,-0.5629867836406224,-0.8264084405955798,0.0,-0.9999477353449922,-0.007453941374702033,-0.005450893285725044,0.0,-0.0030912787055541987,0.8264285913905537,-0.563033060599633,0.0,0.4638980441942963,0.2383377060812102,0.13035036570880945,1.0
2025-12-16 17:22:27.228,0.008783594327027782,-0.5629794177622545,-0.8264125909907106,0.0,-0.9999470756400359,-0.007484710046138597,-0.005529189422861547,0.0,-0.003072697939020776,0.8264333311926839,-0.563026205092746,0.0,0.4641109851498799,0.23798121350045032,0.13047135115811537,1.0
2025-12-16 17:22:27.278,0.00890025470714094,-0.5629250159194051,-0.8264484005789434,0.0,-0.9999460686694712,-0.007543404728002713,-0.005630603767525311,0.0,-0.0030646860616109035,0.82646985503054,-0.562972633815483,0.0,0.4642764475638067,0.23764689887416282,0.13053268397124368,1.0
2025-12-16 17:22:27.328,0.008942783763136316,-0.5628907982259294,-0.8264712474081299,0.0,-0.9999455620367461,-0.007601185670817925,-0.005642857487320568,0.0,-0.0031059086461945533,0.8264926313953312,-0.5629389696767338,0.0,0.46439276540506064,0.23731375955361214,0.13056429727894323,1.0
2025-12-16 17:22:27.381,0.008956181664922508,-0.562899335878132,-0.8264652874617006,0.0,-0.9999455312517329,-0.007584959651744359,-0.005670080950018971,0.0,-0.003077080301154371,0.8264869656422489,-0.5629474462152648,0.0,0.4645341246661175,0.23693208580524502,0.1306046743035797,1.0
2025-12-16 17:22:27.428,0.008861911196361306,-0.5629517428725842,-0.826430607267105,0.0,-0.9999460958010339,-0.007605152539460521,-0.005542025652197894,0.0,-0.0031652987734058307,0.826451083870761,-0.5629996330838231,0.0,0.4644501363558689,0.23676267110461652,0.13060310468530306,1.0
2025-12-16 17:22:27.478,0.00899563760898869,-0.5628956354953257,-0.8264673792386057,0.0,-0.9999446198915269,-0.007752643230894512,-0.0056036215193948895,0.0,-0.003253115269523996,0.8264879299877467,-0.5629450406794723,0.0,0.46430306284275763,0.23672366455290567,0.1307459936773445,1.0
2025-12-16 17:22:27.528,0.008919466780157663,-0.562902337727391,-0.8264636399712962,0.0,-0.9999451173800981,-0.007756366092887261,-0.005508894076277747,0.0,-0.003309448917395177,0.8264833302443965,-0.5629514653822255,0.0,0.4641126023692938,0.23664660779557245,0.1308054864799228,1.0
2025-12-16 17:22:27.578,0.008942838152331656,-0.5629071942481361,-0.8264600796231363,0.0,-0.9999453986746875,-0.007644309564791217,-0.005613475020536939,0.0,-0.003157912017380855,0.8264810665276753,-0.5629556592334489,0.0,0.4640208191751536,0.23648418400817192,0.1308703292926258,1.0
2025-12-16 17:22:27.628,0.008888910344809854,-0.5628907718690339,-0.8264718465372993,0.0,-0.9999460637025283,-0.007565178585743484,-0.005602201352459719,0.0,-0.0030990393378026422,0.8264929797224775,-0.5629384961295889,0.0,0.4640253037968338,0.23638881954836755,0.13082334549821356,1.0
2025-12-16 17:22:27.678,0.008916618801600251,-0.5628875868775578,-0.8264737172769105,0.0,-0.999945838294163,-0.007575072635062131,-0.005629001151629388,0.0,-0.0030921630982923753,0.8264950582990649,-0.5629354822131919,0.0,0.46402347076511963,0.23638909150934337,0.13083764390125938,1.0
2025-12-16 17:22:27.729,0.008903150515623818,-0.5628745250219936,-0.8264827583763437,0.0,-0.9999459213667514,-0.007577254912756648,-0.005611278926779559,0.0,-0.0031040843437813333,0.826503934141133,-0.5629223849782636,0.0,0.464026019806711,0.23637260361501125,0.1308354924755322,1.0
2025-12-16 17:22:27.779,0.009057390221396065,-0.5628490214579808,-0.8264984510737932,0.0,-0.9999443426850041,-0.00771492184647706,-0.005704245293304327,0.0,-0.0031658030262944636,0.8265200290364705,-0.562898409389075,0.0,0.4640364215899828,0.23630244237131812,0.13090610004827383,1.0
2025-12-16 17:22:27.828,0.009182137973133891,-0.5627678331025875,-0.8265523584555726,0.0,-0.999943530559425,-0.007698133766030481,-0.005866969412025678,0.0,-0.003061227895257232,0.8265754689680725,-0.562817575226631,0.0,0.4640890137937163,0.23619075152215369,0.13106231135336027,1.0
2025-12-16 17:22:27.879,0.009176908308926257,-0.5627671114887471,-0.8265529078538831,0.0,-0.9999440787074931,-0.007556330312625861,-0.005957199949421271,0.0,-0.002893246288465306,0.8265772687984797,-0.5628158205235173,0.0,0.46424409871450584,0.23590390471453354,0.13127780500465294,1.0
2025-12-16 17:22:27.928,0.009087143398457415,-0.5628525057920316,-0.8264957516222907,0.0,-0.999944906040608,-0.007504255297966055,-0.005883700967173247,0.0,-0.002890634943833751,0.8265195957967466,-0.562900525842359,0.0,0.4644037238166817,0.23553607302856477,0.13140945625547426,1.0
2025-12-16 17:22:27.978,0.008982986857296808,-0.5628949307107664,-0.8264679968567759,0.0,-0.9999454943313123,-0.007544754003910766,-0.005729917515669952,0.0,-0.0030102141613784464,0.8264903339397445,-0.5629428625667727,0.0,0.4645328156041209,0.23516988189851976,0.1315667235428188,1.0
2025-12-16 17:22:28.028,0.009066176780420244,-0.5628959197713538,-0.8264664148315745,0.0,-0.9999445292195533,-0.0076497582413690155,-0.005759043665657751,0.0,-0.0030805853977036945,0.8264886950709861,-0.5629448879894602,0.0,0.4646331496272466,0.23490951442873487,0.13177936043838373,1.0
2025-12-16 17:22:28.078,0.009089897584909686,-0.5628891684442132,-0.8264707524838893,0.0,-0.9999442384426827,-0.007683221866759225,-0.005764981200111869,0.0,-0.003104972464235262,0.8264929828273907,-0.562938458877237,0.0,0.46479436102971694,0.23459119895993108,0.13196503818792113,1.0
2025-12-16 17:22:28.128,0.00916240219127223,-0.5629710452650838,-0.8264141815581536,0.0,-0.9999431596248176,-0.007833330105620156,-0.005750074799620721,0.0,-0.0032365117806971346,0.8264358038141376,-0.5630216578121785,0.0,0.4650498106453429,0.23417729988267866,0.13213938150126514,1.0
2025-12-16 17:22:28.178,0.009034564922014137,-0.5629504613422095,-0.8264296108032868,0.0,-0.9999437904153675,-0.00789386981069233,-0.005554253358257943,0.0,-0.003397023668171737,0.8264492495097411,-0.5630009753232971,0.0,0.4652342388615018,0.23373184210986045,0.13242846996086644,1.0
2025-12-16 17:22:28.228,0.008900082795722273,-0.5629553420015349,-0.8264277453833291,0.0,-0.9999445374851089,-0.007927701786725843,-0.00536846340033924,0.0,-0.0035295355186105793,0.8264456010297456,-0.5630055158855954,0.0,0.4653455687497642,0.2333260740146661,0.1327022282887529,1.0
2025-12-16 17:22:28.278,0.008834218607722858,-0.5629522612408927,-0.826430550649336,0.0,-0.9999454127918384,-0.007821585544055583,-0.005361076136883662,0.0,-0.0034460336610080762,0.8264487107300765,-0.5630014683680687,0.0,0.46540305420356015,0.2329447011012843,0.1330808416744042,1.0
2025-12-16 17:22:28.329,0.008977415105756885,-0.5629520860579081,-0.8264291268598151,0.0,-0.999944859528062,-0.00772342166439321,-0.00560121079827514,0.0,-0.003229709501051624,0.8264497532809142,-0.5630012204946405,0.0,0.4654580073433772,0.23253918072195984,0.13354579652287385,1.0
2025-12-16 17:22:28.379,0.009147407254379297,-0.5629040958051424,-0.8264599510971633,0.0,-0.9999440703447092,-0.007619031225844152,-0.005878217998948886,0.0,-0.0029880087151021102,0.8264834102977014,-0.562953145747139,0.0,0.46543626178733954,0.23214550775406564,0.13384837653535595,1.0
2025-12-16 17:22:28.429,0.009114172578940018,-0.5628993063964255,-0.8264635803336002,0.0,-0.9999443898287911,-0.007595854650810413,-0.005853814419578203,0.0,-0.00298264657903769,0.8264868856609245,-0.562948071894638,0.0,0.46534582008570696,0.23175972818828974,0.1339733183769773,1.0
2025-12-16 17:22:28.479,0.008979681835729341,-0.5628889908693979,-0.826472078278128,0.0,-0.9999453640240367,-0.007586399126969777,-0.0056975798661540724,0.0,-0.003062901042193079,0.8264939981945544,-0.5629371986159605,0.0,0.46529459627553876,0.23142990511283587,0.1339884737514711,1.0
2025-12-16 17:22:28.531,0.008983360755160754,-0.5628506019950467,-0.8264981826746897,0.0,-0.9999453331935193,-0.007587608060441716,-0.0057013796252346075,0.0,-0.003062178274958066,0.8265201312821971,-0.5628988325174177,0.0,0.4654097682907125,0.23110653064670755,0.1340041821817148,1.0
2025-12-16 17:22:28.578,0.008886453270651807,-0.5628864342636838,-0.8264748271855547,0.0,-0.9999460298287364,-0.007578581327945499,-0.005590119498878722,0.0,-0.0031169642727148323,0.8264958111387932,-0.5629342401237917,0.0,0.4654234392401736,0.23086459735990844,0.13390090602131755,1.0
2025-12-16 17:22:28.628,0.008972339976145029,-0.5628977002661966,-0.8264662262014024,0.0,-0.9999450562559123,-0.007681225066652775,-0.005624068993492044,0.0,-0.0031825588649853644,0.8264871905511617,-0.5629465295868857,0.0,0.4654115116178274,0.23074248581280873,0.13376723334522342,1.0
2025-12-16 17:22:28.678,0.009152515431048761,-0.5629069868591963,-0.826457925430928,0.0,-0.9999432392628996,-0.007830101382522742,-0.005740615469341499,0.0,-0.0032398791656629874,0.8264794684324202,-0.5629575396445597,0.0,0.465374735609457,0.23073334019444905,0.13372974686672748,1.0
2025-12-16 17:22:28.728,0.009415437567627917,-0.562908558773077,-0.8264539012532011,0.0,-0.9999406236229391,-0.008022295722039496,-0.005927807446590026,0.0,-0.0032933074564159962,0.8264765545504169,-0.5629615074802798,0.0,0.4653503516074942,0.23074299090692305,0.13370661044262633,1.0
