timestamp, data
2025-12-16 17:29:25.928,0.009070030659863856,-0.5640031688551865,-0.825711152259884,0.0,-0.9999453564165728,-0.007416976074106565,-0.005917731664873592,0.0,-0.0027867141018931684,0.8257356044204537,-0.5640504816210179,0.0,0.37789330489268885,0.2353547691207769,0.21631525232612636,1.0
2025-12-16 17:29:25.978,0.00920571922204164,-0.5640397946368139,-0.8256846321089393,0.0,-0.9999438004509706,-0.007585581913650802,-0.005966723381314632,0.0,-0.00289788477431539,0.8257090544430965,-0.5640887870490978,0.0,0.37777928896930235,0.23533033236054657,0.21625641603469636,1.0
2025-12-16 17:29:26.028,0.009233753477600411,-0.5640358761144888,-0.8256869958729423,0.0,-0.9999435587440565,-0.007596583459118579,-0.005993175054046767,0.0,-0.002892090114637774,0.8257116300704636,-0.5640850465853061,0.0,0.3777894080598127,0.235338922069078,0.2162667293860602,1.0
2025-12-16 17:29:26.078,0.009229440640503952,-0.564034607623436,-0.825687910611357,0.0,-0.999943744520209,-0.00755209870540051,-0.0060183470534031286,0.0,-0.002841175283413453,0.8257129046507982,-0.5640834395868674,0.0,0.37781665219503663,0.23533392926997546,0.2162817102756673,1.0
2025-12-16 17:29:26.128,0.009063552154514676,-0.5639791555994237,-0.8257276251724365,0.0,-0.9999454511399226,-0.007402463109444469,-0.005919897439831118,0.0,-0.0027737729281612686,0.825752136258401,-0.5640263430447464,0.0,0.37791839154388684,0.23540056303997373,0.2163761059671119,1.0
2025-12-16 17:29:26.178,0.008983960114634872,-0.5639905284474168,-0.8257207271126665,0.0,-0.9999458904327386,-0.007439242748066143,-0.005798342454660382,0.0,-0.0028725820120830965,0.825744037930326,-0.5640377044977616,0.0,0.37789041746403673,0.23544963139072403,0.21637495811937918,1.0
2025-12-16 17:29:26.228,0.008980130644896557,-0.564003142409022,-0.8257121529368191,0.0,-0.9999460434915196,-0.007402812906807305,-0.005818536579857994,0.0,-0.002830974172832112,0.8257357495826486,-0.5640500487070398,0.0,0.3779836617232672,0.2354398152272598,0.21637346228792226,1.0
2025-12-16 17:29:26.278,0.008974298865342005,-0.5641097431008127,-0.8256393925920801,0.0,-0.9999460388007213,-0.007416852894335944,-0.005801437847502056,0.0,-0.002851053196463457,0.8256628005048431,-0.5641567258822416,0.0,0.3781585625222058,0.23535862519914752,0.21631995520819924,1.0
2025-12-16 17:29:26.328,0.008943502967325961,-0.5640531076424352,-0.8256784194919916,0.0,-0.9999463069961958,-0.007401315692275208,-0.005774993671083673,0.0,-0.0028537584598624737,0.825701632325606,-0.5640998762962837,0.0,0.37826209234925945,0.2352934068271638,0.2163249499672437,1.0
2025-12-16 17:29:26.378,0.008953176684351059,-0.5640640534036633,-0.8256708370690443,0.0,-0.9999463444930778,-0.007370675472115939,-0.005807596682250079,0.0,-0.0028099493619352283,0.8256944288973497,-0.5641106400986093,0.0,0.37828126340293294,0.2352635339558457,0.21633188288321956,1.0
2025-12-16 17:29:26.428,0.008961589218959612,-0.564059184424007,-0.825674072068878,0.0,-0.9999462068323762,-0.007393622838604534,-0.005802127547014775,0.0,-0.002832033869826767,0.8256975499652904,-0.5641059612922706,0.0,0.3782769290957013,0.2352607146721693,0.21633086795779605,1.0
2025-12-16 17:29:26.478,0.008990788291824117,-0.5640882314485817,-0.8256539104057531,0.0,-0.9999457784500906,-0.007458284312179963,-0.005793190499999041,0.0,-0.002890146667959322,0.8256771243636072,-0.5641355629233828,0.0,0.37816260544062746,0.23524310138174842,0.21631395291601258,1.0
2025-12-16 17:29:26.528,0.00930121579858693,-0.5640727178296839,-0.8256610704678465,0.0,-0.9999427762102734,-0.007679402586212903,-0.00601813775335316,0.0,-0.0029459731601911045,0.8256856960185904,-0.5641227283423662,0.0,0.37812477949122536,0.235317980810666,0.21637270928609523,1.0
2025-12-16 17:29:26.579,0.009057241127714999,-0.5640745420413318,-0.8256625365760667,0.0,-0.9999452368889868,-0.007479009076850784,-0.005859568880439815,0.0,-0.0028699592282829035,0.8256862892748698,-0.5641222518546172,0.0,0.3782401155193397,0.2352639911474856,0.21630262086960317,1.0
2025-12-16 17:29:26.628,0.009019464724519382,-0.5640412737450475,-0.8256856772824364,0.0,-0.9999457820774136,-0.007398103305807518,-0.005869231148497159,0.0,-0.0027980731973382754,0.8257097451149047,-0.564088279978109,0.0,0.37846376168487716,0.23518517834466385,0.21631009282657823,1.0
2025-12-16 17:29:26.681,0.009009728244768775,-0.5640724402472059,-0.825664492304063,0.0,-0.9999458149019522,-0.0074089909344954635,-0.005849873042368237,0.0,-0.002817642824626278,0.8256883564184683,-0.5641194899698835,0.0,0.37864744634279346,0.23516529952156678,0.21631776576297496,1.0
2025-12-16 17:29:26.729,0.009071633526079105,-0.564057763505026,-0.8256738410511049,0.0,-0.9999452938960555,-0.007432444435569336,-0.005908881962930012,0.0,-0.002803878184033558,0.8256981721123283,-0.564105191287484,0.0,0.37866025412444076,0.23518346687406322,0.2163547029388236,1.0
2025-12-16 17:29:26.778,0.009198924625676152,-0.5640433737813051,-0.825682262847121,0.0,-0.9999442682227221,-0.007463378254801131,-0.006041964478456213,0.0,-0.002754502049913025,0.8257077231153402,-0.5640914542041366,0.0,0.3786185145348763,0.23519056443372197,0.21641981817989658,1.0
2025-12-16 17:29:26.828,0.009191127230075117,-0.5640399028232185,-0.8256847207649074,0.0,-0.999944185939125,-0.0075046546608462964,-0.006004337279878517,0.0,-0.0028098469704788136,0.8257097200463241,-0.5640882581485132,0.0,0.37859605256262,0.2352963487844353,0.2165043916014108,1.0
2025-12-16 17:29:26.879,0.009087485030441395,-0.564080864037367,-0.825657885170297,0.0,-0.9999448911501378,-0.007516552791678416,-0.005870519404391354,0.0,-0.0028947091558920667,0.8256816293010532,-0.5641289459810238,0.0,0.3786820747112918,0.23546196797896315,0.21657314031354621,1.0
2025-12-16 17:29:26.928,0.009146032707981802,-0.5640358376620327,-0.8256879984714576,0.0,-0.9999441675562384,-0.007602800966697736,-0.005882694019760207,0.0,-0.0029595482442993687,0.8257115991116254,-0.5640847420084255,0.0,0.3787484241852829,0.23560333791521393,0.21667682126352178,1.0
2025-12-16 17:29:26.978,0.009087676106952967,-0.5639913864796275,-0.8257190060916431,0.0,-0.9999449836713167,-0.007488983518432493,-0.005889962448016969,0.0,-0.002861963041764055,0.8257430022460124,-0.5640392747045986,0.0,0.37886351299907817,0.2356703801259746,0.21678428262810812,1.0
2025-12-16 17:29:27.028,0.00898510277160361,-0.5639802792106343,-0.8257277151040087,0.0,-0.9999462210746178,-0.007339705355902978,-0.005867758097323678,0.0,-0.0027513512550349237,0.825751929047843,-0.5640267562270764,0.0,0.3790586615472465,0.23580951955637963,0.2169241647958261,1.0
2025-12-16 17:29:27.078,0.008893051329572034,-0.5639152836355111,-0.825773100446811,0.0,-0.9999466866470089,-0.007392157143511697,-0.0057207322645525995,0.0,-0.002878291581851918,0.8257958496087618,-0.5639618162664143,0.0,0.3792690324019646,0.2360963459868005,0.21710011603898072,1.0
2025-12-16 17:29:27.128,0.008789018364574724,-0.5638259524709637,-0.8258352107882093,0.0,-0.9999478223263076,-0.007270105468435193,-0.005678476253466426,0.0,-0.00280229075256399,0.8258579291844302,-0.5638712867044595,0.0,0.37970559502884393,0.23638416996156206,0.21739506825405466,1.0
2025-12-16 17:29:27.178,0.00888452240378315,-0.5638032861156773,-0.825849663515115,0.0,-0.9999476705419342,-0.0071099165758458085,-0.005903572244999773,0.0,-0.002543317746978351,0.8258747983187341,-0.563847806625891,0.0,0.38040259001633614,0.23675961979428242,0.21786767162751994,1.0
2025-12-16 17:29:27.228,0.00886522499290555,-0.5637067974803182,-0.8259157349036991,0.0,-0.9999483035913459,-0.00694261213923908,-0.005994762937929068,0.0,-0.0023547693263438,0.825942084893134,-0.5637500576175605,0.0,0.3811693391922928,0.23712898589853726,0.21831271426046184,1.0
2025-12-16 17:29:27.278,0.008752143979489197,-0.5636767682301183,-0.8259374357871304,0.0,-0.9999496423302626,-0.00675451462065056,-0.0059863375303599595,0.0,-0.0022044895363736035,0.8259641391596605,-0.5637183525911899,0.0,0.3821021058774209,0.23748220909986892,0.21873559921084093,1.0
2025-12-16 17:29:27.328,0.008760191194809036,-0.563711176688974,-0.8259138667121232,0.0,-0.9999498098429845,-0.006667842010351414,-0.006055128331619565,0.0,-0.002093759971942178,0.8259413599779656,-0.5637521494832001,0.0,0.3831234025132306,0.23778058972758995,0.2191225261615121,1.0
2025-12-16 17:29:27.378,0.00880807051040371,-0.5638420963493149,-0.82582398559227,0.0,-0.9999492105004821,-0.006764922889222977,-0.006046415382121264,0.0,-0.0021774539808851116,0.8258511998531111,-0.5638839015217031,0.0,0.3842256366856391,0.23804421252428856,0.21940923457402092,1.0
2025-12-16 17:29:27.429,0.008762421748252501,-0.5638298800924126,-0.8258328118822175,0.0,-0.9999495468317304,-0.006763475066865223,-0.0059921696609225895,0.0,-0.002206977822315302,0.8258595522737009,-0.5638715537843474,0.0,0.385610961332366,0.23820099259241828,0.21971347943980263,1.0
2025-12-16 17:29:27.478,0.008707874328865765,-0.5639241421514758,-0.8257690244400084,0.0,-0.9999500298062481,-0.006730971371053831,-0.005948009422806121,0.0,-0.002204043986020426,0.8257954542418857,-0.5639654332878437,0.0,0.3870414399701356,0.2382731623080663,0.21993174365203189,1.0
2025-12-16 17:29:27.528,0.008655581912766786,-0.5639356835526255,-0.8257616923901185,0.0,-0.9999504971738987,-0.006696549775988103,-0.005908157409813262,0.0,-0.00219797580660049,0.8257878523681759,-0.5639765879746336,0.0,0.38868302753779743,0.23840867090545753,0.22020645087389754,1.0
2025-12-16 17:29:27.581,0.008857657782714821,-0.5639281823826511,-0.8257646722368375,0.0,-0.9999489031437908,-0.006743264813846857,-0.006120978874961369,0.0,-0.0021165981185255634,0.8257925948606978,-0.5639699551267248,0.0,0.3906554962188211,0.23862437324193095,0.22063559697264537,1.0
2025-12-16 17:29:27.628,0.008879334865018724,-0.5639447294606467,-0.8257531389144828,0.0,-0.9999485883892937,-0.006802771128192602,-0.006106536206775619,0.0,-0.002173702553860169,0.8257808064348575,-0.5639869987340168,0.0,0.3925698264844579,0.2388866788713666,0.2209870666537687,1.0
2025-12-16 17:29:27.678,0.00869839820352,-0.563932404250543,-0.8257634820008107,0.0,-0.9999500873174663,-0.006735015961894367,-0.005933745443916668,0.0,-0.0022153415498160464,0.825789779023192,-0.5639736989635648,0.0,0.3945463393319812,0.23922303116430002,0.22130256299819698,1.0
2025-12-16 17:29:27.728,0.008758496619831703,-0.5639670563054973,-0.8257391810010474,0.0,-0.9999495745806093,-0.0067647387067772515,-0.0059861095459187086,0.0,-0.002209983769122043,0.825765870628648,-0.5640087258869768,0.0,0.3964449934073194,0.23957255806787553,0.22165607204804466,1.0
2025-12-16 17:29:27.778,0.008883909167188496,-0.563951617113698,-0.8257483857773883,0.0,-0.9999486364802571,-0.006771375320015373,-0.006133496454576804,0.0,-0.0021324980530715173,0.8257763606131032,-0.5639936654827178,0.0,0.3982709086658649,0.2399440885258233,0.22201286587265961,1.0
2025-12-16 17:29:27.828,0.00897150515677294,-0.5639541422611439,-0.8257457141414225,0.0,-0.9999476517621675,-0.006897598025454137,-0.0061533550209985225,0.0,-0.002225494802164803,0.825773591365226,-0.5639973607887384,0.0,0.39979099296861154,0.24031399108186452,0.22227597170381144,1.0
2025-12-16 17:29:27.878,0.008868307981776222,-0.5639579357215433,-0.8257442380976354,0.0,-0.999948240649871,-0.006958619525801281,-0.00598669664600329,0.0,-0.0023698405230466483,0.8257704886229456,-0.5640013155794205,0.0,0.40121993037720205,0.2406307622773434,0.22243575503213361,1.0
2025-12-16 17:29:27.928,0.008745691737993284,-0.5638965219980081,-0.8257874861341641,0.0,-0.999949436620988,-0.006848160883784482,-0.00591386464897924,0.0,-0.002320362527905218,0.8258133518317659,-0.5639387589571434,0.0,0.40271588123875024,0.24083430886568596,0.22258496300666739,1.0
2025-12-16 17:29:27.979,0.008741863172468146,-0.5639099929937262,-0.8257783277195507,0.0,-0.9999495285219737,-0.006825191560377283,-0.005924868779532136,0.0,-0.0022950467479009623,0.8258043431516154,-0.5639520543382689,0.0,0.40424095239284386,0.24094982445688748,0.22265292030777087,1.0
2025-12-16 17:29:28.028,0.00878929108925604,-0.5638982568388741,-0.8257858385788871,0.0,-0.9999490708939409,-0.006866863365596582,-0.005953881680955382,0.0,-0.0023132195580949123,0.8258120118837854,-0.5639407504727169,0.0,0.40563075041931446,0.24101968108040428,0.22267412593046548,1.0
2025-12-16 17:29:28.080,0.008986103921349901,-0.5638750933951812,-0.8257995373491671,0.0,-0.999947463581075,-0.006926307780092517,-0.006151685908608624,0.0,-0.0022510026328600155,0.8258273322228035,-0.5639185671184397,0.0,0.4071851764520475,0.24108439368098203,0.2226971541865122,1.0
2025-12-16 17:29:28.128,0.0089814638806468,-0.5638815744676635,-0.8257951623639109,0.0,-0.9999473346323049,-0.006985320337080036,-0.006105748336284889,0.0,-0.002325569531175371,0.8258224097566303,-0.5639254731523554,0.0,0.4087737788324771,0.24113325537842273,0.22258585124374453,1.0
2025-12-16 17:29:28.178,0.008864524392200618,-0.56392653554404,-0.8257657232035033,0.0,-0.9999478844255171,-0.007087665918137628,-0.005894092463935932,0.0,-0.0025289651197673083,0.8257908353074003,-0.5639708331622557,0.0,0.4104804494162538,0.24121815501607496,0.22233628706884886,1.0
2025-12-16 17:29:28.228,0.008769094751956105,-0.5639867937557177,-0.8257255877999572,0.0,-0.9999485307793773,-0.007097019745035189,-0.005771915116447841,0.0,-0.0026049570537369986,0.8257496010567079,-0.5640308595754632,0.0,0.4123601805155675,0.24132795482156336,0.22208817113710422,1.0
2025-12-16 17:29:28.278,0.008729649588231043,-0.5640168617092511,-0.8257054679647717,0.0,-0.9999491232539909,-0.006995094026313591,-0.005793657251386612,0.0,-0.002508215296625608,0.8257299332150178,-0.5640600909909758,0.0,0.4142311631788996,0.24145977814331254,0.22186359125251995,1.0
2025-12-16 17:29:28.329,0.008935050232720143,-0.5639318685254782,-0.8257613211091386,0.0,-0.999947767917838,-0.006953297845808171,-0.006071242575406337,0.0,-0.002318041874888786,0.8257883357177631,-0.5639753995294061,0.0,0.4161313051976994,0.24171854665934117,0.22175794428850384,1.0
2025-12-16 17:29:28.378,0.008965118492752206,-0.5638920843240931,-0.8257881633858947,0.0,-0.999947415563622,-0.006999386853099266,-0.006076314057216235,0.0,-0.0023536707309719206,0.825815114156254,-0.5639360402254703,0.0,0.4178850991725383,0.24206739565146765,0.22150667377812633,1.0
2025-12-16 17:29:28.428,0.008803890065965981,-0.5638895699505463,-0.8257916149501051,0.0,-0.9999484803575314,-0.0070334390472423175,-0.005857838085903778,0.0,-0.0025050294199541424,0.8258165417513441,-0.5639332976491597,0.0,0.41957298267632537,0.2423875338056428,0.22113563342082498,1.0
2025-12-16 17:29:28.478,0.008687008076773951,-0.5639010723020658,-0.8257849983188498,0.0,-0.9999491929420424,-0.007067280556284607,-0.0056931521413851015,0.0,-0.00262573021842781,0.8258083984418925,-0.5639446733533854,0.0,0.4212449810607606,0.24269039952647567,0.22078258630823216,1.0
2025-12-16 17:29:28.528,0.008748713995896787,-0.5638938823331718,-0.8257892566338274,0.0,-0.9999488156503016,-0.007050893441466353,-0.005779090105250016,0.0,-0.0025638078590762203,0.8258134482221281,-0.5639375635872648,0.0,0.4230198711141826,0.24297329881595656,0.22052633325634857,1.0
2025-12-16 17:29:28.578,0.008968732064896009,-0.563872719428327,-0.8258013471960794,0.0,-0.9999473032766407,-0.00702911131649925,-0.0060604591478297925,0.0,-0.0023873679783168052,0.8258280845549204,-0.563916904547547,0.0,0.4248017256923933,0.24324328259517614,0.2203627397543053,1.0
2025-12-16 17:29:28.628,0.009002233208489337,-0.5638992053383933,-0.8257828969633586,0.0,-0.9999469627734762,-0.007061803437456789,-0.006078607860284045,0.0,-0.0024038406397722755,0.8258097201704597,-0.5639437273542154,0.0,0.4263730968678713,0.24352052545390876,0.22014329891717802,1.0
2025-12-16 17:29:28.679,0.008842455803409626,-0.5639461386729286,-0.8257525722348475,0.0,-0.9999479791037117,-0.007107990222887887,-0.005853414610540405,0.0,-0.00256848009350481,0.8257772731773405,-0.5639905123437852,0.0,0.4276899432357474,0.24375011100810634,0.21983287042902575,1.0
2025-12-16 17:29:28.728,0.008735204581677262,-0.5639565533400778,-0.8257466009902217,0.0,-0.9999487178614094,-0.007112142999097121,-0.005720661718023228,0.0,-0.0026466741986197447,0.8257701247228292,-0.5640006172256636,0.0,0.4288946516870322,0.24393858607738678,0.21961978198166426,1.0
2025-12-16 17:29:28.779,0.008767811839924589,-0.5639466430376086,-0.8257530237203858,0.0,-0.9999485039657924,-0.007108047990510565,-0.005762982868832975,0.0,-0.0026195277121781376,0.8257769282286392,-0.5639907826195727,0.0,0.43000710938210474,0.24413289319843776,0.2194924531320682,1.0
2025-12-16 17:29:28.828,0.008936728621521872,-0.5638793018213919,-0.8257971995351965,0.0,-0.9999469613253327,-0.007217689911595682,-0.005892910128425169,0.0,-0.0026375088474150446,0.825821963316642,-0.5639247542455698,0.0,0.4313885024409823,0.24449211287401376,0.21938787683807615,1.0
2025-12-16 17:29:28.878,0.008973096004759385,-0.5637548785684836,-0.8258817514266386,0.0,-0.9999465321163549,-0.007269487243313695,-0.005902064461137051,0.0,-0.0026764707532456918,0.8259064543268425,-0.5638008205080676,0.0,0.43265176758760227,0.2448516676887075,0.21917626408786314,1.0
2025-12-16 17:29:28.928,0.008823006622244218,-0.5637279603917131,-0.8259017424173114,0.0,-0.9999480254331006,-0.007135447483544253,-0.005811946563844563,0.0,-0.0026168721101419465,0.8259259970097839,-0.5637724713426095,0.0,0.4339590967443315,0.2452091156411445,0.21874432986882156,1.0
2025-12-16 17:29:28.978,0.00847957384313324,-0.5638266719657709,-0.8258379548728978,0.0,-0.9999505805796453,-0.007070044280974617,-0.005440383580587633,0.0,-0.002771330898108513,0.8258591749224502,-0.5638696151784232,0.0,0.4353040591338107,0.2456018075126928,0.21806064103522307,1.0
2025-12-16 17:29:29.028,0.008554616478968874,-0.5640151838290309,-0.8257084460318974,0.0,-0.9999485849795664,-0.0074872643295064165,-0.005245490580626901,0.0,-0.003223823129026191,0.8257267631743802,-0.5640610955756427,0.0,0.4365734566773261,0.24607249733936545,0.21714062501186285,1.0
2025-12-16 17:29:29.078,0.00864990360397764,-0.5640859751020034,-0.8256590935501602,0.0,-0.9999469787986663,-0.007735802523785868,-0.0051907467614059205,0.0,-0.003459174851092057,0.8256761123960087,-0.5641338418566673,0.0,0.43789493859084133,0.2465535504061884,0.2162290133728981,1.0
2025-12-16 17:29:29.128,0.008853143341073127,-0.5640661989492705,-0.8256704499720893,0.0,-0.999945474943461,-0.007783946763546494,-0.005404092346220779,0.0,-0.0033787740501832124,0.825689170523463,-0.5641152165703327,0.0,0.43934075743250656,0.24694222522802028,0.2153516684318041,1.0
2025-12-16 17:29:29.178,0.00902103133245482,-0.5640863820792871,-0.8256548440163164,0.0,-0.9999443522454847,-0.007784888681419476,-0.005606676536417838,0.0,-0.003265044029240345,0.8256753729924744,-0.5641360810311865,0.0,0.4405944298731422,0.24721434113275167,0.21451550281104453,1.0
2025-12-16 17:29:29.228,0.009034348182847,-0.5641723722093172,-0.8255959434795154,0.0,-0.9999435087010289,-0.007970072052760529,-0.005495840186635272,0.0,-0.003479524952258875,0.8256148514703455,-0.5642233688333954,0.0,0.4416190894792364,0.24739813240169536,0.21360963136381234,1.0
2025-12-16 17:29:29.279,0.008978592391096638,-0.564159583294091,-0.8256052908971215,0.0,-0.9999430525674381,-0.008157568311252044,-0.005300245519730182,0.0,-0.0037448193542340877,0.8256217593168865,-0.5642115621559819,0.0,0.4424782570547738,0.247442775453579,0.21276068904042306,1.0
2025-12-16 17:29:29.328,0.008936868104609143,-0.5641614266848417,-0.8256044839574294,0.0,-0.9999437457374001,-0.00806279992359618,-0.005314463214494672,0.0,-0.0036585390592332005,0.825621430613748,-0.5642126092203721,0.0,0.4433941055750981,0.24731623165049138,0.21201994990153236,1.0
2025-12-16 17:29:29.378,0.00883388027317432,-0.5641546087968363,-0.8256102511680776,0.0,-0.9999454670705061,-0.007816874850439857,-0.005357821752191311,0.0,-0.0034311182336687457,0.8256284544845445,-0.5642037598005962,0.0,0.4443242920841984,0.2471269583795635,0.21132292977086276,1.0
2025-12-16 17:29:29.428,0.008778674750846493,-0.5641188560641923,-0.8256352693554547,0.0,-0.999946490492527,-0.00765312342378963,-0.005403031995738942,0.0,-0.003270799363719845,0.8256544178854733,-0.5641667165809432,0.0,0.4451516221865601,0.2469200291106895,0.2106609833585676,1.0
2025-12-16 17:29:29.479,0.008783123126351891,-0.5640424874874005,-0.825687396027323,0.0,-0.9999466444250531,-0.007605964216154342,-0.005441002906382198,0.0,-0.003211253800758137,0.8257070274190111,-0.5640900572779914,0.0,0.44583294686954406,0.2466601494115625,0.21007242925676894,1.0
2025-12-16 17:29:29.528,0.008753169060650776,-0.5640096393640187,-0.8257101523156136,0.0,-0.9999468998623843,-0.007590706407734977,-0.00541530544354394,0.0,-0.0032135007437020624,0.8257296059306354,-0.564056992956038,0.0,0.4464611487892896,0.24634593014719533,0.20951770694684466,1.0
2025-12-16 17:29:29.578,0.00870454327996583,-0.5639650373563887,-0.825741130419881,0.0,-0.9999475738913534,-0.0074980644092214185,-0.0054199077593619785,0.0,-0.00313488205544885,0.8257609163038282,-0.5640115970612312,0.0,0.44705529928174514,0.24604177455163942,0.20906005559899937,1.0
2025-12-16 17:29:29.628,0.00863914907951034,-0.5639397211981056,-0.8257591070399364,0.0,-0.9999485630672728,-0.007347342160082653,-0.005443774801334382,0.0,-0.0029972315634923664,0.8257795609218291,-0.5639850471126924,0.0,0.44760492864311535,0.24573448203639517,0.20866245740455905,1.0
2025-12-16 17:29:29.678,0.008545918552269032,-0.5638912624001327,-0.8257931692416032,0.0,-0.9999497230063794,-0.007193524574984493,-0.005436135103424331,0.0,-0.0028750297239774785,0.8258140070901963,-0.5639352444188246,0.0,0.44811148974698306,0.24545273818199628,0.2083244566579631,1.0
2025-12-16 17:29:29.728,0.008437544122339028,-0.5638785107683482,-0.8258029909391595,0.0,-0.999950948161245,-0.0070430884612599715,-0.005407686895710589,0.0,-0.0027669783562105144,0.8258240110520564,-0.5639211350895347,0.0,0.448529350617221,0.24520167123994194,0.2079386891868855,1.0
2025-12-16 17:29:29.779,0.008459256888653184,-0.5638764002935167,-0.8258042098864148,0.0,-0.9999508158946587,-0.0070399929381916105,-0.005436100830982107,0.0,-0.002748419753319537,0.8258254785180891,-0.5639190768357005,0.0,0.4488843369645415,0.2450107926318454,0.2075293408811756,1.0
2025-12-16 17:29:29.828,0.008485568616784848,-0.5638747265067242,-0.8258050828333674,0.0,-0.999950673322883,-0.007030543623724515,-0.005474420396335196,0.0,-0.002719023705419122,0.825826701905672,-0.5639174277584349,0.0,0.44921763529279574,0.2448446587069928,0.20715909028276455,1.0
2025-12-16 17:29:29.881,0.008473763265155925,-0.5639226294569448,-0.8257724930171141,0.0,-0.999950582908018,-0.0070813403863760884,-0.005425242985854156,0.0,-0.0027882124964654247,0.8257935570515239,-0.5639656257284357,0.0,0.44946042135396547,0.24469647073747627,0.20672995275023828,1.0
2025-12-16 17:29:29.928,0.00861827404711033,-0.5639972306106895,-0.8257200470602187,0.0,-0.9999491125753678,-0.00723200041293547,-0.005497029285928508,0.0,-0.0028713537099155626,0.8257413012772377,-0.5640417171564945,0.0,0.4496969377902796,0.24454688547225809,0.20627337234837498,1.0
2025-12-16 17:29:29.978,0.00863190105858192,-0.5640634964770582,-0.8256746387817655,0.0,-0.9999487219345863,-0.007317403509576554,-0.005454906825399073,0.0,-0.0029649377669385382,0.8256952831924874,-0.564108596333823,0.0,0.4499572961561039,0.2443904116785442,0.20578588707582676,1.0
2025-12-16 17:29:30.028,0.008747013286926938,-0.5641575988691262,-0.8256091328818914,0.0,-0.9999471821325641,-0.007528857046602011,-0.0054494181271883034,0.0,-0.0031416229779459245,0.8256290880193186,-0.5642045189658205,0.0,0.45016798939341746,0.2442441657199239,0.20523903753843473,1.0
2025-12-16 17:29:30.078,0.008881809852010921,-0.56418754566071,-0.8255872295986085,0.0,-0.999945768025514,-0.007663815346435511,-0.005520311894164309,0.0,-0.0032127187159597128,0.825607382234098,-0.5642358804959253,0.0,0.45044257972324747,0.2441087416146805,0.2047040991929937,1.0
2025-12-16 17:29:30.128,0.008961047559304103,-0.5642144036659874,-0.8255680185325026,0.0,-0.9999447170753787,-0.007795681494341159,-0.005526033323089776,0.0,-0.0033180616113364122,0.8255877928887244,-0.5642639335455244,0.0,0.4507582549493855,0.24394401958860934,0.2040102320551432,1.0
2025-12-16 17:29:30.179,0.009113648634355969,-0.5642335498516,-0.8255532626860846,0.0,-0.9999429698996211,-0.007972004390212027,-0.005590258986466405,0.0,-0.0034271685455780597,0.8255730237958104,-0.5642848898352695,0.0,0.45104789867109246,0.2437946440981009,0.2033421850740824,1.0
2025-12-16 17:29:30.228,0.009191579757965316,-0.5642186338758547,-0.8255625929934237,0.0,-0.9999416215248679,-0.008164936098708568,-0.005552860697861935,0.0,-0.0036077077997796435,0.8255813324690627,-0.5642716082907577,0.0,0.4512668130443841,0.2436707111279242,0.202532748261424,1.0
2025-12-16 17:29:30.278,0.009325440652285275,-0.5642743231817817,-0.8255230289068811,0.0,-0.9999398769681939,-0.00835428477550436,-0.005585273129521529,0.0,-0.0037451003620661183,0.8255413753223093,-0.5643291697708246,0.0,0.4513936534651547,0.2436397330346621,0.20187817573500877,1.0
2025-12-16 17:29:30.328,0.009389319173989672,-0.5642692491177388,-0.8255257731208401,0.0,-0.9999391847266805,-0.008411055563738683,-0.0056238682109082,0.0,-0.003770239843311631,0.8255442671242716,-0.5643247720149922,0.0,0.4514991032740969,0.24361585600456406,0.2013819826314053,1.0
2025-12-16 17:29:30.379,0.009374476192273787,-0.5642768035802244,-0.8255207780780648,0.0,-0.9999393328781893,-0.008400783439697001,-0.0056128693134173116,0.0,-0.0037678818699172613,0.825539208006141,-0.5643321886183773,0.0,0.45148655462407694,0.24359229530454116,0.20096269535097736,1.0
2025-12-16 17:29:30.429,0.009343338980299421,-0.5643128352844604,-0.8254965008109488,0.0,-0.999939618374085,-0.008384753849359789,-0.00558591174144986,0.0,-0.0037694558440470602,0.8255147407738154,-0.5643679685876762,0.0,0.45149116947050977,0.24355954365315277,0.2004618883444463,1.0
2025-12-16 17:29:30.478,0.009368090813356137,-0.5643145489719525,-0.8254950488005985,0.0,-0.9999394238331376,-0.008390612219340362,-0.005611879546581096,0.0,-0.0037596159525147108,0.8255135097651619,-0.564369834845107,0.0,0.45154608273385527,0.2435437364922806,0.19984856219872912,1.0
2025-12-16 17:29:30.529,0.009361611147361597,-0.5643113460685313,-0.825497311828607,0.0,-0.9999391865996551,-0.008451673333738136,-0.005562303613430755,0.0,-0.0038380364722128478,0.8255150763769312,-0.5643670154699222,0.0,0.4516631228027332,0.24349396976745752,0.19907445619023909,1.0
2025-12-16 17:29:30.578,0.00928149888943516,-0.5643042083268944,-0.8255030957810702,0.0,-0.9999394365565045,-0.008511535359751342,-0.005424378866603575,0.0,-0.003965375313103486,0.8255193406428196,-0.5643598976037107,0.0,0.4518915718788209,0.24339491031607535,0.19825384437450894,1.0
2025-12-16 17:29:30.628,0.009225550906458383,-0.5643390619122907,-0.8254798963703699,0.0,-0.9999396428349603,-0.008544396281449644,-0.005333936678094458,0.0,-0.004043156379032091,0.8254951745885317,-0.564394693116036,0.0,0.4522352485408642,0.24323267149284264,0.19728744895982608,1.0
2025-12-16 17:29:30.678,0.009229261188802722,-0.5643623521034767,-0.8254639320814378,0.0,-0.9999394997569796,-0.008568789023975558,-0.005321614570041658,0.0,-0.004069985725007566,0.825478998912472,-0.5644181584345611,0.0,0.45259954889623377,0.24308924747305757,0.19636290286889732,1.0
2025-12-16 17:29:30.728,0.009264653926772072,-0.5643599013786602,-0.8254652111413869,0.0,-0.9999391473370502,-0.008593842657453233,-0.005347372480036916,0.0,-0.004076154016877857,0.8254804139965229,-0.5644160443117823,0.0,0.4529462215660746,0.2429877367487538,0.19556071404393158,1.0
2025-12-16 17:29:30.778,0.00935510372569586,-0.5643235299280743,-0.8254890565628398,0.0,-0.9999383132968399,-0.008643019805232565,-0.005423533066693461,0.0,-0.004074169380382725,0.8255047661036592,-0.564380441089167,0.0,0.4531948852504377,0.2429306669372403,0.1949870681729511,1.0
2025-12-16 17:29:30.828,0.009509508299762975,-0.5643426634197345,-0.8254742118306454,0.0,-0.9999368720279186,-0.00872721311354227,-0.005552892174420673,0.0,-0.004070433775447732,0.8254907998477886,-0.5644008955835718,0.0,0.45333899667546296,0.24292735119332648,0.19451981902427581,1.0
2025-12-16 17:29:30.881,0.009462772478853488,-0.5642822260738392,-0.8255160641534326,0.0,-0.9999372807061067,-0.008707458613666504,-0.005510146983201992,0.0,-0.004078947490236542,0.8255323236914022,-0.564340096686427,0.0,0.4534518052714227,0.24291353455164533,0.19420136550778944,1.0
2025-12-16 17:29:30.928,0.009522069164305666,-0.5643308151780242,-0.8254821670639199,0.0,-0.9999372674157062,-0.008628119835146573,-0.005635927832123588,0.0,-0.003941907205345952,0.8254999415608414,-0.5643884370277547,0.0,0.4534917859225821,0.24288931985496462,0.19393781587528425,1.0
2025-12-16 17:29:30.978,0.009475902020576417,-0.5643265849201741,-0.8254855902645657,0.0,-0.9999381379656376,-0.008510275231390403,-0.005660597009865426,0.0,-0.0038307579474726986,0.8255040568204174,-0.5643831831890291,0.0,0.45348135493741215,0.2428759538915626,0.1936550669566611,1.0
2025-12-16 17:29:31.028,0.009579100161245755,-0.5642734444949564,-0.8255207251057397,0.0,-0.9999381610120339,-0.008343291651916069,-0.005900045549928076,0.0,-0.0035583896591510774,0.8255420871101926,-0.5643293367110918,0.0,0.45347830445637877,0.24290934315908186,0.19333362218776465,1.0
2025-12-16 17:29:31.078,0.009669404012424446,-0.5642121386002097,-0.8255615738292513,0.0,-0.999937907831823,-0.00824724230934233,-0.006075391050472434,0.0,-0.0033808620553033492,0.8255849534004379,-0.5642677152651565,0.0,0.45340533450865195,0.24301496913588805,0.1927910408484064,1.0
2025-12-16 17:29:31.128,0.009476645811739544,-0.5642351583181908,-0.8255480762517793,0.0,-0.9999395507659989,-0.008187640407284435,-0.005882538538944806,0.0,-0.0034402219583738658,0.8255698140143347,-0.5642895064248619,0.0,0.45328542289616136,0.24307217226496222,0.19185865704368985,1.0
2025-12-16 17:29:31.178,0.009238171466165087,-0.564287893236248,-0.8255147343543705,0.0,-0.9999413413090613,-0.008157371002970117,-0.005614101937420096,0.0,-0.0035661288608977667,0.8255340688660128,-0.564341017352516,0.0,0.45328890437861835,0.2430681580129421,0.1907795677582207,1.0
2025-12-16 17:29:31.229,0.008914256248424852,-0.5643294736551925,-0.8254898715918926,0.0,-0.9999437225318797,-0.008101477041168753,-0.005259728134286496,0.0,-0.0037195392454842653,0.8255061952286764,-0.564380799342851,0.0,0.45341988256411114,0.24304707833765551,0.18947654806827444,1.0
2025-12-16 17:29:31.279,0.009039101166519464,-0.5643370681933425,-0.8254833220691089,0.0,-0.9999421404123813,-0.008272731126625804,-0.005293831166628667,0.0,-0.0038415703750397483,0.82549930483965,-0.5643900601944619,0.0,0.4536827592030073,0.24307894949783918,0.18830051629899625,1.0
2025-12-16 17:29:31.328,0.009214671073424812,-0.5643289109498064,-0.8254869575010997,0.0,-0.9999405410866781,-0.00837109099276646,-0.0054393040070298375,0.0,-0.0038407438741927427,0.8255038898488826,-0.5643833595446068,0.0,0.4540163534844385,0.2431114321435695,0.1872272511111958,1.0
2025-12-16 17:29:31.379,0.009378034818419662,-0.5643499064542037,-0.8254707641396419,0.0,-0.9999390494421478,-0.008457601116692463,-0.0055779284051721435,0.0,-0.0038336728930002503,0.825488654457491,-0.5644056912488663,0.0,0.45437619540048946,0.24309865160741467,0.1862688233265211,1.0
2025-12-16 17:29:31.428,0.009465135510531512,-0.5644028585080841,-0.8254335657209969,0.0,-0.9999380454404431,-0.008546356473733361,-0.005622452576873348,0.0,-0.003881195916871461,0.8254515361235032,-0.5644596511971459,0.0,0.45468220466494935,0.24307670125162634,0.18545885753362973,1.0
2025-12-16 17:29:31.478,0.009481269761572049,-0.5643877778467281,-0.8254436919876176,0.0,-0.9999375629316166,-0.00862472247279987,-0.005588497280544531,0.0,-0.003965219541411133,0.8254610324364592,-0.5644451797676399,0.0,0.4549249844048872,0.24307609310121847,0.18470662950243338,1.0
2025-12-16 17:29:31.529,0.009522760928678958,-0.5644231717158219,-0.8254190130810868,0.0,-0.9999368799207052,-0.008707948635689104,-0.005581640100538074,0.0,-0.004037377091929347,0.8254359573918308,-0.5644813370084516,0.0,0.4551525558691173,0.24307836162741767,0.18398972504320002,1.0
2025-12-16 17:29:31.578,0.009468421903816816,-0.5644276813320311,-0.8254165544947633,0.0,-0.9999373157429189,-0.008693658402270432,-0.005525557857667852,0.0,-0.004057189868164471,0.8254330243278766,-0.5644854839225797,0.0,0.45533950111186555,0.2430989056930205,0.18317734037312444,1.0
2025-12-16 17:29:31.628,0.00935134270965974,-0.5644468272982058,-0.8254047967171768,0.0,-0.9999385204709104,-0.008606678380968694,-0.0054430935047487345,0.0,-0.004031734383391034,0.825420843360772,-0.5645034778134265,0.0,0.4555118525120298,0.24309792649369338,0.18234262143051969,1.0
2025-12-16 17:29:31.678,0.009244726801639227,-0.5644172026915385,-0.8254262554786043,0.0,-0.9999397859305934,-0.00848970203692292,-0.0053941054504883824,0.0,-0.003963173356446715,0.8254423125583866,-0.564472569657029,0.0,0.4556562965991531,0.24313242290869622,0.1814125299232903,1.0
2025-12-16 17:29:31.728,0.009188457707161733,-0.5644311961914714,-0.8254173150061955,0.0,-0.9999405579456899,-0.008404823972691511,-0.005383902902062605,0.0,-0.0038987195438811985,0.8254336124243293,-0.5644857407109947,0.0,0.4558812305237516,0.24315938922562724,0.1805885878963614,1.0
2025-12-16 17:29:31.778,0.009184560456038939,-0.5644580543512376,-0.8253989917781901,0.0,-0.9999406964575647,-0.008380980325318685,-0.005395334832538164,0.0,-0.0038722870620083133,0.8254154882789453,-0.56451242422301,0.0,0.45611846614692775,0.24318324044372336,0.17981745461141874,1.0
2025-12-16 17:29:31.828,0.009251239141726474,-0.5644186513472316,-0.8254251919386293,0.0,-0.9999399229757036,-0.008452038487363232,-0.005427742252587517,0.0,-0.003913081867590391,0.8254417085016572,-0.5644738024533669,0.0,0.4563009944472656,0.24322824487690115,0.17929236605956425,1.0
2025-12-16 17:29:31.878,0.009263310222661471,-0.5644180643652399,-0.8254254579325276,0.0,-0.9999397916621069,-0.00846297261204561,-0.005434891582965445,0.0,-0.003918077491608969,0.8254419978407415,-0.5644733446934894,0.0,0.45638716367967797,0.24327678899739857,0.17886263223935203,1.0
2025-12-16 17:29:31.928,0.009283327480667111,-0.5643989615597147,-0.8254382950423433,0.0,-0.9999400890726818,-0.008370724875549837,-0.005522330267476717,0.0,-0.003792792424195905,0.8254560004548979,-0.5644537235581235,0.0,0.4563779609004226,0.24333301850013545,0.1786218760957226,1.0
2025-12-16 17:29:31.978,0.009266402379764227,-0.5643466143957723,-0.8254742754975313,0.0,-0.9999406486307402,-0.00827194145634671,-0.005569659027780693,0.0,-0.0036851276150950177,0.8254927864648308,-0.5644006372506941,0.0,0.45634713413920136,0.24339277286701563,0.17838022583239205,1.0
2025-12-16 17:29:32.028,0.009201921618768878,-0.5643344881459984,-0.8254832869469402,0.0,-0.9999412839548267,-0.008226522356058263,-0.0055226690926192526,0.0,-0.0036742948205996722,0.8255015304636093,-0.5643879186869702,0.0,0.45629999206557614,0.24344933962421356,0.17814016388865447,1.0
2025-12-16 17:29:32.078,0.009176262763570362,-0.5643155780511715,-0.8254964999754234,0.0,-0.9999413837199966,-0.008242323765068643,-0.005480887181651111,0.0,-0.0037111308523506436,0.8255143002107714,-0.5643689995519924,0.0,0.4562415485447143,0.24351384244977198,0.17789190857875692,1.0
2025-12-16 17:29:32.128,0.009199218240678016,-0.564295233958616,-0.8255101514921299,0.0,-0.9999412488327937,-0.008238183898042463,-0.00551163405744313,0.0,-0.00369058666298367,0.8255282485086703,-0.564348731268433,0.0,0.4562090535336977,0.24355573035319736,0.17773803134658042,1.0
2025-12-16 17:29:32.178,0.009288598882213825,-0.5642933928704955,-0.8255104091377153,0.0,-0.9999408787417551,-0.008184806292774825,-0.005656400650962416,0.0,-0.003564841910948535,0.8255300379717737,-0.564346921944713,0.0,0.45621870585750723,0.2435800346571244,0.17774946148286871,1.0
2025-12-16 17:29:32.228,0.0092920103629395,-0.5642707369569743,-0.8255258571714494,0.0,-0.9999410495503228,-0.008139300764418447,-0.005691757942260778,0.0,-0.0035075783234145104,0.8255459742429312,-0.5643239683954552,0.0,0.45622529548454277,0.24357956450815196,0.1777388221009078,1.0
2025-12-16 17:29:32.278,0.009401303658837333,-0.564247958495134,-0.8255401890427845,0.0,-0.999940206362356,-0.008158524141395404,-0.005811117366847796,0.0,-0.0034563449965299056,0.8255613536851243,-0.5643017853780459,0.0,0.4562219378917139,0.24359743530162456,0.17773851893787027,1.0
2025-12-16 17:29:32.328,0.009446405405720873,-0.5642182642124839,-0.8255599691452891,0.0,-0.9999398815209224,-0.008159727569730638,-0.005865073837540468,0.0,-0.003427228645377173,0.8255816366055707,-0.5642722883533088,0.0,0.45621201829747715,0.2436210639670885,0.17771454827682337,1.0
2025-12-16 17:29:32.379,0.009388145457180934,-0.5642544677866604,-0.825535889715811,0.0,-0.9999398927762667,-0.008253729164847233,-0.005730068993467642,0.0,-0.003580601556961178,0.8255559582770011,-0.5643089039221627,0.0,0.4561570897517524,0.24359685299887116,0.17747384635982572,1.0
2025-12-16 17:29:32.428,0.009317358662744437,-0.5642623295710315,-0.8255313180950985,0.0,-0.9999397960314,-0.008383901535048442,-0.005555304576812067,0.0,-0.0037865970867470545,0.8255492729804785,-0.5643173394145407,0.0,0.45609321900402955,0.24358032059167453,0.17712159931984886,1.0
2025-12-16 17:29:32.478,0.00942415471302032,-0.5642645878690538,-0.8255285622473156,0.0,-0.9999382223260469,-0.008566686849157817,-0.005559704044431165,0.0,-0.003934976326991298,0.8255458528398933,-0.564321327631837,0.0,0.45607412392221264,0.24350940269737312,0.17666571425097283,1.0
2025-12-16 17:29:32.528,0.009399952128096857,-0.5642888495033024,-0.8255122543775091,0.0,-0.9999383814376795,-0.008567571360100664,-0.005529642844822903,0.0,-0.003952395444807637,0.825529259873639,-0.5643454789955613,0.0,0.45602986379026544,0.24341469736243745,0.17618024149481182,1.0
2025-12-16 17:29:32.578,0.009500470255456583,-0.5642440718028148,-0.8255417102736321,0.0,-0.9999375169745753,-0.008606086693120135,-0.005625328413483581,0.0,-0.003930700996324321,0.8255594657731825,-0.564301442548196,0.0,0.456075694547829,0.2433285000000433,0.17573205337726344,1.0
2025-12-16 17:29:32.628,0.009512999014472763,-0.5642604270830153,-0.8255303871930165,0.0,-0.9999370800491666,-0.008679344416334002,-0.005590333125802082,0.0,-0.004010736018593214,0.82554752004312,-0.5643183553166097,0.0,0.45603900103485334,0.2432395325653769,0.17519766000115344,1.0
2025-12-16 17:29:32.678,0.009590009141366176,-0.5642789760259823,-0.825516817418607,0.0,-0.9999364806851404,-0.008694769278455434,-0.005672960727767085,0.0,-0.003976622354742687,0.8255346790019281,-0.5643373815722572,0.0,0.45597369613300326,0.24319630388568197,0.17469107874157677,1.0
2025-12-16 17:29:32.728,0.009590840903307824,-0.5642261020022084,-0.8255529471156706,0.0,-0.9999367127262914,-0.008644661980518829,-0.005708525430385588,0.0,-0.003915802514401777,0.8255713444861958,-0.5642841674669982,0.0,0.4559357215440858,0.24310619383457227,0.1742300183043146,1.0
2025-12-16 17:29:32.778,0.00954806700757038,-0.5642171795642544,-0.8255595409188761,0.0,-0.999936605145524,-0.008727670234179693,-0.005600032458482815,0.0,-0.0040456548040188,0.8255765690843212,-0.5642756075324965,0.0,0.45587275972611413,0.24305716016364498,0.17366065494508373,1.0
2025-12-16 17:29:32.828,0.009404313732153106,-0.5642195262837705,-0.8255595871556172,0.0,-0.99993762323671,-0.008716085498866096,-0.005433819145312524,0.0,-0.00412986059459105,0.8255750876393961,-0.5642771649824868,0.0,0.4558976059409042,0.24289028390431308,0.17293441012549324,1.0
2025-12-16 17:29:32.878,0.009226964267964754,-0.5642351292736333,-0.8255509244893209,0.0,-0.9999396513401386,-0.00854011991381336,-0.005339188218074368,0.0,-0.004037824076282632,0.8255662628051056,-0.5642907421664299,0.0,0.45607229264396654,0.24263648574190994,0.1722912968883425,1.0
2025-12-16 17:29:32.928,0.00918108299454659,-0.5643528708452535,-0.8254709515088801,0.0,-0.9999402277673505,-0.008483327829037773,-0.005321742452655607,0.0,-0.003999477066269393,0.8254863637967681,-0.5644078909519127,0.0,0.456289408956089,0.2422924643185599,0.17154127633805122,1.0
2025-12-16 17:29:32.978,0.009157731913243794,-0.5643024629717741,-0.8255056711685289,0.0,-0.999940156936701,-0.008528126532994536,-0.005263126870175802,0.0,-0.004070099723688781,0.8255203625103918,-0.564357657314004,0.0,0.4564979518153954,0.24215074534020864,0.1707989760242037,1.0
2025-12-16 17:29:33.028,0.009358590435398051,-0.5642841233493022,-0.8255159549167903,0.0,-0.9999378723078306,-0.00872647990888361,-0.005370937915923822,0.0,-0.004173193748505059,0.825530825950419,-0.56434159855495,0.0,0.4566222899114118,0.2419529974372668,0.16999965641268103,1.0
2025-12-16 17:29:33.082,0.009326654603046547,-0.5642574197212472,-0.8255345690548906,0.0,-0.9999380375302892,-0.008734525330243654,-0.005326919235126104,0.0,-0.004204979860618609,0.8255489936062961,-0.5643147856471631,0.0,0.45688903376450474,0.24177280618692873,0.16918775552056278,1.0
2025-12-16 17:29:33.128,0.009396809823920941,-0.5642659611624753,-0.8255279352873102,0.0,-0.9999373014064575,-0.008789708583978328,-0.005374121341079242,0.0,-0.0042237975563725405,0.8255425696957014,-0.5643240426868421,0.0,0.45710217169173684,0.24150387042274835,0.16829219226964845,1.0
2025-12-16 17:29:33.178,0.009360375227341696,-0.5643250893733002,-0.8254879307298371,0.0,-0.9999377258688994,-0.008753321543637784,-0.005354497856525918,0.0,-0.00420416474983656,0.8255025377772207,-0.5643827470096198,0.0,0.4574292913978731,0.24124031118709952,0.1674809254822685,1.0
2025-12-16 17:29:33.228,0.00942243843739326,-0.5643201177203462,-0.8254906233817538,0.0,-0.9999369700976326,-0.008822098686822162,-0.005382685940547267,0.0,-0.004245083511911098,0.8255052043485119,-0.5643785403959816,0.0,0.45771942136584454,0.24104833078141566,0.1666922985512521,1.0
2025-12-16 17:29:33.278,0.00950205107607804,-0.5643649355792881,-0.825459070708622,0.0,-0.999936143080235,-0.008881622406776396,-0.005438147336695334,0.0,-0.004262398171310824,0.8254739259197728,-0.5644241575166913,0.0,0.4579776561814272,0.24082870958812555,0.1660076334768186,1.0
2025-12-16 17:29:33.328,0.00952427362508422,-0.5642688818265755,-0.8255244782048011,0.0,-0.9999354346965522,-0.008988501233001066,-0.00539260465916881,0.0,-0.004377433068205698,0.8255384327816906,-0.564328923660735,0.0,0.4581503430101334,0.24075277191173083,0.16524282495945372,1.0
2025-12-16 17:29:33.378,0.009577501772303125,-0.5642339617389648,-0.8255477301654716,0.0,-0.9999348176236191,-0.009038747028820283,-0.005422956516218609,0.0,-0.00440218560941271,0.8255617520002186,-0.5642946166641941,0.0,0.4582686484861475,0.24060128093976257,0.16462684891139873,1.0
2025-12-16 17:29:33.428,0.009507682082272532,-0.5642049569029435,-0.8255683602759848,0.0,-0.9999352616584865,-0.009040605026291362,-0.005337307742746647,0.0,-0.00445238770474435,0.8255815547779628,-0.5642652502627895,0.0,0.4583125126122439,0.240591478738504,0.16394864281672755,1.0
2025-12-16 17:29:33.478,0.009580034981730068,-0.5642075459559158,-0.8255657544480394,0.0,-0.9999351928092706,-0.008964301876697596,-0.005477077191191583,0.0,-0.004310495351275363,0.8255806174270083,-0.5642677234776649,0.0,0.45822738139461067,0.24052774267894259,0.16331081499080313,1.0
2025-12-16 17:29:33.528,0.00969236717870565,-0.5641561031250698,-0.8255995980052421,0.0,-0.9999351535212403,-0.008821578092327781,-0.005710990599116157,0.0,-0.004061279317628386,0.8256173094879103,-0.5642158844664412,0.0,0.45816534166569756,0.2405296912054197,0.16267183680901395,1.0
2025-12-16 17:29:33.578,0.009451571241949348,-0.5641542168404456,-0.8256036787244895,0.0,-0.9999376088610208,-0.00865500059917775,-0.005533195382473754,0.0,-0.0040241023028584205,0.8256203615113662,-0.5642116847943661,0.0,0.45802107617108706,0.24055694065484923,0.16184819900569578,1.0
2025-12-16 17:29:33.628,0.00963122601756634,-0.5641439992539868,-0.8256085843136107,0.0,-0.9999353234494539,-0.008871485677897906,-0.005602906487802736,0.0,-0.0041636088201846555,0.8256250454975813,-0.564203818321632,0.0,0.45793918286151214,0.24043946480396142,0.16111852462507376,1.0
2025-12-16 17:29:33.678,0.009539759018370555,-0.5641298749390621,-0.82561929731585,0.0,-0.9999358067778399,-0.00889694292502943,-0.005474817928261704,0.0,-0.0042570613744607475,0.8256344226176874,-0.5641893987104085,0.0,0.4579638868336572,0.2405838349004191,0.16016481210780434,1.0
2025-12-16 17:29:33.728,0.009789362828215943,-0.5641194850286566,-0.8256234746466631,0.0,-0.9999322932030388,-0.009245138682969778,-0.0055392528063913735,0.0,-0.004508289880989186,0.8256376961653482,-0.5641826565866103,0.0,0.45786185928844514,0.2404340296355169,0.15919788750989708,1.0
2025-12-16 17:29:33.778,0.009893606434010233,-0.564088789121765,-0.8256432046835231,0.0,-0.9999311313443675,-0.009328548082582724,-0.005608712887357322,0.0,-0.0045383276496575595,0.8256577306137488,-0.564153095763817,0.0,0.457863070729253,0.24029685939073805,0.1581284649681683,1.0
2025-12-16 17:29:33.828,0.00979590825387978,-0.5639139959203742,-0.8257637630023528,0.0,-0.9999314482293296,-0.009387836136943021,-0.0054510802479736005,0.0,-0.004678284521648189,0.8257764524718565,-0.5639781593261659,0.0,0.4578253375929035,0.24050452350394946,0.15690060252852936,1.0
2025-12-16 17:29:33.878,0.009893528368460502,-0.5638485982469589,-0.825807255509765,0.0,-0.9999300058144436,-0.00952650422030287,-0.005475042509038536,0.0,-0.0047800532915447955,0.8258195208766903,-0.5639142399598752,0.0,0.45784281226601015,0.24074551363348537,0.15581490471148698,1.0
2025-12-16 17:29:33.928,0.010055341297616007,-0.5637888541795126,-0.8258460903313335,0.0,-0.9999286167213444,-0.009578283892779328,-0.0056360305727215605,0.0,-0.004732748206288779,0.8258597112993229,-0.5638557779672165,0.0,0.45795158361676885,0.2407995856927284,0.1549005781012365,1.0
2025-12-16 17:29:33.978,0.010278978477722838,-0.5637155958068653,-0.8258933445347372,0.0,-0.999925948347599,-0.009772115953463058,-0.00577498676668507,0.0,-0.004815368132786609,0.8259074480102404,-0.5637851537163407,0.0,0.45808088474858283,0.24074919189967023,0.1542664448423153,1.0
2025-12-16 17:29:34.028,0.01048749479674552,-0.5637363559113449,-0.8258765527473788,0.0,-0.9999241905859632,-0.009819320858601393,-0.005995074652606669,0.0,-0.00472999639003296,0.8258927178381616,-0.5638074545055652,0.0,0.4582175608066243,0.2404039489062296,0.15379469456936803,1.0
2025-12-16 17:29:34.078,0.010714541984136822,-0.5636241992567474,-0.8259501846379532,0.0,-0.999922003203252,-0.00990794134837862,-0.006210242301318846,0.0,-0.004683313310097993,0.8259682055186068,-0.5636972503470388,0.0,0.4582260960545659,0.2399872781974047,0.15340474361437642,1.0
2025-12-16 17:29:34.128,0.011167299512521715,-0.5634907644469441,-0.826035227278961,0.0,-0.9999169933171098,-0.01017196624416175,-0.0065790941326838515,0.0,-0.0046952340639809355,0.8260560356879574,-0.5635684347801787,0.0,0.4581946432174029,0.23951870239586562,0.15294138534436535,1.0
2025-12-16 17:29:34.178,0.011573084110752403,-0.563374004292429,-0.82610927964337,0.0,-0.9999113279763381,-0.010580430068990329,-0.00679246533737475,0.0,-0.004913987675966626,0.8261305422073911,-0.56345734528644,0.0,0.45805577005226744,0.23897867666088343,0.1522764573690741,1.0
2025-12-16 17:29:34.228,0.011809296845496193,-0.563271429799594,-0.8261758794474362,0.0,-0.9999076846234821,-0.010858268529177286,-0.006889639806527373,0.0,-0.005090200288871666,0.8261968793618286,-0.5633585060987324,0.0,0.4579761194118816,0.23836626299112756,0.15150230343630303,1.0
2025-12-16 17:29:34.278,0.01201828660515303,-0.5631247296507152,-0.8262728644607019,0.0,-0.9999044699603945,-0.011090782338259792,-0.006985155800411237,0.0,-0.005230599225312916,0.8262937889015748,-0.5632150701591923,0.0,0.45791262927381404,0.2377270186169736,0.1507354375282528,1.0
2025-12-16 17:29:34.328,0.01217041720745888,-0.5630383735205234,-0.8263294850055687,0.0,-0.9999011950286246,-0.011396759824128766,-0.00696138973537261,0.0,-0.005498054976753515,0.8263484723306536,-0.5631322878935888,0.0,0.45784888431972054,0.23718938724334826,0.1499343979595818,1.0
2025-12-16 17:29:34.378,0.012165145358479672,-0.5630673938584395,-0.8263097882229645,0.0,-0.999899070337928,-0.011711887915980435,-0.006740008902028809,0.0,-0.005882681636347441,0.8263242915465019,-0.5631638831254514,0.0,0.45774780893689215,0.23678795912060865,0.14914367141762794,1.0
2025-12-16 17:29:34.431,0.012148816712961218,-0.563111482309041,-0.8262799838102082,0.0,-0.9998992929058529,-0.01169967218422518,-0.006728195773432681,0.0,-0.005878593828870825,0.8262944198994443,-0.5632077536554659,0.0,0.4577662757806828,0.23650795935272026,0.1485832219052982,1.0
2025-12-16 17:29:34.479,0.012181022012125137,-0.5629890419392176,-0.8263629397911734,0.0,-0.9998982570667042,-0.011806516161715134,-0.00669541576742256,0.0,-0.005987136966740543,0.826376330513686,-0.5630864183743708,0.0,0.4577999704356152,0.2365146395898566,0.14809239017783746,1.0
2025-12-16 17:29:34.528,0.01215922545989434,-0.5628731752560532,-0.8264421871580566,0.0,-0.9998975307823448,-0.011928338700928123,-0.006587076165815239,0.0,-0.006150512264471508,0.8264535078089555,-0.5629713763852985,0.0,0.4577022943802971,0.2367361609985033,0.14768995059177104,1.0
2025-12-16 17:29:34.580,0.012107072300284858,-0.5628929338295453,-0.8264294953269101,0.0,-0.9998986136863482,-0.011838293602254234,-0.006585138868251476,0.0,-0.006076903869248198,0.8264413449961318,-0.5629900305692354,0.0,0.4576244087343624,0.2368800401989869,0.14744582985861107,1.0
2025-12-16 17:29:34.628,0.01207039093628811,-0.5628394713898689,-0.8264664433656255,0.0,-0.9999000742098245,-0.011676935589164168,-0.006651140627188934,0.0,-0.005907184682649589,0.8264800522228556,-0.5629350126318587,0.0,0.4575184725059863,0.237046858965913,0.14721184507640558,1.0
2025-12-16 17:29:34.678,0.012215809862984551,-0.5627776799277092,-0.8265063846491355,0.0,-0.9998985786670653,-0.011720307229508961,-0.006798064374284857,0.0,-0.005861222705379143,0.8265215162321633,-0.5628746123904361,0.0,0.4572342624164232,0.23736355861673417,0.1469751414674183,1.0
2025-12-16 17:29:34.730,0.012416383030654397,-0.5627489110378846,-0.826522984229307,0.0,-0.9998965495065765,-0.011770327673409915,-0.007006894641088574,0.0,-0.005785435412513399,0.8265403937703385,-0.5628476758440613,0.0,0.45697558879825695,0.23766518498937428,0.14676944724643795,1.0
2025-12-16 17:29:34.778,0.012379920725483447,-0.5627345471809624,-0.8265333108066948,0.0,-0.9998973139126804,-0.01170485476620753,-0.007007489301948618,0.0,-0.005731206386700238,0.8265511031670573,-0.562832503616017,0.0,0.4566742104800261,0.23794493409928832,0.1464194378371892,1.0
2025-12-16 17:29:34.828,0.0123704050561593,-0.5627088429625653,-0.8265509530765092,0.0,-0.99989740428218,-0.011703230920647517,-0.006997299263601604,0.0,-0.005735984934536209,0.8265686259217665,-0.562806720925251,0.0,0.4563796958016999,0.23821792825781682,0.14606948482170998,1.0
2025-12-16 17:29:34.878,0.012476552526980754,-0.5626716365171095,-0.8265746862791091,0.0,-0.9998965097822577,-0.01170110670355255,-0.007127462969395534,0.0,-0.005661526351328656,0.8265939845466126,-0.5627702300501756,0.0,0.4561276667917483,0.23844299595467416,0.14566694616651152,1.0
2025-12-16 17:29:34.929,0.012612939090998953,-0.5626571480460923,-0.826582478898103,0.0,-0.9998955919717945,-0.011660447638204684,-0.007320247090056584,0.0,-0.005519638633312654,0.8266044215786001,-0.562756309441365,0.0,0.45605532320140507,0.23851219364632045,0.14530856161671543,1.0
2025-12-16 17:29:34.982,0.012616330724103338,-0.5625941134962988,-0.8266253314286842,0.0,-0.9998952118648003,-0.011712039828901899,-0.007289740331504847,0.0,-0.005580411246059857,0.8266465961851923,-0.562693756874697,0.0,0.4559485875118253,0.23849292180755646,0.14482559668454123,1.0
2025-12-16 17:29:35.030,0.01272007839473583,-0.5625840361876425,-0.8266305999257838,0.0,-0.999893056029106,-0.011893335497021236,-0.007291911734135473,0.0,-0.005729192226811357,0.8266508660466613,-0.5626859888256797,0.0,0.4558243765628261,0.2384784346806209,0.1442923742691113,1.0
2025-12-16 17:29:35.078,0.012777493236731441,-0.5625591352833795,-0.8266466608394482,0.0,-0.9998913543507157,-0.012063325328416464,-0.007245866264316607,0.0,-0.005895992857455546,0.8266653491530743,-0.5626629877447517,0.0,0.4557052201474118,0.23833846301671266,0.14369239579083143,1.0
2025-12-16 17:29:35.128,0.012868020337522495,-0.5626123971193079,-0.8266090076701728,0.0,-0.9998901148487747,-0.012125742017806975,-0.007312421584552739,0.0,-0.005909302312553012,0.8266281871581784,-0.5627174427203784,0.0,0.4556017200739149,0.23798845138183664,0.14294511311682248,1.0
2025-12-16 17:29:35.178,0.013094671054071121,-0.5625300144631579,-0.8266615143571603,0.0,-0.9998868829950652,-0.012292854635694076,-0.0074735427025349336,0.0,-0.005958052455339836,0.8266817846519289,-0.562638186169088,0.0,0.45537821249960503,0.23762566086070921,0.14222500901247762,1.0
2025-12-16 17:29:35.228,0.013283854648121292,-0.5625294884068918,-0.8266588539292231,0.0,-0.999883939265678,-0.012461111947139423,-0.0075878579849189415,0.0,-0.0060328108008478026,0.8266796234426237,-0.5626405649956312,0.0,0.45511502505388607,0.23731845110095676,0.14147056100184038,1.0
2025-12-16 17:29:35.278,0.013119755830983633,-0.5625376668035477,-0.8266559092726334,0.0,-0.9998859918431946,-0.012384452985154257,-0.0074414743981075955,0.0,-0.006051688111546129,0.8266752101427203,-0.56264684661561,0.0,0.45479314537271104,0.23702469739883247,0.14063873948573322,1.0
2025-12-16 17:29:35.328,0.011999087379366707,-0.5637446023870625,-0.8258503448462824,0.0,-0.9999071270080214,-0.010683387167036228,-0.007235295323034495,0.0,-0.004744111629836177,0.8258763632738387,-0.5638312921348212,0.0,0.4545512796409903,0.23610445119583423,0.1393668950405441,1.0
2025-12-16 17:29:35.378,0.00970304172218405,-0.5639791162422395,-0.8257203850730392,0.0,-0.999938873046111,-0.007929015212293389,-0.006334649970203921,0.0,-0.002974596472645114,0.8257472748679521,-0.5640324368544558,0.0,0.45427952000190663,0.23592210175137615,0.13756714206174903,1.0
2025-12-16 17:29:35.428,0.00925322333445566,-0.5642814836313682,-0.8255189470811152,0.0,-0.9999419286971776,-0.007992527044362822,-0.005745054048648731,0.0,-0.003356219505691493,0.8255400625929157,-0.5643335368775404,0.0,0.45365622113267023,0.23787049444819428,0.1352735684440963,1.0
2025-12-16 17:29:35.478,0.009196342488749367,-0.5643187882325561,-0.8254940820101483,0.0,-0.9999412635502797,-0.00823934173697243,-0.005507231465946502,0.0,-0.0036937647725689957,0.8255121354719297,-0.5643722798741796,0.0,0.4528225250816301,0.23820808775903893,0.133889259461107,1.0
2025-12-16 17:29:35.529,0.009224018109840023,-0.5641515258175163,-0.8256080912326902,0.0,-0.9999434291839991,-0.007653766668615234,-0.005941816955710647,0.0,-0.002966983711953812,0.8256320893126581,-0.5642010724066979,0.0,0.45290090159653484,0.23729578779196467,0.13417964100649085,1.0
2025-12-16 17:29:35.578,0.009376187177796484,-0.5641155129691624,-0.8256309841828576,0.0,-0.9999419524620325,-0.007756403777857967,-0.006056138048430403,0.0,-0.00298762338403833,0.8256557382523693,-0.5641663548967187,0.0,0.453080967664396,0.23679391879208403,0.13409542532209773,1.0
2025-12-16 17:29:35.628,0.009387878916234252,-0.5640891412618231,-0.8256488692786792,0.0,-0.9999411228664858,-0.007954326064599598,-0.00593518311242717,0.0,-0.0032195699626884518,0.8256718729625117,-0.5641414650314526,0.0,0.4532847005655038,0.23655543105819335,0.1341008605021975,1.0
2025-12-16 17:29:35.678,0.009312005719087552,-0.5641060274888343,-0.8256381914624967,0.0,-0.9999414446163672,-0.008009273513104022,-0.0058056677077657475,0.0,-0.0033378142140066446,0.8256598048221424,-0.564158440242929,0.0,0.4534862549279192,0.23651488714951835,0.13404825330473177,1.0
2025-12-16 17:29:35.728,0.00919257582249646,-0.5641067324946201,-0.8256390481349579,0.0,-0.9999429168210326,-0.007849531010059524,-0.005770170151360249,0.0,-0.0032259495909557306,0.8256608572900896,-0.5641575506790907,0.0,0.45369828358172964,0.2364837553664825,0.13393252841357428,1.0
2025-12-16 17:29:35.778,0.009256205881471297,-0.56407698285476,-0.8256586625036758,0.0,-0.9999423126111014,-0.007889626706752353,-0.00581997780045839,0.0,-0.003231285328641868,0.8256808002380789,-0.5641283319541136,0.0,0.45382255726366943,0.23653723949757652,0.1338870208033126,1.0
2025-12-16 17:29:35.828,0.009282133169686246,-0.5640801375505824,-0.8256562161856134,0.0,-0.9999418977635196,-0.007948501476813214,-0.005811137803568877,0.0,-0.0032848454855834443,0.8256780803295,-0.5641320035714403,0.0,0.4538022725106913,0.2365620844155755,0.13387201345886163,1.0
2025-12-16 17:29:35.878,0.009428590112200538,-0.5640989540537292,-0.825641701118102,0.0,-0.999940465252564,-0.008046870993619703,-0.005921209243601633,0.0,-0.003303747922186228,0.825664271998677,-0.5641521028894257,0.0,0.4537750495682922,0.23657596240521978,0.13385201006805103,1.0
2025-12-16 17:29:35.931,0.009439205814144726,-0.5641244258807345,-0.82562417625669,0.0,-0.9999403631722131,-0.008053524735303073,-0.005929396222903242,0.0,-0.0033043311040959335,0.8256468037006545,-0.5641776643353114,0.0,0.45374985145530367,0.23661975004857352,0.1338379585818615,1.0
2025-12-16 17:29:35.978,0.009428376881175898,-0.5641257613044176,-0.8256233875341141,0.0,-0.9999405046755219,-0.008037577053168125,-0.005927171803221811,0.0,-0.003292404677321199,0.8256460466572798,-0.5641788419558516,0.0,0.4537498568515984,0.23661508167826087,0.13383491163932715,1.0
2025-12-16 17:29:36.028,0.009440626928810763,-0.5641253700442984,-0.8256235148884645,0.0,-0.9999403047860994,-0.008065546873238004,-0.0059228978655634455,0.0,-0.0033179120889240475,0.825646041230027,-0.5641787004669305,0.0,0.45374115240655377,0.23662834268442254,0.13383443084158422,1.0
2025-12-16 17:29:36.078,0.00944721577975408,-0.5641263597850459,-0.8256227632586762,0.0,-0.999940245176133,-0.008068619883577733,-0.005928773184871148,0.0,-0.0033171228740852083,0.8256453349466644,-0.5641797387151091,0.0,0.4537414689364121,0.23662974045954832,0.1338353338854564,1.0
2025-12-16 17:29:36.128,0.00945156292992788,-0.5641219337960041,-0.8256257376497214,0.0,-0.9999402846589954,-0.008050914282150089,-0.005946158130834385,0.0,-0.0032927472151191837,0.8256485319077724,-0.5641752029062579,0.0,0.45375950785328195,0.2366253262650658,0.13383667756827244,1.0
2025-12-16 17:29:36.178,0.00944605236309199,-0.5641212775048927,-0.8256262491358968,0.0,-0.9999404724198178,-0.008013560993265185,-0.005965011169064499,0.0,-0.0032512791812669816,0.825649343719382,-0.5641742553497449,0.0,0.4538120223168367,0.23661416099073906,0.13382223668375112,1.0
2025-12-16 17:29:36.228,0.009387424243651419,-0.5641269268192011,-0.8256230578204573,0.0,-0.9999407095554546,-0.008059353564731796,-0.005862686675989007,0.0,-0.0033467531521095928,0.825645038014851,-0.5641799982672145,0.0,0.45377404513435027,0.23663243917208934,0.13378242232516074,1.0
2025-12-16 17:29:36.278,0.009385451920207753,-0.5641264102405549,-0.8256234332082435,0.0,-0.9999407582244386,-0.008050787836671406,-0.005866153590919382,0.0,-0.0033377311882470057,0.8256454745464876,-0.5641794128745042,0.0,0.45377281576618284,0.2366311381674901,0.13378084446569566,1.0
2025-12-16 17:29:36.328,0.0094579591834258,-0.564136420547501,-0.8256157659112051,0.0,-0.999940129384377,-0.00807829412390622,-0.005935125273423491,0.0,-0.003321410610561297,0.8256383660566445,-0.5641899119329148,0.0,0.45370827416082216,0.2367094726192805,0.1337430554159758,1.0
2025-12-16 17:29:36.381,0.00950178481919427,-0.5641138454689407,-0.8256306876180791,0.0,-0.9999395545685187,-0.008142183520992476,-0.00594465794062223,0.0,-0.00336903759268147,0.8256531632574171,-0.5641679746216722,0.0,0.4536376077765352,0.23679118481507883,0.13371054884874572,1.0
2025-12-16 17:29:36.429,0.00952989849828645,-0.5641112532270592,-0.82563213474187,0.0,-0.9999395075331567,-0.008103451590918458,-0.006005185082033897,0.0,-0.0033029411451531063,0.8256553154449859,-0.5641652157455583,0.0,0.45365539785383474,0.2367870655052189,0.1337136645455355,1.0
2025-12-16 17:29:36.478,0.009523922170295065,-0.5641111339520296,-0.8256322851966594,0.0,-0.9999395588264695,-0.008101489870578134,-0.005999288042000439,0.0,-0.0033046500398189647,0.8256554161901223,-0.564165058297685,0.0,0.45365516849841536,0.23678578008920828,0.133712911852575,1.0
2025-12-16 17:29:36.528,0.009506968083343155,-0.5641198422810229,-0.8256265305838376,0.0,-0.9999398281803095,-0.008064864793519103,-0.006003738485645428,0.0,-0.003271801323796156,0.8256498248009154,-0.5641734326626123,0.0,0.4536684588088621,0.23676284850943402,0.13371333685762643,1.0
2025-12-16 17:29:36.578,0.00950684379646748,-0.5641188208936349,-0.8256272298899868,0.0,-0.9999398295707368,-0.008064734557177725,-0.006003681851724292,0.0,-0.0032717375161111727,0.8256505239418258,-0.5641724098608636,0.0,0.4536733520612979,0.2367609996347626,0.1337166656297432,1.0
2025-12-16 17:29:36.628,0.00949698126981156,-0.5641175016084551,-0.8256282448093716,0.0,-0.9999398611515338,-0.008074796167584553,-0.005984868278555085,0.0,-0.003290674201957584,0.8256513270059777,-0.5641711244618645,0.0,0.45366586981519247,0.23676581787852782,0.13371376227967988,1.0
2025-12-16 17:29:36.678,0.009499276495127244,-0.5641163776804374,-0.825628986337071,0.0,-0.9999398819178488,-0.00806538134305097,-0.005994086679229926,0.0,-0.003277713263832525,0.8256521869556688,-0.5641699413927345,0.0,0.4536701038716285,0.23676092800016496,0.13371588002635618,1.0
2025-12-16 17:29:36.728,0.009491234980906893,-0.5641158291949311,-0.8256294535755497,0.0,-0.999939962401464,-0.00805980154571828,-0.005988162724126373,0.0,-0.003276455247560506,0.8256526161967823,-0.5641693205132832,0.0,0.4536718061938796,0.23676153473714584,0.13371776828908713,1.0
2025-12-16 17:29:36.778,0.009498672371620791,-0.5641158622496362,-0.8256293454588047,0.0,-0.9999398873785456,-0.00806510682737901,-0.005993545065567024,0.0,-0.003277798136121302,0.8256525418053767,-0.5641694215833568,0.0,0.45367126898864185,0.23676279723899643,0.1337176443565688,1.0
2025-12-16 17:29:36.828,0.009503644626826319,-0.5641150989738025,-0.8256298097511937,0.0,-0.999939829554007,-0.008070570260660286,-0.005995837587810456,0.0,-0.003281024044494028,0.8256530099259584,-0.564168717744457,0.0,0.45366940976553155,0.23676448300535058,0.1337188514477066,1.0
2025-12-16 17:29:36.878,0.00950257748866662,-0.5641149970690319,-0.8256298916609586,0.0,-0.9999398555500336,-0.008065974840734989,-0.005997685691548931,0.0,-0.003276188564368923,0.8256531244594584,-0.5641685782271331,0.0,0.45367231151516685,0.23676252664162656,0.13371842651728938,1.0
2025-12-16 17:29:36.928,0.009489408893217423,-0.5641164153158689,-0.8256290740951652,0.0,-0.9999399419710726,-0.008068274578858881,-0.005980158644757604,0.0,-0.003287959715801185,0.8256521329730598,-0.564169960772411,0.0,0.4536686437094975,0.2367633888199766,0.1337162029125207,1.0
2025-12-16 17:29:36.978,0.009501322276834019,-0.5641192681845086,-0.8256269878335947,0.0,-0.9999397747841057,-0.008088557878555565,-0.005980713783940484,0.0,-0.0033043594133301754,0.8256499852798449,-0.5641730080536107,0.0,0.4536653845616139,0.2367635908515848,0.13371536313627322,1.0
2025-12-16 17:29:37.028,0.009495479558438625,-0.5641175017110032,-0.8256282620117239,0.0,-0.9999398371759176,-0.008083525935951345,-0.005977084427249561,0.0,-0.0033022731138010056,0.8256512415117575,-0.5641711818077695,0.0,0.4536679425022419,0.2367618200379396,0.1337178524361758,1.0
2025-12-16 17:29:37.078,0.00951173144358131,-0.564125760863717,-0.8256224317423103,0.0,-0.9999397133225543,-0.008085091992555077,-0.0059956575192564926,0.0,-0.003292991852122322,0.8256455830292037,-0.5641795170236402,0.0,0.45362249429166723,0.23674792856108434,0.1337527904274247,1.0
2025-12-16 17:29:37.128,0.00949737923607352,-0.5641429305833492,-0.8256108650942555,0.0,-0.9999397585067199,-0.008099898179471113,-0.005968074079075917,0.0,-0.003320581073695574,0.8256337061330218,-0.5641967361110697,0.0,0.45354222758927204,0.23672400793628787,0.1337799854815182,1.0
2025-12-16 17:29:37.178,0.009363053980424385,-0.5640765505672576,-0.8256577530802409,0.0,-0.9999412741326686,-0.007961048034197442,-0.0059005848304008335,0.0,-0.003244781966725078,0.8256804100133598,-0.5641288256330803,0.0,0.45369826799875507,0.23663127437729603,0.13386612243280915,1.0
2025-12-16 17:29:37.228,0.009283797354680328,-0.5640893317485692,-0.8256499160148555,0.0,-0.9999423245986968,-0.007835956472252834,-0.005890005392807169,0.0,-0.0031473281930081178,0.8256728747025246,-0.5641404065529383,0.0,0.4539145218801851,0.2364510743462399,0.13408215917750246,1.0
2025-12-16 17:29:37.278,0.009218220895185128,-0.5642228173963344,-0.825559436766414,0.0,-0.999943150013965,-0.007741879285329791,-0.005874261356807633,0.0,-0.0030770484521679725,0.8255825489851224,-0.5642729716937104,0.0,0.4541480684475818,0.23605691930941305,0.1343450602354419,1.0
2025-12-16 17:29:37.328,0.008714608842541712,-0.564431417297168,-0.8254223026195985,0.0,-0.9999491173295084,-0.007034155766022437,-0.005747199822940438,0.0,-0.0025622982400041057,0.8254462799257294,-0.5644748653257323,0.0,0.4542493152064782,0.23556165143038466,0.134419473524709,1.0
2025-12-16 17:29:37.378,0.008573999856343432,-0.564455369580301,-0.8254073958837765,0.0,-0.9999507437251545,-0.006818162521016195,-0.005724481160399731,0.0,-0.0023965937839924485,0.8254317132091926,-0.5644968938504195,0.0,0.4542969467583829,0.2354981661537828,0.13445726615090628,1.0
2025-12-16 17:29:37.428,0.008548021494034736,-0.5643816813583924,-0.8254580522212016,0.0,-0.9999511044189737,-0.006754770445374566,-0.005736614743371208,0.0,-0.0023381843981662423,0.8254826207747031,-0.5644226923969728,0.0,0.4543846049555602,0.23562872730418205,0.13466552679286453,1.0
2025-12-16 17:29:37.478,0.008535329234682974,-0.5643211951064953,-0.8254995359233346,0.0,-0.999951114029904,-0.006781762140064953,-0.005702995163720028,0.0,-0.0023800662765402197,0.825523751409394,-0.5643623580143169,0.0,0.45440972338728924,0.23580538048737798,0.13492666965049638,1.0
2025-12-16 17:29:37.528,0.008616835261050011,-0.5643498821473615,-0.8254790776098152,0.0,-0.9999500980131569,-0.0069349908793540065,-0.0056968663482185366,0.0,-0.0025097123418347865,0.8255028670108234,-0.5643923439424672,0.0,0.4543717228972217,0.23607161078338518,0.1351641998422173,1.0
2025-12-16 17:29:37.578,0.008893094479006347,-0.5644293317937936,-0.8254218249977446,0.0,-0.9999468068085053,-0.0073609164732335065,-0.005739979386375648,0.0,-0.0028361029832011525,0.8254448567269079,-0.5644756372271199,0.0,0.45418840100549485,0.2363898155327797,0.1353150077527188,1.0
2025-12-16 17:29:37.628,0.009178325008313393,-0.564440518075291,-0.825411053237202,0.0,-0.9999439934255353,-0.007589716430912313,-0.005929006485033587,0.0,-0.0029181205237898133,0.8254351353242875,-0.5644894347503626,0.0,0.454053638334735,0.23670469094653754,0.1354306180817893,1.0
2025-12-16 17:29:37.678,0.009311146207222452,-0.5644281521100611,-0.8254180217096897,0.0,-0.9999430412151472,-0.007585299069049466,-0.0060929848714547765,0.0,-0.0028220446929265904,0.8254436319229463,-0.5644774987380866,0.0,0.453985741587453,0.23695321829074134,0.1355459447706896,1.0
2025-12-16 17:29:37.728,0.009065927962468155,-0.5644944878027653,-0.825375386773607,0.0,-0.9999451906208662,-0.007477541464392486,-0.005869329523570934,0.0,-0.0028586295526120123,0.825399250873074,-0.5645422082495243,0.0,0.45382524171881816,0.2371314197594018,0.1354535452032834,1.0
2025-12-16 17:29:37.778,0.008801423112774794,-0.5645137124975741,-0.8253651011852902,0.0,-0.9999472322014359,-0.007419423715680862,-0.005588547720393546,0.0,-0.002968978746761476,0.8253866269092314,-0.564560095370371,0.0,0.4536286916039603,0.23729777570505572,0.1353519095652976,1.0
2025-12-16 17:29:37.828,0.008817843684867035,-0.5645203423929293,-0.8253603913191664,0.0,-0.999947430976802,-0.007331325866614997,-0.005668672255454698,0.0,-0.0028509600734109766,0.8253828795735793,-0.5645661822439301,0.0,0.4536216450146311,0.23740109229356304,0.13537579563773325,1.0
2025-12-16 17:29:37.879,0.00878897506215888,-0.564526542843388,-0.8253564582917235,0.0,-0.9999479457768791,-0.007238359806669198,-0.005697261194401788,0.0,-0.0027580249486489445,0.8253794592013179,-0.564571644370245,0.0,0.4535524923613088,0.2374520138785145,0.13531513141845147,1.0
2025-12-16 17:29:37.928,0.00877478913630319,-0.5645389762885044,-0.8253481048793591,0.0,-0.9999481561661077,-0.007204611789881453,-0.005703108815964221,0.0,-0.002726737972699263,0.8253712502008078,-0.5645837973604837,0.0,0.45351357490737404,0.23745947703236628,0.1352802892411638,1.0
2025-12-16 17:29:37.978,0.008827392408491536,-0.5645310539514997,-0.825352962779491,0.0,-0.9999478853615028,-0.007175311376310583,-0.005786913591905926,0.0,-0.002655323197338228,0.8253769242287755,-0.56457584274335,0.0,0.4535418262015333,0.23745241601120307,0.13530470564958877,1.0
2025-12-16 17:29:38.029,0.00883778613544814,-0.5645287597327432,-0.8253544207624038,0.0,-0.9999478594688028,-0.007160577845816013,-0.005809592918745034,0.0,-0.0026303829383089667,0.8253786213803672,-0.5645734783478961,0.0,0.45361491674008947,0.23741651930480312,0.13535334704685711,1.0
2025-12-16 17:29:38.078,0.008699659044972222,-0.5644616325998152,-0.8254017980089822,0.0,-0.9999490750830673,-0.007080760375445133,-0.005697102266228707,0.0,-0.002628727310026287,0.825425219331536,-0.5645053561164987,0.0,0.45376749271927563,0.23728258839371047,0.13546552771224,1.0
2025-12-16 17:29:38.128,0.008558095767539724,-0.564523513136522,-0.8253609568025622,0.0,-0.9999505711799455,-0.006913287185180341,-0.005639907659186511,0.0,-0.0025221453993963315,0.8253843182600363,-0.564565643617285,0.0,0.45390214986336963,0.23708747111149714,0.1355347853103062,1.0
2025-12-16 17:29:38.178,0.008518752766802874,-0.564533487837825,-0.825354541310682,0.0,-0.9999507784075629,-0.006932846857879648,-0.005578825840819752,0.0,-0.0025726721603160124,0.8253773317552094,-0.5645756296392949,0.0,0.45388579924223416,0.23707502240685382,0.1355136990332529,1.0
2025-12-16 17:29:38.228,0.008562647526921385,-0.5645256236228552,-0.8253594660763056,0.0,-0.9999503702540729,-0.0069682153036237475,-0.005607843206896487,0.0,-0.0025855610590136955,0.8253824128496081,-0.5645681424173428,0.0,0.4538876259586202,0.23709346892816335,0.13552637714147148,1.0
2025-12-16 17:29:38.278,0.008546546808429626,-0.5645214386282561,-0.8253624953727566,0.0,-0.9999506419369444,-0.0069159015401115105,-0.0056241352213390675,0.0,-0.002533229619228715,0.8253857152463094,-0.5645635516175607,0.0,0.45391229417131657,0.23705856650504858,0.1355318344325388,1.0
2025-12-16 17:29:38.328,0.008626245167839159,-0.5644751407706597,-0.8253933306293773,0.0,-0.9999494274307271,-0.007126721391937513,-0.005576676821462384,0.0,-0.0027345055200363308,0.825415585957291,-0.5645189393973802,0.0,0.45392607809633206,0.237046744287002,0.13556652050216045,1.0
2025-12-16 17:29:38.378,0.008607870881884996,-0.5644801388377156,-0.8253901043251259,0.0,-0.999949669612811,-0.007090930639124386,-0.005578874896391209,0.0,-0.0027036719579792362,0.8254124761043138,-0.5645236349784559,0.0,0.4539607660232418,0.23703245817150112,0.13559148689133013,1.0
2025-12-16 17:29:38.428,0.008577951212271282,-0.5644854840216142,-0.8253867602421862,0.0,-0.9999498384872559,-0.0071008522109764945,-0.005535820480864722,0.0,-0.002736111776409091,0.8254087352676222,-0.5645289482712569,0.0,0.4539413582737021,0.23702994785009443,0.13556894540678668,1.0
2025-12-16 17:29:38.478,0.008786664226326403,-0.5644956230209295,-0.8253776305565804,0.0,-0.9999481486593702,-0.007181530371034567,-0.005733455802254429,0.0,-0.002691015626647828,0.8254011030998817,-0.5645403240127277,0.0,0.45395131233645714,0.23699083568648963,0.13554174928128426,1.0
2025-12-16 17:29:38.528,0.008796443941350084,-0.5645244764639844,-0.8253577920806583,0.0,-0.9999481311993773,-0.007166134764609198,-0.005755721033560386,0.0,-0.002665431081734791,0.8253815027909265,-0.5645691014638866,0.0,0.45395207544932187,0.23692512467275548,0.13546626011068813,1.0
2025-12-16 17:29:38.578,0.008939006227038394,-0.564546193797115,-0.8253414058061497,0.0,-0.9999466241592136,-0.007320713676714244,-0.005822618402749262,0.0,-0.002755004102604654,0.8253652917763407,-0.5645923707271917,0.0,0.453864731371258,0.23690139246678782,0.13538372993056663,1.0
2025-12-16 17:29:38.628,0.008922796858381406,-0.5644970989869458,-0.82537516065893,0.0,-0.9999467333183784,-0.007321860537200481,-0.0058023947974664624,0.0,-0.0027679000775209955,0.8253988607389071,-0.5645432307804911,0.0,0.45367781002826246,0.23687405009987728,0.1352336843848217,1.0
2025-12-16 17:29:38.678,0.009095999761148792,-0.5645416271044559,-0.8253428142025634,0.0,-0.9999455927769596,-0.007291093198294416,-0.0060331042687233665,0.0,-0.002611763163071761,0.8253686776116629,-0.5645881018147254,0.0,0.4534909664213386,0.23683514595893237,0.1350386582732473,1.0
2025-12-16 17:29:38.728,0.009115776198400451,-0.56452262464864,-0.8253555935385177,0.0,-0.9999452674472082,-0.007347540473936094,-0.006018526407924716,0.0,-0.002666790648578828,0.8253811744049933,-0.5645695751326583,0.0,0.45323301024327134,0.23682807856581736,0.13471329459006015,1.0
2025-12-16 17:29:38.779,0.008943662856490236,-0.5645274041412347,-0.8253542074585171,0.0,-0.9999465818854564,-0.007323400543361946,-0.0058264982006459515,0.0,-0.0027552345937273057,0.8253781199149476,-0.5645736159687236,0.0,0.45303184777032707,0.23677874540740046,0.13439021383621472,1.0
