timestamp, data
2025-12-16 18:00:25.978,0.007368280664954868,-0.5769489428624661,-0.816735191277524,0.0,-0.9999608676335685,-0.006025510538501704,-0.004764800675740982,0.0,-0.002172241611771263,0.8167540639321142,-0.5769818718267985,0.0,0.4443412401739276,0.24768631495142493,0.24348009923239636,1.0
2025-12-16 18:00:26.028,0.007377515817193933,-0.5769493844914177,-0.816734795938406,0.0,-0.9999608381165035,-0.0060162778847224,-0.004782628457467709,0.0,-0.0021544104247771404,0.8167538200245579,-0.5769822839490079,0.0,0.4443456887768068,0.24768561935825809,0.24348427500946665,1.0
2025-12-16 18:00:26.078,0.00736296370824979,-0.5769480422501213,-0.8167358754275409,0.0,-0.9999609377380463,-0.0060107655585213615,-0.0047687101668951615,0.0,-0.0021579514228320974,0.816754808777744,-0.5769808710729392,0.0,0.44433851329978,0.24768530254446033,0.2434766417575577,1.0
2025-12-16 18:00:26.128,0.0073670287370668315,-0.5769418860843665,-0.8167401874955152,0.0,-0.9999609106423343,-0.006011998240799047,-0.00477283623378062,0.0,-0.0021566329535911036,0.8167591484124711,-0.5769747329119692,0.0,0.44433798192106727,0.24768770481509195,0.24347571577986873,1.0
2025-12-16 18:00:26.178,0.007352966373662894,-0.5769395221449538,-0.8167419840891422,0.0,-0.9999609868978643,-0.006014159605553227,-0.004754100093230352,0.0,-0.002169230177253594,0.8167608023652381,-0.5769723443633417,0.0,0.44432492332189666,0.24769352541641496,0.24346788004179348,1.0
2025-12-16 18:00:26.228,0.007307613005594059,-0.5769212091522326,-0.8167553269637701,0.0,-0.9999613116961339,-0.005990769944497137,-0.004715155101131189,0.0,-0.002172762114901217,0.816773910043017,-0.5769537754255825,0.0,0.44429605346979306,0.24770874210357668,0.24343875349539973,1.0
2025-12-16 18:00:26.278,0.0074492632344420814,-0.5769476212639508,-0.816735390255829,0.0,-0.999960553364252,-0.005961328567051255,-0.004909295100435988,0.0,-0.0020364610915610316,0.8167554684976092,-0.5769803787872456,0.0,0.444300144651248,0.24777648185226192,0.24343665375667733,1.0
2025-12-16 18:00:26.328,0.0074807138083703515,-0.5769577508326162,-0.816727947101294,0.0,-0.9999603992216874,-0.005946872572575614,-0.004957983079544886,0.0,-0.001996468699841391,0.8167484182293883,-0.576990498563471,0.0,0.4442347284771108,0.24787687315177373,0.2433802046884134,1.0
2025-12-16 18:00:26.378,0.007485328153869274,-0.5769534557258947,-0.8167309389814892,0.0,-0.9999602976083605,-0.005976725311846087,-0.004942556297523615,0.0,-0.0020297906197617632,0.8167512344578969,-0.5769863958201626,0.0,0.4441559930723344,0.2479286120536616,0.24328863403663448,1.0
2025-12-16 18:00:26.428,0.007423265773289319,-0.5769912515296072,-0.8167048044947239,0.0,-0.9999607796559132,-0.005933317380097557,-0.004897121196515022,0.0,-0.002020211618182157,0.8167248501676658,-0.577023775821778,0.0,0.4441490097296463,0.24797212818615885,0.24322441792145474,1.0
2025-12-16 18:00:26.478,0.007398416263484121,-0.5770013620445756,-0.8166978869427207,0.0,-0.9999609379158377,-0.005929477252153478,-0.004869378112520306,0.0,-0.0020329928806872405,0.8167177350545846,-0.5770338015985342,0.0,0.4441369681273918,0.24801575672988355,0.24317344434452431,1.0
2025-12-16 18:00:26.528,0.007471877558311971,-0.5769905107667488,-0.8167048845403635,0.0,-0.9999604435542049,-0.0059508388277870125,-0.004944263881719549,0.0,-0.0020073244425029006,0.8167252460240549,-0.5770232604978153,0.0,0.4441133249371736,0.24813579379867934,0.24309732112556431,1.0
2025-12-16 18:00:26.578,0.007561164963472392,-0.5770293484704546,-0.8166766230824575,0.0,-0.9999595617382857,-0.006086178493332986,-0.004957844363341291,0.0,-0.0021096586140812203,0.8166968091228807,-0.5770631432599359,0.0,0.444037803278873,0.24832544607345702,0.24299997135627643,1.0
2025-12-16 18:00:26.628,0.007645025407699197,-0.576974218700966,-0.8167147919819584,0.0,-0.9999589392427761,-0.006128367019148378,-0.005030889319893552,0.0,-0.0021024750396759105,0.8167354430190088,-0.5770084884256479,0.0,0.4439966605146707,0.2483520406108822,0.2429735827409429,1.0
2025-12-16 18:00:26.678,0.007724697425570991,-0.5769983086180711,-0.8166970232606318,0.0,-0.99995829700702,-0.0061860829823018335,-0.0050875854159728034,0.0,-0.0021166681297434273,0.8167179889604954,-0.5770331413570218,0.0,0.4439886127020924,0.24831876549063583,0.2428932437382751,1.0
2025-12-16 18:00:26.728,0.00774789569768271,-0.5770518995233336,-0.8166589387681852,0.0,-0.9999576652319769,-0.006366298733082778,-0.004988475264352531,0.0,-0.002320530317620224,0.8166787394839494,-0.5770879063140659,0.0,0.4439591484987258,0.248299440744299,0.2427012104917512,1.0
2025-12-16 18:00:26.778,0.0076117786771834495,-0.5771009950148858,-0.8166255257334336,0.0,-0.9999586089666251,-0.006323483676473533,-0.004851887151808418,0.0,-0.002363934791828418,0.8166443791851195,-0.5771363528297719,0.0,0.44400654720091576,0.2481613797467501,0.24247098082528507,1.0
2025-12-16 18:00:26.828,0.007612637521158023,-0.57704514569797,-0.8166649830117539,0.0,-0.9999587597487198,-0.006268509745633501,-0.004891982070618587,0.0,-0.002296422111476635,0.8166842681318024,-0.5770801786853438,0.0,0.4442074436132675,0.2479555028448253,0.24222779060440885,1.0
2025-12-16 18:00:26.878,0.007784852544878203,-0.5770823936763663,-0.8166370392535586,0.0,-0.9999568972460768,-0.006550124074481254,-0.00490371551133183,0.0,-0.0025192745495822323,0.8166557378039876,-0.5771196229271437,0.0,0.44432378508492176,0.2478713478959812,0.2417426150355977,1.0
2025-12-16 18:00:26.928,0.00776630431135649,-0.577107549987006,-0.8166194383962136,0.0,-0.9999564140053722,-0.0067337994045624195,-0.004751098431366527,0.0,-0.002757109795460762,0.8166364664845558,-0.5771458047609762,0.0,0.4442892387287995,0.2478350723029927,0.24101140763269835,1.0
2025-12-16 18:00:26.978,0.007912185332257644,-0.5771007432932805,-0.8166228482689051,0.0,-0.9999554768566501,-0.00675593947099229,-0.0049141110551200835,0.0,-0.002681169011810326,0.8166410938818381,-0.5771396149253704,0.0,0.44433748942543094,0.24769287182862862,0.24026431438554924,1.0
2025-12-16 18:00:27.028,0.007939882862709557,-0.5771039765705892,-0.8166202944990698,0.0,-0.9999554547899245,-0.006710948059145144,-0.0049798105617283855,0.0,-0.002606478085465467,0.8166391799238463,-0.5771426652789565,0.0,0.4443869474767463,0.2475058983466661,0.23939278860517837,1.0
2025-12-16 18:00:27.078,0.007841867169404713,-0.5771005037210356,-0.8166236958510528,0.0,-0.9999558903721085,-0.006757708839991499,-0.00482675694083913,0.0,-0.002733033925874108,0.816641248545126,-0.5771391528047787,0.0,0.44439238272367143,0.2474020068941105,0.23837016436798306,1.0
2025-12-16 18:00:27.128,0.007764019209354572,-0.5771239383967918,-0.8166078781375435,0.0,-0.9999560207441603,-0.006851186981202086,-0.004665266944242653,0.0,-0.002902351910177416,0.8166239080937003,-0.5771628618363807,0.0,0.44440450159153416,0.24724540026863284,0.23724115640899474,1.0
2025-12-16 18:00:27.178,0.007640848763082934,-0.5771090746525374,-0.8166195443932751,0.0,-0.9999571878085014,-0.006717768011758484,-0.0046088007401319945,0.0,-0.0028261343345498888,0.8166355210347567,-0.5771468086622454,0.0,0.4445031747645275,0.24687531632536633,0.23612841209906762,1.0
2025-12-16 18:00:27.228,0.007551136461791817,-0.5770884415366684,-0.8166349599938291,0.0,-0.9999581404529329,-0.006586140940983601,-0.004592057341379082,0.0,-0.0027285022613938916,0.8166511743416476,-0.5771251291720171,0.0,0.4447258668486377,0.2464246994087599,0.2350018334510371,1.0
2025-12-16 18:00:27.278,0.0076082729726250865,-0.5771572765271695,-0.8165857819208725,0.0,-0.9999575805946452,-0.006657128802379536,-0.004611566829243071,0.0,-0.0027745707958357593,0.8166019510148871,-0.5771945558956522,0.0,0.4449942076013683,0.2459493922992598,0.23396888312676278,1.0
2025-12-16 18:00:27.328,0.007547935616422223,-0.5772206478227823,-0.816541547807695,0.0,-0.9999574343207945,-0.006793810834118106,-0.004440786206527519,0.0,-0.0029841727776024818,0.8165560311644234,-0.5772584712949986,0.0,0.44526391458030773,0.24538736346177542,0.23302034891630533,1.0
2025-12-16 18:00:27.378,0.007454847210702359,-0.5771949667445336,-0.8165605565535541,0.0,-0.9999580912044448,-0.006751248084311504,-0.004356992687159274,0.0,-0.002998026365283198,0.8165745377891588,-0.5772322202305885,0.0,0.4455859133462455,0.24475707116753145,0.23218351429238188,1.0
2025-12-16 18:00:27.428,0.007371058479979972,-0.5771726536816854,-0.8165770889757649,0.0,-0.9999588599315581,-0.0066622308372691575,-0.004317409623585115,0.0,-0.002948391059370609,0.8165910407252334,-0.5772091295167128,0.0,0.445932221158017,0.24416711599404523,0.23141876076386197,1.0
2025-12-16 18:00:27.478,0.007366697034525949,-0.577108190522896,-0.8166226883373978,0.0,-0.9999592606388185,-0.006555027099634614,-0.004388118457732087,0.0,-0.0028206190549435587,0.8166374683918342,-0.5771440802145709,0.0,0.4462805560422175,0.24363803594591146,0.2307982707451891,1.0
2025-12-16 18:00:27.529,0.00759961634532513,-0.5771963170201994,-0.8165582675785787,0.0,-0.9999575468206388,-0.006681478268163884,-0.004583590929663126,0.0,-0.0028102386219888307,0.816574157199455,-0.5772337034104016,0.0,0.4464873332332616,0.24311295510135666,0.23008060977728945,1.0
2025-12-16 18:00:27.578,0.007936677946590179,-0.5772604099249091,-0.8165097520407862,0.0,-0.9999548083797692,-0.006911032554948411,-0.004833810961493016,0.0,-0.0028526127022899966,0.8165269377168114,-0.5773002880508349,0.0,0.44657144075587524,0.24264199969441339,0.2294695627467975,1.0
2025-12-16 18:00:27.628,0.008094497836403666,-0.5773001373055858,-0.8164801145606282,0.0,-0.9999537806688933,-0.006933426118804828,-0.005011090644804652,0.0,-0.0027681545300354857,0.8164986597876137,-0.5773406930795096,0.0,0.44666218665864804,0.24214419576986138,0.22880890683639796,1.0
2025-12-16 18:00:27.678,0.007996537978069537,-0.5773289044407199,-0.8164607390308806,0.0,-0.9999545306698782,-0.006888272264101541,-0.004922925878704293,0.0,-0.0027819100195875138,0.8164787012168543,-0.5773688521524881,0.0,0.44675004883171354,0.24167956794201478,0.22800128315431376,1.0
2025-12-16 18:00:27.728,0.007822054705656297,-0.5773263303534029,-0.8164642494574172,0.0,-0.9999553945980748,-0.006934265653258203,-0.004676716291017877,0.0,-0.002961645568583306,0.8164801320447277,-0.5773659347690598,0.0,0.44696676893441334,0.24137501570967437,0.22706603352451088,1.0
2025-12-16 18:00:27.778,0.007611187557506402,-0.5772669488668134,-0.8165082280486663,0.0,-0.9999557917470346,-0.0071303887344539825,-0.004280071175254047,0.0,-0.0033513419663133955,0.8165204286193242,-0.5773068145746592,0.0,0.4473043747202423,0.24124116359321499,0.22591079999237096,1.0
2025-12-16 18:00:27.829,0.00754108906553562,-0.5772459649901983,-0.816523713543856,0.0,-0.9999563170313478,-0.007091226692129432,-0.0042220178009942785,0.0,-0.0033530765696125763,0.8165356048170134,-0.5772853392765424,0.0,0.4477745597180761,0.24116339788559782,0.22477083717780882,1.0
2025-12-16 18:00:27.878,0.007508464903125455,-0.5772253593726718,-0.8165385810560922,0.0,-0.9999566984081074,-0.007038995219995049,-0.0042190942462295685,0.0,-0.0033123067486572266,0.8165506236865879,-0.577264330771482,0.0,0.44820469143607805,0.2409934017832779,0.22360306026547586,1.0
2025-12-16 18:00:27.929,0.0075388330760717305,-0.5771680463870995,-0.8165788137875967,0.0,-0.9999568308787331,-0.006965726025631071,-0.004308357123635091,0.0,-0.0032014798694008904,0.8165917647048657,-0.5772067570141907,0.0,0.448648167234563,0.24068018477054184,0.22247209479367336,1.0
2025-12-16 18:00:27.978,0.0076094829684769105,-0.577158592313939,-0.8165848406554908,0.0,-0.9999566571744551,-0.006912581087781341,-0.004432481968681678,0.0,-0.0030865232977208483,0.8165988985165148,-0.577197290634275,0.0,0.4491272239810645,0.2403642123761521,0.22148005060826848,1.0
2025-12-16 18:00:28.028,0.007673840121878989,-0.5770939588175261,-0.8166299172668777,0.0,-0.9999560796438287,-0.006971951742080834,-0.004469627888213422,0.0,-0.0031141690792788183,0.8166440727288796,-0.577133225891331,0.0,0.4497539094504981,0.24011472341802545,0.22044303922416916,1.0
2025-12-16 18:00:28.081,0.0077442989119961584,-0.5771141064589554,-0.816615013860051,0.0,-0.9999553024432767,-0.007073369467495493,-0.004484134382442355,0.0,-0.0031884238854110103,0.8166289622792541,-0.5771542011627705,0.0,0.45068821506100337,0.23991534893880265,0.21916522161618063,1.0
2025-12-16 18:00:28.128,0.007584533776958209,-0.5771668617620038,-0.8165792278967147,0.0,-0.9999560542512991,-0.007099823797310334,-0.004269539720923559,0.0,-0.0033333959709186895,0.8165914470951999,-0.5772064595985292,0.0,0.4516092963345386,0.23964201447254857,0.21774687173681903,1.0
2025-12-16 18:00:28.178,0.007587085461962129,-0.577171374961582,-0.8165760141960808,0.0,-0.9999555605718298,-0.00721513634701488,-0.0041911323266703125,0.0,-0.003472772534129299,0.8165872463390234,-0.5772115807633953,0.0,0.4524639314542133,0.2393294771224335,0.2163477997108894,1.0
2025-12-16 18:00:28.229,0.0076922862018962675,-0.5771884168102507,-0.816562984180812,0.0,-0.9999547538076783,-0.007276662926104088,-0.0042763787593907586,0.0,-0.003473644186418539,0.8165746545368066,-0.5772293888604093,0.0,0.45325047733311785,0.23899251561865395,0.2149783739955276,1.0
2025-12-16 18:00:28.278,0.0077502171711841565,-0.5771784404085717,-0.8165694881408052,0.0,-0.9999546824349361,-0.007220252137878099,-0.004387247054837777,0.0,-0.0033636779409000083,0.8165822070552597,-0.5772193558704273,0.0,0.45395621100755384,0.23863846562319235,0.21364676763455584,1.0
2025-12-16 18:00:28.328,0.007720488536529272,-0.5771619989586291,-0.8165813908705275,0.0,-0.9999552004212515,-0.007132169549560216,-0.004413185835544478,0.0,-0.0032769368632746803,0.8165946022954063,-0.5772023191107268,0.0,0.45475009066422156,0.23839693724492061,0.2122563330288898,1.0
2025-12-16 18:00:28.378,0.007558435216646337,-0.5771511861469345,-0.8165905493498382,0.0,-0.9999561896831921,-0.0070998680240286285,-0.00423762781776659,0.0,-0.0033519977449234096,0.8166025262236125,-0.5771906775722665,0.0,0.4555661871318222,0.2383256651909068,0.21083866147586858,1.0
2025-12-16 18:00:28.428,0.00750709521603426,-0.5771325266935715,-0.8166042107746688,0.0,-0.9999564178340867,-0.007108506912992723,-0.004168748384999502,0.0,-0.0033989818298190747,0.8166156389670991,-0.5771718505929382,0.0,0.45645779021547045,0.23831665204036798,0.2094821123978969,1.0
2025-12-16 18:00:28.478,0.007619591516810005,-0.577133241835355,-0.8166026634140613,0.0,-0.9999556908182411,-0.007143521605146565,-0.004281752036206995,0.0,-0.003362342071031252,0.8166148279856734,-0.5771732126231486,0.0,0.45744317505008253,0.23831253954219106,0.20825764089279153,1.0
2025-12-16 18:00:28.528,0.007708390730536944,-0.5771324361371994,-0.8166023994404469,0.0,-0.9999555915925594,-0.007049746240908395,-0.004456772590320324,0.0,-0.0031847529897749203,0.8166162123655105,-0.577172261157968,0.0,0.45843360824685053,0.23824074435185238,0.20704305696571612,1.0
2025-12-16 18:00:28.578,0.007717965488924082,-0.5771338954419204,-0.8166012776391883,0.0,-0.9999552439014031,-0.00712457302755381,-0.004415603522653653,0.0,-0.003269603925185333,0.8166145315877439,-0.5771741647803567,0.0,0.4593230837960715,0.2382486170975175,0.20568622666100156,1.0
2025-12-16 18:00:28.628,0.007562596257974827,-0.5771434496419593,-0.8165959787890377,0.0,-0.9999557735216561,-0.007194398002276372,-0.004175947712724644,0.0,-0.0034648623193569996,0.8166071668496692,-0.5771834455169903,0.0,0.46005744160816797,0.23829331369459192,0.20425826183286291,1.0
2025-12-16 18:00:28.678,0.0075742332466019816,-0.5771422997512539,-0.8165966836387276,0.0,-0.9999555194542518,-0.007239963219911865,-0.004157997926944063,0.0,-0.003512441094504425,0.8166075768450718,-0.5771825778701033,0.0,0.4606443331973105,0.23834636652146823,0.20297144822828636,1.0
2025-12-16 18:00:28.728,0.00756255168524381,-0.5771259982400149,-0.8166083130048839,0.0,-0.9999558161855177,-0.007184289557681222,-0.004183128197251923,0.0,-0.0034526250129622888,0.8166195897155111,-0.5771659424059858,0.0,0.4611245504079573,0.23838641287327214,0.20184778986163285,1.0
2025-12-16 18:00:28.778,0.007538455755494781,-0.5770982601416548,-0.8166281385842062,0.0,-0.9999565950618734,-0.007025325624431453,-0.004266109860653623,0.0,-0.0032751770667785703,0.8166405756324912,-0.5771372830148945,0.0,0.4615135197378347,0.23843889765638798,0.20088884812369168,1.0
2025-12-16 18:00:28.828,0.007489905297484921,-0.5771204369522013,-0.816612912873623,0.0,-0.9999575851423824,-0.006836691777033819,-0.004339869003635558,0.0,-0.0030783629587954825,0.816626504151796,-0.5771582767303183,0.0,0.46184254763391414,0.23849669267944112,0.19998804938667405,1.0
2025-12-16 18:00:28.878,0.0073593835516947165,-0.5771250151974914,-0.8166108640033165,0.0,-0.9999588824691511,-0.006672751843062134,-0.004295888161443837,0.0,-0.002969834305896135,0.8166246246241731,-0.577161504729503,0.0,0.46220610752647273,0.23859275806510033,0.19907051207151255,1.0
2025-12-16 18:00:28.928,0.007341628517619831,-0.5771665141514286,-0.8165816936070797,0.0,-0.9999587520202678,-0.0067334454101112586,-0.004231060409193007,0.0,-0.00305644071521646,0.8165947961159743,-0.5772032546048791,0.0,0.4625724423665656,0.2386974088163754,0.1981325214252543,1.0
2025-12-16 18:00:28.978,0.0073603000253173664,-0.5772071308140672,-0.8165528158191226,0.0,-0.9999584834494392,-0.006779272643462945,-0.004221343522098692,0.0,-0.0030991042510143015,0.8165657071379212,-0.5772441783848392,0.0,0.46302664072553207,0.2387696694311512,0.19725544506415746,1.0
2025-12-16 18:00:29.028,0.0074369922431185434,-0.5772233968249826,-0.8165406225077921,0.0,-0.9999574032323632,-0.00695531001323158,-0.004190737956147378,0.0,-0.003260363941797135,0.8165527281726461,-0.5772616496362596,0.0,0.46340892654991933,0.23875081633298226,0.1963985086412314,1.0
2025-12-16 18:00:29.078,0.007572815045354202,-0.5772141035265822,-0.8165459436329968,0.0,-0.9999562204818877,-0.0070742757133868015,-0.004273013446903351,0.0,-0.003310091241309779,0.8165582756627384,-0.5772535194718778,0.0,0.46370266721847586,0.23861267052822868,0.1955668417789091,1.0
2025-12-16 18:00:29.129,0.007729524804160675,-0.5772022448849299,-0.8165528579628556,0.0,-0.9999552138439429,-0.007116782388539616,-0.0044349313361887405,0.0,-0.0032514392759847187,0.8165662890423308,-0.5772425172683239,0.0,0.46378645609280744,0.23840563288153654,0.19467845147897875,1.0
2025-12-16 18:00:29.178,0.007997772878230166,-0.5771905938766198,-0.8165585103778856,0.0,-0.9999531148865938,-0.007268916840418287,-0.004655940052626069,0.0,-0.0032481936410365462,0.8165731846547941,-0.5772327808958858,0.0,0.4638198775814654,0.23831071556691533,0.1937316983445621,1.0
2025-12-16 18:00:29.228,0.008064145699287996,-0.5771421608632641,-0.8165920907095727,0.0,-0.9999524760102545,-0.007333421681711528,-0.0046918598240117265,0.0,-0.003280607187680331,0.8166068410488336,-0.5771849831455468,0.0,0.46370690144360416,0.23823962179210348,0.19268275330450124,1.0
2025-12-16 18:00:29.279,0.008042431555021514,-0.5771238966900443,-0.816605213101894,0.0,-0.9999531697956849,-0.0071883416731560665,-0.004767898988016383,0.0,-0.0031184288802876773,0.8166210392997375,-0.5771657938359955,0.0,0.463640200261617,0.23815606912023662,0.1916520779390506,1.0
2025-12-16 18:00:29.328,0.007948102915657066,-0.5771161349127943,-0.8166116221219041,0.0,-0.999954106298031,-0.007085660243500202,-0.004724999241047432,0.0,-0.003059418109069175,0.8166274221801737,-0.5771570785359894,0.0,0.4635490293994497,0.23812147646407564,0.19053593449151562,1.0
2025-12-16 18:00:29.378,0.007853539243581538,-0.5771581792704645,-0.8165828218397445,0.0,-0.9999544257776122,-0.007142978417165942,-0.004568493001619766,0.0,-0.003196151905233432,0.8165972075784069,-0.5771990862675952,0.0,0.46351468945845026,0.23810353706307535,0.18935935372524607,1.0
2025-12-16 18:00:29.429,0.007844655379623686,-0.5771898589109012,-0.8165605152428064,0.0,-0.9999543742460965,-0.007168827265304363,-0.004539189679515917,0.0,-0.00323386929675898,0.8165745890236622,-0.5772308746508703,0.0,0.4635855475228928,0.2380236292999012,0.18826094311234115,1.0
2025-12-16 18:00:29.478,0.00779675449042462,-0.5771918590565881,-0.8165595602033108,0.0,-0.9999546234808984,-0.007172664192757116,-0.004477808477472632,0.0,-0.0032724159232591504,0.8165731415095476,-0.5772327051192209,0.0,0.46363995465385033,0.237875926190332,0.18722421481083082,1.0
2025-12-16 18:00:29.528,0.00787234042652881,-0.5771532472794466,-0.8165861266958967,0.0,-0.99995424561347,-0.007162049039415007,-0.004578060108950826,0.0,-0.0032062493564162233,0.8166005264369007,-0.5771943348544242,0.0,0.46371816457972415,0.23773280713593062,0.1863480701706642,1.0
2025-12-16 18:00:29.578,0.007932580501437015,-0.577109923591246,-0.8166161626861805,0.0,-0.9999534904191626,-0.007266729218497758,-0.004578050481023795,0.0,-0.003292153550546135,0.8166302206270435,-0.5771518383264719,0.0,0.46363877032489187,0.23759266054060543,0.1854623932387783,1.0
2025-12-16 18:00:29.628,0.008080813910118325,-0.5770775562287369,-0.8166375826796287,0.0,-0.9999527792582994,-0.007231373661712688,-0.004784703729153166,0.0,-0.0031443269092925265,0.8166534078564645,-0.5771198529289308,0.0,0.4635432666521875,0.23744143487283018,0.1847016536566697,1.0
2025-12-16 18:00:29.678,0.008105316575534418,-0.5770723366107691,-0.8166410282755858,0.0,-0.9999528098340772,-0.007185332678190801,-0.004847267317354478,0.0,-0.0030706727097821974,0.8166575026736735,-0.5771144551091304,0.0,0.4633483997708997,0.23723845023183687,0.18384605078236,1.0
2025-12-16 18:00:29.729,0.008056968406501478,-0.5770398505168544,-0.8166644617447186,0.0,-0.999953572772456,-0.007056208670434321,-0.004879458987206765,0.0,-0.002946969309509037,0.8166815835760372,-0.5770810224046751,0.0,0.4631689432705809,0.23701113918195965,0.18293980659897563,1.0
2025-12-16 18:00:29.778,0.0081230732811388,-0.576997280740007,-0.8166938842677316,0.0,-0.9999531132711864,-0.007073137857870644,-0.004948624183879949,0.0,-0.002921301977718031,0.8167115144274143,-0.5770387926270072,0.0,0.4630668643988131,0.23686736039903794,0.18207912309083663,1.0
2025-12-16 18:00:29.837,0.00810274716488121,-0.5769753305685075,-0.8167095936163306,0.0,-0.999952603545314,-0.007242970206948408,-0.004803847076863816,0.0,-0.0031437625262884256,0.8167255333327464,-0.5770177813200552,0.0,0.4630260563509508,0.23679948118438066,0.18115152056252454,1.0
2025-12-16 18:00:29.879,0.008072311623943673,-0.576969365847866,-0.8167141088283989,0.0,-0.9999526295697634,-0.007281939352142503,-0.004739079762529396,0.0,-0.003213020623841944,0.8167294006301735,-0.5770119259120632,0.0,0.46308689456295854,0.23676957947288788,0.18066205024319906,1.0
2025-12-16 18:00:29.928,0.007914606311215997,-0.5769399605469301,-0.8167364249451922,0.0,-0.9999537142827132,-0.007235124930629846,-0.004579209610012322,0.0,-0.003267323964248997,0.8167505893349939,-0.5769816283167541,0.0,0.4631982548215494,0.23666622484949562,0.1801129457416972,1.0
2025-12-16 18:00:29.978,0.007866324044580127,-0.5769492622964609,-0.8167303205971991,0.0,-0.9999540038968243,-0.007230061335050579,-0.004523627417200153,0.0,-0.0032951702530941234,0.8167440633583662,-0.5769907077430869,0.0,0.4633096524198116,0.2365340823165397,0.17962044698751925,1.0
2025-12-16 18:00:30.028,0.007914753475259174,-0.5769466550490928,-0.8167316945033402,0.0,-0.9999539217819822,-0.007182566810583858,-0.0046164865486000425,0.0,-0.0032028251541068318,0.8167463242128805,-0.5769880274284559,0.0,0.46346565773808385,0.2364155659469082,0.1792499752290661,1.0
2025-12-16 18:00:30.079,0.007956342548736154,-0.5769649261022318,-0.8167183832645754,0.0,-0.9999534752988082,-0.007236193304811734,-0.004629432524576255,0.0,-0.0032389742627499047,0.8167329436768589,-0.5770067657823937,0.0,0.4635904951761745,0.23639160016303434,0.1788581925212301,1.0
2025-12-16 18:00:30.128,0.007913245690338168,-0.5769778916013114,-0.8167096424355219,0.0,-0.9999536835284191,-0.007244911647059068,-0.004570443565022444,0.0,-0.003280007459224775,0.8167237068316352,-0.5770196082025816,0.0,0.4636786710095494,0.23639736216084245,0.17847657703807274,1.0
2025-12-16 18:00:30.178,0.007826683967790201,-0.5769957526123028,-0.8166978580764361,0.0,-0.9999546183510989,-0.007131163989907321,-0.004544737579390911,0.0,-0.003201773720168784,0.8167120894442753,-0.5770364907010739,0.0,0.4638526547141541,0.23641247746543764,0.1781347043582987,1.0
2025-12-16 18:00:30.228,0.007769855870990223,-0.5770397926040453,-0.8166672847570379,0.0,-0.999955337348959,-0.007027287408269617,-0.00454834477800479,0.0,-0.0031144397621436564,0.8166818738712578,-0.5770797320605697,0.0,0.4641226296920016,0.23644626502233676,0.17779903753618018,1.0
2025-12-16 18:00:30.278,0.0076645390515233,-0.5770047872823648,-0.8166930128240164,0.0,-0.9999559961542548,-0.007006380776256311,-0.00443433025144118,0.0,-0.0031634933487304463,0.8167067864244812,-0.5770442074209129,0.0,0.4643292207158422,0.23651460394689577,0.17745621785423224,1.0
2025-12-16 18:00:30.328,0.007727561634433968,-0.577048915140899,-0.816661240189043,0.0,-0.9999557181710919,-0.006988972102584542,-0.004523590066880322,0.0,-0.0030973495178841103,0.8166757567958064,-0.5770884808137837,0.0,0.4644162153225764,0.23650638403551177,0.17703911948120146,1.0
2025-12-16 18:00:30.378,0.007817501709249582,-0.5770314445227962,-0.8166727285762452,0.0,-0.9999554412005291,-0.0069269142834461435,-0.0046776461145651375,0.0,-0.0029579300433411728,0.816688629913269,-0.5770709942634843,0.0,0.4644256099042708,0.2365478851322305,0.17654169621149465,1.0
2025-12-16 18:00:30.428,0.007751271458477553,-0.5770444630030089,-0.81666416133534,0.0,-0.9999559929447918,-0.006878762441941166,-0.004630518574768812,0.0,-0.002945680369745231,0.8166798383745816,-0.5770834987760667,0.0,0.46438319691119484,0.23659530307301804,0.17583388771214964,1.0
2025-12-16 18:00:30.478,0.0077008864197139135,-0.5769983008072147,-0.8166972536473635,0.0,-0.9999563278954182,-0.0068644461270605155,-0.004579146480288247,0.0,-0.002964071629070968,0.8167125744943156,-0.5770370741488321,0.0,0.4643839042692288,0.23675659223525058,0.17507078172998952,1.0
2025-12-16 18:00:30.528,0.007704212997217926,-0.5769833656773043,-0.816707773769169,0.0,-0.99995623107557,-0.0068858204343206705,-0.0045681846828019915,0.0,-0.002987994032313947,0.8167229460637103,-0.5770222710300502,0.0,0.46441462203226697,0.2369100658029329,0.1742583380473151,1.0
2025-12-16 18:00:30.578,0.0075676930902101045,-0.5770336419133875,-0.8166735290326688,0.0,-0.9999570694799589,-0.006862478371895813,-0.004417294291387635,0.0,-0.0030555358460574254,0.8166876213083049,-0.5770719131117685,0.0,0.46447381641710783,0.23698352204707587,0.17337904241356267,1.0
2025-12-16 18:00:30.628,0.007472878079672025,-0.5771154334841933,-0.8166166049185913,0.0,-0.9999579101084686,-0.006773867005352871,-0.004363443423050272,0.0,-0.0030134997527123827,0.816630563763896,-0.5771528750217764,0.0,0.464555681204848,0.23694481529735734,0.17258069472061213,1.0
2025-12-16 18:00:30.678,0.007597839042247606,-0.5770970198322423,-0.8166284647523872,0.0,-0.9999568228375896,-0.006885037770517795,-0.0044379743870647526,0.0,-0.0030614349735431897,0.8166426469691619,-0.5771355254765587,0.0,0.4646136861552494,0.23692755206747684,0.17193146921189068,1.0
2025-12-16 18:00:30.728,0.0077939009621212085,-0.5770805759761976,-0.8166382374344107,0.0,-0.9999552832989994,-0.007006255251819419,-0.004592460230870675,0.0,-0.003071415478948395,0.8166532363521718,-0.5771204882539516,0.0,0.4646526610999244,0.23688367114133754,0.17139951387963334,1.0
2025-12-16 18:00:30.778,0.007783438793115106,-0.5770216360099655,-0.8166799841787143,0.0,-0.999955249472614,-0.0070303638930999555,-0.00456288690426245,0.0,-0.0031087328593024264,0.816694676172939,-0.5770616446193491,0.0,0.46459349529774874,0.23679300097955777,0.1709042564830427,1.0
2025-12-16 18:00:30.828,0.007876860327986355,-0.5770656234594698,-0.8166480075246099,0.0,-0.9999547838505991,-0.007013681766567664,-0.0046888616515811665,0.0,-0.0030219865503998385,0.8166637386622603,-0.5771058876423535,0.0,0.4645472325323429,0.2367313744186218,0.17046619665900695,1.0
2025-12-16 18:00:30.878,0.007906948492778312,-0.5769747777940908,-0.8167119032169181,0.0,-0.9999545503480426,-0.00702945148575722,-0.0047149709714580145,0.0,-0.0030206755303055317,0.8167277895186013,-0.5770152453336048,0.0,0.46449938983400535,0.2367078894605033,0.170159563142621,1.0
2025-12-16 18:00:30.928,0.00791150228579384,-0.5769592960067109,-0.8167227961702985,0.0,-0.9999543440023023,-0.007077621289547299,-0.004686586072523646,0.0,-0.0030765444817702297,0.8167383105560022,-0.5770000580105507,0.0,0.46437119659163023,0.23667395778813655,0.1699146379473975,1.0
2025-12-16 18:00:30.978,0.007878800571659569,-0.576978111936506,-0.8167098197946103,0.0,-0.9999549449258699,-0.006966166068036965,-0.0047252036804385665,0.0,-0.0029630541840058996,0.8167259763165029,-0.5770181105647878,0.0,0.46422165767975393,0.23661126278539044,0.16973961618864555,1.0
2025-12-16 18:00:31.028,0.007806357350585519,-0.5769933894399881,-0.816699722192115,0.0,-0.9999553628620081,-0.006965510710768114,-0.004636900393187186,0.0,-0.003013327803947799,0.8167151886535976,-0.577033119047828,0.0,0.4640844797411073,0.23658079629879145,0.16967447509106914,1.0
2025-12-16 18:00:31.078,0.007814728153461112,-0.5769986395941791,-0.8166959329098942,0.0,-0.9999553214583214,-0.006963863099052156,-0.004648289914710792,0.0,-0.0030053595755944974,0.816711493475747,-0.5770383906105695,0.0,0.46385909294251476,0.2365441258392806,0.16978640342977544,1.0
2025-12-16 18:00:31.129,0.007753202783759912,-0.5769727193990678,-0.8167148313928472,0.0,-0.9999560139009313,-0.006869487594737713,-0.004639752660959674,0.0,-0.0029334581707184024,0.8167306048316304,-0.5770117104136794,0.0,0.4634796565839099,0.23652557296436533,0.16996906772670076,1.0
2025-12-16 18:00:31.178,0.007576210909533809,-0.5770149728621088,-0.8166866406538082,0.0,-0.999957400687149,-0.006759184439219217,-0.0045007930329880414,0.0,-0.0029231669434597943,0.8167016733593803,-0.5770527114805101,0.0,0.46302318214747973,0.2365648954845066,0.17005846217017648,1.0
2025-12-16 18:00:31.228,0.0076255185957192695,-0.5770144409705202,-0.8166865575475285,0.0,-0.999956922880319,-0.0068162442370892405,-0.00452085162690415,0.0,-0.0029581953216096233,0.8167015749172019,-0.5770526722996796,0.0,0.4625347258246043,0.23661208350419405,0.17008117931851496,1.0
2025-12-16 18:00:31.278,0.007577961021903546,-0.577025263174958,-0.8166793538873316,0.0,-0.9999571582357678,-0.0068234473559822565,-0.004457483643991074,0.0,-0.003000545674998101,0.8166938684280401,-0.5770633604706638,0.0,0.4619663141979454,0.23663412268623135,0.16998175920809247,1.0
2025-12-16 18:00:31.328,0.007490022342829757,-0.5770232465751053,-0.8166815899592922,0.0,-0.9999578334006551,-0.006769254362566393,-0.004388110897732417,0.0,-0.0029963411079698106,0.8166957442464096,-0.5770607275406704,0.0,0.46144573994683685,0.2366044589511393,0.16976029949206306,1.0
2025-12-16 18:00:31.379,0.0075778278158401095,-0.5770092920547623,-0.8166906392932783,0.0,-0.9999574482237884,-0.006743323000397576,-0.004514004640044624,0.0,-0.002902642035325595,0.8167058181236831,-0.5770469489670143,0.0,0.4610579385154694,0.23654439271933944,0.1694748110748791,1.0
2025-12-16 18:00:31.428,0.007664548853588578,-0.5770241542707223,-0.816679329345513,0.0,-0.9999570131368639,-0.006729027082291764,-0.004630223983362321,0.0,-0.0028237606127722564,0.8166954353587795,-0.5770620350015545,0.0,0.46078713244687797,0.23645995786732865,0.16901938301021377,1.0
2025-12-16 18:00:31.478,0.0077974727320792026,-0.5769863386868372,-0.8167047883347807,0.0,-0.9999559007965104,-0.006829874094588144,-0.004721883448335068,0.0,-0.002853583574539464,0.8167213154777337,-0.5770252593302162,0.0,0.4605652702074319,0.23639771998897113,0.16849696824090046,1.0
2025-12-16 18:00:31.528,0.007952319072735935,-0.5770090637924058,-0.816687239905207,0.0,-0.9999546731123539,-0.006921717953172832,-0.004846487650923651,0.0,-0.0028564664242684426,0.8167044869227943,-0.5770490634597221,0.0,0.46037134823099923,0.23633213772682377,0.16789156968187172,1.0
2025-12-16 18:00:31.578,0.008118628513913347,-0.5770033227290322,-0.816689659743478,0.0,-0.9999534263873158,-0.006991863868807604,-0.005000579677922238,0.0,-0.0028248862220702697,0.816707945563101,-0.5770443238365067,0.0,0.4602066692251423,0.23625641665639094,0.1672967507168303,1.0
2025-12-16 18:00:31.628,0.008169518283859641,-0.5770346528025887,-0.8166670161927772,0.0,-0.9999529122249062,-0.007050068241574017,-0.005021630405164752,0.0,-0.002859958500517978,0.8166853091843415,-0.5770761876908904,0.0,0.45998281375458017,0.2361934003321123,0.16668555098246268,1.0
2025-12-16 18:00:31.678,0.008226449798592071,-0.5770405045410744,-0.8166623099812443,0.0,-0.9999522286732633,-0.007144071019872006,-0.005024890232146149,0.0,-0.002934784850640253,0.8166803575740443,-0.5770828195247295,0.0,0.45978896400539776,0.2361301955880834,0.16603815343238656,1.0
2025-12-16 18:00:31.728,0.008315433212936547,-0.5770046715117754,-0.8166867266738684,0.0,-0.9999515738500108,-0.0071724997206545306,-0.005113912773255751,0.0,-0.002906989727618549,0.8167054261903249,-0.5770474817915794,0.0,0.4596988538216303,0.23605114963413526,0.1655039059983702,1.0
2025-12-16 18:00:31.779,0.008413441971881642,-0.5769994512212241,-0.8166894110895526,0.0,-0.9999509707119106,-0.0071673457285235465,-0.0052375785171915054,0.0,-0.002831469946526166,0.8167091596341989,-0.577042573253952,0.0,0.4596506695707146,0.23597997871852955,0.16503359974858636,1.0
2025-12-16 18:00:31.828,0.00848020725444884,-0.5769732185704881,-0.8167072535728708,0.0,-0.9999504030505821,-0.007206765182967738,-0.005291585375339558,0.0,-0.0028327688939552616,0.8167273456574854,-0.5770168266833055,0.0,0.4595869089775039,0.23595361963744668,0.16462672077102178,1.0
2025-12-16 18:00:31.879,0.008473131103790294,-0.576938623512838,-0.8167317660343681,0.0,-0.9999503700036518,-0.007229127558738506,-0.005267271163304048,0.0,-0.002865421111546562,0.8167515869179196,-0.5769823520948572,0.0,0.45951427629708264,0.23593097172739586,0.16425489521561057,1.0
2025-12-16 18:00:31.928,0.008490412297390717,-0.5769325118182331,-0.8167359038314238,0.0,-0.9999502563958619,-0.00722964153272935,-0.005288092129167511,0.0,-0.002853890483039491,0.8167558996084053,-0.576976304334914,0.0,0.459450578617251,0.23589455452239422,0.1639443418085607,1.0
2025-12-16 18:00:31.978,0.00852137995078036,-0.5769406580181021,-0.8167298268770291,0.0,-0.9999500351936003,-0.007235449197408469,-0.005321869261578809,0.0,-0.0028390590774001663,0.8167500937696182,-0.5769845960429748,0.0,0.4593824517523949,0.23586269877382957,0.1636492908000291,1.0
2025-12-16 18:00:32.029,0.00861283769391855,-0.5769427679263706,-0.8167273770760501,0.0,-0.9999492671449708,-0.007283766914098987,-0.005399701564444023,0.0,-0.0028335876357614364,0.8167481738508798,-0.5769873406690681,0.0,0.4593303573067112,0.2358409125233069,0.16332283182677157,1.0
2025-12-16 18:00:32.078,0.00863185457638316,-0.5769659954981001,-0.81671076766911,0.0,-0.9999489900189865,-0.0073272802175847135,-0.005392144826474274,0.0,-0.0028732397625226957,0.8167313760882249,-0.5770109217391831,0.0,0.4592638433088409,0.23579114022090145,0.16289191100935674,1.0
2025-12-16 18:00:32.128,0.008472685954549045,-0.5770094947138387,-0.8166817026871633,0.0,-0.9999500518342737,-0.007319355638046392,-0.005202669592212521,0.0,-0.002975651362996657,0.8167007155392715,-0.5770537988234787,0.0,0.45917196695451973,0.23571200082963423,0.1623206725174597,1.0
2025-12-16 18:00:32.178,0.008311195149809195,-0.5770662392219014,-0.8166432675818013,0.0,-0.9999509749527657,-0.007342360996568739,-0.004988419310475539,0.0,-0.0031175013264060263,0.8166604145770542,-0.5771100834748201,0.0,0.45907483057324233,0.23564201264198995,0.16170408335236763,1.0
2025-12-16 18:00:32.228,0.008316781138865907,-0.5770633713261927,-0.8166452372519815,0.0,-0.9999509323838046,-0.0073445520142618416,-0.004993724229303447,0.0,-0.003116258080585919,0.8166624214106739,-0.5771072503367378,0.0,0.45908009833538943,0.23559477202932697,0.1611218312725518,1.0
2025-12-16 18:00:32.278,0.008349655128148423,-0.5770497802894524,-0.8166545054234036,0.0,-0.9999507570768326,-0.007337454869150749,-0.005039055340130387,0.0,-0.0030844391853566784,0.8166720888110068,-0.577093740731936,0.0,0.45909666691744083,0.23557061960925657,0.16050670972000147,1.0
2025-12-16 18:00:32.328,0.008303972412696077,-0.5770520629255601,-0.8166533582963659,0.0,-0.999951204480914,-0.007293303329460731,-0.005014308020219186,0.0,-0.003062642835231552,0.8166708713922705,-0.5770955796384626,0.0,0.4591238820809711,0.23553158592594015,0.1598566648335703,1.0
2025-12-16 18:00:32.378,0.008217484915531462,-0.577017999082535,-0.8166783017673843,0.0,-0.9999521737900473,-0.0071742815766420625,-0.004992666384474514,0.0,-0.0029782790682579014,0.8166959942288224,-0.5770604672513849,0.0,0.459201044751258,0.23544894304644506,0.15924035010990042,1.0
2025-12-16 18:00:32.428,0.008139722493334374,-0.5769966168839882,-0.8166941875165833,0.0,-0.9999525683554525,-0.007194611082080631,-0.004883186656293832,0.0,-0.003058273753129777,0.8167109223685148,-0.5770389209105574,0.0,0.4592302325102888,0.2354225695874357,0.1585954033845103,1.0
2025-12-16 18:00:32.478,0.008147777335601,-0.5769603044872647,-0.8167197607941543,0.0,-0.9999521840644708,-0.00728274831832327,-0.004830948440533238,0.0,-0.0031607598356739844,0.8167357947618832,-0.577003163901149,0.0,0.45924570381658725,0.235398065514259,0.15794588700615442,1.0
2025-12-16 18:00:32.529,0.008240990389007117,-0.5769582625683412,-0.8167202680433109,0.0,-0.9999513602613088,-0.007351965897813187,-0.004896183228199244,0.0,-0.003179667408599957,0.8167366170925916,-0.5770018960240253,0.0,0.45930875078930894,0.23537315696857536,0.157332070165593,1.0
2025-12-16 18:00:32.579,0.008203648021862723,-0.5769204806598053,-0.8167473330569259,0.0,-0.9999513336120164,-0.007414542401090962,-0.004806440443879156,0.0,-0.003282937007493483,0.8167627404737021,-0.5769643386713712,0.0,0.45932027857392577,0.23533112665881772,0.1567582524012018,1.0
2025-12-16 18:00:32.628,0.00821500847966428,-0.576888000762596,-0.8167701605182588,0.0,-0.9999510712619165,-0.007462648465823636,-0.004786529142228448,0.0,-0.003334041548501426,0.8167852440094865,-0.5769321878135388,0.0,0.45930335386624727,0.23523711035779427,0.15625400897628922,1.0
2025-12-16 18:00:32.678,0.008328214209364053,-0.5768586069819776,-0.8167897742382084,0.0,-0.9999500314320091,-0.00755300087495953,-0.004861452263976405,0.0,-0.0033649080834801423,0.8168051736693656,-0.5769037923783716,0.0,0.45933746381986706,0.23515163900692015,0.15584353771220077,1.0
2025-12-16 18:00:32.728,0.008424375467548692,-0.5768048563476111,-0.8168267469255656,0.0,-0.9999490300085467,-0.007655307216517069,-0.004907194472965326,0.0,-0.003422631983606781,0.8168421800651785,-0.5768510539616543,0.0,0.4593871917202431,0.23516202329856864,0.15557219030913721,1.0
2025-12-16 18:00:32.779,0.008442824932192266,-0.5768233533581832,-0.8168134943969726,0.0,-0.9999484562011897,-0.007764147736501952,-0.004852818973701557,0.0,-0.003542709538152591,0.8168280906995006,-0.5768702795718781,0.0,0.4593432035660787,0.23511300917042646,0.15534085843592532,1.0
2025-12-16 18:00:32.828,0.008228624989772499,-0.5768559260163966,-0.816792677031174,0.0,-0.9999509181498566,-0.007480380006567469,-0.004790835775137015,0.0,-0.0033463620311543155,0.8168077354064065,-0.5769002732200899,0.0,0.4593925240394057,0.2349600649137037,0.15529306002998458,1.0
2025-12-16 18:00:32.878,0.008037401288452872,-0.5767666117730765,-0.8168576513845861,0.0,-0.9999531087309869,-0.007209806697235608,-0.004748255240835437,0.0,-0.0031508113414325787,0.8168732388666685,-0.5768086199177069,0.0,0.4594570149233371,0.23481100767397026,0.15531304226124631,1.0
2025-12-16 18:00:32.928,0.007919980167665992,-0.576761783978456,-0.8168622070810603,0.0,-0.9999545630836463,-0.00700420373686045,-0.004749715719415554,0.0,-0.0029820722257477366,0.8168784364768225,-0.576802156085102,0.0,0.4595139697665762,0.23469005309582924,0.1553158478496263,1.0
2025-12-16 18:00:32.978,0.007886751551642918,-0.576737198131093,-0.8168798873415032,0.0,-0.9999547199978973,-0.007013683530967508,-0.004702456641194895,0.0,-0.003017313437683761,0.8168957138995807,-0.5767775034032735,0.0,0.45950206911600816,0.2346816081447738,0.15531023622467954,1.0
2025-12-16 18:00:33.028,0.00807893570643543,-0.5767518895903608,-0.8168676364950492,0.0,-0.999953010572843,-0.0071716024771026204,-0.004826143949991721,0.0,-0.0030748215226026688,0.8168839700072051,-0.5767938323334183,0.0,0.4594919672496054,0.23467846037747966,0.15525608129928797,1.0
2025-12-16 18:00:33.078,0.00817346783311723,-0.5768174905216681,-0.8168203743498779,0.0,-0.9999512829185563,-0.007469634805743267,-0.004731093595618149,0.0,-0.0033724372929049627,0.8168349772910094,-0.5768615488492032,0.0,0.4594020600366647,0.23466790653960407,0.15499869215396644,1.0
2025-12-16 18:00:33.128,0.008388842610663623,-0.5768685034778043,-0.816782164298499,0.0,-0.9999486662731806,-0.0077890489141499595,-0.004768903092825294,0.0,-0.0036109957623957504,0.8167959672569274,-0.5769153391810833,0.0,0.45934533536875605,0.23466022286903365,0.1547537986912529,1.0
2025-12-16 18:00:33.178,0.008574882474646012,-0.5767957750986257,-0.8168315934879906,0.0,-0.9999470178036598,-0.007911833109711946,-0.004910334369468658,0.0,-0.00363044502510262,0.8168461483158479,-0.576844164268378,0.0,0.45935850348068735,0.23467287127303085,0.15452061291641966,1.0
2025-12-16 18:00:33.228,0.00877380600250241,-0.5767817316000388,-0.8168393975084082,0.0,-0.9999455517062432,-0.007967519652361052,-0.005114602105179267,0.0,-0.003558243401012311,0.8168555235236844,-0.5768313380813722,0.0,0.4594142865022169,0.23467073027974783,0.15418588930264876,1.0
2025-12-16 18:00:33.278,0.008863013719216694,-0.5766950506000682,-0.8168996342895534,0.0,-0.9999444142871471,-0.008097861046644122,-0.00513223962926669,0.0,-0.0036554729140206113,0.8169154416049982,-0.576745870193351,0.0,0.45943740563159086,0.23468756814248634,0.15369879589087848,1.0
2025-12-16 18:00:33.328,0.008810851422357954,-0.5766588283073173,-0.8169257686801498,0.0,-0.9999443398999955,-0.00818489025429296,-0.005007152353916894,0.0,-0.0037991022974769913,0.8169401444149158,-0.5767099507248595,0.0,0.4594607582029553,0.234687476727064,0.15308240776505747,1.0
2025-12-16 18:00:33.378,0.008781718448115292,-0.5765765268304603,-0.8169841718359234,0.0,-0.9999439959792884,-0.008294080972904589,-0.004894898057790855,0.0,-0.003953925678759935,0.8169971327805285,-0.5766281743898076,0.0,0.45953071821242647,0.23468194917910265,0.15249356464994554,1.0
2025-12-16 18:00:33.428,0.008758779200541092,-0.5765194706072687,-0.8170246818174095,0.0,-0.9999437154922811,-0.008378558833265323,-0.004807546211727927,0.0,-0.004073923803589162,0.8170365347062833,-0.5765715082277227,0.0,0.45964822468852073,0.23463301032577183,0.15195425617905778,1.0
2025-12-16 18:00:33.478,0.008918506643879845,-0.5765692448297427,-0.8169878291975419,0.0,-0.9999422951261383,-0.008472665472648988,-0.004936320377354701,0.0,-0.004076012535679458,0.8170004394141661,-0.5766226392701457,0.0,0.45977915271899406,0.23445689616405607,0.15156449741680733,1.0
2025-12-16 18:00:33.529,0.008880846122885326,-0.5765375212560186,-0.8170106266489536,0.0,-0.9999437893682879,-0.008209704729815989,-0.005075997758747307,0.0,-0.003780985635870583,0.817025511393416,-0.5765891239695288,0.0,0.4599217552114771,0.2341087473334415,0.15134172202844615,1.0
2025-12-16 18:00:33.578,0.00850954551832372,-0.5764009523734615,-0.8171109328844197,0.0,-0.9999478861019913,-0.007801146052580677,-0.004910611126276634,0.0,-0.003543989031441184,0.8171258693225907,-0.5764483964983729,0.0,0.4600046769595918,0.23370156537601086,0.15114413678773064,1.0
2025-12-16 18:00:33.628,0.00829188203888081,-0.5762968126690778,-0.8171866220765752,0.0,-0.9999497096093393,-0.007676244219967512,-0.0047329090506019675,0.0,-0.003545431944387105,0.8172005038076894,-0.5763425773693858,0.0,0.4600383326957584,0.23339302666262907,0.150972846371107,1.0
2025-12-16 18:00:33.678,0.008317924473777803,-0.5763107660677995,-0.8171765170071904,0.0,-0.999948901412018,-0.00782469543978672,-0.004660000791968329,0.0,-0.003708620142261005,0.8171892554011403,-0.5763574992949864,0.0,0.4599914413765935,0.23328712264585189,0.15074500548663664,1.0
2025-12-16 18:00:33.728,0.008601227931836387,-0.5763471762106209,-0.817147904759791,0.0,-0.9999454506962875,-0.008212162214161578,-0.00473317280212936,0.0,-0.003982677046700075,0.8171597738665229,-0.576397468989893,0.0,0.4599325102730878,0.23330888265431607,0.1505387286836746,1.0
2025-12-16 18:00:33.778,0.008817300995199588,-0.5763915037778268,-0.8171143350089408,0.0,-0.9999427577411166,-0.008499325561054044,-0.004794747887634595,0.0,-0.004181349312587207,0.817125570473294,-0.5764445492817326,0.0,0.4598787058109638,0.23329519325642256,0.1503387569720792,1.0
2025-12-16 18:00:33.828,0.008963460318238407,-0.5764288205181691,-0.8170864202496356,0.0,-0.9999406933333765,-0.008730150019230169,-0.004810529889302291,0.0,-0.004360442909335317,0.8170968122171279,-0.5764839859026807,0.0,0.4598190876147985,0.23327843219311165,0.15015223996210436,1.0
2025-12-16 18:00:33.878,0.009047582417644216,-0.5764562062730908,-0.817066172597324,0.0,-0.9999392299637871,-0.008908692100661924,-0.004787325526029517,0.0,-0.004519394458954507,0.8170755644152458,-0.5765128767939461,0.0,0.4597691626369461,0.2332477877812707,0.14993554781955207,1.0
2025-12-16 18:00:33.929,0.009290138503679678,-0.5763607569016536,-0.8171307839823094,0.0,-0.999937062818233,-0.00903764199775528,-0.004993829269562623,0.0,-0.0045067750427196605,0.8171414819448874,-0.5764195411882109,0.0,0.4598005716656339,0.2332622801015505,0.14972558222229224,1.0
2025-12-16 18:00:33.978,0.009629258526986609,-0.5762372800754263,-0.8172139385330525,0.0,-0.9999340928838233,-0.009188874800174536,-0.005302958581811627,0.0,-0.00445359988220039,0.8172268760279859,-0.576298879528347,0.0,0.4598735751032941,0.2332733244463082,0.14946010836051024,1.0
2025-12-16 18:00:34.028,0.009781525247769995,-0.5761439834062226,-0.8172779080887027,0.0,-0.9999322920710454,-0.009334794663167379,-0.0053870013319376325,0.0,-0.004525520179040995,0.8172910003680754,-0.5762073761975456,0.0,0.459886607954226,0.233273918183653,0.1490085080661118,1.0
2025-12-16 18:00:34.079,0.00982462719313197,-0.5761402579355601,-0.8172800173671632,0.0,-0.9999313170357671,-0.009458071648472104,-0.005352849056047351,0.0,-0.004645990574997486,0.8172922093070062,-0.5762047026688082,0.0,0.4598756825190948,0.23327018515352363,0.14841356375147063,1.0
2025-12-16 18:00:34.128,0.009965432385599894,-0.5760679459489035,-0.8173292841375424,0.0,-0.9999291198844767,-0.009677591649374326,-0.005370877780362363,0.0,-0.0048158812447200395,0.8173406112023676,-0.5761346479488773,0.0,0.4598834994236987,0.23328554602158208,0.1477872619260048,1.0
2025-12-16 18:00:34.179,0.009975589304730744,-0.575970390674037,-0.8173979101918653,0.0,-0.9999278787892756,-0.009871731603716315,-0.005247193186148243,0.0,-0.005047002043913615,0.8174070399276588,-0.5760384178568922,0.0,0.46001914685174405,0.23331116875917743,0.14705802645353983,1.0
2025-12-16 18:00:34.229,0.009950536719215116,-0.5760035787618712,-0.8173748289332898,0.0,-0.9999283390507018,-0.009823254869239337,-0.0052504598167484534,0.0,-0.005005093987289072,0.8173842371497838,-0.5760711396114585,0.0,0.4603212302025352,0.23305980908108065,0.14642183886709198,1.0
2025-12-16 18:00:34.278,0.009703661275305498,-0.5757662413586547,-0.8175449964196405,0.0,-0.9999321743296874,-0.009442539252177433,-0.00521843788727372,0.0,-0.00471519113303519,0.8175559243208704,-0.5758299033398894,0.0,0.4607657011067575,0.23258960420844968,0.14606624093664058,1.0
2025-12-16 18:00:34.328,0.009688607216496557,-0.5756176702116967,-0.8176497878257362,0.0,-0.9999319616214559,-0.009494629539552048,-0.00516440112522962,0.0,-0.0047906535196807175,0.8176599346014651,-0.575681579509352,0.0,0.461076299045977,0.23198402708980284,0.1458864316280413,1.0
2025-12-16 18:00:34.378,0.009670640958244797,-0.5755512992461178,-0.8176967210040472,0.0,-0.9999325983289523,-0.00940406260496328,-0.005206659854497197,0.0,-0.004693061668186692,0.8177077020238557,-0.5756145318032232,0.0,0.4613491549771501,0.23138809382241946,0.14580803562193698,1.0
2025-12-16 18:00:34.428,0.00955245722945184,-0.5755044740869328,-0.8177310668966974,0.0,-0.9999338113408343,-0.009322295990626877,-0.005120023053100524,0.0,-0.004676624911375907,0.8177415952347687,-0.5755665144901447,0.0,0.46142687610430533,0.2309569183477471,0.14568366638034555,1.0
2025-12-16 18:00:34.478,0.009442158480241348,-0.575499814341651,-0.8177356273497979,0.0,-0.9999349253190882,-0.009247156684437824,-0.00503806724559717,0.0,-0.004662412473956658,0.8177457278334291,-0.5755607583219149,0.0,0.4614319390355442,0.23082101897457266,0.14555148630795328,1.0
2025-12-16 18:00:34.531,0.009545457759994727,-0.5754939089976334,-0.8177385840499298,0.0,-0.999933959542051,-0.00930394808679426,-0.005124451752366932,0.0,-0.004659196268095833,0.8177492396639999,-0.5755557947923775,0.0,0.46143637959313255,0.23082916556610353,0.1455621761773213,1.0
2025-12-16 18:00:34.578,0.00955960563867046,-0.5754994817216953,-0.8177344968749339,0.0,-0.9999336483230125,-0.009342903180661912,-0.0051142949460254005,0.0,-0.004696830569523162,0.8177448735853772,-0.5755616921820254,0.0,0.46142493426159364,0.23082816170914763,0.14553265627980028,1.0
2025-12-16 18:00:34.628,0.009576281769321108,-0.5755046911797574,-0.8177306354532491,0.0,-0.9999333201540488,-0.009381777684912678,-0.0051072883587640885,0.0,-0.0047325897353059695,0.8177407621765286,-0.5755672406151581,0.0,0.4614349533571807,0.23083226809296864,0.14549002464104202,1.0
2025-12-16 18:00:34.678,0.009628352754285903,-0.5754930063411732,-0.8177382474709408,0.0,-0.9999327511796964,-0.009423569985208505,-0.005141628938931487,0.0,-0.004747133506098083,0.8177485051483933,-0.575556119810261,0.0,0.46154786218538113,0.23086030939224697,0.14541001565123954,1.0
2025-12-16 18:00:34.731,0.009687831405655618,-0.5754677879109142,-0.817755292187573,0.0,-0.9999320357209878,-0.00948185400007361,-0.0051735176438235456,0.0,-0.004776735501061436,0.8177655787269144,-0.5755316160276409,0.0,0.46165122515542434,0.23090736842503212,0.14534136104468232,1.0
2025-12-16 18:00:34.779,0.009700905375891378,-0.5754979996897639,-0.8177338758356393,0.0,-0.9999313874551621,-0.009577852334993258,-0.005121721180614796,0.0,-0.004884688063044843,0.817743198456539,-0.5755625085084992,0.0,0.46167059504477886,0.2310091629935727,0.14521740555500623,1.0
2025-12-16 18:00:34.828,0.009823382894057778,-0.5755391093770638,-0.8177034802586945,0.0,-0.9999301824933465,-0.009650158555231094,-0.005220295000311859,0.0,-0.0048865783822720004,0.8177134147142857,-0.5756048060501376,0.0,0.46173605613844243,0.23118077885991356,0.1450395489508291,1.0
2025-12-16 18:00:34.878,0.009902087121457495,-0.5755022667385109,-0.8177284613798662,0.0,-0.9999289594456781,-0.00976930085537625,-0.005232946004788848,0.0,-0.004977158895479608,0.8177379305730893,-0.5755692006973363,0.0,0.4618306555949083,0.2312661695547831,0.144871653890484,1.0
2025-12-16 18:00:34.928,0.00999311367366772,-0.5754937710346184,-0.8177333331109033,0.0,-0.999928206270597,-0.009796526903845054,-0.005325154110163197,0.0,-0.004946448812261319,0.8177435839536231,-0.5755614333386414,0.0,0.4619742230389933,0.2312611902507827,0.1447655272998663,1.0
2025-12-16 18:00:34.978,0.010116562865159408,-0.5754876827151416,-0.8177360999125329,0.0,-0.9999264615828306,-0.00994991668142011,-0.005368192030912508,0.0,-0.005047174843035205,0.817746016691082,-0.5755571024772193,0.0,0.4620487083183215,0.23129201958864173,0.14463333600805053,1.0
2025-12-16 18:00:35.028,0.010211210385764807,-0.5754652436277309,-0.8177507147414439,0.0,-0.9999248585843589,-0.010106818902356618,-0.005373667084356601,0.0,-0.005172599331856898,0.8177598838520695,-0.5755362860657891,0.0,0.4620635144170983,0.2313084674849765,0.14441317251529362,1.0
2025-12-16 18:00:35.078,0.010224786600815739,-0.5753923761190096,-0.8178018183791816,0.0,-0.9999243540615451,-0.01017159629866461,-0.005345248782510212,0.0,-0.005242835491780864,0.8178103544048361,-0.5754639318882134,0.0,0.46205845445490484,0.23132523282024242,0.14412370291048687,1.0
2025-12-16 18:00:35.128,0.01037919664023612,-0.5754357065756698,-0.8177693848366246,0.0,-0.9999225631706951,-0.010291839084203643,-0.005449092733724842,0.0,-0.005280850062027354,0.8177783613409352,-0.5755090480132851,0.0,0.46208005928188356,0.23132211956544843,0.14363705537712884,1.0
2025-12-16 18:00:35.180,0.01049569111022216,-0.5754158458339701,-0.817781872954215,0.0,-0.999919936218775,-0.010571988299768277,-0.005394545100285387,0.0,-0.005541580353458387,0.8177887626921406,-0.5754918161899818,0.0,0.46199954888807326,0.231307853990975,0.14302247926674144,1.0
2025-12-16 18:00:35.228,0.010579938163407252,-0.575356125028841,-0.8178228055034068,0.0,-0.9999180830163358,-0.010760371851612265,-0.00536549678591018,0.0,-0.005713116051537243,0.8178283242797413,-0.5754339165453946,0.0,0.46197216604172037,0.23123468493408658,0.14237801430283176,1.0
2025-12-16 18:00:35.278,0.010720625760587433,-0.5753135094024653,-0.8178509527924568,0.0,-0.999915548240083,-0.010987114756380494,-0.005378345309930656,0.0,-0.005891700990412478,0.817855289316105,-0.5753937900230673,0.0,0.4618961765491944,0.23110657584384056,0.14169889194123939,1.0
2025-12-16 18:00:35.328,0.010811658765809463,-0.5752782592281922,-0.8178745499129563,0.0,-0.9999137648314284,-0.011149508611930042,-0.00537571014471622,0.0,-0.006026486192099209,0.8178778873907481,-0.5753602721612113,0.0,0.46184920344222746,0.23098083346787254,0.1411055981618084,1.0
2025-12-16 18:00:35.378,0.010983699266366194,-0.575355358173052,-0.8178180219787243,0.0,-0.9999123412172854,-0.011187379813531862,-0.005558715272655564,0.0,-0.005951118791024575,0.8178231339328899,-0.5754388810198018,0.0,0.46193355599683933,0.23071322949897377,0.14066604589202258,1.0
2025-12-16 18:00:35.428,0.010973305163524372,-0.5753529783831441,-0.8178198357466282,0.0,-0.9999131062027821,-0.01109110055597756,-0.005613771777436329,0.0,-0.005840734175059736,0.817826119593567,-0.5754357687308156,0.0,0.4619848417678814,0.2303616660402845,0.14031617114655676,1.0
2025-12-16 18:00:35.478,0.010747623397441309,-0.5753165411652061,-0.8178484657650332,0.0,-0.9999158631989533,-0.010917973690686597,-0.005459970218754552,0.0,-0.005788148290862893,0.8178540825405035,-0.5753965563080772,0.0,0.4619984364649605,0.2300442162793372,0.14000363146328748,1.0
2025-12-16 18:00:35.528,0.010823976956053182,-0.5753506415924744,-0.8178234697312076,0.0,-0.9999139139489908,-0.011118601804243558,-0.005411865328825522,0.0,-0.005979448439865759,0.8178273901554213,-0.5754325382770141,0.0,0.4619610759030346,0.22990967273731905,0.13967197549297106,1.0
2025-12-16 18:00:35.578,0.011234032894289411,-0.5753802307420988,-0.817797122443768,0.0,-0.9999073599549394,-0.011625105893876077,-0.005556556677256663,0.0,-0.0063099667714381705,0.8177995293971171,-0.5754686038674891,0.0,0.4619809109101148,0.22992508688164628,0.13927892414404586,1.0
2025-12-16 18:00:35.628,0.011376203539395002,-0.5752373216483756,-0.8178956856941122,0.0,-0.9999052032787745,-0.011776647698548413,-0.005625115663234594,0.0,-0.0063964160273305105,0.8178978913944261,-0.5753278414213558,0.0,0.4619883832596228,0.2299475655151402,0.13874654195926697,1.0
2025-12-16 18:00:35.678,0.011253698762516317,-0.5752674818234412,-0.8178761675962246,0.0,-0.9999073040832713,-0.01161418914416876,-0.00558934277500879,0.0,-0.006283722344870117,0.8178790013001807,-0.5753559368475412,0.0,0.46199441258027174,0.22990546365018724,0.13807677507345884,1.0
2025-12-16 18:00:35.728,0.010934076724921526,-0.5755187144990314,-0.8177037373821671,0.0,-0.999912173530385,-0.011256731026953447,-0.005447764085965898,0.0,-0.006069497704435408,0.8177072310183187,-0.5756023328114385,0.0,0.4620078696260242,0.2297079557585106,0.13742296531678402,1.0
2025-12-16 18:00:35.778,0.009529250842938694,-0.5767868911204895,-0.8168272905034094,0.0,-0.9999343008485195,-0.00926981590897637,-0.00511970710144729,0.0,-0.00461894759895777,0.8168381392821217,-0.576848437232172,0.0,0.46224032413695,0.22874185763065447,0.1364050940692912,1.0
2025-12-16 18:00:35.831,0.007287865134579089,-0.5771020278737531,-0.8166277507818298,0.0,-0.9999595782514914,-0.006583590258544533,-0.0042714287557482,0.0,-0.002911348360521433,0.8166415937382482,-0.5771377924095578,0.0,0.4624126671457279,0.22857328082516942,0.1348191486147433,1.0
2025-12-16 18:00:35.878,0.007040223364447102,-0.5772024851759076,-0.8165589221011202,0.0,-0.9999614572084874,-0.006411592606285277,-0.004089312770853506,0.0,-0.0028751370088383435,0.8165719608567746,-0.5772364908161148,0.0,0.46189724995529763,0.23043012748241484,0.13284600111434633,1.0
2025-12-16 18:00:35.928,0.0070657339398851405,-0.5772226272378912,-0.8165444635227683,0.0,-0.9999607254044693,-0.006578245968507848,-0.004002652839482683,0.0,-0.0030610674723831302,0.8165563969902285,-0.5772575511851411,0.0,0.46127389983439315,0.23199343947050677,0.1311130740313314,1.0
2025-12-16 18:00:35.979,0.0071868427452787265,-0.5771472217304358,-0.8165967062396235,0.0,-0.9999606139093745,-0.006438516146563541,-0.00425006364961361,0.0,-0.0028048126521374494,0.8166108105154636,-0.5771818753003807,0.0,0.46084389724068403,0.23324954399114295,0.12996322949750355,1.0
2025-12-16 18:00:36.029,0.0074938088479576635,-0.5771683455545642,-0.8165790167644316,0.0,-0.9999584454488718,-0.006590973644789889,-0.0045181127805074784,0.0,-0.002774392515481527,0.8165946640411995,-0.5772048660619649,0.0,0.46048093999873074,0.23417451887450147,0.1292842369243319,1.0
2025-12-16 18:00:36.078,0.0074729320398627804,-0.5771093697055677,-0.8166208897560595,0.0,-0.9999584521747449,-0.006622186367692875,-0.004470735197757286,0.0,-0.002827766994894897,0.8166360932097126,-0.5771459910637863,0.0,0.4604115599922223,0.23472744077529448,0.1288148614474519,1.0
2025-12-16 18:00:36.128,0.007592578325195156,-0.5771239293464798,-0.816609496535072,0.0,-0.9999569161293042,-0.006867880354057202,-0.004443535284262245,0.0,-0.00304396438049354,0.8166237742650024,-0.5771623216964469,0.0,0.46040512384733284,0.23506338234730054,0.12863745879310515,1.0
2025-12-16 18:00:36.178,0.007669335652938134,-0.5771023446573686,-0.8166240334344923,0.0,-0.999956994506318,-0.006727000981062661,-0.004637186312974691,0.0,-0.0028173538230339885,0.8166402011075702,-0.577140229452447,0.0,0.46047404701039574,0.23500691093742582,0.12874452548782833,1.0
2025-12-16 18:00:36.228,0.007631955130661839,-0.577047655760082,-0.8166630291276114,0.0,-0.9999578567796923,-0.0065315212754309985,-0.004729777542503569,0.0,-0.0026047950568131844,0.8166804333967055,-0.5770842960518693,0.0,0.4605072602829667,0.23494825144866371,0.1289074066781436,1.0
2025-12-16 18:00:36.278,0.0075812950788088935,-0.5769857050021763,-0.8167072713581519,0.0,-0.9999580762343788,-0.006553329867759862,-0.004652584496022359,0.0,-0.0026677287711339716,0.8167240289982857,-0.5770223077836861,0.0,0.46038289702955787,0.23494585265071052,0.1290282526922337,1.0
2025-12-16 18:00:36.328,0.007548460459515736,-0.5769781442343481,-0.8167129169553933,0.0,-0.9999584898967973,-0.006483143148500113,-0.004661999511051952,0.0,-0.00260504508073301,0.8167299306189354,-0.5770142408739286,0.0,0.4602233790678729,0.23484695469960162,0.12916931745328986,1.0
2025-12-16 18:00:36.378,0.007498564709690593,-0.5769741674555458,-0.8167161860263839,0.0,-0.9999590068054762,-0.006409492821971624,-0.004652957293877713,0.0,-0.0025501494693624745,0.8167333213695819,-0.577009686662447,0.0,0.46011046918057646,0.23475629613993654,0.129252613804043,1.0
2025-12-16 18:00:36.428,0.00740856706208921,-0.5769517961795444,-0.8167328112182665,0.0,-0.9999596234256554,-0.006374726211310253,-0.004567415610740164,0.0,-0.0025713189246523212,0.8167493973068813,-0.5769868372136698,0.0,0.46011453826464027,0.23471162977665774,0.12922277452915096,1.0
2025-12-16 18:00:36.479,0.007404059998208652,-0.5769313152148693,-0.8167473197514593,0.0,-0.9999594292592088,-0.006443087813465455,-0.004513685438066788,0.0,-0.0026583394075924385,0.8167633285305078,-0.5769667220900699,0.0,0.4601603807441868,0.23472367831963922,0.12916609538246765,1.0
2025-12-16 18:00:36.528,0.007273312078133794,-0.5769578301594107,-0.8167297643960132,0.0,-0.9999600439157112,-0.006471290461681252,-0.004333575089647631,0.0,-0.0027850590745685925,0.8167443753768936,-0.5769929538011354,0.0,0.46014339209459265,0.234726156248489,0.12904477611822032,1.0
2025-12-16 18:00:36.578,0.0075290176757269135,-0.576972443946433,-0.8167171234402564,0.0,-0.9999581689478285,-0.006613742585733348,-0.004545950365327526,0.0,-0.002778722226465767,0.816732910483722,-0.5770092127822369,0.0,0.4601387121950848,0.23471552293069983,0.12903333012687673,1.0
2025-12-16 18:00:36.628,0.0077963339711021205,-0.5769884875125667,-0.8167032810977192,0.0,-0.9999559772414766,-0.006809810597415745,-0.004734655201736094,0.0,-0.0028298075973853544,0.8167199649097503,-0.577027288008789,0.0,0.46011549814124947,0.23471437035430692,0.12897686230760602,1.0
2025-12-16 18:00:36.678,0.0077901923719854065,-0.5770397175688329,-0.8166671440385594,0.0,-0.9999553959859482,-0.006981506329527008,-0.004605595419132648,0.0,-0.0030440139620308737,0.8166823195454733,-0.5770794771266989,0.0,0.4600226813189312,0.2346997583491748,0.1287359797874741,1.0
2025-12-16 18:00:36.728,0.007798085407133457,-0.5771120569244546,-0.8166159504428117,0.0,-0.9999553119615902,-0.006992499405887067,-0.0046071610636292375,0.0,-0.0030513970991456127,0.8166311071926935,-0.5771519069889475,0.0,0.4599709260661189,0.23466682356494345,0.12848899661563898,1.0
2025-12-16 18:00:36.778,0.007807760587259089,-0.5770689536902331,-0.816646317852888,0.0,-0.9999550288778111,-0.007052791481325254,-0.004576598683021587,0.0,-0.0031186832246534115,0.8166610485942116,-0.5771091798992173,0.0,0.45989906081834386,0.23466569544004287,0.12826667803642924,1.0
2025-12-16 18:00:36.828,0.007888187069653321,-0.5770516409180586,-0.816657778460316,0.0,-0.9999545769042055,-0.007051732763281325,-0.004675905749172906,0.0,-0.0030606722548439536,0.8166732912466399,-0.5770921656457739,0.0,0.45979093895242584,0.23464001830191264,0.12814301526197322,1.0
2025-12-16 18:00:36.878,0.007956880320984929,-0.5770349266763838,-0.8166689221173693,0.0,-0.9999542489005357,-0.007032896992195638,-0.004773402022744516,0.0,-0.0029891862708862097,0.8166852637269677,-0.5770755971072171,0.0,0.4597950877915012,0.23463341168690374,0.12814129692453632,1.0
2025-12-16 18:00:36.928,0.007982685525563986,-0.5770225620447453,-0.8166774066449531,0.0,-0.9999541098065535,-0.007029458376914764,-0.0048074834496475705,0.0,-0.002966830540955622,0.8166940296801629,-0.5770633065802386,0.0,0.4598035381347856,0.23463310650544777,0.12815997537988164,1.0
2025-12-16 18:00:36.978,0.008040938798273872,-0.5769693826533214,-0.8167144064390537,0.0,-0.9999541660434287,-0.006914240230058741,-0.004960443089089517,0.0,-0.002784989438347252,0.8167325844388442,-0.5770096440699014,0.0,0.45984439051260184,0.23460410174521926,0.12830656013768235,1.0
2025-12-16 18:00:37.028,0.007936282288863138,-0.5768854141670716,-0.8167747432713172,0.0,-0.9999553615848421,-0.0067453664771626905,-0.004951946084563545,0.0,-0.0026527905791681977,0.8167933095855247,-0.5769243036295734,0.0,0.4598606585936167,0.23456999182359142,0.12850802238680517,1.0
2025-12-16 18:00:37.078,0.007716996261154228,-0.5768911455858204,-0.8167727964462291,0.0,-0.9999571798660014,-0.00658726700334529,-0.00479512763836117,0.0,-0.002614084143956292,0.8167905518568829,-0.5769283846036845,0.0,0.4598109132729259,0.2344098087608088,0.12862828889339714,1.0
2025-12-16 18:00:37.128,0.007747584893855603,-0.5769193972717827,-0.8167525518056761,0.0,-0.9999572431293315,-0.006509261320362241,-0.0048875690745220895,0.0,-0.0024967704597467027,0.8167712222558123,-0.5769562692544535,0.0,0.4598388316423317,0.23431898741003873,0.12871748070503242,1.0
2025-12-16 18:00:37.178,0.007783125740205258,-0.5769006561217325,-0.8167654515350384,0.0,-0.9999570014216492,-0.00651840597178526,-0.004924692134459221,0.0,-0.0024829984786818747,0.8167843869103835,-0.576937691625347,0.0,0.4598383637933686,0.23432105429155903,0.1287497479621167,1.0
2025-12-16 18:00:37.228,0.0077523351044113615,-0.5769162927287372,-0.8167546996410655,0.0,-0.9999571548952498,-0.006528735370076515,-0.004879640301600563,0.0,-0.002517279769009757,0.816773259723471,-0.5769532957729417,0.0,0.4597701218197759,0.23430457169807142,0.1287594914510786,1.0
2025-12-16 18:00:37.278,0.007722338098820014,-0.5769251418606031,-0.81674873313928,0.0,-0.9999573477271076,-0.0065241843856093,-0.0048460959420683295,0.0,-0.0025328335077593623,0.8167670454373692,-0.5769620249565239,0.0,0.4597618090571524,0.23429733229018734,0.12873955252419836,1.0
2025-12-16 18:00:37.328,0.007722292141342783,-0.576928239870193,-0.8167465452302649,0.0,-0.9999573077376043,-0.006537145493444363,-0.004836872147158511,0.0,-0.002548711933703588,0.8167647534647038,-0.5769651996136514,0.0,0.4597584545151306,0.23430687698865932,0.12873603341586645,1.0
2025-12-16 18:00:37.378,0.007744773975971857,-0.5769296266450139,-0.816745352773136,0.0,-0.9999571103727322,-0.006557640739028773,-0.004849913830318347,0.0,-0.002557912871120627,0.8167636095862665,-0.5769667781920869,0.0,0.4597553571470107,0.23431439765151985,0.12873568728134474,1.0
2025-12-16 18:00:37.428,0.007727531817490538,-0.5769341639453819,-0.8167423110295323,0.0,-0.9999572519064733,-0.006545118197273713,-0.004837632545557111,0.0,-0.002554728660700199,0.8167605049829421,-0.5769711872021687,0.0,0.45975686090713697,0.2343107262751501,0.12873075528303154,1.0
