timestamp,linear_x,linear_y,linear_z,angular_x,angular_y,angular_z
2025-12-16 18:01:54.197,-0.000530,-0.002007,-0.000590,-0.000000,0.000000,-0.000000
2025-12-16 18:01:54.246,-0.001023,-0.002880,-0.000881,-0.000000,0.000000,-0.000000
2025-12-16 18:01:54.296,-0.000491,-0.004467,0.000302,-0.000000,-0.000000,-0.000001
2025-12-16 18:01:54.346,-0.001215,-0.006780,-0.000283,-0.000000,0.000000,-0.000001
2025-12-16 18:01:54.396,0.000202,-0.007260,-0.000880,-0.000000,-0.000000,-0.000002
2025-12-16 18:01:54.446,0.002701,-0.005986,-0.001731,-0.000001,-0.000001,-0.000002
2025-12-16 18:01:54.495,0.003286,-0.002656,-0.002814,-0.000001,-0.000000,-0.000001
2025-12-16 18:01:54.546,0.000340,-0.001243,-0.000889,-0.000000,0.000000,-0.000000
2025-12-16 18:01:54.596,0.000126,-0.001084,0.000652,0.000000,-0.000000,-0.000000
2025-12-16 18:01:54.646,0.001361,0.000466,0.001595,0.000001,-0.000001,-0.000001
2025-12-16 18:01:54.696,0.003121,0.001817,0.003059,0.000001,-0.000002,-0.000001
2025-12-16 18:01:54.746,0.005370,0.001243,0.003965,0.000002,-0.000003,-0.000002
2025-12-16 18:01:54.796,0.006841,-0.000097,0.003260,0.000001,-0.000004,-0.000003
2025-12-16 18:01:54.846,0.008636,-0.000968,0.001496,-0.000000,-0.000004,-0.000004
2025-12-16 18:01:54.896,0.011745,-0.004024,-0.000809,-0.000003,-0.000004,-0.000006
2025-12-16 18:01:54.946,0.014518,-0.008399,-0.002841,-0.000005,-0.000004,-0.000008
2025-12-16 18:01:54.996,0.017655,-0.011809,-0.005173,-0.000009,-0.000005,-0.000010
2025-12-16 18:01:55.045,0.019104,-0.015962,-0.008189,-0.000011,-0.000004,-0.000011
2025-12-16 18:01:55.096,0.020028,-0.017733,-0.011142,-0.000012,-0.000004,-0.000012
2025-12-16 18:01:55.146,0.020415,-0.018150,-0.012068,-0.000013,-0.000004,-0.000012
2025-12-16 18:01:55.197,0.021468,-0.015753,-0.011645,-0.000013,-0.000004,-0.000012
2025-12-16 18:01:55.246,0.021904,-0.012882,-0.010717,-0.000013,-0.000005,-0.000011
2025-12-16 18:01:55.296,0.022951,-0.009669,-0.008972,-0.000012,-0.000006,-0.000011
2025-12-16 18:01:55.345,0.024655,-0.007716,-0.008983,-0.000013,-0.000007,-0.000011
2025-12-16 18:01:55.396,0.023926,-0.005208,-0.008888,-0.000010,-0.000006,-0.000010
2025-12-16 18:01:55.446,0.022196,-0.005667,-0.009459,-0.000010,-0.000006,-0.000010
2025-12-16 18:01:55.497,0.019800,-0.006781,-0.009631,-0.000009,-0.000005,-0.000009
2025-12-16 18:01:55.546,0.019269,-0.007751,-0.009964,-0.000009,-0.000004,-0.000009
2025-12-16 18:01:55.596,0.019248,-0.008430,-0.010178,-0.000009,-0.000004,-0.000009
2025-12-16 18:01:55.647,0.018705,-0.010936,-0.011931,-0.000010,-0.000004,-0.000009
2025-12-16 18:01:55.696,0.018574,-0.015351,-0.013733,-0.000012,-0.000003,-0.000010
2025-12-16 18:01:55.746,0.022844,-0.017904,-0.016902,-0.000015,-0.000004,-0.000012
2025-12-16 18:01:55.796,0.031757,-0.021863,-0.022688,-0.000023,-0.000006,-0.000017
2025-12-16 18:01:55.845,0.036689,-0.022088,-0.023917,-0.000031,-0.000009,-0.000019
2025-12-16 18:01:55.896,0.036936,-0.024279,-0.025466,-0.000033,-0.000009,-0.000019
2025-12-16 18:01:55.946,0.037695,-0.024455,-0.026321,-0.000033,-0.000009,-0.000019
2025-12-16 18:01:55.996,0.038004,-0.023514,-0.024872,-0.000036,-0.000010,-0.000019
2025-12-16 18:01:56.045,0.040802,-0.022482,-0.023784,-0.000040,-0.000010,-0.000019
2025-12-16 18:01:56.095,0.042414,-0.019669,-0.019863,-0.000039,-0.000013,-0.000020
2025-12-16 18:01:56.146,0.039374,-0.017044,-0.017203,-0.000033,-0.000011,-0.000018
2025-12-16 18:01:56.197,0.033622,-0.017902,-0.017540,-0.000027,-0.000008,-0.000015
2025-12-16 18:01:56.246,0.025095,-0.016705,-0.015151,-0.000020,-0.000006,-0.000012
2025-12-16 18:01:56.296,0.018648,-0.013552,-0.014719,-0.000012,-0.000003,-0.000009
2025-12-16 18:01:56.346,0.016156,-0.007324,-0.014208,-0.000008,-0.000002,-0.000006
2025-12-16 18:01:56.396,0.013269,-0.006202,-0.010823,-0.000006,-0.000002,-0.000005
2025-12-16 18:01:56.446,0.012846,-0.005008,-0.007924,-0.000005,-0.000002,-0.000005
2025-12-16 18:01:56.496,0.012067,-0.004874,-0.006315,-0.000005,-0.000003,-0.000005
2025-12-16 18:01:56.546,0.013609,-0.005237,-0.007160,-0.000005,-0.000003,-0.000005
2025-12-16 18:01:56.596,0.015577,-0.005272,-0.007398,-0.000006,-0.000004,-0.000006
2025-12-16 18:01:56.647,0.017174,-0.005795,-0.008963,-0.000007,-0.000004,-0.000007
2025-12-16 18:01:56.697,0.015556,-0.005899,-0.009066,-0.000006,-0.000003,-0.000006
2025-12-16 18:01:56.746,0.012458,-0.004614,-0.007926,-0.000005,-0.000002,-0.000005
2025-12-16 18:01:56.796,0.010777,-0.003412,-0.006120,-0.000004,-0.000002,-0.000004
2025-12-16 18:01:56.846,0.009336,-0.002944,-0.004706,-0.000003,-0.000002,-0.000003
2025-12-16 18:01:56.896,0.007998,-0.002972,-0.004087,-0.000002,-0.000002,-0.000003
2025-12-16 18:01:56.945,0.006699,-0.001962,-0.004062,-0.000002,-0.000001,-0.000002
2025-12-16 18:01:56.996,0.005233,-0.001832,-0.003786,-0.000001,-0.000001,-0.000002
2025-12-16 18:01:57.047,0.003421,-0.002179,-0.003940,-0.000001,-0.000000,-0.000001
2025-12-16 18:01:57.096,0.002696,-0.002730,-0.005841,-0.000002,0.000001,-0.000001
2025-12-16 18:01:57.146,0.006913,-0.003580,-0.006712,-0.000003,-0.000001,-0.000003
2025-12-16 18:01:57.195,0.009751,-0.004277,-0.007659,-0.000004,-0.000001,-0.000004
2025-12-16 18:01:57.246,0.008055,-0.004877,-0.008153,-0.000004,-0.000001,-0.000003
2025-12-16 18:01:57.296,0.006173,-0.004862,-0.008052,-0.000003,0.000000,-0.000002
2025-12-16 18:01:57.346,0.004456,-0.004463,-0.007209,-0.000003,0.000000,-0.000002
2025-12-16 18:01:57.395,0.003381,-0.002744,-0.005539,-0.000002,0.000001,-0.000001
2025-12-16 18:01:57.446,0.002338,-0.001720,-0.003884,-0.000001,0.000000,-0.000001
2025-12-16 18:01:57.496,0.001197,-0.001745,-0.003507,-0.000001,0.000001,-0.000000
2025-12-16 18:01:57.546,0.002668,-0.001333,-0.003042,-0.000001,0.000000,-0.000001
2025-12-16 18:01:57.596,0.003420,-0.001990,-0.003376,-0.000001,-0.000000,-0.000001
2025-12-16 18:01:57.646,0.002760,-0.002298,-0.005001,-0.000002,0.000001,-0.000001
2025-12-16 18:01:57.696,0.002237,-0.002326,-0.006616,-0.000002,0.000001,-0.000001
2025-12-16 18:01:57.746,0.004016,-0.003058,-0.007096,-0.000002,0.000001,-0.000001
2025-12-16 18:01:57.795,0.003403,-0.003232,-0.007944,-0.000003,0.000001,-0.000001
2025-12-16 18:01:57.845,0.002818,-0.002712,-0.007626,-0.000003,0.000001,-0.000001
2025-12-16 18:01:57.896,0.004012,-0.002473,-0.005903,-0.000002,0.000000,-0.000001
2025-12-16 18:01:57.946,0.005282,-0.003774,-0.006033,-0.000002,-0.000000,-0.000002
2025-12-16 18:01:57.996,0.006808,-0.003815,-0.006613,-0.000003,-0.000001,-0.000003
2025-12-16 18:01:58.046,0.007812,-0.003811,-0.009454,-0.000004,-0.000000,-0.000003
2025-12-16 18:01:58.097,0.007515,-0.004929,-0.012010,-0.000005,0.000001,-0.000003
2025-12-16 18:01:58.146,0.008221,-0.005779,-0.014549,-0.000006,0.000001,-0.000003
2025-12-16 18:01:58.195,0.009714,-0.005522,-0.016922,-0.000007,0.000002,-0.000003
2025-12-16 18:01:58.246,0.010673,-0.005752,-0.017188,-0.000007,0.000001,-0.000004
2025-12-16 18:01:58.297,0.011251,-0.005502,-0.017309,-0.000007,0.000001,-0.000004
2025-12-16 18:01:58.346,0.008944,-0.005620,-0.016666,-0.000007,0.000002,-0.000003
2025-12-16 18:01:58.396,0.007312,-0.005273,-0.016565,-0.000007,0.000002,-0.000003
2025-12-16 18:01:58.446,0.004911,-0.005290,-0.015763,-0.000006,0.000003,-0.000002
2025-12-16 18:01:58.496,0.007519,-0.008699,-0.010712,-0.000005,-0.000001,-0.000004
2025-12-16 18:01:58.546,0.009177,-0.014607,-0.004003,-0.000004,-0.000003,-0.000006
2025-12-16 18:01:58.595,0.015757,-0.020283,0.001284,-0.000012,-0.000003,-0.000010
2025-12-16 18:01:58.645,0.014864,-0.025801,0.002093,-0.000015,-0.000001,-0.000011
2025-12-16 18:01:58.696,0.010263,-0.027821,0.000159,-0.000009,0.000002,-0.000010
2025-12-16 18:01:58.746,0.006499,-0.027924,-0.000825,-0.000004,0.000003,-0.000009
2025-12-16 18:01:58.796,0.005006,-0.026598,-0.006188,-0.000003,0.000003,-0.000008
2025-12-16 18:01:58.848,0.001914,-0.023896,-0.008643,-0.000001,0.000003,-0.000006
2025-12-16 18:01:58.896,0.001126,-0.019752,-0.012128,-0.000002,0.000003,-0.000005
2025-12-16 18:01:58.947,0.004497,-0.014226,-0.015026,-0.000004,0.000002,-0.000004
2025-12-16 18:01:58.997,0.004650,-0.008416,-0.017531,-0.000006,0.000003,-0.000002
2025-12-16 18:01:59.047,0.000231,-0.003375,-0.016655,-0.000006,0.000005,0.000001
2025-12-16 18:01:59.097,-0.004361,-0.002412,-0.017015,-0.000009,0.000007,0.000002
2025-12-16 18:01:59.147,-0.005548,-0.002030,-0.018870,-0.000011,0.000009,0.000002
2025-12-16 18:01:59.197,-0.003672,-0.001507,-0.018744,-0.000010,0.000008,0.000002
2025-12-16 18:01:59.246,-0.004525,-0.002962,-0.017843,-0.000010,0.000008,0.000002
2025-12-16 18:01:59.296,-0.005881,-0.001473,-0.015967,-0.000009,0.000008,0.000002
2025-12-16 18:01:59.346,-0.006686,-0.000804,-0.013183,-0.000008,0.000007,0.000002
2025-12-16 18:01:59.396,-0.006996,-0.001333,-0.011536,-0.000007,0.000007,0.000002
2025-12-16 18:01:59.446,-0.007500,-0.000999,-0.009995,-0.000006,0.000006,0.000003
2025-12-16 18:01:59.496,-0.006485,0.000235,-0.008259,-0.000005,0.000006,0.000003
2025-12-16 18:01:59.546,-0.003312,-0.000581,-0.006594,-0.000003,0.000004,0.000001
2025-12-16 18:01:59.595,0.000278,-0.000520,-0.004647,-0.000002,0.000001,0.000000
2025-12-16 18:01:59.646,0.000866,-0.000238,-0.003867,-0.000001,0.000001,0.000000
2025-12-16 18:01:59.696,0.001191,0.000487,-0.001823,-0.000000,0.000000,-0.000000
2025-12-16 18:01:59.746,0.000262,0.000816,-0.001611,-0.000000,0.000001,0.000000
2025-12-16 18:01:59.796,-0.000138,0.001832,-0.002068,-0.000001,0.000001,0.000001
2025-12-16 18:01:59.845,-0.000732,0.003654,-0.003979,-0.000001,0.000002,0.000001
2025-12-16 18:01:59.896,-0.001657,0.006689,-0.007501,-0.000003,0.000005,0.000003
2025-12-16 18:01:59.946,-0.003491,0.010995,-0.011640,-0.000007,0.000010,0.000004
2025-12-16 18:01:59.996,-0.004150,0.012281,-0.015093,-0.000011,0.000013,0.000005
2025-12-16 18:02:00.045,-0.002884,0.009689,-0.016793,-0.000012,0.000012,0.000003
2025-12-16 18:02:00.096,-0.001304,0.006724,-0.017715,-0.000010,0.000010,0.000002
2025-12-16 18:02:00.146,-0.000042,0.001058,-0.014980,-0.000007,0.000006,0.000001
2025-12-16 18:02:00.196,0.000771,0.001329,-0.016391,-0.000008,0.000006,0.000001
2025-12-16 18:02:00.246,-0.001497,-0.002870,-0.015552,-0.000008,0.000006,0.000001
2025-12-16 18:02:00.296,-0.000787,-0.005016,-0.012625,-0.000004,0.000004,-0.000000
2025-12-16 18:02:00.346,-0.001571,-0.002452,-0.013344,-0.000006,0.000005,0.000001
2025-12-16 18:02:00.396,-0.001429,-0.004034,-0.011228,-0.000004,0.000004,0.000000
2025-12-16 18:02:00.446,-0.000550,-0.003763,-0.009621,-0.000004,0.000003,-0.000000
2025-12-16 18:02:00.496,-0.000470,-0.002829,-0.008933,-0.000003,0.000003,0.000000
2025-12-16 18:02:00.546,-0.000301,-0.002310,-0.006168,-0.000002,0.000002,0.000000
2025-12-16 18:02:00.595,-0.000239,-0.000302,-0.003815,-0.000001,0.000001,0.000000
2025-12-16 18:02:00.646,-0.001045,0.000759,-0.002251,-0.000001,0.000001,0.000001
2025-12-16 18:02:00.695,-0.000489,-0.000726,-0.001299,-0.000000,0.000001,0.000000
2025-12-16 18:02:00.747,-0.000029,0.000775,-0.002932,-0.000001,0.000001,0.000000
2025-12-16 18:02:00.796,-0.000581,0.000479,-0.004658,-0.000002,0.000002,0.000001
2025-12-16 18:02:00.845,-0.000180,-0.000548,-0.006694,-0.000002,0.000002,0.000000
2025-12-16 18:02:00.896,0.001847,-0.000458,-0.008234,-0.000003,0.000002,-0.000000
2025-12-16 18:02:00.946,0.002442,-0.000713,-0.007498,-0.000002,0.000002,-0.000000
2025-12-16 18:02:00.996,0.001764,-0.000512,-0.006845,-0.000002,0.000002,-0.000000
2025-12-16 18:02:01.046,0.000802,-0.000921,-0.006028,-0.000002,0.000002,0.000000
2025-12-16 18:02:01.095,0.000142,0.000070,-0.006678,-0.000002,0.000002,0.000001
2025-12-16 18:02:01.146,-0.000614,-0.000707,-0.007215,-0.000003,0.000003,0.000001
2025-12-16 18:02:01.197,-0.000506,-0.000330,-0.008705,-0.000003,0.000003,0.000001
2025-12-16 18:02:01.245,-0.000001,-0.001545,-0.005756,-0.000002,0.000002,0.000000
2025-12-16 18:02:01.296,0.000605,-0.001864,-0.005024,-0.000002,0.000001,-0.000000
2025-12-16 18:02:01.345,0.000982,-0.000678,-0.005825,-0.000002,0.000002,-0.000000
2025-12-16 18:02:01.396,0.000336,-0.000109,-0.007435,-0.000003,0.000002,0.000000
2025-12-16 18:02:01.446,-0.000883,-0.000550,-0.008248,-0.000003,0.000003,0.000001
2025-12-16 18:02:01.496,-0.001749,-0.001341,-0.009411,-0.000004,0.000004,0.000001
2025-12-16 18:02:01.546,-0.002716,-0.001912,-0.010389,-0.000004,0.000004,0.000001
2025-12-16 18:02:01.596,-0.003329,-0.000537,-0.011873,-0.000006,0.000006,0.000002
2025-12-16 18:02:01.645,-0.003096,-0.000586,-0.013754,-0.000006,0.000006,0.000001
2025-12-16 18:02:01.696,-0.002121,-0.002159,-0.014186,-0.000007,0.000006,0.000001
2025-12-16 18:02:01.746,-0.000186,-0.004879,-0.013552,-0.000005,0.000004,-0.000000
2025-12-16 18:02:01.796,0.001615,-0.009707,-0.010849,-0.000004,0.000002,-0.000002
2025-12-16 18:02:01.845,0.002064,-0.013248,-0.009153,-0.000003,0.000001,-0.000004
2025-12-16 18:02:01.896,0.002941,-0.015204,-0.008288,-0.000003,0.000001,-0.000004
2025-12-16 18:02:01.947,0.003416,-0.012512,-0.007990,-0.000003,0.000001,-0.000003
2025-12-16 18:02:01.996,0.002043,-0.009358,-0.008409,-0.000003,0.000001,-0.000002
2025-12-16 18:02:02.046,0.000351,-0.003385,-0.009723,-0.000003,0.000003,0.000000
2025-12-16 18:02:02.097,-0.001231,0.002664,-0.011738,-0.000004,0.000005,0.000002
2025-12-16 18:02:02.147,-0.000968,0.003016,-0.011079,-0.000005,0.000005,0.000002
2025-12-16 18:02:02.196,0.000142,-0.001288,-0.008524,-0.000003,0.000003,0.000000
2025-12-16 18:02:02.246,0.000635,-0.002254,-0.006911,-0.000002,0.000002,-0.000000
2025-12-16 18:02:02.296,-0.000043,-0.000469,-0.005436,-0.000002,0.000002,0.000000
2025-12-16 18:02:02.346,-0.000041,0.001779,-0.004669,-0.000002,0.000002,0.000001
2025-12-16 18:02:02.396,-0.001025,0.003707,-0.004541,-0.000002,0.000003,0.000002
2025-12-16 18:02:02.446,-0.001109,0.006443,-0.005913,-0.000002,0.000004,0.000002
2025-12-16 18:02:02.497,-0.000504,0.005449,-0.007340,-0.000002,0.000004,0.000002
2025-12-16 18:02:02.546,0.000065,0.000259,-0.006651,-0.000002,0.000002,0.000001
2025-12-16 18:02:02.596,0.000505,-0.000845,-0.004955,-0.000002,0.000001,0.000000
2025-12-16 18:02:02.646,0.000415,-0.001836,-0.002591,-0.000001,0.000001,-0.000000
2025-12-16 18:02:02.696,0.000304,-0.003609,-0.001969,-0.000001,0.000000,-0.000001
2025-12-16 18:02:02.746,-0.000726,-0.002884,-0.004343,-0.000002,0.000002,0.000000
2025-12-16 18:02:02.796,-0.001773,-0.000221,-0.005709,-0.000002,0.000003,0.000001
2025-12-16 18:02:02.846,-0.003876,0.000640,-0.007962,-0.000003,0.000004,0.000002
2025-12-16 18:02:02.896,-0.003320,0.000209,-0.007834,-0.000004,0.000004,0.000002
2025-12-16 18:02:02.946,-0.002715,-0.000095,-0.008422,-0.000004,0.000004,0.000002
2025-12-16 18:02:02.996,-0.001044,-0.001195,-0.006531,-0.000002,0.000003,0.000001
2025-12-16 18:02:03.045,-0.001781,-0.005466,-0.006800,-0.000002,0.000003,0.000000
2025-12-16 18:02:03.096,-0.003484,-0.003087,-0.011040,-0.000007,0.000007,0.000005
2025-12-16 18:02:03.147,-0.009932,0.018733,-0.031136,-0.000041,0.000027,0.000009
2025-12-16 18:02:03.196,-0.019484,0.031523,-0.052207,-0.000096,0.000071,0.000010
2025-12-16 18:02:03.246,-0.017547,0.025173,-0.042849,-0.000077,0.000054,0.000008
2025-12-16 18:02:03.295,-0.016051,0.012774,-0.026847,-0.000036,0.000028,0.000008
2025-12-16 18:02:03.347,-0.006592,0.000451,-0.008318,-0.000006,0.000006,0.000003
2025-12-16 18:02:03.396,0.003822,-0.008050,-0.000099,-0.000001,-0.000002,-0.000003
2025-12-16 18:02:03.445,0.004672,-0.013363,0.008497,-0.000002,-0.000003,-0.000006
2025-12-16 18:02:03.496,0.004409,-0.010341,0.008324,-0.000002,-0.000003,-0.000005
2025-12-16 18:02:03.546,0.005023,-0.002684,0.002084,-0.000001,-0.000003,-0.000002
2025-12-16 18:02:03.596,0.003609,-0.007932,0.005962,-0.000001,-0.000003,-0.000004
2025-12-16 18:02:03.646,0.003674,-0.011338,0.004021,-0.000002,-0.000002,-0.000005
2025-12-16 18:02:03.696,0.001968,-0.003149,-0.000229,-0.000001,-0.000001,-0.000001
2025-12-16 18:02:03.746,-0.001185,-0.003340,0.002589,0.000000,-0.000001,-0.000001
2025-12-16 18:02:03.795,-0.000705,-0.003370,0.002499,0.000000,-0.000001,-0.000001
2025-12-16 18:02:03.846,-0.001565,0.005757,-0.002718,-0.000000,0.000002,0.000002
2025-12-16 18:02:03.895,-0.004602,0.003986,-0.001883,-0.000001,0.000003,0.000003
2025-12-16 18:02:03.946,-0.002526,0.010708,-0.003271,-0.000001,0.000005,0.000004
2025-12-16 18:02:03.996,-0.002345,0.012023,-0.004376,-0.000001,0.000006,0.000004
2025-12-16 18:02:04.049,-0.002123,0.005425,-0.002353,-0.000001,0.000003,0.000002
2025-12-16 18:02:04.099,0.000016,0.001705,-0.000781,-0.000000,0.000000,0.000000
2025-12-16 18:02:04.146,-0.000068,0.001049,-0.000429,-0.000000,0.000000,0.000000
2025-12-16 18:02:04.197,0.000018,-0.001887,0.001388,0.000000,-0.000001,-0.000001
2025-12-16 18:02:04.246,0.000005,0.000084,-0.001213,-0.000000,0.000000,0.000000
2025-12-16 18:02:04.296,0.000468,-0.000874,-0.000070,-0.000000,-0.000000,-0.000000
2025-12-16 18:02:04.346,0.000335,-0.000014,-0.000326,-0.000000,-0.000000,-0.000000
2025-12-16 18:02:04.395,0.000627,-0.002594,0.001807,0.000000,-0.000001,-0.000001
2025-12-16 18:02:04.446,0.000445,-0.003609,0.001773,-0.000000,-0.000001,-0.000001
2025-12-16 18:02:04.496,-0.001475,-0.001186,0.000689,0.000000,0.000000,0.000000
2025-12-16 18:02:04.546,-0.000113,0.000342,0.001086,0.000000,-0.000000,0.000000
2025-12-16 18:02:04.596,0.000664,-0.001233,-0.000208,-0.000000,-0.000000,-0.000000
2025-12-16 18:02:04.646,0.001416,0.000119,-0.000665,-0.000000,-0.000000,-0.000000
2025-12-16 18:02:04.696,0.000195,0.002273,-0.001229,-0.000000,0.000001,0.000001
2025-12-16 18:02:04.746,-0.001331,-0.000651,-0.000037,-0.000000,0.000000,0.000000
2025-12-16 18:02:04.796,-0.000258,0.000733,-0.000079,0.000000,0.000000,0.000000
2025-12-16 18:02:04.846,0.000062,-0.000900,0.000021,-0.000000,-0.000000,-0.000000
2025-12-16 18:02:04.896,-0.000672,-0.000440,0.000324,0.000000,0.000000,0.000000
2025-12-16 18:02:04.946,0.000024,-0.001071,-0.001781,-0.000001,0.000001,-0.000000
2025-12-16 18:02:04.996,0.000654,-0.002067,-0.000724,-0.000000,-0.000000,-0.000001
2025-12-16 18:02:05.046,0.001674,0.000186,-0.000454,-0.000000,-0.000001,-0.000001
2025-12-16 18:02:05.096,-0.000644,-0.000583,0.000956,0.000000,-0.000000,-0.000000
2025-12-16 18:02:05.146,-0.001390,0.000162,-0.000063,-0.000000,0.000001,0.000001
2025-12-16 18:02:05.196,0.001821,-0.001266,-0.000023,-0.000000,-0.000001,-0.000001
2025-12-16 18:02:05.246,0.004042,-0.001929,-0.000062,-0.000001,-0.000002,-0.000002
2025-12-16 18:02:05.296,0.001933,0.001012,-0.001428,-0.000000,-0.000000,-0.000000
2025-12-16 18:02:05.346,-0.000403,0.003855,-0.001293,-0.000000,0.000001,0.000001
2025-12-16 18:02:05.396,-0.002529,-0.000280,-0.000625,-0.000000,0.000001,0.000001
2025-12-16 18:02:05.446,-0.000520,-0.001198,0.000466,-0.000000,-0.000000,-0.000000
2025-12-16 18:02:05.496,0.000619,0.000403,-0.001024,-0.000000,0.000000,-0.000000
2025-12-16 18:02:05.545,-0.000080,-0.000108,-0.000813,-0.000000,0.000000,0.000000
2025-12-16 18:02:05.596,-0.000309,0.002655,-0.001486,-0.000000,0.000001,0.000001
