timestamp,linear_x,linear_y,linear_z,angular_x,angular_y,angular_z
2025-12-16 18:09:42.399,-0.000125,0.000083,-0.000304,-0.000000,0.000000,0.000000
2025-12-16 18:09:42.446,0.000158,0.000040,0.000260,0.000000,-0.000000,-0.000000
2025-12-16 18:09:42.496,0.000371,-0.000094,0.000117,0.000000,-0.000000,-0.000000
2025-12-16 18:09:42.546,-0.000370,-0.000024,-0.000160,-0.000000,0.000000,0.000000
2025-12-16 18:09:42.596,-0.000577,0.000395,-0.000175,-0.000000,0.000000,0.000000
2025-12-16 18:09:42.646,-0.000168,0.000300,-0.000035,0.000000,0.000000,0.000000
2025-12-16 18:09:42.696,-0.000108,0.000008,0.000213,0.000000,-0.000000,0.000000
2025-12-16 18:09:42.749,-0.000010,0.000007,-0.000058,-0.000000,0.000000,0.000000
2025-12-16 18:09:42.798,0.000156,-0.000101,0.000067,0.000000,-0.000000,-0.000000
2025-12-16 18:09:42.845,-0.000017,-0.000213,0.000064,0.000000,-0.000000,-0.000000
2025-12-16 18:09:42.896,0.000038,0.000114,-0.000009,0.000000,0.000000,0.000000
2025-12-16 18:09:42.946,-0.000172,-0.000128,-0.000190,-0.000000,0.000000,0.000000
2025-12-16 18:09:42.998,-0.000833,0.000800,-0.000671,-0.000000,0.000001,0.000001
2025-12-16 18:09:43.046,-0.001958,0.001108,-0.000763,-0.000000,0.000001,0.000001
2025-12-16 18:09:43.095,-0.002367,0.001580,-0.001314,-0.000001,0.000001,0.000001
2025-12-16 18:09:43.146,-0.004079,0.002128,-0.005004,-0.000003,0.000003,0.000002
2025-12-16 18:09:43.196,-0.004246,0.001817,-0.008336,-0.000005,0.000005,0.000002
2025-12-16 18:09:43.246,-0.006358,0.000996,-0.011603,-0.000007,0.000006,0.000003
2025-12-16 18:09:43.295,-0.008135,0.001002,-0.014540,-0.000011,0.000008,0.000003
2025-12-16 18:09:43.346,-0.009435,0.002071,-0.018480,-0.000015,0.000011,0.000003
2025-12-16 18:09:43.395,-0.008353,0.004234,-0.020942,-0.000020,0.000012,0.000003
2025-12-16 18:09:43.446,-0.007877,0.003514,-0.022841,-0.000021,0.000013,0.000003
2025-12-16 18:09:43.496,-0.008190,0.000463,-0.023921,-0.000019,0.000012,0.000002
2025-12-16 18:09:43.546,-0.009577,-0.005185,-0.025747,-0.000018,0.000011,0.000001
2025-12-16 18:09:43.595,-0.007418,-0.008992,-0.024024,-0.000013,0.000009,-0.000000
2025-12-16 18:09:43.646,-0.008988,-0.009338,-0.023373,-0.000013,0.000009,0.000000
2025-12-16 18:09:43.697,-0.010650,-0.007424,-0.020799,-0.000012,0.000009,0.000001
2025-12-16 18:09:43.746,-0.011111,-0.005392,-0.018507,-0.000012,0.000009,0.000002
2025-12-16 18:09:43.796,-0.012853,-0.003165,-0.018597,-0.000014,0.000010,0.000002
2025-12-16 18:09:43.846,-0.015074,-0.002834,-0.019653,-0.000017,0.000011,0.000003
2025-12-16 18:09:43.896,-0.015809,-0.004273,-0.020903,-0.000018,0.000012,0.000003
2025-12-16 18:09:43.947,-0.016240,-0.011904,-0.025755,-0.000016,0.000012,0.000001
2025-12-16 18:09:43.995,-0.014758,-0.016200,-0.027777,-0.000009,0.000011,-0.000001
2025-12-16 18:09:44.046,-0.012723,-0.015631,-0.030156,-0.000013,0.000012,-0.000000
2025-12-16 18:09:44.096,-0.009849,-0.010937,-0.030569,-0.000018,0.000011,-0.000001
2025-12-16 18:09:44.146,-0.008492,-0.005634,-0.032510,-0.000026,0.000014,-0.000001
2025-12-16 18:09:44.196,-0.008299,-0.001937,-0.032550,-0.000031,0.000015,-0.000001
2025-12-16 18:09:44.246,-0.007565,0.000336,-0.031233,-0.000030,0.000016,0.000001
2025-12-16 18:09:44.295,-0.007609,0.001925,-0.030882,-0.000031,0.000017,0.000001
2025-12-16 18:09:44.346,-0.005967,0.004227,-0.028938,-0.000028,0.000016,0.000002
2025-12-16 18:09:44.396,-0.005155,0.003513,-0.028281,-0.000026,0.000015,0.000001
2025-12-16 18:09:44.445,-0.005445,0.003458,-0.026855,-0.000024,0.000014,0.000001
2025-12-16 18:09:44.496,-0.007919,0.002495,-0.028377,-0.000027,0.000016,0.000003
2025-12-16 18:09:44.546,-0.010727,0.001988,-0.030852,-0.000033,0.000017,0.000002
2025-12-16 18:09:44.596,-0.012381,0.000553,-0.033730,-0.000038,0.000019,0.000000
2025-12-16 18:09:44.646,-0.010017,-0.010060,-0.036200,-0.000029,0.000014,-0.000002
2025-12-16 18:09:44.696,-0.004920,-0.014791,-0.036745,-0.000022,0.000011,-0.000004
2025-12-16 18:09:44.746,-0.000291,-0.021475,-0.041972,-0.000019,0.000009,-0.000009
2025-12-16 18:09:44.795,0.002643,-0.017374,-0.039826,-0.000019,0.000008,-0.000007
2025-12-16 18:09:44.845,-0.002242,-0.010392,-0.041962,-0.000032,0.000012,-0.000006
2025-12-16 18:09:44.896,-0.005803,-0.002775,-0.037565,-0.000034,0.000016,-0.000000
2025-12-16 18:09:44.946,-0.010448,0.002376,-0.034994,-0.000038,0.000020,0.000001
2025-12-16 18:09:44.996,-0.011426,0.006070,-0.030768,-0.000037,0.000020,0.000003
2025-12-16 18:09:45.045,-0.011171,0.006464,-0.026707,-0.000032,0.000018,0.000005
2025-12-16 18:09:45.096,-0.006766,-0.000062,-0.026351,-0.000023,0.000013,0.000001
2025-12-16 18:09:45.145,-0.002015,-0.006568,-0.022263,-0.000013,0.000008,-0.000001
2025-12-16 18:09:45.196,-0.001004,-0.012506,-0.022891,-0.000009,0.000006,-0.000002
2025-12-16 18:09:45.246,-0.001899,-0.010671,-0.021876,-0.000009,0.000007,-0.000001
2025-12-16 18:09:45.296,-0.005301,-0.006688,-0.024906,-0.000014,0.000009,-0.000001
2025-12-16 18:09:45.346,-0.005497,-0.002334,-0.028002,-0.000022,0.000012,0.000001
2025-12-16 18:09:45.396,-0.005138,-0.000366,-0.030703,-0.000024,0.000014,0.000000
2025-12-16 18:09:45.446,-0.002762,-0.000827,-0.033038,-0.000028,0.000015,0.000000
2025-12-16 18:09:45.496,0.000577,-0.002346,-0.033750,-0.000026,0.000012,-0.000002
2025-12-16 18:09:45.545,0.002749,-0.002768,-0.034416,-0.000026,0.000012,-0.000002
2025-12-16 18:09:45.596,0.003387,-0.007566,-0.034787,-0.000022,0.000010,-0.000004
2025-12-16 18:09:45.646,0.003810,-0.008444,-0.032815,-0.000020,0.000008,-0.000004
2025-12-16 18:09:45.695,0.002774,-0.012017,-0.028844,-0.000014,0.000006,-0.000004
2025-12-16 18:09:45.746,-0.000215,-0.010293,-0.026285,-0.000013,0.000007,-0.000003
2025-12-16 18:09:45.796,-0.003885,-0.000636,-0.024807,-0.000018,0.000011,0.000001
2025-12-16 18:09:45.847,-0.007441,0.005904,-0.024578,-0.000024,0.000015,0.000003
2025-12-16 18:09:45.896,-0.006928,0.003482,-0.025613,-0.000022,0.000014,0.000003
2025-12-16 18:09:45.947,-0.005672,0.010058,-0.026426,-0.000027,0.000018,0.000003
2025-12-16 18:09:45.996,-0.003259,0.005621,-0.030607,-0.000027,0.000017,0.000002
2025-12-16 18:09:46.046,0.003025,-0.000886,-0.027061,-0.000017,0.000010,-0.000001
2025-12-16 18:09:46.096,0.004391,-0.006105,-0.027590,-0.000014,0.000007,-0.000002
2025-12-16 18:09:46.147,0.006228,-0.008760,-0.024659,-0.000011,0.000005,-0.000003
2025-12-16 18:09:46.196,0.006893,-0.010862,-0.022486,-0.000010,0.000004,-0.000004
2025-12-16 18:09:46.246,0.003892,-0.004461,-0.021412,-0.000009,0.000005,-0.000002
2025-12-16 18:09:46.296,0.002990,-0.004826,-0.019472,-0.000008,0.000005,-0.000002
2025-12-16 18:09:46.346,0.005266,-0.004858,-0.015695,-0.000007,0.000003,-0.000002
2025-12-16 18:09:46.396,0.004332,-0.004275,-0.016904,-0.000008,0.000004,-0.000002
2025-12-16 18:09:46.447,0.004716,-0.004195,-0.016158,-0.000007,0.000003,-0.000002
2025-12-16 18:09:46.495,0.003609,-0.004110,-0.017852,-0.000008,0.000004,-0.000001
2025-12-16 18:09:46.546,0.002327,-0.004885,-0.017996,-0.000008,0.000005,-0.000001
2025-12-16 18:09:46.597,0.001524,-0.004176,-0.017657,-0.000008,0.000005,-0.000001
2025-12-16 18:09:46.645,0.000695,-0.003488,-0.017327,-0.000009,0.000005,-0.000000
2025-12-16 18:09:46.697,0.001121,-0.001487,-0.016850,-0.000008,0.000006,0.000000
2025-12-16 18:09:46.746,0.000822,0.000962,-0.015457,-0.000008,0.000006,0.000001
2025-12-16 18:09:46.795,0.000077,0.004795,-0.015222,-0.000008,0.000007,0.000002
2025-12-16 18:09:46.846,-0.000638,0.012484,-0.015186,-0.000010,0.000011,0.000004
2025-12-16 18:09:46.895,-0.002292,0.014572,-0.015589,-0.000011,0.000014,0.000005
2025-12-16 18:09:46.946,-0.000147,0.011035,-0.012044,-0.000007,0.000009,0.000003
2025-12-16 18:09:46.996,0.001390,0.005473,-0.009990,-0.000004,0.000005,0.000001
2025-12-16 18:09:47.046,0.004213,-0.001774,-0.010076,-0.000004,0.000002,-0.000001
2025-12-16 18:09:47.096,0.007664,-0.000570,-0.010477,-0.000004,0.000001,-0.000002
2025-12-16 18:09:47.146,0.008343,-0.000711,-0.013987,-0.000005,0.000002,-0.000002
2025-12-16 18:09:47.195,0.008122,0.001751,-0.016136,-0.000006,0.000003,-0.000002
2025-12-16 18:09:47.246,0.007872,0.000861,-0.018138,-0.000008,0.000004,-0.000002
2025-12-16 18:09:47.295,0.006592,0.001185,-0.019602,-0.000009,0.000005,-0.000001
2025-12-16 18:09:47.345,0.005643,0.002341,-0.019660,-0.000009,0.000006,-0.000001
2025-12-16 18:09:47.396,0.004417,0.002405,-0.019459,-0.000010,0.000006,-0.000001
2025-12-16 18:09:47.446,0.004462,-0.002660,-0.016586,-0.000007,0.000004,-0.000001
2025-12-16 18:09:47.497,0.004002,-0.001487,-0.015916,-0.000007,0.000004,-0.000001
2025-12-16 18:09:47.546,0.004947,-0.000910,-0.014360,-0.000006,0.000003,-0.000001
2025-12-16 18:09:47.596,0.007535,-0.000021,-0.013336,-0.000005,0.000002,-0.000002
2025-12-16 18:09:47.646,0.006732,-0.000271,-0.012030,-0.000004,0.000002,-0.000002
2025-12-16 18:09:47.696,0.007763,-0.000921,-0.011395,-0.000004,0.000001,-0.000002
2025-12-16 18:09:47.746,0.010397,0.001140,-0.012242,-0.000004,0.000001,-0.000003
2025-12-16 18:09:47.795,0.010909,0.000743,-0.011914,-0.000004,0.000000,-0.000003
2025-12-16 18:09:47.845,0.011893,0.000186,-0.013920,-0.000005,0.000000,-0.000003
2025-12-16 18:09:47.895,0.013575,0.001038,-0.016071,-0.000005,0.000001,-0.000004
2025-12-16 18:09:47.946,0.015032,0.000934,-0.017034,-0.000006,0.000000,-0.000004
2025-12-16 18:09:47.996,0.014259,0.000913,-0.018950,-0.000007,0.000001,-0.000004
2025-12-16 18:09:48.046,0.013593,0.000969,-0.020235,-0.000008,0.000002,-0.000003
2025-12-16 18:09:48.096,0.011677,0.000289,-0.021863,-0.000009,0.000003,-0.000003
2025-12-16 18:09:48.146,0.009473,0.000143,-0.020604,-0.000008,0.000004,-0.000002
2025-12-16 18:09:48.196,0.006134,-0.000278,-0.017734,-0.000007,0.000004,-0.000001
2025-12-16 18:09:48.246,0.004963,-0.000303,-0.014949,-0.000005,0.000003,-0.000001
2025-12-16 18:09:48.296,0.004516,-0.000256,-0.011880,-0.000004,0.000002,-0.000001
2025-12-16 18:09:48.346,0.004839,0.000132,-0.010764,-0.000004,0.000002,-0.000001
2025-12-16 18:09:48.396,0.005213,-0.000484,-0.008520,-0.000002,0.000001,-0.000001
2025-12-16 18:09:48.446,0.004628,-0.000632,-0.006329,-0.000002,0.000000,-0.000001
2025-12-16 18:09:48.496,0.003138,-0.000946,-0.004468,-0.000001,0.000000,-0.000001
2025-12-16 18:09:48.545,0.001784,-0.000665,-0.003027,-0.000001,0.000000,-0.000001
2025-12-16 18:09:48.596,0.000615,0.000010,-0.002768,-0.000001,0.000001,0.000000
2025-12-16 18:09:48.645,-0.000109,-0.000006,-0.003945,-0.000001,0.000001,0.000000
2025-12-16 18:09:48.696,0.000520,-0.000303,-0.005264,-0.000002,0.000002,0.000000
2025-12-16 18:09:48.746,0.001463,-0.000587,-0.007712,-0.000003,0.000002,-0.000000
2025-12-16 18:09:48.797,0.001530,-0.000708,-0.010641,-0.000004,0.000003,0.000000
2025-12-16 18:09:48.846,0.000525,-0.000994,-0.013392,-0.000005,0.000004,0.000000
2025-12-16 18:09:48.896,0.000102,-0.001225,-0.016441,-0.000007,0.000005,0.000000
2025-12-16 18:09:48.946,0.000338,-0.001418,-0.018679,-0.000007,0.000006,-0.000000
2025-12-16 18:09:48.995,0.000961,-0.004126,-0.018455,-0.000007,0.000005,-0.000001
2025-12-16 18:09:49.046,0.002710,-0.007803,-0.015490,-0.000006,0.000003,-0.000002
2025-12-16 18:09:49.096,0.004959,-0.012020,-0.012286,-0.000005,0.000000,-0.000004
2025-12-16 18:09:49.146,0.007214,-0.013220,-0.009767,-0.000004,-0.000001,-0.000005
2025-12-16 18:09:49.196,0.008194,-0.012090,-0.008303,-0.000004,-0.000001,-0.000005
2025-12-16 18:09:49.246,0.005937,-0.010467,-0.008927,-0.000004,-0.000000,-0.000004
2025-12-16 18:09:49.296,0.003519,-0.007500,-0.008630,-0.000003,0.000001,-0.000002
2025-12-16 18:09:49.346,0.001797,-0.004466,-0.009534,-0.000003,0.000002,-0.000001
2025-12-16 18:09:49.396,-0.000021,-0.000536,-0.008823,-0.000003,0.000003,0.000001
2025-12-16 18:09:49.446,0.000154,-0.000003,-0.008895,-0.000003,0.000003,0.000000
2025-12-16 18:09:49.496,-0.000184,-0.000086,-0.009086,-0.000003,0.000003,0.000001
2025-12-16 18:09:49.546,0.001673,0.001692,-0.006646,-0.000002,0.000002,0.000000
2025-12-16 18:09:49.596,0.002027,0.000333,-0.004868,-0.000001,0.000001,-0.000000
2025-12-16 18:09:49.646,0.002797,0.001012,-0.001251,-0.000000,-0.000001,-0.000001
2025-12-16 18:09:49.696,0.003014,0.001249,-0.000234,0.000000,-0.000001,-0.000001
2025-12-16 18:09:49.746,0.002187,0.001760,-0.001120,0.000000,-0.000000,-0.000000
2025-12-16 18:09:49.796,0.001237,0.004253,-0.002638,-0.000000,0.000001,0.000001
2025-12-16 18:09:49.846,-0.001329,0.006386,-0.004459,-0.000001,0.000003,0.000002
2025-12-16 18:09:49.896,-0.003246,0.007061,-0.005338,-0.000002,0.000005,0.000003
2025-12-16 18:09:49.946,-0.003086,0.007911,-0.005032,-0.000002,0.000005,0.000003
2025-12-16 18:09:49.996,-0.002716,0.006773,-0.005422,-0.000002,0.000005,0.000003
2025-12-16 18:09:50.046,-0.001744,0.006747,-0.004878,-0.000002,0.000004,0.000002
2025-12-16 18:09:50.095,-0.001253,0.003936,-0.004403,-0.000002,0.000003,0.000002
2025-12-16 18:09:50.146,-0.000327,0.001631,-0.003070,-0.000001,0.000001,0.000001
2025-12-16 18:09:50.195,0.000354,-0.000358,-0.002267,-0.000001,0.000001,-0.000000
2025-12-16 18:09:50.245,0.000431,-0.000002,-0.001642,-0.000000,0.000000,0.000000
2025-12-16 18:09:50.296,-0.000087,0.000185,-0.002168,-0.000001,0.000001,0.000000
2025-12-16 18:09:50.346,-0.000056,0.000305,-0.004154,-0.000001,0.000001,0.000000
2025-12-16 18:09:50.396,0.000467,0.000334,-0.004031,-0.000001,0.000001,0.000000
2025-12-16 18:09:50.446,0.000144,0.000121,-0.004769,-0.000002,0.000002,0.000000
2025-12-16 18:09:50.496,-0.000233,0.000038,-0.004094,-0.000001,0.000001,0.000000
2025-12-16 18:09:50.546,-0.000752,0.001234,-0.003587,-0.000001,0.000002,0.000001
2025-12-16 18:09:50.596,-0.002295,0.004346,-0.005028,-0.000002,0.000003,0.000002
2025-12-16 18:09:50.646,-0.005275,0.010337,-0.007399,-0.000004,0.000008,0.000005
2025-12-16 18:09:50.695,-0.008496,0.021428,-0.016609,-0.000021,0.000019,0.000011
2025-12-16 18:09:50.745,-0.009290,0.050680,-0.034728,-0.000050,0.000069,0.000006
2025-12-16 18:09:50.796,-0.010534,0.042881,-0.049319,-0.000076,0.000082,0.000004
2025-12-16 18:09:50.847,-0.010774,0.046280,-0.044308,-0.000066,0.000078,0.000007
2025-12-16 18:09:50.896,-0.010889,0.024448,-0.034575,-0.000044,0.000042,0.000006
2025-12-16 18:09:50.946,-0.001486,0.010148,-0.019153,-0.000012,0.000013,0.000003
2025-12-16 18:09:50.996,0.005769,-0.005123,-0.006479,-0.000003,-0.000001,-0.000003
2025-12-16 18:09:51.046,0.011645,-0.013820,0.005574,-0.000006,-0.000005,-0.000007
2025-12-16 18:09:51.096,0.010362,-0.017175,0.011536,-0.000008,-0.000004,-0.000009
2025-12-16 18:09:51.149,0.008306,-0.014395,0.009710,-0.000006,-0.000003,-0.000008
2025-12-16 18:09:51.196,0.004698,-0.006658,0.008171,-0.000001,-0.000004,-0.000004
2025-12-16 18:09:51.245,0.001286,-0.002327,0.002650,0.000000,-0.000001,-0.000001
2025-12-16 18:09:51.297,0.000937,-0.003864,0.002336,-0.000000,-0.000001,-0.000001
2025-12-16 18:09:51.346,0.000706,-0.004634,0.001040,-0.000000,-0.000001,-0.000001
2025-12-16 18:09:51.396,0.000587,-0.005317,0.002420,-0.000000,-0.000001,-0.000002
2025-12-16 18:09:51.446,0.000534,-0.005398,0.002661,-0.000000,-0.000001,-0.000002
2025-12-16 18:09:51.497,0.000792,-0.002434,0.001335,-0.000000,-0.000001,-0.000001
2025-12-16 18:09:51.546,0.000575,-0.001248,0.000285,-0.000000,-0.000000,-0.000001
2025-12-16 18:09:51.596,0.000168,-0.000360,0.000047,-0.000000,-0.000000,-0.000000
2025-12-16 18:09:51.646,0.000473,-0.001063,0.000834,0.000000,-0.000001,-0.000001
2025-12-16 18:09:51.696,0.000494,-0.000252,-0.000168,-0.000000,-0.000000,-0.000000
2025-12-16 18:09:51.746,-0.000257,0.000031,0.000052,0.000000,0.000000,0.000000
2025-12-16 18:09:51.796,-0.000196,-0.000293,0.000243,0.000000,-0.000000,-0.000000
2025-12-16 18:09:51.846,-0.000285,0.000163,-0.000150,-0.000000,0.000000,0.000000
2025-12-16 18:09:51.896,-0.000538,-0.000412,0.000121,-0.000000,0.000000,0.000000
2025-12-16 18:09:51.946,-0.001667,-0.000556,0.000548,0.000000,0.000000,0.000000
2025-12-16 18:09:51.996,-0.002556,-0.000616,0.000413,-0.000000,0.000001,0.000001
2025-12-16 18:09:52.046,-0.002597,-0.000693,0.000486,-0.000000,0.000001,0.000001
2025-12-16 18:09:52.096,-0.001712,0.001953,0.000554,0.000000,0.000001,0.000001
2025-12-16 18:09:52.146,-0.001124,0.001652,0.001137,0.000000,0.000000,0.000001
2025-12-16 18:09:52.196,0.000463,-0.001174,0.003292,0.000001,-0.000001,-0.000001
2025-12-16 18:09:52.246,0.000559,-0.002897,0.003344,0.000000,-0.000002,-0.000001
2025-12-16 18:09:52.296,-0.000712,0.000198,0.004361,0.000001,-0.000001,-0.000000
2025-12-16 18:09:52.347,-0.002341,-0.001745,0.004734,0.000001,-0.000001,-0.000000
2025-12-16 18:09:52.396,-0.001777,-0.002934,0.007217,0.000001,-0.000002,-0.000001
2025-12-16 18:09:52.446,-0.001482,-0.000317,0.006431,0.000001,-0.000002,-0.000000
2025-12-16 18:09:52.497,-0.000375,-0.001938,0.005364,0.000001,-0.000002,-0.000001
