timestamp,p1,p2,p3,p4,p5,p6,p7,v1,v2,v3,v4,v5,v6,v7
2025-12-16 17:38:08.055,0.140931,0.380376,0.049271,-2.204609,1.345186,2.185561,1.463833,-0.000209,0.001140,0.001449,0.001156,0.000035,-0.000288,0.000376
2025-12-16 17:38:08.102,0.140932,0.380369,0.049273,-2.204613,1.345182,2.185556,1.463841,-0.000142,0.000657,-0.000419,0.000356,-0.000060,-0.000042,0.001911
2025-12-16 17:38:08.152,0.140927,0.380323,0.049271,-2.204609,1.345183,2.185555,1.463841,-0.001513,-0.002164,-0.001639,0.000016,0.000145,-0.000221,-0.001411
2025-12-16 17:38:08.202,0.140936,0.380290,0.049271,-2.204609,1.345183,2.185560,1.463856,0.001276,0.000176,-0.000468,0.000433,-0.000227,0.000444,0.002398
2025-12-16 17:38:08.252,0.140936,0.380274,0.049273,-2.204612,1.345183,2.185558,1.463850,0.000528,-0.002555,0.000359,-0.000855,-0.000210,0.000648,0.000448
2025-12-16 17:38:08.302,0.140930,0.380289,0.049271,-2.204616,1.345182,2.185555,1.463853,-0.000034,0.000340,0.000357,-0.000961,-0.000494,-0.000390,0.000266
2025-12-16 17:38:08.351,0.140932,0.380264,0.049272,-2.204614,1.345181,2.185559,1.463853,-0.000481,0.000254,-0.000708,-0.000339,-0.000341,0.000373,-0.000314
2025-12-16 17:38:08.402,0.140933,0.380282,0.049272,-2.204616,1.345182,2.185559,1.463858,-0.000061,0.000708,-0.000007,0.003669,-0.000038,0.000156,0.002193
2025-12-16 17:38:08.451,0.140930,0.380261,0.049272,-2.204609,1.345183,2.185556,1.463852,-0.000167,0.000219,-0.000057,-0.000321,-0.000378,-0.000150,0.000422
2025-12-16 17:38:08.501,0.140937,0.380278,0.049271,-2.204621,1.345184,2.185556,1.463854,0.000385,-0.000027,0.000096,-0.000403,0.000474,-0.000293,0.001512
2025-12-16 17:38:08.552,0.140934,0.380265,0.049285,-2.204643,1.345183,2.185561,1.463849,-0.000589,0.001056,0.000249,-0.003825,0.000050,0.002140,-0.000497
2025-12-16 17:38:08.602,0.141002,0.380227,0.049354,-2.204872,1.345210,2.185605,1.463834,0.002325,-0.000992,0.000242,-0.006538,-0.000190,0.005542,-0.000216
2025-12-16 17:38:08.652,0.141083,0.380270,0.049458,-2.205157,1.345354,2.185794,1.463473,0.004707,-0.000079,-0.000269,-0.002973,0.001059,0.000234,0.001343
2025-12-16 17:38:08.702,0.141093,0.380188,0.049463,-2.205107,1.345374,2.185796,1.463456,0.000867,-0.001171,0.000257,0.005896,-0.003684,0.000281,0.000452
2025-12-16 17:38:08.752,0.141070,0.380172,0.049418,-2.204880,1.345367,2.185782,1.463506,-0.000590,0.001051,-0.000707,0.008688,-0.000492,0.000117,0.002114
2025-12-16 17:38:08.802,0.141068,0.380022,0.049318,-2.204581,1.345220,2.185693,1.464077,0.001793,-0.006660,-0.008006,0.001431,-0.004656,-0.011091,0.001221
2025-12-16 17:38:08.852,0.141049,0.379837,0.049197,-2.204194,1.344834,2.185430,1.464687,0.000435,-0.008853,-0.000190,0.001505,-0.007970,-0.003828,0.013213
2025-12-16 17:38:08.903,0.141051,0.379402,0.049085,-2.203743,1.344331,2.185152,1.465676,-0.000655,-0.012553,-0.000013,0.012794,-0.012149,-0.007657,0.023293
2025-12-16 17:38:08.952,0.141066,0.378897,0.049066,-2.203249,1.343703,2.184868,1.467015,0.002188,-0.013850,-0.003129,0.012661,-0.019042,-0.008315,0.033737
2025-12-16 17:38:09.002,0.141133,0.378234,0.049045,-2.202775,1.342976,2.184595,1.468649,0.005752,-0.012580,-0.001883,0.011213,-0.019018,-0.009267,0.037671
2025-12-16 17:38:09.052,0.141361,0.377381,0.049029,-2.202415,1.342325,2.184396,1.470300,0.006289,-0.020281,0.003234,0.008012,-0.010368,-0.001338,0.024632
2025-12-16 17:38:09.102,0.141702,0.376220,0.049036,-2.202122,1.341619,2.184220,1.472153,0.005099,-0.026781,0.001633,0.002186,-0.010724,0.000539,0.036173
2025-12-16 17:38:09.152,0.141920,0.375206,0.049054,-2.201746,1.340919,2.183986,1.473802,0.007725,-0.018325,-0.002358,0.007483,-0.020836,-0.008909,0.026380
2025-12-16 17:38:09.202,0.142072,0.374335,0.049048,-2.201257,1.340211,2.183791,1.475511,0.002384,-0.015614,-0.003870,0.014632,-0.015966,-0.000159,0.031695
2025-12-16 17:38:09.252,0.142213,0.373688,0.049035,-2.200827,1.339602,2.183633,1.476750,0.001197,-0.010505,-0.000364,0.005498,-0.011214,-0.000610,0.018634
2025-12-16 17:38:09.303,0.142458,0.372901,0.049051,-2.200756,1.339227,2.183589,1.477863,0.003194,-0.016254,0.001119,0.001289,-0.004024,-0.000059,0.022850
2025-12-16 17:38:09.351,0.142672,0.372288,0.049081,-2.200762,1.339067,2.183587,1.478552,0.001643,-0.009303,0.002872,0.000103,-0.001999,0.000254,0.020341
2025-12-16 17:38:09.402,0.142856,0.371532,0.049166,-2.200741,1.338879,2.183585,1.479390,0.004166,-0.010870,0.000032,0.001877,-0.010369,-0.000496,0.010565
2025-12-16 17:38:09.452,0.142978,0.370997,0.049191,-2.200621,1.338592,2.183582,1.480171,0.002521,-0.015990,0.001015,0.000690,0.000054,-0.000055,0.023538
2025-12-16 17:38:09.502,0.143179,0.370395,0.049216,-2.200555,1.338366,2.183565,1.480981,0.009984,-0.014089,-0.001309,0.000871,-0.002442,0.000469,0.018371
2025-12-16 17:38:09.552,0.143396,0.369767,0.049363,-2.200531,1.338090,2.183556,1.481930,0.000638,-0.014135,0.003904,0.001825,0.000147,0.000884,0.019371
2025-12-16 17:38:09.602,0.143726,0.369044,0.049466,-2.200487,1.337744,2.183543,1.483024,0.007000,-0.012534,0.003279,-0.000773,-0.003819,-0.000219,0.027498
2025-12-16 17:38:09.652,0.143919,0.368422,0.049499,-2.200121,1.337346,2.183420,1.484240,0.003768,-0.016986,0.001223,0.002584,-0.007286,-0.001001,0.025298
2025-12-16 17:38:09.702,0.143994,0.367674,0.049513,-2.199638,1.336816,2.183226,1.485522,-0.001251,-0.011821,-0.002333,0.005517,-0.012788,-0.003978,0.023403
2025-12-16 17:38:09.752,0.144071,0.366986,0.049465,-2.199012,1.335980,2.182959,1.487216,0.001170,-0.018715,-0.002067,0.013611,-0.018958,-0.006365,0.032652
2025-12-16 17:38:09.802,0.144229,0.366233,0.049435,-2.198514,1.335213,2.182639,1.488731,0.010710,-0.017107,-0.001667,0.005684,-0.017740,-0.002735,0.031072
2025-12-16 17:38:09.855,0.144535,0.364975,0.049453,-2.198521,1.334580,2.182507,1.490256,0.003966,-0.024717,0.001778,-0.007677,-0.000807,0.000187,0.025652
2025-12-16 17:38:09.903,0.144797,0.363690,0.049492,-2.198914,1.334254,2.182508,1.491218,0.004452,-0.029810,0.002674,-0.013400,-0.001817,0.000344,0.019581
2025-12-16 17:38:09.951,0.144945,0.362097,0.049533,-2.199436,1.334005,2.182491,1.492333,0.001165,-0.036036,-0.000691,-0.013275,-0.003145,-0.000095,0.017744
2025-12-16 17:38:10.002,0.145065,0.360570,0.049551,-2.199979,1.333658,2.182412,1.493316,0.001664,-0.033525,-0.000454,-0.010487,-0.008745,-0.005015,0.024892
2025-12-16 17:38:10.052,0.145247,0.359074,0.049599,-2.200540,1.333284,2.182297,1.494398,0.003168,-0.026978,0.000355,-0.011328,-0.003185,0.000029,0.018047
2025-12-16 17:38:10.102,0.145281,0.357608,0.049599,-2.201119,1.332809,2.181974,1.495294,-0.000272,-0.035298,-0.000864,-0.011753,-0.009552,-0.007079,0.030235
2025-12-16 17:38:10.151,0.145326,0.355980,0.049602,-2.201562,1.332129,2.181669,1.496674,0.001220,-0.033645,-0.000741,-0.008290,-0.018679,-0.002473,0.025580
2025-12-16 17:38:10.202,0.145341,0.354194,0.049476,-2.202075,1.331140,2.181143,1.498275,0.002005,-0.043501,-0.002479,-0.007112,-0.018094,-0.013583,0.037817
2025-12-16 17:38:10.251,0.145362,0.351976,0.049259,-2.202550,1.330053,2.180553,1.500120,0.000354,-0.046348,-0.002070,-0.011223,-0.024211,-0.015318,0.033650
2025-12-16 17:38:10.301,0.145327,0.349410,0.048887,-2.203203,1.328780,2.179796,1.502149,-0.001594,-0.053507,-0.005543,-0.011513,-0.029464,-0.008728,0.042837
2025-12-16 17:38:10.352,0.145324,0.346608,0.048607,-2.203898,1.327362,2.179053,1.504387,-0.000217,-0.049411,-0.010979,-0.011827,-0.031120,-0.020175,0.039592
2025-12-16 17:38:10.402,0.145318,0.343672,0.048437,-2.204669,1.325885,2.178202,1.506913,0.000213,-0.057727,-0.000221,-0.011713,-0.035085,-0.014995,0.055090
2025-12-16 17:38:10.452,0.145345,0.340683,0.048297,-2.205347,1.324473,2.177436,1.509500,0.001196,-0.061756,-0.002145,-0.016761,-0.021854,-0.011514,0.052718
2025-12-16 17:38:10.501,0.145354,0.337457,0.048051,-2.206324,1.323041,2.176628,1.512118,-0.001072,-0.064553,-0.007547,-0.028821,-0.033060,-0.012405,0.044704
2025-12-16 17:38:10.552,0.145312,0.333962,0.047634,-2.207594,1.321492,2.175708,1.514644,-0.000085,-0.068669,-0.004076,-0.026659,-0.024020,-0.017650,0.050394
2025-12-16 17:38:10.602,0.145305,0.330577,0.047319,-2.208704,1.320053,2.174861,1.517154,-0.003548,-0.064169,-0.005381,-0.020995,-0.018956,-0.015403,0.046179
2025-12-16 17:38:10.652,0.145302,0.327463,0.047182,-2.209678,1.318675,2.174011,1.519438,-0.000020,-0.063640,-0.000317,-0.021096,-0.021236,-0.018686,0.047813
2025-12-16 17:38:10.702,0.145321,0.324822,0.047156,-2.210603,1.317592,2.173386,1.521353,0.000776,-0.048493,-0.000101,-0.014832,-0.021571,-0.005234,0.041821
2025-12-16 17:38:10.752,0.145319,0.322684,0.047099,-2.211418,1.316853,2.172876,1.522912,-0.000963,-0.037682,-0.000357,-0.011494,-0.014162,-0.008098,0.033776
2025-12-16 17:38:10.801,0.145382,0.321087,0.047102,-2.212080,1.316320,2.172715,1.524040,0.004543,-0.024660,0.001188,-0.014518,-0.006670,0.000172,0.013709
2025-12-16 17:38:10.852,0.145493,0.319912,0.047093,-2.212653,1.316104,2.172642,1.524885,0.001221,-0.021951,0.000723,-0.009079,-0.004770,-0.000083,0.012680
2025-12-16 17:38:10.903,0.145665,0.318812,0.047106,-2.213227,1.315979,2.172624,1.525506,0.003813,-0.021160,-0.000799,-0.011106,-0.000611,-0.000440,0.010124
2025-12-16 17:38:10.952,0.145780,0.317894,0.047147,-2.213720,1.315900,2.172610,1.525975,0.002131,-0.015028,0.001539,-0.008575,-0.002758,0.000165,0.014261
2025-12-16 17:38:11.003,0.145873,0.317069,0.047166,-2.214199,1.315739,2.172576,1.526471,0.000723,-0.012346,-0.000020,-0.012408,-0.006199,-0.001202,0.006503
2025-12-16 17:38:11.052,0.145921,0.316358,0.047176,-2.214593,1.315547,2.172459,1.526992,0.000807,-0.015311,-0.000328,-0.004516,-0.003825,0.000183,0.012704
2025-12-16 17:38:11.102,0.145963,0.315420,0.047184,-2.215055,1.315229,2.172353,1.527576,0.000945,-0.021845,0.000327,-0.007583,-0.000960,-0.000305,0.013331
2025-12-16 17:38:11.151,0.145965,0.314322,0.047175,-2.215549,1.314896,2.172173,1.528175,-0.000468,-0.023421,-0.000683,-0.009450,-0.014073,-0.009923,0.014289
2025-12-16 17:38:11.203,0.146005,0.312921,0.047159,-2.216057,1.314452,2.171906,1.529170,0.000478,-0.030578,0.000867,-0.009251,-0.006312,-0.001095,0.011904
2025-12-16 17:38:11.251,0.146090,0.311487,0.047116,-2.216617,1.313941,2.171597,1.530233,0.004433,-0.035561,-0.001204,-0.013200,-0.006655,-0.000994,0.027484
2025-12-16 17:38:11.302,0.146284,0.309642,0.047116,-2.217263,1.313367,2.171375,1.531596,0.004392,-0.036178,0.000937,-0.015185,-0.011053,0.000281,0.022367
2025-12-16 17:38:11.352,0.146541,0.307741,0.047129,-2.218029,1.312885,2.171192,1.532916,0.006008,-0.042990,0.001473,-0.016584,-0.008174,-0.000091,0.023471
2025-12-16 17:38:11.402,0.146714,0.305766,0.047161,-2.219057,1.312502,2.171051,1.533950,0.005684,-0.035166,0.000438,-0.018528,-0.009413,-0.008916,0.016430
2025-12-16 17:38:11.451,0.146857,0.303839,0.047212,-2.219965,1.312157,2.170989,1.535096,0.005978,-0.035468,0.003262,-0.014675,-0.004000,-0.006648,0.028225
2025-12-16 17:38:11.502,0.147124,0.302111,0.047269,-2.220862,1.311849,2.170953,1.536101,0.007678,-0.030053,0.003766,-0.020844,-0.002182,0.000239,0.020364
2025-12-16 17:38:11.551,0.147407,0.300409,0.047429,-2.221808,1.311711,2.170942,1.537045,0.004493,-0.035544,-0.000316,-0.018637,-0.004319,-0.001086,0.018156
2025-12-16 17:38:11.602,0.147710,0.298758,0.047613,-2.222734,1.311599,2.170942,1.537947,0.006145,-0.034098,0.006340,-0.017643,-0.004036,-0.000084,0.019603
2025-12-16 17:38:11.652,0.147969,0.296960,0.047724,-2.223818,1.311477,2.170943,1.538811,0.008084,-0.031711,0.001638,-0.020857,-0.000683,0.000080,0.018297
2025-12-16 17:38:11.702,0.148155,0.295113,0.047827,-2.224936,1.311325,2.170945,1.539717,0.006162,-0.039102,0.000146,-0.025889,-0.003923,-0.000420,0.014270
2025-12-16 17:38:11.752,0.148396,0.293277,0.047922,-2.226001,1.311071,2.170946,1.540769,0.003588,-0.036094,0.001160,-0.023457,-0.010758,0.000067,0.024180
2025-12-16 17:38:11.802,0.148642,0.291266,0.048041,-2.227127,1.310822,2.170942,1.541822,0.006733,-0.041217,0.000349,-0.022369,-0.000191,-0.000385,0.024167
2025-12-16 17:38:11.852,0.148816,0.289413,0.048178,-2.228345,1.310659,2.170937,1.542633,0.003263,-0.038815,0.001377,-0.023232,-0.003297,-0.000330,0.021882
2025-12-16 17:38:11.902,0.149005,0.287724,0.048261,-2.229483,1.310545,2.170932,1.543355,0.006940,-0.035585,0.001991,-0.024220,-0.000633,-0.000514,0.007598
2025-12-16 17:38:11.951,0.149093,0.286256,0.048341,-2.230590,1.310484,2.170924,1.543874,0.003753,-0.026126,0.002689,-0.024035,0.000062,-0.000204,0.008996
2025-12-16 17:38:12.001,0.149168,0.284891,0.048381,-2.231739,1.310437,2.170904,1.544269,-0.000245,-0.028286,0.000363,-0.024445,-0.000954,-0.000589,0.001013
2025-12-16 17:38:12.053,0.149186,0.283404,0.048397,-2.233009,1.310376,2.170793,1.544499,0.000582,-0.027680,-0.000998,-0.021691,-0.002619,-0.000518,0.011316
2025-12-16 17:38:12.102,0.149206,0.282081,0.048413,-2.234086,1.310312,2.170707,1.544670,0.000250,-0.022614,0.000385,-0.025478,-0.003025,-0.000275,0.001680
2025-12-16 17:38:12.152,0.149231,0.280895,0.048431,-2.235124,1.310259,2.170606,1.544884,0.001092,-0.021698,0.000446,-0.018775,-0.000451,-0.004225,0.001000
2025-12-16 17:38:12.202,0.149227,0.279815,0.048444,-2.236116,1.310222,2.170541,1.544892,0.003309,-0.020821,0.004172,-0.013221,-0.002093,-0.001289,0.000799
2025-12-16 17:38:12.252,0.149244,0.278638,0.048452,-2.237133,1.310218,2.170507,1.544932,0.001280,-0.023020,0.000044,-0.019331,0.000260,-0.003028,0.005023
2025-12-16 17:38:12.303,0.149241,0.277485,0.048460,-2.238175,1.310203,2.170436,1.545055,-0.000212,-0.023834,0.002543,-0.021795,0.000062,-0.004580,0.000380
2025-12-16 17:38:12.352,0.149248,0.276222,0.048462,-2.239386,1.310189,2.170363,1.545216,-0.000066,-0.025414,0.000153,-0.025006,-0.000049,0.000281,0.000702
2025-12-16 17:38:12.403,0.149265,0.274687,0.048473,-2.240742,1.310177,2.170318,1.545400,-0.000579,-0.028835,-0.000854,-0.029048,-0.000191,0.000311,0.001323
2025-12-16 17:38:12.452,0.149270,0.273127,0.048485,-2.242119,1.310170,2.170282,1.545473,-0.001056,-0.034175,-0.000097,-0.030270,-0.000536,-0.005909,-0.002093
2025-12-16 17:38:12.502,0.149280,0.271267,0.048489,-2.243854,1.310170,2.170234,1.545676,-0.000431,-0.045895,-0.000630,-0.041709,-0.000336,-0.003424,0.001460
2025-12-16 17:38:12.552,0.149323,0.269053,0.048531,-2.245906,1.310170,2.170167,1.545927,0.000173,-0.048736,0.001529,-0.036326,-0.000046,-0.004847,0.009503
2025-12-16 17:38:12.602,0.149351,0.266642,0.048553,-2.248169,1.310169,2.170102,1.546036,-0.000076,-0.053874,0.000381,-0.048405,0.000236,-0.005039,-0.000738
2025-12-16 17:38:12.651,0.149385,0.263952,0.048599,-2.250550,1.310167,2.169995,1.546285,0.000316,-0.054299,-0.000072,-0.051013,0.000026,-0.000839,0.006473
2025-12-16 17:38:12.702,0.149471,0.261269,0.048692,-2.253041,1.310169,2.169960,1.546510,0.000299,-0.050340,-0.001341,-0.044348,0.000088,0.000012,0.000666
2025-12-16 17:38:12.751,0.149587,0.258918,0.048833,-2.255426,1.310169,2.169951,1.546592,0.003485,-0.047200,0.002048,-0.046728,0.000058,-0.000517,0.002515
2025-12-16 17:38:12.802,0.149717,0.256934,0.048980,-2.257598,1.310167,2.169951,1.546605,0.001765,-0.037001,0.003053,-0.038281,0.000647,-0.000227,0.000455
2025-12-16 17:38:12.852,0.149854,0.255220,0.049146,-2.259584,1.310197,2.169983,1.546601,0.004143,-0.035261,0.006381,-0.040434,-0.000406,0.003004,0.002018
2025-12-16 17:38:12.901,0.150084,0.253387,0.049419,-2.261822,1.310585,2.170295,1.546312,0.004769,-0.038510,0.004687,-0.047578,0.006095,0.008243,-0.007736
2025-12-16 17:38:12.952,0.150382,0.251500,0.049718,-2.264190,1.311231,2.170714,1.545748,0.002768,-0.040535,0.006796,-0.047579,0.019081,0.006317,-0.011212
2025-12-16 17:38:13.002,0.150732,0.249525,0.050057,-2.266711,1.311996,2.171139,1.545246,0.004300,-0.039072,0.005604,-0.054882,0.010440,0.004970,-0.006286
2025-12-16 17:38:13.052,0.150993,0.247435,0.050321,-2.269208,1.312633,2.171499,1.544873,0.004367,-0.045540,0.001123,-0.050297,0.013508,0.005500,-0.003608
2025-12-16 17:38:13.103,0.151126,0.245161,0.050461,-2.271692,1.313132,2.171668,1.544704,0.005452,-0.046609,0.005419,-0.042686,0.009703,0.003499,-0.000987
2025-12-16 17:38:13.152,0.151263,0.243099,0.050572,-2.273780,1.313448,2.171842,1.544676,0.000680,-0.041393,-0.000343,-0.040543,0.003528,0.000038,-0.001110
2025-12-16 17:38:13.202,0.151403,0.240899,0.050704,-2.275850,1.313576,2.171874,1.544691,0.003157,-0.044234,0.001252,-0.041581,0.003620,0.003226,0.001228
2025-12-16 17:38:13.252,0.151538,0.238813,0.050839,-2.277774,1.313777,2.171932,1.544705,0.003108,-0.043460,0.001691,-0.037172,0.005386,-0.000308,-0.001577
2025-12-16 17:38:13.302,0.151716,0.236682,0.051004,-2.279861,1.313959,2.172028,1.544768,0.006797,-0.040696,0.004061,-0.045826,0.011513,0.000145,0.000453
2025-12-16 17:38:13.352,0.151864,0.234624,0.051162,-2.281953,1.314225,2.172177,1.544968,0.001721,-0.040394,0.001023,-0.040658,0.007014,0.009169,-0.000346
2025-12-16 17:38:13.401,0.152004,0.232890,0.051315,-2.283820,1.314565,2.172349,1.544967,0.000641,-0.031764,0.004016,-0.038097,0.009353,0.008721,-0.000091
2025-12-16 17:38:13.452,0.152162,0.231347,0.051469,-2.285460,1.314817,2.172502,1.544967,0.003044,-0.029681,0.000647,-0.030864,-0.000291,0.002432,0.001077
2025-12-16 17:38:13.502,0.152263,0.230177,0.051586,-2.286631,1.315091,2.172634,1.544967,0.000744,-0.018507,0.001266,-0.015741,0.010256,-0.000310,0.000935
2025-12-16 17:38:13.552,0.152377,0.229220,0.051730,-2.287706,1.315417,2.172803,1.544949,0.000316,-0.017980,0.002864,-0.024416,0.007537,0.001991,0.001847
2025-12-16 17:38:13.602,0.152489,0.228235,0.051876,-2.289114,1.315857,2.173048,1.544535,0.003712,-0.023660,0.000060,-0.033981,0.006455,0.003192,-0.006309
2025-12-16 17:38:13.652,0.152590,0.227044,0.052038,-2.290842,1.316399,2.173362,1.543955,0.000693,-0.031399,0.007934,-0.038133,0.014461,0.015383,-0.011568
2025-12-16 17:38:13.701,0.152909,0.225660,0.052338,-2.292867,1.317221,2.173872,1.543278,0.006757,-0.033079,0.004304,-0.044543,0.022074,0.013539,-0.019472
2025-12-16 17:38:13.752,0.153276,0.224097,0.052771,-2.295161,1.318182,2.174406,1.542647,0.009346,-0.036456,0.008036,-0.053706,0.026539,0.009957,-0.011122
2025-12-16 17:38:13.802,0.153689,0.222101,0.053230,-2.297889,1.319334,2.175068,1.541927,0.010105,-0.041841,0.010819,-0.054077,0.018062,0.014068,-0.018415
2025-12-16 17:38:13.852,0.154116,0.219962,0.053698,-2.300772,1.320539,2.175832,1.541181,0.004201,-0.047361,0.010623,-0.062319,0.022160,0.016275,-0.022461
2025-12-16 17:38:13.901,0.154542,0.217612,0.054170,-2.303944,1.321822,2.176573,1.540350,0.009950,-0.050230,0.008711,-0.064662,0.028378,0.016415,-0.011801
2025-12-16 17:38:13.952,0.154997,0.215062,0.054658,-2.307416,1.323148,2.177333,1.539485,0.009364,-0.051922,0.008590,-0.068918,0.029396,0.012014,-0.017422
2025-12-16 17:38:14.001,0.155377,0.212526,0.055131,-2.310843,1.324269,2.177956,1.538639,0.001563,-0.045470,0.009279,-0.062772,0.016711,0.011372,-0.014048
2025-12-16 17:38:14.052,0.155527,0.210199,0.055365,-2.313714,1.324974,2.178296,1.538062,0.002503,-0.043146,-0.001175,-0.057241,0.009440,0.000254,-0.010408
2025-12-16 17:38:14.102,0.155641,0.208068,0.055529,-2.316109,1.325542,2.178498,1.537661,0.006330,-0.037886,0.002728,-0.044363,0.011218,0.018906,-0.005804
2025-12-16 17:38:14.152,0.155857,0.206099,0.055806,-2.318567,1.326221,2.178886,1.537182,0.005222,-0.038594,0.007505,-0.053740,0.012720,0.002039,-0.011996
2025-12-16 17:38:14.202,0.156170,0.203963,0.056153,-2.321180,1.326947,2.179236,1.536781,0.007348,-0.043899,0.008633,-0.048883,0.016539,0.007277,-0.001543
2025-12-16 17:38:14.251,0.156439,0.202136,0.056506,-2.323640,1.327828,2.179662,1.536129,0.002682,-0.031058,0.001051,-0.051815,0.019044,0.001566,-0.019776
2025-12-16 17:38:14.302,0.156696,0.200264,0.056773,-2.325904,1.328644,2.180079,1.535644,0.002509,-0.032090,0.006332,-0.039002,0.016307,0.011408,-0.009829
2025-12-16 17:38:14.353,0.156957,0.198949,0.057073,-2.327934,1.329631,2.180603,1.534767,0.010557,-0.029711,0.008629,-0.039964,0.026439,0.001762,-0.019328
2025-12-16 17:38:14.404,0.157234,0.197597,0.057412,-2.330022,1.330519,2.181108,1.534114,0.003475,-0.024542,0.008177,-0.046040,0.021118,0.002620,-0.021136
2025-12-16 17:38:14.455,0.157474,0.196386,0.057720,-2.332305,1.331571,2.181631,1.533011,0.001106,-0.026275,0.003253,-0.046082,0.020842,0.015691,-0.018512
2025-12-16 17:38:14.503,0.157613,0.195076,0.057955,-2.334481,1.332538,2.182106,1.532044,0.003990,-0.024911,0.001230,-0.045742,0.021306,0.016024,-0.028513
2025-12-16 17:38:14.552,0.157819,0.193855,0.058212,-2.336746,1.333616,2.182618,1.530954,0.004674,-0.027133,0.007013,-0.047048,0.016960,0.010800,-0.018679
2025-12-16 17:38:14.602,0.158166,0.192450,0.058619,-2.339020,1.334754,2.183163,1.530029,0.006887,-0.024276,0.009099,-0.041369,0.020903,0.005897,-0.028802
2025-12-16 17:38:14.652,0.158436,0.191114,0.058985,-2.341062,1.335721,2.183650,1.529200,0.005767,-0.025908,0.008794,-0.040920,0.021770,0.009393,-0.015329
2025-12-16 17:38:14.702,0.158576,0.189799,0.059202,-2.343081,1.336527,2.184026,1.528361,0.001286,-0.023814,0.004353,-0.043316,0.017779,0.004192,-0.012606
2025-12-16 17:38:14.751,0.158596,0.188561,0.059229,-2.345105,1.337241,2.184244,1.527526,0.000432,-0.022968,-0.000168,-0.037289,0.008277,0.010147,-0.017719
2025-12-16 17:38:14.802,0.158592,0.187565,0.059237,-2.346867,1.337852,2.184438,1.526506,-0.000599,-0.011304,-0.000931,-0.029567,0.013388,0.000577,-0.016229
2025-12-16 17:38:14.852,0.158586,0.186773,0.059252,-2.348326,1.338360,2.184521,1.525682,-0.001349,-0.006316,0.001697,-0.026657,0.014312,0.001522,-0.020450
2025-12-16 17:38:14.902,0.158597,0.186286,0.059315,-2.349721,1.338997,2.184718,1.524587,0.000495,-0.006551,0.002681,-0.022027,0.012732,0.003376,-0.027589
2025-12-16 17:38:14.952,0.158574,0.185899,0.059327,-2.350976,1.339627,2.184975,1.523350,-0.001089,-0.003878,-0.000650,-0.019432,0.011382,0.000365,-0.028088
2025-12-16 17:38:15.002,0.158457,0.185812,0.059300,-2.352185,1.340213,2.185110,1.522026,-0.001816,0.001921,-0.001079,-0.023791,0.003163,0.001067,-0.026161
2025-12-16 17:38:15.052,0.158456,0.185704,0.059323,-2.353436,1.340891,2.185308,1.520849,0.001355,-0.002641,0.002297,-0.028200,0.022714,0.006670,-0.030053
2025-12-16 17:38:15.101,0.158463,0.185475,0.059384,-2.354879,1.341854,2.185686,1.519345,0.000726,-0.009117,0.001392,-0.031637,0.010765,0.006471,-0.033511
2025-12-16 17:38:15.152,0.158417,0.185050,0.059378,-2.356506,1.342738,2.186037,1.517771,-0.001520,-0.005409,-0.001383,-0.035013,0.016289,0.003560,-0.034977
2025-12-16 17:38:15.202,0.158420,0.184827,0.059480,-2.358068,1.343736,2.186400,1.516229,0.001368,-0.003566,0.002842,-0.027087,0.022478,0.008706,-0.026242
2025-12-16 17:38:15.252,0.158456,0.184636,0.059750,-2.359553,1.344748,2.186775,1.514809,-0.001292,-0.004472,0.004803,-0.028442,0.013859,0.000487,-0.027096
2025-12-16 17:38:15.302,0.158447,0.184484,0.059818,-2.360808,1.345486,2.187018,1.513608,-0.000576,-0.000192,0.000154,-0.020022,0.016656,0.004816,-0.023317
2025-12-16 17:38:15.352,0.158435,0.184432,0.059829,-2.361781,1.346112,2.187260,1.512577,-0.000893,-0.003145,0.004481,-0.021829,0.008760,0.004109,-0.025215
2025-12-16 17:38:15.402,0.158438,0.184309,0.059887,-2.362706,1.346709,2.187449,1.511599,-0.000925,-0.004281,0.002338,-0.014649,0.011419,0.005844,-0.012816
2025-12-16 17:38:15.452,0.158442,0.184103,0.059987,-2.363543,1.347263,2.187643,1.510747,0.000932,-0.004985,0.002878,-0.013731,0.012889,0.003390,-0.017965
2025-12-16 17:38:15.502,0.158462,0.183884,0.060140,-2.364401,1.347885,2.187951,1.509891,0.002304,-0.003712,0.000914,-0.018171,0.014306,0.000991,-0.015034
2025-12-16 17:38:15.552,0.158532,0.183807,0.060326,-2.365330,1.348640,2.188285,1.508928,0.003065,-0.002921,0.000267,-0.014501,0.015643,0.010180,-0.014027
2025-12-16 17:38:15.601,0.158561,0.183732,0.060449,-2.366432,1.349407,2.188586,1.507779,-0.000572,-0.001089,0.000413,-0.024421,0.015296,0.013767,-0.022132
2025-12-16 17:38:15.652,0.158559,0.183571,0.060516,-2.367598,1.350195,2.188901,1.506579,-0.000156,-0.002567,0.003881,-0.022030,0.016260,0.006908,-0.024226
2025-12-16 17:38:15.702,0.158622,0.183380,0.060754,-2.368812,1.351210,2.189324,1.505253,0.003091,-0.002893,0.008369,-0.027351,0.023652,0.007419,-0.029601
2025-12-16 17:38:15.752,0.158808,0.183212,0.061007,-2.370109,1.352266,2.189769,1.503956,0.001632,-0.000726,0.003329,-0.027966,0.017635,0.013633,-0.022138
2025-12-16 17:38:15.802,0.159009,0.183112,0.061264,-2.371232,1.353279,2.190209,1.502883,0.004651,-0.002966,0.003984,-0.018535,0.020229,0.004293,-0.022286
2025-12-16 17:38:15.852,0.159235,0.182936,0.061536,-2.372348,1.354270,2.190650,1.501862,0.004341,-0.007584,0.008949,-0.025444,0.020266,0.002011,-0.025438
2025-12-16 17:38:15.901,0.159390,0.182484,0.061737,-2.373571,1.355217,2.191090,1.500902,-0.000842,-0.011907,0.001061,-0.021249,0.020346,0.008650,-0.021348
2025-12-16 17:38:15.951,0.159443,0.182066,0.061855,-2.374709,1.355942,2.191400,1.500031,0.000555,-0.007639,0.001404,-0.022937,0.017207,0.006784,-0.016390
2025-12-16 17:38:16.001,0.159458,0.181611,0.061883,-2.375951,1.356572,2.191605,1.499145,-0.000064,-0.010693,0.001784,-0.022642,0.008053,0.009617,-0.017352
2025-12-16 17:38:16.052,0.159459,0.181193,0.061907,-2.377164,1.357141,2.191768,1.498313,0.000709,-0.009911,0.000860,-0.018387,0.007247,0.001286,-0.020558
2025-12-16 17:38:16.102,0.159459,0.180916,0.061940,-2.378077,1.357621,2.191882,1.497564,-0.001263,-0.005863,-0.000342,-0.016361,0.005824,0.000838,-0.017457
2025-12-16 17:38:16.151,0.159459,0.180902,0.061937,-2.378751,1.358002,2.191934,1.496871,-0.000338,0.000683,-0.001292,-0.013255,0.000770,0.000477,-0.018180
2025-12-16 17:38:16.202,0.159460,0.180893,0.061946,-2.379239,1.358233,2.191962,1.496320,0.000990,-0.002044,-0.000112,-0.010137,0.000551,0.000477,-0.006530
2025-12-16 17:38:16.252,0.159450,0.180892,0.061944,-2.379722,1.358367,2.191988,1.495869,-0.000839,0.000213,-0.000142,-0.010493,0.001857,-0.000007,-0.006370
2025-12-16 17:38:16.302,0.159455,0.180886,0.061960,-2.380084,1.358651,2.192070,1.495517,0.000002,0.000183,0.002038,-0.011528,0.004807,0.006905,-0.013298
2025-12-16 17:38:16.352,0.159453,0.180887,0.062004,-2.380523,1.358982,2.192229,1.495061,-0.000415,0.000087,0.000210,-0.008089,0.006540,0.003674,-0.004253
2025-12-16 17:38:16.402,0.159451,0.180885,0.062021,-2.381035,1.359405,2.192419,1.494418,-0.000338,0.000159,0.001618,-0.011785,0.010983,0.000202,-0.010407
2025-12-16 17:38:16.451,0.159457,0.180879,0.062164,-2.381576,1.359933,2.192700,1.493669,0.000743,-0.000587,0.004757,-0.010135,0.007996,0.001035,-0.016680
2025-12-16 17:38:16.505,0.159488,0.180878,0.062341,-2.382255,1.360606,2.192960,1.492852,0.000630,-0.000206,0.001928,-0.017218,0.016924,0.006524,-0.014554
2025-12-16 17:38:16.552,0.159624,0.180863,0.062517,-2.382857,1.361267,2.193295,1.492151,0.002592,-0.001496,0.004166,-0.017729,0.013438,0.010907,-0.017933
2025-12-16 17:38:16.601,0.159911,0.180867,0.062816,-2.383723,1.362154,2.193779,1.491271,0.007360,0.000938,0.007730,-0.019843,0.015453,0.001606,-0.017892
2025-12-16 17:38:16.652,0.160328,0.180862,0.063250,-2.384716,1.363301,2.194418,1.490246,0.008489,-0.000458,0.009006,-0.019918,0.026965,0.010460,-0.021609
2025-12-16 17:38:16.702,0.160813,0.180862,0.063746,-2.385729,1.364755,2.195294,1.489139,0.011403,0.000831,0.008365,-0.022572,0.030554,0.015354,-0.020747
2025-12-16 17:38:16.751,0.161291,0.180863,0.064249,-2.386684,1.366234,2.196179,1.488068,0.002932,0.002568,0.011558,-0.016332,0.028592,0.016333,-0.023302
2025-12-16 17:38:16.802,0.161766,0.180869,0.064748,-2.387517,1.367620,2.197000,1.487076,0.009459,-0.000764,0.006367,-0.016395,0.025790,0.019333,-0.020137
2025-12-16 17:38:16.851,0.162193,0.181003,0.065217,-2.388054,1.368739,2.197675,1.486198,0.009658,0.006142,0.008187,-0.009668,0.022405,0.011745,-0.020290
2025-12-16 17:38:16.902,0.162514,0.181274,0.065606,-2.388498,1.369547,2.198222,1.485509,0.005026,0.008255,0.005418,-0.008166,0.016715,0.005428,-0.023485
2025-12-16 17:38:16.952,0.162707,0.181439,0.065814,-2.388946,1.370264,2.198650,1.484884,0.002552,0.002328,-0.000827,-0.007256,0.013792,0.007686,-0.008577
2025-12-16 17:38:17.002,0.162811,0.181579,0.065953,-2.389134,1.370852,2.198980,1.484358,0.002686,0.000219,0.000682,0.000063,0.006918,0.006621,-0.009352
2025-12-16 17:38:17.052,0.162859,0.181804,0.066017,-2.389247,1.371381,2.199142,1.483824,-0.001198,0.007779,0.001065,-0.008764,0.012091,0.000094,-0.008661
2025-12-16 17:38:17.102,0.162934,0.182186,0.066157,-2.389458,1.371829,2.199398,1.483200,0.003151,0.011112,0.001027,-0.004524,0.012318,0.007853,-0.027201
2025-12-16 17:38:17.151,0.163000,0.182665,0.066240,-2.389675,1.372351,2.199563,1.482436,0.002243,0.011151,0.002610,-0.002516,0.013473,0.002371,-0.016996
2025-12-16 17:38:17.201,0.163002,0.183145,0.066278,-2.389687,1.372807,2.199702,1.481717,-0.000637,0.009557,0.000605,0.001011,0.008246,0.000252,-0.010110
2025-12-16 17:38:17.252,0.162987,0.183659,0.066268,-2.389735,1.373073,2.199748,1.480798,-0.000759,0.011261,-0.000490,-0.000496,0.003468,0.000821,-0.017343
2025-12-16 17:38:17.302,0.162933,0.184234,0.066243,-2.389781,1.373434,2.199859,1.479908,0.000995,0.010600,-0.000067,0.000258,0.002682,0.004308,-0.018426
2025-12-16 17:38:17.352,0.162973,0.185212,0.066324,-2.389790,1.374242,2.200230,1.478699,0.000027,0.023976,0.000797,-0.001248,0.018412,0.001525,-0.026136
2025-12-16 17:38:17.401,0.162993,0.186092,0.066426,-2.390013,1.375193,2.200643,1.477515,0.001090,0.009219,0.003883,-0.009218,0.017310,0.004124,-0.023351
2025-12-16 17:38:17.452,0.163002,0.186675,0.066566,-2.390504,1.376030,2.200987,1.476181,0.003072,0.008631,-0.000247,-0.008407,0.011625,0.007675,-0.024335
2025-12-16 17:38:17.502,0.163011,0.187097,0.066602,-2.391031,1.376691,2.201177,1.475150,0.002067,0.007400,0.000738,-0.010309,0.009854,0.000453,-0.024123
2025-12-16 17:38:17.552,0.163007,0.187575,0.066625,-2.391470,1.377267,2.201344,1.474136,0.000609,0.013389,-0.000448,-0.002776,0.009257,0.001052,-0.015816
2025-12-16 17:38:17.602,0.163001,0.188051,0.066636,-2.391641,1.377674,2.201381,1.473257,-0.000063,0.006633,0.001157,-0.003952,0.009387,0.000373,-0.011528
2025-12-16 17:38:17.652,0.162967,0.188540,0.066620,-2.391882,1.378011,2.201469,1.472282,0.000335,0.009589,-0.000305,-0.009850,0.006767,-0.000082,-0.022041
2025-12-16 17:38:17.702,0.162986,0.189303,0.066791,-2.391967,1.378787,2.201855,1.471174,0.001656,0.016132,0.006342,0.000796,0.021182,0.009238,-0.022740
2025-12-16 17:38:17.752,0.163181,0.190261,0.067160,-2.392314,1.380204,2.202579,1.469562,0.004323,0.022719,0.008027,-0.007716,0.032047,0.018455,-0.026319
2025-12-16 17:38:17.802,0.163653,0.191489,0.067633,-2.392785,1.382044,2.203576,1.467583,0.011962,0.028946,0.011730,-0.008625,0.045298,0.018843,-0.045049
2025-12-16 17:38:17.852,0.164200,0.192958,0.068219,-2.393200,1.384101,2.204646,1.465520,0.008869,0.031700,0.009884,-0.003682,0.039914,0.025333,-0.033636
2025-12-16 17:38:17.902,0.164706,0.194732,0.068769,-2.393232,1.386034,2.205727,1.463497,0.007807,0.035439,0.010836,-0.000638,0.037191,0.018629,-0.040514
2025-12-16 17:38:17.952,0.164982,0.196437,0.069216,-2.393230,1.387559,2.206497,1.461674,0.003518,0.028675,0.004102,0.001132,0.025900,0.018406,-0.037343
2025-12-16 17:38:18.002,0.165071,0.198033,0.069418,-2.393195,1.388659,2.207042,1.459964,0.001153,0.033561,0.000553,0.002290,0.022114,0.014678,-0.032033
2025-12-16 17:38:18.051,0.165080,0.199444,0.069442,-2.393162,1.389461,2.207360,1.458590,-0.002890,0.026567,0.001122,0.002850,0.014717,0.000533,-0.023831
2025-12-16 17:38:18.102,0.165005,0.200667,0.069429,-2.393076,1.389978,2.207401,1.457176,0.000061,0.020936,0.000779,0.001798,0.008889,0.000044,-0.029862
2025-12-16 17:38:18.152,0.164782,0.201721,0.069328,-2.392981,1.390251,2.207402,1.455936,-0.002702,0.024539,-0.003581,0.002913,0.003977,0.000237,-0.032308
2025-12-16 17:38:18.202,0.164551,0.202957,0.069177,-2.392607,1.390479,2.207396,1.454838,-0.002793,0.018473,-0.003682,0.003806,0.000620,-0.000158,-0.016100
2025-12-16 17:38:18.252,0.164492,0.203931,0.069126,-2.392344,1.390697,2.207393,1.454085,-0.001574,0.019496,-0.000813,0.006434,0.006899,0.000351,-0.014001
2025-12-16 17:38:18.302,0.164476,0.204729,0.069113,-2.392264,1.391100,2.207396,1.453297,-0.000151,0.016698,0.001081,-0.000092,0.006365,0.000914,-0.014825
2025-12-16 17:38:18.352,0.164486,0.205572,0.069122,-2.392251,1.391723,2.207598,1.452271,0.000027,0.016191,-0.000467,-0.000564,0.017544,0.005486,-0.025614
2025-12-16 17:38:18.402,0.164502,0.206566,0.069159,-2.392243,1.392502,2.207838,1.451130,0.000134,0.019380,0.001073,0.000212,0.009879,0.011692,-0.026009
2025-12-16 17:38:18.451,0.164373,0.207661,0.069141,-2.392277,1.393162,2.208005,1.449553,-0.000557,0.014905,-0.000296,-0.000259,0.010148,-0.000279,-0.038804
2025-12-16 17:38:18.502,0.164148,0.208444,0.069134,-2.392598,1.393900,2.208106,1.447950,-0.001115,0.011789,-0.000663,-0.007589,0.018135,-0.000640,-0.030373
2025-12-16 17:38:18.552,0.164102,0.209642,0.069134,-2.392648,1.394831,2.208327,1.446070,-0.000463,0.026432,-0.000356,-0.000522,0.018244,0.001224,-0.035835
2025-12-16 17:38:18.602,0.164089,0.210948,0.069155,-2.392629,1.395629,2.208509,1.444434,-0.000849,0.026091,-0.000792,0.000588,0.015439,0.001876,-0.035105
2025-12-16 17:38:18.651,0.163917,0.212442,0.069161,-2.392627,1.396259,2.208540,1.442872,-0.005130,0.028212,0.000974,0.000050,0.012818,0.000379,-0.028509
2025-12-16 17:38:18.702,0.163558,0.213752,0.069110,-2.392558,1.396761,2.208554,1.441408,-0.009052,0.025096,-0.002090,0.000452,0.014642,-0.000174,-0.035577
2025-12-16 17:38:18.751,0.163266,0.214884,0.068945,-2.392619,1.397327,2.208554,1.439669,-0.008428,0.021467,-0.003119,-0.004622,0.009047,0.000066,-0.039224
2025-12-16 17:38:18.802,0.163085,0.215856,0.068918,-2.393120,1.398250,2.208597,1.437553,0.000121,0.018019,0.000243,-0.013112,0.022058,0.008687,-0.045134
2025-12-16 17:38:18.852,0.163068,0.216787,0.068932,-2.393914,1.399534,2.208825,1.435083,-0.002712,0.019033,-0.000495,-0.013892,0.025603,0.008560,-0.049348
2025-12-16 17:38:18.902,0.162879,0.217561,0.068957,-2.394795,1.400673,2.208934,1.432762,-0.010609,0.011629,0.000291,-0.014690,0.019419,0.000539,-0.035055
2025-12-16 17:38:18.952,0.162538,0.218229,0.068920,-2.395664,1.401425,2.208933,1.430674,-0.001160,0.015812,0.000526,-0.016166,0.014833,0.000842,-0.040322
2025-12-16 17:38:19.002,0.162321,0.218847,0.068808,-2.396393,1.402012,2.208927,1.428941,-0.000898,0.011145,-0.002534,-0.012670,0.005562,-0.000105,-0.025589
2025-12-16 17:38:19.051,0.162065,0.219384,0.068660,-2.396960,1.402405,2.208910,1.427543,-0.005874,0.013687,-0.004192,-0.010341,0.004446,-0.000343,-0.025512
2025-12-16 17:38:19.102,0.161834,0.219909,0.068534,-2.397510,1.402765,2.208888,1.426232,-0.004054,0.011096,-0.000935,-0.013003,0.005493,-0.000413,-0.020183
2025-12-16 17:38:19.151,0.161661,0.220412,0.068477,-2.398001,1.403149,2.208858,1.425067,0.000085,0.010127,-0.000576,-0.008132,0.004597,0.000354,-0.020758
2025-12-16 17:38:19.202,0.161647,0.220832,0.068472,-2.398451,1.403550,2.208835,1.424078,0.000069,0.010170,-0.000733,-0.009327,0.006538,-0.000965,-0.018631
2025-12-16 17:38:19.252,0.161652,0.221288,0.068489,-2.398907,1.404106,2.208831,1.422991,-0.000205,0.011557,0.000469,-0.009164,0.015999,-0.000139,-0.021583
2025-12-16 17:38:19.302,0.161611,0.221761,0.068486,-2.399260,1.404700,2.208844,1.421821,-0.003345,0.006049,-0.000277,-0.004464,0.011824,0.000317,-0.025105
2025-12-16 17:38:19.352,0.161611,0.222260,0.068530,-2.399675,1.405439,2.208887,1.420592,0.000716,0.008245,0.000861,-0.007161,0.020729,0.001188,-0.030222
2025-12-16 17:38:19.403,0.161657,0.223106,0.068858,-2.399853,1.406647,2.209325,1.419111,0.004862,0.021956,0.009420,0.000910,0.031549,0.009803,-0.029938
2025-12-16 17:38:19.451,0.162005,0.224298,0.069312,-2.400037,1.408294,2.210004,1.417324,0.003484,0.026828,0.009907,-0.011037,0.035057,0.011516,-0.038699
2025-12-16 17:38:19.502,0.162374,0.225565,0.069792,-2.400734,1.410216,2.210779,1.414991,0.005432,0.017421,0.006612,-0.016064,0.043649,0.012608,-0.043875
2025-12-16 17:38:19.553,0.162509,0.226433,0.070217,-2.401792,1.412263,2.211524,1.412504,0.001627,0.016891,0.006711,-0.018659,0.037576,0.007331,-0.052121
2025-12-16 17:38:19.602,0.162423,0.227574,0.070261,-2.402382,1.413568,2.211923,1.410155,-0.005844,0.023131,-0.000451,-0.015157,0.017680,0.001478,-0.042374
2025-12-16 17:38:19.652,0.162002,0.228672,0.070058,-2.402919,1.414076,2.211898,1.408115,-0.009534,0.022016,-0.007107,-0.010305,0.000464,-0.001108,-0.029979
2025-12-16 17:38:19.703,0.161553,0.229650,0.069671,-2.403355,1.414161,2.211562,1.406367,-0.003714,0.018166,-0.005186,-0.008211,0.000754,-0.008019,-0.039613
2025-12-16 17:38:19.753,0.161137,0.230694,0.069532,-2.403751,1.414533,2.211428,1.404573,-0.005181,0.019532,0.000412,-0.005522,0.005142,0.000122,-0.033142
2025-12-16 17:38:19.802,0.161056,0.231776,0.069501,-2.404175,1.415302,2.211428,1.402626,0.001047,0.019039,-0.000341,-0.010390,0.021039,-0.000277,-0.039231
2025-12-16 17:38:19.855,0.161068,0.232747,0.069652,-2.404735,1.416695,2.211612,1.400639,-0.000466,0.016062,0.009304,-0.010500,0.030333,0.011798,-0.037848
2025-12-16 17:38:19.905,0.161132,0.233493,0.069893,-2.405377,1.418086,2.212074,1.398848,0.001631,0.018079,0.001960,-0.012847,0.026360,0.009687,-0.036881
2025-12-16 17:38:19.952,0.161114,0.233995,0.069906,-2.405956,1.418929,2.212382,1.397548,-0.002543,0.013108,-0.000519,-0.008431,0.012608,0.001636,-0.015600
2025-12-16 17:38:20.002,0.161098,0.234463,0.069898,-2.406427,1.419369,2.212446,1.396748,0.000409,0.005407,-0.000490,-0.008782,0.006167,0.004672,-0.015905
2025-12-16 17:38:20.052,0.161111,0.234883,0.069932,-2.406879,1.419837,2.212711,1.395925,-0.000335,0.008756,0.003580,-0.006955,0.009935,0.012962,-0.022360
2025-12-16 17:38:20.102,0.161204,0.235339,0.069996,-2.407562,1.420940,2.213474,1.394642,0.009284,0.007894,0.002496,-0.016946,0.025476,0.021334,-0.034878
2025-12-16 17:38:20.152,0.161120,0.236515,0.069869,-2.408811,1.423121,2.215958,1.392457,-0.001707,0.039793,-0.000215,-0.023490,0.082266,0.041566,-0.060314
2025-12-16 17:38:20.202,0.162753,0.239888,0.071594,-2.409552,1.429658,2.218998,1.388416,0.057134,0.083571,0.062237,-0.012451,0.161163,0.085380,-0.107191
2025-12-16 17:38:20.252,0.166085,0.244819,0.075183,-2.410463,1.438815,2.224155,1.382161,0.066649,0.095505,0.070517,-0.020055,0.183202,0.098565,-0.125382
2025-12-16 17:38:20.301,0.169085,0.248671,0.078483,-2.411479,1.447136,2.228494,1.376803,0.056117,0.056534,0.056515,-0.017087,0.153403,0.076641,-0.100186
2025-12-16 17:38:20.352,0.171047,0.250409,0.080658,-2.412876,1.452472,2.231187,1.372954,0.026042,0.008489,0.029684,-0.029244,0.073166,0.036268,-0.044012
2025-12-16 17:38:20.402,0.171678,0.249931,0.081355,-2.413896,1.454033,2.232087,1.372446,0.002217,-0.007836,0.003197,-0.009347,0.005411,0.005431,0.000450
2025-12-16 17:38:20.452,0.171383,0.249370,0.081042,-2.413775,1.453280,2.231738,1.373227,-0.014575,-0.017373,-0.013225,0.012084,-0.043284,-0.020503,0.055345
2025-12-16 17:38:20.502,0.170547,0.248078,0.079987,-2.413097,1.449700,2.230132,1.376217,-0.018679,-0.024232,-0.029138,0.018635,-0.075305,-0.040244,0.055768
2025-12-16 17:38:20.552,0.169201,0.246431,0.078452,-2.412223,1.445331,2.227873,1.379604,-0.029288,-0.035166,-0.035728,0.022107,-0.084901,-0.042077,0.068290
2025-12-16 17:38:20.602,0.167873,0.244975,0.076974,-2.411159,1.441349,2.225789,1.382470,-0.027838,-0.026347,-0.028666,0.015842,-0.064774,-0.044292,0.051565
2025-12-16 17:38:20.652,0.166817,0.243662,0.075803,-2.410454,1.438276,2.224269,1.384818,-0.013563,-0.018129,-0.017934,0.013818,-0.046602,-0.021502,0.039065
2025-12-16 17:38:20.702,0.166247,0.243118,0.075164,-2.409998,1.436777,2.223495,1.385791,-0.010265,-0.006995,-0.009773,0.002560,-0.017274,-0.013614,0.010887
2025-12-16 17:38:20.753,0.166178,0.242878,0.075038,-2.409990,1.436512,2.223247,1.386046,0.001291,0.003021,0.000730,-0.000690,-0.000932,0.000200,0.000593
2025-12-16 17:38:20.802,0.166211,0.243068,0.075138,-2.410178,1.436541,2.223280,1.385684,0.007644,0.000948,0.007639,-0.006614,0.005328,0.008375,-0.010115
2025-12-16 17:38:20.853,0.166441,0.243299,0.075424,-2.410474,1.437210,2.223721,1.384926,0.003297,0.004329,0.008345,-0.011760,0.025157,0.006903,-0.019629
2025-12-16 17:38:20.902,0.166753,0.243335,0.075789,-2.410921,1.438092,2.224187,1.384314,0.010288,-0.003323,0.010967,-0.007686,0.025356,0.007271,-0.004394
2025-12-16 17:38:20.953,0.166955,0.243230,0.076008,-2.411311,1.438711,2.224493,1.383955,0.001146,-0.000899,0.002866,-0.008530,0.013990,0.006371,-0.000218
2025-12-16 17:38:21.002,0.167088,0.243230,0.076197,-2.411642,1.439237,2.224736,1.383692,0.003404,-0.000457,0.004033,-0.004073,0.006726,0.012123,-0.006614
2025-12-16 17:38:21.052,0.167313,0.243346,0.076445,-2.411690,1.439768,2.225091,1.383386,0.003139,0.002177,0.005450,-0.001027,0.010217,0.004351,-0.010377
2025-12-16 17:38:21.104,0.167474,0.243384,0.076604,-2.411683,1.440165,2.225187,1.383203,0.003280,0.000078,0.000261,-0.000479,0.006073,0.001850,-0.003613
2025-12-16 17:38:21.153,0.167485,0.243377,0.076619,-2.411683,1.440179,2.225234,1.383193,-0.001012,0.000726,-0.000324,-0.000698,0.000583,-0.000246,-0.001966
2025-12-16 17:38:21.202,0.167497,0.243385,0.076616,-2.411678,1.440178,2.225234,1.383201,0.001269,0.000137,0.000155,0.000040,0.000009,-0.000753,0.000732
2025-12-16 17:38:21.252,0.167486,0.243378,0.076618,-2.411674,1.440177,2.225232,1.383202,-0.000334,0.000792,-0.000438,0.000760,0.000018,-0.000711,0.001520
2025-12-16 17:38:21.302,0.167499,0.243387,0.076620,-2.411676,1.440181,2.225239,1.383199,0.000927,-0.000551,-0.000790,0.000103,0.000173,-0.000091,0.001363
