timestamp,p1,p2,p3,p4,p5,p6,p7,v1,v2,v3,v4,v5,v6,v7
2025-12-16 18:53:14.702,0.230955,0.050981,0.131564,-2.675319,1.608286,2.273849,1.292298,-0.000700,-0.001130,-0.000003,0.000733,0.000106,-0.000820,0.000301
2025-12-16 18:53:14.751,0.230948,0.050994,0.131566,-2.675320,1.608285,2.273854,1.292296,0.000255,0.002138,0.000562,-0.000033,-0.000101,-0.000424,-0.000881
2025-12-16 18:53:14.802,0.230951,0.050955,0.131567,-2.675324,1.608284,2.273851,1.292306,-0.000204,-0.001183,0.000535,0.000280,0.000238,-0.000427,-0.001108
2025-12-16 18:53:14.851,0.230953,0.050927,0.131567,-2.675332,1.608285,2.273856,1.292366,-0.000216,0.001677,0.000769,-0.001138,0.000627,-0.000196,-0.000908
2025-12-16 18:53:14.902,0.230953,0.050576,0.131563,-2.675429,1.608277,2.273851,1.292624,-0.000484,-0.013121,-0.000294,-0.000898,0.000309,0.000162,0.012312
2025-12-16 18:53:14.952,0.230950,0.050279,0.131564,-2.675430,1.608260,2.273853,1.292883,-0.000189,-0.002345,0.000592,-0.000019,0.000428,-0.000568,0.009511
2025-12-16 18:53:15.002,0.230966,0.049995,0.131576,-2.675474,1.608237,2.273848,1.293260,0.000307,-0.006704,-0.000220,0.000488,-0.000422,-0.000791,0.007237
2025-12-16 18:53:15.052,0.230963,0.049556,0.131573,-2.675626,1.607990,2.273846,1.293646,0.000155,-0.009671,-0.000281,0.000619,-0.009116,-0.000391,0.011907
2025-12-16 18:53:15.101,0.230938,0.049108,0.131551,-2.675805,1.607620,2.273814,1.293921,-0.001992,-0.010189,-0.001901,-0.006977,-0.012099,0.000340,0.006657
2025-12-16 18:53:15.152,0.230736,0.048409,0.131309,-2.676222,1.606953,2.273473,1.294490,-0.010990,-0.023130,-0.007266,-0.007092,-0.012339,-0.006391,0.018077
2025-12-16 18:53:15.202,0.230495,0.047236,0.131037,-2.676640,1.605911,2.273203,1.295555,-0.003708,-0.025992,-0.002788,-0.007868,-0.020974,-0.004432,0.020655
2025-12-16 18:53:15.252,0.230452,0.045713,0.130993,-2.677052,1.604979,2.273024,1.296963,0.000428,-0.035040,0.001469,-0.009523,-0.023247,-0.000646,0.032475
2025-12-16 18:53:15.302,0.230490,0.044004,0.131061,-2.677379,1.604313,2.272925,1.298627,-0.000040,-0.036312,0.002322,-0.009308,-0.009961,-0.005182,0.032954
2025-12-16 18:53:15.351,0.230500,0.042145,0.131157,-2.677709,1.603500,2.272919,1.300418,-0.000332,-0.038062,0.000017,-0.007668,-0.022630,0.000832,0.038401
2025-12-16 18:53:15.402,0.230511,0.040337,0.131169,-2.677952,1.602423,2.272796,1.302354,-0.000445,-0.034046,0.000861,-0.002383,-0.021179,-0.001078,0.036543
2025-12-16 18:53:15.452,0.230624,0.038407,0.131189,-2.678316,1.601272,2.272641,1.304361,0.004591,-0.046667,0.000041,-0.007177,-0.023757,-0.005889,0.046916
2025-12-16 18:53:15.502,0.230615,0.036468,0.131192,-2.678696,1.600082,2.272442,1.306377,0.000263,-0.034660,0.000634,-0.009541,-0.020197,0.000356,0.036978
2025-12-16 18:53:15.552,0.230619,0.034720,0.131194,-2.678911,1.598993,2.272263,1.308315,-0.000431,-0.036346,0.000432,-0.003096,-0.022077,-0.003373,0.035593
2025-12-16 18:53:15.602,0.230612,0.032977,0.131190,-2.679093,1.597854,2.272090,1.310248,-0.000793,-0.029686,-0.000505,-0.000440,-0.025637,-0.002624,0.045143
2025-12-16 18:53:15.652,0.230600,0.031414,0.131177,-2.679267,1.596596,2.271872,1.312134,-0.000574,-0.030355,-0.000234,-0.003351,-0.028040,-0.007412,0.033948
2025-12-16 18:53:15.702,0.230598,0.030006,0.131175,-2.679269,1.595418,2.271774,1.313997,0.000241,-0.025943,0.000533,-0.000250,-0.020827,0.000583,0.038831
2025-12-16 18:53:15.752,0.230529,0.028898,0.130993,-2.679096,1.594016,2.271544,1.315801,-0.006797,-0.015412,-0.001554,0.009189,-0.036503,-0.009147,0.034933
2025-12-16 18:53:15.802,0.230358,0.028315,0.130818,-2.678419,1.592555,2.271433,1.317851,-0.000039,-0.004637,-0.002121,0.018182,-0.024514,-0.000078,0.035457
2025-12-16 18:53:15.851,0.230292,0.028122,0.130775,-2.677222,1.591052,2.271331,1.319864,-0.004537,-0.004609,-0.000856,0.025857,-0.037315,-0.007485,0.041341
2025-12-16 18:53:15.902,0.229911,0.027743,0.130357,-2.676049,1.588919,2.270939,1.321937,-0.011784,-0.012486,-0.010710,0.022169,-0.047712,-0.007712,0.047562
2025-12-16 18:53:15.952,0.229385,0.026854,0.129838,-2.675072,1.586265,2.270470,1.324481,-0.011014,-0.026004,-0.005993,0.011781,-0.064404,-0.007134,0.047447
2025-12-16 18:53:16.002,0.228904,0.025356,0.129384,-2.674501,1.583760,2.269950,1.327313,-0.010831,-0.033885,-0.009974,0.012170,-0.047324,-0.009473,0.057355
2025-12-16 18:53:16.052,0.228549,0.023579,0.129080,-2.673989,1.581464,2.269458,1.330309,-0.002537,-0.038773,-0.004834,0.010202,-0.035889,-0.012471,0.060627
2025-12-16 18:53:16.102,0.228483,0.021358,0.128998,-2.673670,1.579190,2.269099,1.333613,-0.000571,-0.044215,-0.003158,0.004310,-0.044030,-0.006457,0.070685
2025-12-16 18:53:16.152,0.228423,0.018997,0.128912,-2.673215,1.576877,2.268765,1.337241,-0.000920,-0.045044,-0.002645,0.013120,-0.051606,-0.012994,0.079262
2025-12-16 18:53:16.202,0.228246,0.016903,0.128734,-2.672466,1.574193,2.268366,1.340965,-0.002196,-0.029119,-0.007237,0.023182,-0.053528,-0.000453,0.075532
2025-12-16 18:53:16.252,0.227813,0.015737,0.128275,-2.670805,1.571148,2.267927,1.344730,-0.005792,-0.017115,-0.010665,0.039352,-0.064792,-0.012926,0.075490
2025-12-16 18:53:16.302,0.227192,0.014997,0.127639,-2.668810,1.567464,2.267340,1.348296,-0.009689,-0.014813,-0.014031,0.039694,-0.078624,-0.019421,0.072899
2025-12-16 18:53:16.352,0.226423,0.014223,0.126864,-2.666867,1.563827,2.266513,1.352040,-0.011048,-0.011301,-0.019699,0.035907,-0.070144,-0.014461,0.076004
2025-12-16 18:53:16.402,0.225645,0.013389,0.126089,-2.664688,1.559943,2.265666,1.355951,-0.018932,-0.017976,-0.015790,0.048571,-0.074707,-0.017187,0.084338
2025-12-16 18:53:16.452,0.224891,0.012622,0.125353,-2.662144,1.556041,2.264903,1.360176,-0.012513,-0.016285,-0.009740,0.053990,-0.082352,-0.015835,0.089086
2025-12-16 18:53:16.502,0.224242,0.012076,0.124721,-2.659098,1.552037,2.264207,1.364650,-0.010186,-0.013349,-0.012299,0.060935,-0.076033,-0.016331,0.092436
2025-12-16 18:53:16.552,0.223697,0.011595,0.124143,-2.655976,1.548037,2.263605,1.369314,-0.007305,-0.006601,-0.014422,0.063368,-0.082299,-0.015890,0.110104
2025-12-16 18:53:16.602,0.223162,0.011045,0.123571,-2.652641,1.543887,2.262988,1.374445,-0.008231,-0.011319,-0.011848,0.065685,-0.083479,-0.018087,0.098874
2025-12-16 18:53:16.652,0.222645,0.010482,0.123022,-2.649289,1.539605,2.262317,1.379659,-0.011161,-0.010829,-0.009562,0.065670,-0.085250,-0.012649,0.106128
2025-12-16 18:53:16.702,0.222036,0.009812,0.122378,-2.646054,1.535268,2.261519,1.384801,-0.011513,-0.018710,-0.012887,0.068102,-0.080266,-0.017395,0.098299
2025-12-16 18:53:16.752,0.221360,0.008999,0.121673,-2.642897,1.530781,2.260593,1.389807,-0.013942,-0.013441,-0.015364,0.065157,-0.088472,-0.019083,0.096824
2025-12-16 18:53:16.802,0.220646,0.008402,0.120985,-2.640034,1.526707,2.259709,1.394131,-0.014516,-0.008678,-0.017199,0.062059,-0.073386,-0.009851,0.081817
2025-12-16 18:53:16.852,0.219913,0.008163,0.120290,-2.637114,1.523122,2.258873,1.398075,-0.015351,-0.000415,-0.011537,0.063119,-0.075756,-0.019684,0.072434
2025-12-16 18:53:16.902,0.219130,0.008243,0.119485,-2.634242,1.519526,2.257997,1.401485,-0.016632,0.006373,-0.019034,0.052704,-0.067715,-0.017690,0.071662
2025-12-16 18:53:16.952,0.218379,0.008663,0.118710,-2.631224,1.516181,2.257218,1.404667,-0.013555,0.006087,-0.013882,0.058384,-0.064216,-0.016773,0.061359
2025-12-16 18:53:17.002,0.217759,0.008697,0.118070,-2.628776,1.513209,2.256478,1.407635,-0.009665,-0.001210,-0.013664,0.047305,-0.055411,-0.013851,0.061416
2025-12-16 18:53:17.052,0.217273,0.008689,0.117563,-2.626627,1.510625,2.255878,1.410548,-0.009057,-0.000429,-0.010647,0.037054,-0.050728,-0.007732,0.059384
2025-12-16 18:53:17.103,0.217010,0.008540,0.117272,-2.624854,1.508514,2.255441,1.413190,-0.008271,-0.006097,-0.000873,0.035483,-0.044263,-0.000275,0.048983
2025-12-16 18:53:17.152,0.216827,0.008209,0.117087,-2.623251,1.506595,2.255103,1.415610,-0.004130,-0.008254,-0.001934,0.030955,-0.036121,-0.012139,0.037281
2025-12-16 18:53:17.202,0.216657,0.007688,0.116927,-2.621901,1.504842,2.254736,1.418030,-0.002876,-0.011321,0.000306,0.021829,-0.031652,-0.005787,0.044678
2025-12-16 18:53:17.251,0.216632,0.006818,0.116888,-2.621078,1.503347,2.254464,1.420407,0.001343,-0.023136,0.000881,0.011253,-0.021942,-0.003934,0.042411
2025-12-16 18:53:17.302,0.216664,0.005397,0.116924,-2.620577,1.502086,2.254227,1.422870,-0.000179,-0.029279,-0.000555,0.007203,-0.028459,-0.001357,0.051012
2025-12-16 18:53:17.352,0.216695,0.003818,0.116961,-2.620094,1.500965,2.254169,1.425226,0.001888,-0.028780,0.000801,0.008932,-0.017103,-0.001204,0.046905
2025-12-16 18:53:17.402,0.216773,0.002390,0.117032,-2.619565,1.499741,2.253941,1.427667,0.002054,-0.027446,0.001451,0.008844,-0.021690,-0.005624,0.046988
2025-12-16 18:53:17.452,0.216879,0.001315,0.117157,-2.618881,1.498296,2.253691,1.430141,0.000992,-0.018438,0.000177,0.014915,-0.026919,-0.007537,0.043976
2025-12-16 18:53:17.502,0.216853,0.000621,0.117143,-2.617854,1.496752,2.253435,1.432457,0.000444,-0.019081,-0.002295,0.025201,-0.022319,-0.000178,0.046937
2025-12-16 18:53:17.552,0.216745,0.000240,0.117005,-2.616406,1.495074,2.253154,1.434604,-0.007316,-0.000158,-0.000678,0.034290,-0.030767,-0.006954,0.039279
2025-12-16 18:53:17.602,0.216621,0.000532,0.116850,-2.614259,1.493495,2.252975,1.436764,0.000162,0.005787,0.000502,0.043303,-0.031884,-0.006353,0.045073
2025-12-16 18:53:17.653,0.216400,0.001062,0.116652,-2.611813,1.491538,2.252668,1.439158,-0.001836,0.009819,-0.003479,0.045774,-0.047821,-0.002039,0.048045
2025-12-16 18:53:17.702,0.216128,0.001254,0.116410,-2.609677,1.489534,2.252296,1.441624,-0.005032,-0.000529,-0.005459,0.038461,-0.047669,-0.011451,0.054218
2025-12-16 18:53:17.752,0.215854,0.001095,0.116129,-2.607531,1.487230,2.251823,1.444539,-0.003776,-0.000161,-0.003671,0.044952,-0.041751,-0.011415,0.062109
2025-12-16 18:53:17.802,0.215596,0.001127,0.115871,-2.605336,1.485084,2.251342,1.447363,-0.005254,0.002346,-0.004559,0.041849,-0.041173,-0.004834,0.058679
2025-12-16 18:53:17.852,0.215219,0.001373,0.115510,-2.602988,1.482763,2.250821,1.449951,-0.013820,0.010347,-0.009016,0.056318,-0.039797,-0.015176,0.052381
2025-12-16 18:53:17.902,0.214757,0.002128,0.115038,-2.600481,1.480683,2.250321,1.452069,-0.007174,0.019025,-0.008484,0.051943,-0.038834,-0.007990,0.034092
2025-12-16 18:53:17.952,0.214278,0.003223,0.114542,-2.598014,1.478806,2.249810,1.453632,-0.005330,0.024822,-0.009256,0.055488,-0.031846,-0.013276,0.026817
2025-12-16 18:53:18.003,0.213793,0.004403,0.114038,-2.595631,1.477045,2.249318,1.454925,-0.008396,0.021373,-0.009760,0.045920,-0.027410,-0.004820,0.027606
2025-12-16 18:53:18.051,0.213339,0.005463,0.113599,-2.593617,1.475586,2.248916,1.456061,-0.012342,0.020231,-0.009406,0.038801,-0.023211,-0.004711,0.020704
2025-12-16 18:53:18.102,0.213043,0.006233,0.113280,-2.591900,1.474328,2.248600,1.457270,-0.004050,0.009982,-0.006180,0.027617,-0.021314,-0.001617,0.020123
2025-12-16 18:53:18.152,0.212933,0.006743,0.113173,-2.590503,1.473308,2.248420,1.458421,-0.003594,0.010486,0.000572,0.027634,-0.024069,-0.004612,0.025766
2025-12-16 18:53:18.202,0.212880,0.006974,0.113135,-2.589421,1.472344,2.248187,1.459605,-0.002627,0.000328,0.000402,0.019731,-0.020317,-0.005742,0.018992
2025-12-16 18:53:18.252,0.212809,0.006957,0.113070,-2.588472,1.471442,2.248083,1.460752,0.000440,0.000551,-0.003340,0.014476,-0.014132,-0.001157,0.028116
2025-12-16 18:53:18.302,0.212671,0.007044,0.112927,-2.587556,1.470657,2.247894,1.461728,-0.002847,0.003868,-0.001555,0.019040,-0.012691,-0.000944,0.023474
2025-12-16 18:53:18.352,0.212543,0.007389,0.112792,-2.586565,1.469843,2.247724,1.462657,-0.004633,0.010072,-0.003573,0.022775,-0.016337,0.000343,0.010686
2025-12-16 18:53:18.402,0.212323,0.008054,0.112586,-2.585444,1.469079,2.247488,1.463279,-0.002872,0.021225,-0.003887,0.028467,-0.016930,0.000477,0.013844
2025-12-16 18:53:18.452,0.211949,0.009430,0.112228,-2.583796,1.468370,2.247286,1.463417,-0.011266,0.031785,-0.006988,0.036119,-0.008559,-0.005198,0.000510
2025-12-16 18:53:18.502,0.211531,0.011558,0.111822,-2.581772,1.467762,2.247073,1.463417,-0.014028,0.042613,-0.009947,0.039817,-0.010880,-0.005741,0.000020
2025-12-16 18:53:18.567,0.210918,0.014581,0.111223,-2.578993,1.466743,2.246694,1.463179,-0.011029,0.048145,-0.011897,0.044576,-0.016177,-0.002873,-0.000850
2025-12-16 18:53:18.602,0.210603,0.015986,0.110906,-2.577650,1.466117,2.246478,1.463161,-0.011878,0.041329,-0.008008,0.042334,-0.021609,-0.004123,0.000894
2025-12-16 18:53:18.652,0.210135,0.018000,0.110420,-2.575528,1.465063,2.246140,1.463153,-0.008012,0.038359,-0.011891,0.042332,-0.020258,-0.005153,-0.001748
2025-12-16 18:53:18.702,0.209749,0.019763,0.109996,-2.573526,1.464075,2.245909,1.463344,-0.006480,0.035124,-0.008000,0.041372,-0.020560,-0.004767,0.010492
2025-12-16 18:53:18.752,0.209475,0.021442,0.109725,-2.571462,1.463183,2.245752,1.463830,-0.005468,0.030757,-0.004368,0.042962,-0.014416,-0.000086,0.005884
2025-12-16 18:53:18.802,0.209306,0.023074,0.109529,-2.569183,1.462191,2.245640,1.464624,-0.004740,0.036186,-0.004285,0.045006,-0.018232,-0.004004,0.027962
2025-12-16 18:53:18.852,0.209212,0.024542,0.109404,-2.566789,1.461155,2.245598,1.465868,-0.001034,0.026887,-0.002154,0.051876,-0.020803,-0.000063,0.028569
2025-12-16 18:53:18.902,0.209217,0.025708,0.109391,-2.564085,1.460055,2.245582,1.467687,0.000322,0.016068,-0.001116,0.052295,-0.015997,-0.000679,0.041679
2025-12-16 18:53:18.952,0.209259,0.026683,0.109441,-2.561249,1.458969,2.245582,1.470017,0.000402,0.024917,0.002656,0.058143,-0.020953,0.000162,0.047319
2025-12-16 18:53:19.002,0.209427,0.027954,0.109525,-2.558192,1.457743,2.245589,1.472428,0.006019,0.033097,0.000676,0.066881,-0.024289,0.000504,0.047622
2025-12-16 18:53:19.052,0.209526,0.029758,0.109648,-2.554464,1.456222,2.245584,1.475055,0.000568,0.036970,0.000664,0.078443,-0.037026,-0.000054,0.055938
2025-12-16 18:53:19.102,0.209483,0.031772,0.109522,-2.550496,1.454170,2.245583,1.477521,0.000356,0.042786,-0.006612,0.084458,-0.046289,-0.000129,0.056770
2025-12-16 18:53:19.152,0.209089,0.033928,0.109123,-2.546521,1.451653,2.245136,1.479857,-0.006944,0.042153,-0.005387,0.082753,-0.046202,-0.014590,0.043205
2025-12-16 18:53:19.202,0.208620,0.036182,0.108620,-2.542574,1.449207,2.244543,1.481932,-0.008853,0.048615,-0.011317,0.074270,-0.044085,-0.013627,0.037598
2025-12-16 18:53:19.252,0.208125,0.038642,0.108103,-2.538776,1.447241,2.244000,1.483583,-0.009289,0.049683,-0.004182,0.075936,-0.036996,-0.016260,0.025406
2025-12-16 18:53:19.302,0.207640,0.041237,0.107583,-2.535074,1.445519,2.243546,1.484791,-0.008698,0.053481,-0.008659,0.071112,-0.030533,-0.009176,0.023016
2025-12-16 18:53:19.351,0.207121,0.043796,0.107051,-2.531776,1.443929,2.243113,1.485784,-0.011163,0.044444,-0.012201,0.061597,-0.030686,-0.004038,0.012670
2025-12-16 18:53:19.402,0.206601,0.045831,0.106498,-2.529058,1.442333,2.242634,1.486699,-0.012854,0.039020,-0.012056,0.053957,-0.032452,-0.012196,0.023310
2025-12-16 18:53:19.451,0.206039,0.047436,0.105906,-2.526695,1.440663,2.241994,1.487638,-0.008718,0.024374,-0.005240,0.039924,-0.031471,-0.013387,0.017348
2025-12-16 18:53:19.502,0.205459,0.048411,0.105276,-2.524701,1.438723,2.241211,1.488864,-0.013950,0.011842,-0.012632,0.037343,-0.041609,-0.017694,0.028058
2025-12-16 18:53:19.552,0.204815,0.049188,0.104568,-2.522841,1.436750,2.240374,1.490179,-0.011110,0.020530,-0.015125,0.043460,-0.042883,-0.014059,0.022350
2025-12-16 18:53:19.602,0.204117,0.050372,0.103823,-2.520696,1.434780,2.239478,1.491402,-0.015946,0.026414,-0.015627,0.043504,-0.031565,-0.015871,0.024567
2025-12-16 18:53:19.652,0.203375,0.052012,0.103064,-2.518176,1.432766,2.238635,1.492381,-0.014517,0.041050,-0.020004,0.056669,-0.043582,-0.015316,0.006250
2025-12-16 18:53:19.702,0.202496,0.054574,0.102225,-2.514955,1.430714,2.237803,1.493043,-0.018725,0.053075,-0.015867,0.062755,-0.038757,-0.021783,0.014421
2025-12-16 18:53:19.752,0.201627,0.057308,0.101331,-2.511665,1.428761,2.236980,1.493539,-0.020237,0.056490,-0.019914,0.066811,-0.030856,-0.016051,0.008153
2025-12-16 18:53:19.801,0.200757,0.060020,0.100395,-2.508386,1.426819,2.236105,1.494041,-0.015609,0.050933,-0.013874,0.059844,-0.038536,-0.014688,0.009872
2025-12-16 18:53:19.852,0.199965,0.062284,0.099594,-2.505463,1.424908,2.235275,1.494784,-0.014044,0.046263,-0.010887,0.059377,-0.037072,-0.012574,0.021787
2025-12-16 18:53:19.902,0.199148,0.064291,0.098770,-2.502729,1.422918,2.234364,1.495560,-0.017353,0.044477,-0.017238,0.049733,-0.039396,-0.016529,0.012504
2025-12-16 18:53:19.952,0.198268,0.066175,0.097927,-2.500186,1.421065,2.233412,1.496201,-0.017105,0.036379,-0.021729,0.049644,-0.037055,-0.018053,0.006133
2025-12-16 18:53:20.002,0.197481,0.068399,0.097117,-2.497605,1.419381,2.232622,1.496646,-0.013543,0.049131,-0.015680,0.051416,-0.034955,-0.012801,0.007775
2025-12-16 18:53:20.052,0.196818,0.070861,0.096406,-2.494951,1.417946,2.231928,1.496865,-0.013901,0.052976,-0.012967,0.054221,-0.028946,-0.012333,0.002421
2025-12-16 18:53:20.102,0.196143,0.073623,0.095707,-2.492095,1.416505,2.231240,1.496929,-0.010599,0.050827,-0.010020,0.059651,-0.030253,-0.009412,0.001988
2025-12-16 18:53:20.152,0.195380,0.076263,0.094927,-2.489194,1.414941,2.230497,1.497171,-0.013354,0.051604,-0.015632,0.054579,-0.031955,-0.014713,0.002418
2025-12-16 18:53:20.201,0.194679,0.078895,0.094182,-2.486279,1.413545,2.229847,1.497356,-0.012103,0.054053,-0.009592,0.061742,-0.031167,-0.015489,0.007795
2025-12-16 18:53:20.252,0.193992,0.081621,0.093489,-2.483093,1.412017,2.229181,1.497649,-0.014616,0.048120,-0.011626,0.058803,-0.031465,-0.015934,0.002686
2025-12-16 18:53:20.302,0.193304,0.084193,0.092781,-2.480147,1.410440,2.228510,1.498003,-0.012510,0.055482,-0.020427,0.060401,-0.028996,-0.011614,0.011679
2025-12-16 18:53:20.352,0.192540,0.086810,0.091938,-2.477085,1.408730,2.227715,1.498495,-0.016543,0.051274,-0.018710,0.060218,-0.036627,-0.018733,0.004128
2025-12-16 18:53:20.402,0.191675,0.089424,0.091008,-2.473904,1.406866,2.226784,1.499014,-0.013233,0.051017,-0.018983,0.058717,-0.038200,-0.017781,0.018614
2025-12-16 18:53:20.452,0.190799,0.091909,0.090064,-2.470863,1.404913,2.225834,1.499522,-0.018640,0.047288,-0.020611,0.061931,-0.037617,-0.020306,0.001380
2025-12-16 18:53:20.502,0.189919,0.094458,0.089212,-2.467942,1.403224,2.224995,1.499922,-0.014331,0.051361,-0.012960,0.062845,-0.030392,-0.019748,0.006067
2025-12-16 18:53:20.552,0.189029,0.096872,0.088357,-2.465104,1.401534,2.224066,1.500288,-0.015849,0.045483,-0.015155,0.055969,-0.035224,-0.017244,0.003688
2025-12-16 18:53:20.603,0.188179,0.099174,0.087447,-2.462369,1.399705,2.223202,1.500708,-0.016553,0.044582,-0.015561,0.055943,-0.039565,-0.018565,0.002213
2025-12-16 18:53:20.652,0.187397,0.101225,0.086637,-2.459753,1.398070,2.222335,1.501140,-0.012691,0.043819,-0.016860,0.052643,-0.021592,-0.015242,-0.001280
2025-12-16 18:53:20.701,0.186698,0.103309,0.085920,-2.457175,1.396565,2.221593,1.501612,-0.013547,0.046400,-0.012014,0.049384,-0.032539,-0.012679,0.006133
2025-12-16 18:53:20.752,0.186048,0.105322,0.085245,-2.454699,1.395147,2.220835,1.502056,-0.015023,0.040233,-0.020596,0.046949,-0.026949,-0.010915,0.011514
2025-12-16 18:53:20.802,0.185299,0.107222,0.084511,-2.452358,1.393520,2.220026,1.502471,-0.015896,0.037579,-0.017569,0.042220,-0.031046,-0.015076,0.004097
2025-12-16 18:53:20.852,0.184583,0.108970,0.083759,-2.450149,1.392032,2.219244,1.502928,-0.013833,0.035638,-0.014839,0.041156,-0.030241,-0.007246,0.003044
2025-12-16 18:53:20.901,0.184013,0.110545,0.083127,-2.448131,1.390738,2.218575,1.503332,-0.011733,0.026457,-0.008265,0.034486,-0.027416,-0.016909,0.012670
2025-12-16 18:53:20.953,0.183472,0.111806,0.082565,-2.446504,1.389557,2.217896,1.503722,-0.010678,0.023188,-0.005550,0.028496,-0.028912,-0.017480,0.007766
2025-12-16 18:53:21.002,0.182925,0.112609,0.082016,-2.445247,1.388437,2.217250,1.504141,-0.012471,0.016735,-0.010056,0.025849,-0.022290,-0.012652,0.005331
2025-12-16 18:53:21.052,0.182340,0.113253,0.081411,-2.444043,1.387115,2.216507,1.504638,-0.013594,0.010812,-0.016911,0.024038,-0.030081,-0.014827,0.017394
2025-12-16 18:53:21.102,0.181716,0.113778,0.080777,-2.443018,1.385644,2.215618,1.505198,-0.010503,0.009402,-0.012709,0.018259,-0.028484,-0.018816,0.011613
2025-12-16 18:53:21.151,0.180873,0.114459,0.079966,-2.441816,1.383950,2.214537,1.505698,-0.018294,0.018641,-0.015882,0.028499,-0.032517,-0.022502,0.004479
2025-12-16 18:53:21.202,0.179838,0.115646,0.078888,-2.440130,1.382105,2.213302,1.506008,-0.019332,0.022620,-0.023964,0.028944,-0.037550,-0.024218,0.007906
2025-12-16 18:53:21.252,0.178740,0.116864,0.077731,-2.438482,1.380099,2.211996,1.506194,-0.023518,0.024045,-0.024063,0.034870,-0.033867,-0.030042,0.002163
2025-12-16 18:53:21.302,0.177670,0.118287,0.076625,-2.436685,1.378293,2.210761,1.506265,-0.020140,0.027912,-0.023108,0.035088,-0.036124,-0.024309,0.002309
2025-12-16 18:53:21.352,0.176723,0.119610,0.075741,-2.435087,1.376720,2.209703,1.506319,-0.016599,0.025562,-0.016898,0.026766,-0.032256,-0.019180,-0.002083
2025-12-16 18:53:21.402,0.175895,0.121059,0.074959,-2.433586,1.375460,2.208822,1.506328,-0.009323,0.032441,-0.015631,0.030433,-0.022445,-0.015551,0.001636
2025-12-16 18:53:21.451,0.175334,0.122579,0.074382,-2.432117,1.374634,2.208204,1.506297,-0.010244,0.034980,-0.006681,0.033686,-0.014609,-0.008877,-0.007005
2025-12-16 18:53:21.502,0.174835,0.124649,0.073906,-2.430542,1.374148,2.207739,1.505704,-0.011693,0.040431,-0.012827,0.027873,-0.007631,-0.007491,-0.016964
2025-12-16 18:53:21.552,0.174336,0.127213,0.073446,-2.428924,1.373984,2.207504,1.504592,-0.010549,0.050322,-0.008902,0.030702,0.000133,-0.002703,-0.023424
2025-12-16 18:53:21.601,0.173860,0.129737,0.073031,-2.427618,1.373971,2.207352,1.503134,-0.007890,0.052853,-0.006871,0.021954,-0.000030,-0.000831,-0.031345
2025-12-16 18:53:21.651,0.173392,0.132038,0.072645,-2.426786,1.373970,2.207278,1.501298,-0.008541,0.047040,-0.004494,0.019323,-0.000700,-0.001525,-0.037447
2025-12-16 18:53:21.702,0.172908,0.134227,0.072270,-2.426179,1.373998,2.207201,1.499218,-0.009704,0.043715,-0.005783,0.010251,-0.000724,-0.000436,-0.040428
2025-12-16 18:53:21.752,0.172444,0.136325,0.071946,-2.425631,1.374271,2.207170,1.497173,-0.011407,0.045747,-0.004258,0.013964,0.012512,-0.000555,-0.042115
2025-12-16 18:53:21.802,0.172027,0.138893,0.071705,-2.424806,1.374759,2.207166,1.495103,-0.006386,0.052137,-0.006332,0.018808,0.009566,-0.000053,-0.036853
2025-12-16 18:53:21.852,0.171684,0.141429,0.071402,-2.423752,1.375128,2.207163,1.493303,-0.004675,0.054798,-0.002731,0.024590,0.001145,0.000019,-0.029991
2025-12-16 18:53:21.901,0.171342,0.144099,0.071063,-2.422332,1.375287,2.207147,1.491725,-0.009150,0.054982,-0.005736,0.030103,0.000732,-0.000507,-0.019348
2025-12-16 18:53:21.952,0.170992,0.146764,0.070745,-2.420722,1.375380,2.207100,1.490344,-0.006692,0.053546,-0.008994,0.033375,0.002445,-0.000656,-0.022253
2025-12-16 18:53:22.003,0.170723,0.149408,0.070495,-2.419156,1.375644,2.207102,1.488988,-0.007229,0.053909,-0.005805,0.027688,0.004526,0.000362,-0.031296
2025-12-16 18:53:22.051,0.170543,0.151965,0.070318,-2.417715,1.375961,2.207107,1.487790,-0.007366,0.043947,-0.001642,0.028026,0.008834,0.000158,-0.024268
2025-12-16 18:53:22.102,0.170433,0.154130,0.070242,-2.416385,1.376162,2.207129,1.486903,-0.002736,0.041075,-0.000379,0.025018,0.000381,0.000560,-0.013784
2025-12-16 18:53:22.152,0.170366,0.156026,0.070184,-2.415102,1.376365,2.207164,1.486155,-0.000742,0.033957,-0.000724,0.024358,0.006780,0.000576,-0.014189
2025-12-16 18:53:22.202,0.170321,0.157694,0.070153,-2.413887,1.376541,2.207342,1.485496,-0.003870,0.034900,0.000069,0.022805,0.010371,0.000356,-0.018151
2025-12-16 18:53:22.252,0.170182,0.159317,0.070040,-2.412807,1.376730,2.207388,1.484818,0.000106,0.029852,-0.004107,0.014928,0.007026,0.002667,-0.015017
2025-12-16 18:53:22.302,0.170038,0.160721,0.069916,-2.412090,1.376953,2.207485,1.484009,-0.000909,0.026407,0.000346,0.013032,0.005926,0.003134,-0.012540
2025-12-16 18:53:22.353,0.169905,0.162047,0.069819,-2.411356,1.377226,2.207574,1.483207,-0.002043,0.028032,-0.001620,0.013228,0.000916,-0.000086,-0.017452
2025-12-16 18:53:22.402,0.169808,0.163525,0.069755,-2.410580,1.377530,2.207691,1.482339,-0.001784,0.029438,-0.000786,0.014857,0.002623,0.000534,-0.019416
2025-12-16 18:53:22.452,0.169763,0.165228,0.069731,-2.409626,1.377858,2.207811,1.481474,0.000579,0.037106,0.000192,0.021338,0.009641,0.003052,-0.020172
2025-12-16 18:53:22.501,0.169656,0.167331,0.069663,-2.408278,1.378160,2.207938,1.480473,-0.002263,0.048907,-0.002513,0.030312,0.007733,-0.000079,-0.023458
2025-12-16 18:53:22.551,0.169506,0.169957,0.069570,-2.406627,1.378543,2.208103,1.479220,-0.005047,0.057738,-0.006117,0.033918,0.012461,0.000419,-0.026419
2025-12-16 18:53:22.603,0.169275,0.172879,0.069417,-2.405051,1.379023,2.208341,1.477631,-0.005804,0.066916,-0.002369,0.032974,0.016588,-0.000143,-0.034398
2025-12-16 18:53:22.651,0.169015,0.175930,0.069253,-2.403788,1.379729,2.208515,1.475548,-0.003617,0.060984,-0.005483,0.024469,0.013111,0.007563,-0.041983
2025-12-16 18:53:22.702,0.168742,0.178944,0.069114,-2.402718,1.380559,2.208755,1.473236,-0.003998,0.056904,-0.005244,0.022381,0.020700,0.002647,-0.049300
2025-12-16 18:53:22.752,0.168487,0.181796,0.068977,-2.401761,1.381442,2.208915,1.470876,-0.008623,0.054525,-0.002434,0.015839,0.017835,0.002528,-0.049935
2025-12-16 18:53:22.802,0.168148,0.184008,0.068791,-2.401264,1.382139,2.209032,1.468572,-0.004546,0.036464,-0.003128,0.010507,0.016053,0.000599,-0.041882
2025-12-16 18:53:22.851,0.167824,0.185834,0.068586,-2.400786,1.382907,2.209255,1.466576,-0.007577,0.040379,-0.004875,0.009774,0.018512,0.003586,-0.042774
2025-12-16 18:53:22.902,0.167633,0.187476,0.068478,-2.400537,1.383605,2.209402,1.464807,-0.001556,0.034300,-0.001523,0.002125,0.015426,0.000667,-0.026008
2025-12-16 18:53:22.952,0.167535,0.188931,0.068459,-2.400318,1.384213,2.209561,1.463379,-0.002105,0.029011,0.000678,0.003607,0.010960,0.001842,-0.026436
2025-12-16 18:53:23.002,0.167420,0.190314,0.068423,-2.400104,1.384770,2.209655,1.461996,-0.001078,0.023038,-0.003479,0.000245,0.008968,0.001756,-0.027642
2025-12-16 18:53:23.053,0.167307,0.191458,0.068349,-2.400024,1.385289,2.209806,1.460792,-0.004938,0.019023,-0.000335,0.003621,0.008433,0.007542,-0.019161
2025-12-16 18:53:23.102,0.167165,0.192466,0.068256,-2.399737,1.385727,2.209909,1.459779,-0.006361,0.020489,-0.002500,0.002190,0.006784,0.004579,-0.032049
2025-12-16 18:53:23.151,0.167104,0.193388,0.068211,-2.399459,1.386131,2.210037,1.458918,-0.000166,0.014536,-0.000701,0.002723,0.006945,0.002919,-0.011211
2025-12-16 18:53:23.202,0.167115,0.194028,0.068215,-2.399451,1.386526,2.210120,1.458222,0.001660,0.015567,-0.000455,-0.000202,0.008119,0.001010,-0.017979
2025-12-16 18:53:23.252,0.167115,0.194568,0.068220,-2.399451,1.386957,2.210273,1.457594,0.000348,0.010745,-0.000526,0.001204,0.014628,0.000300,-0.016076
2025-12-16 18:53:23.302,0.167131,0.195057,0.068262,-2.399480,1.387467,2.210524,1.456951,-0.000398,0.010883,-0.000049,0.000314,0.011833,0.006640,-0.010919
2025-12-16 18:53:23.352,0.167166,0.195500,0.068381,-2.399516,1.388020,2.210814,1.456344,0.000206,0.009952,0.003398,-0.002374,0.016591,0.006572,-0.017717
2025-12-16 18:53:23.402,0.167289,0.196006,0.068487,-2.399567,1.388638,2.211185,1.455644,0.007635,0.007337,0.000059,0.000201,0.016631,0.010690,-0.020006
2025-12-16 18:53:23.452,0.167433,0.196653,0.068758,-2.399566,1.389500,2.211650,1.454713,0.005506,0.018395,-0.000039,0.000904,0.020505,0.009358,-0.023977
2025-12-16 18:53:23.502,0.167714,0.197653,0.069107,-2.399561,1.390659,2.212238,1.453646,0.010189,0.019239,0.004160,0.000690,0.028947,0.017621,-0.023714
2025-12-16 18:53:23.551,0.168017,0.199004,0.069429,-2.399541,1.391914,2.212844,1.452322,0.006530,0.034038,0.003570,0.000294,0.027944,0.013161,-0.025352
2025-12-16 18:53:23.602,0.168273,0.200602,0.069735,-2.399331,1.393265,2.213501,1.450758,0.005803,0.030970,0.005615,0.006643,0.019338,0.015575,-0.030550
2025-12-16 18:53:23.652,0.168428,0.202361,0.069957,-2.398860,1.394664,2.214144,1.449121,0.001012,0.033039,0.004228,0.009519,0.020576,0.005793,-0.040931
2025-12-16 18:53:23.702,0.168475,0.203955,0.070074,-2.398648,1.395737,2.214637,1.447499,-0.000423,0.026638,0.004348,0.000008,0.021796,0.009629,-0.027058
2025-12-16 18:53:23.751,0.168488,0.205189,0.070125,-2.398656,1.396608,2.214876,1.445944,0.001026,0.027789,-0.000138,-0.000408,0.012001,0.006508,-0.035468
2025-12-16 18:53:23.802,0.168465,0.206638,0.070130,-2.398636,1.397505,2.215077,1.444114,-0.001416,0.029152,-0.001236,0.000543,0.014321,0.000936,-0.036082
2025-12-16 18:53:23.855,0.168418,0.208257,0.070133,-2.398636,1.398388,2.215276,1.442199,-0.005388,0.035962,-0.000089,0.001022,0.018724,0.003223,-0.035904
2025-12-16 18:53:23.903,0.168226,0.210210,0.070160,-2.398546,1.399532,2.215492,1.439810,-0.001434,0.036623,-0.000087,0.002582,0.015775,0.008314,-0.046705
2025-12-16 18:53:23.951,0.168098,0.211839,0.070164,-2.398444,1.400509,2.215666,1.437862,-0.004929,0.038068,0.000319,0.000209,0.024341,0.000381,-0.051643
2025-12-16 18:53:24.002,0.168016,0.213667,0.070174,-2.398438,1.401628,2.215902,1.435530,-0.000189,0.032995,-0.000341,0.001999,0.023848,0.004565,-0.043478
2025-12-16 18:53:24.051,0.167899,0.215178,0.070193,-2.398438,1.402654,2.216088,1.433309,-0.005236,0.028065,0.000208,-0.001099,0.018164,0.008900,-0.045053
2025-12-16 18:53:24.105,0.167791,0.216552,0.070209,-2.398510,1.403659,2.216296,1.431273,-0.000338,0.023149,0.000461,-0.000700,0.018589,0.001436,-0.039062
2025-12-16 18:53:24.152,0.167722,0.217622,0.070242,-2.398827,1.404565,2.216432,1.429328,-0.000424,0.019147,0.001414,-0.004925,0.019332,0.008147,-0.030218
2025-12-16 18:53:24.202,0.167724,0.218626,0.070458,-2.399043,1.405656,2.216765,1.427580,0.002137,0.022164,0.006981,-0.001757,0.024013,0.006870,-0.029433
2025-12-16 18:53:24.251,0.167797,0.219864,0.070845,-2.399032,1.406858,2.217155,1.425952,0.000778,0.025437,0.006353,0.000278,0.026379,0.009678,-0.025713
2025-12-16 18:53:24.302,0.167849,0.221162,0.070918,-2.399003,1.407762,2.217363,1.424463,-0.004730,0.023099,-0.000207,-0.000095,0.012444,0.000463,-0.034502
2025-12-16 18:53:24.352,0.167711,0.222394,0.070892,-2.398887,1.408318,2.217448,1.423115,0.000008,0.025204,0.000923,0.000256,0.011554,0.005392,-0.028168
2025-12-16 18:53:24.401,0.167640,0.223561,0.070877,-2.398771,1.408835,2.217515,1.421764,0.001168,0.022878,0.000866,-0.000407,0.011794,0.000556,-0.020945
2025-12-16 18:53:24.452,0.167662,0.225059,0.070906,-2.398629,1.409612,2.217698,1.420180,0.000394,0.033455,0.000013,0.002434,0.014179,0.005919,-0.037298
2025-12-16 18:53:24.502,0.167622,0.226673,0.070915,-2.398443,1.410528,2.217892,1.418441,-0.000062,0.030155,-0.000095,0.006181,0.018735,-0.000347,-0.037177
2025-12-16 18:53:24.552,0.167494,0.228335,0.070923,-2.398099,1.411386,2.218081,1.416670,-0.006629,0.032637,-0.000055,0.005619,0.016675,0.007836,-0.032496
2025-12-16 18:53:24.603,0.167431,0.229873,0.070933,-2.397908,1.412262,2.218261,1.415030,-0.001600,0.029433,-0.000380,0.002020,0.014898,0.000184,-0.024081
2025-12-16 18:53:24.651,0.167394,0.230955,0.070940,-2.397919,1.412900,2.218377,1.413687,-0.002439,0.016291,0.000818,-0.006061,0.015389,0.000104,-0.026058
2025-12-16 18:53:24.702,0.167262,0.231509,0.070950,-2.398011,1.413441,2.218427,1.412639,-0.005073,0.007248,-0.000758,-0.002187,0.001880,-0.000017,-0.015948
2025-12-16 18:53:24.753,0.167140,0.231906,0.070945,-2.398171,1.413734,2.218444,1.411878,-0.000177,0.002007,-0.000000,-0.008464,0.004592,0.000449,-0.009650
2025-12-16 18:53:24.802,0.167074,0.231927,0.070946,-2.398422,1.413766,2.218444,1.411541,-0.004327,0.000300,0.000797,0.000992,-0.000199,0.000540,-0.003187
2025-12-16 18:53:24.852,0.166966,0.231838,0.070916,-2.398598,1.413767,2.218432,1.411517,-0.001775,-0.006339,-0.000435,-0.008475,0.000079,0.000352,0.001909
2025-12-16 18:53:24.901,0.166947,0.231684,0.070909,-2.398950,1.413768,2.218423,1.411471,-0.000370,-0.001015,-0.001556,-0.006544,-0.000016,-0.000052,-0.003229
2025-12-16 18:53:24.952,0.166951,0.231763,0.070916,-2.399106,1.413795,2.218415,1.411061,0.000280,0.005620,-0.000162,0.000187,0.003132,-0.000383,-0.018782
2025-12-16 18:53:25.002,0.166886,0.232266,0.070916,-2.399045,1.414225,2.218428,1.410235,-0.001154,0.021369,0.000969,0.002860,0.016896,0.000612,-0.022174
2025-12-16 18:53:25.052,0.166871,0.233730,0.070917,-2.398750,1.415061,2.218594,1.408564,0.001048,0.036711,0.000629,0.005747,0.020760,0.016650,-0.031587
2025-12-16 18:53:25.102,0.166806,0.235803,0.070927,-2.398439,1.416220,2.218958,1.406367,-0.000678,0.043328,0.000198,0.002005,0.029687,0.006515,-0.042913
2025-12-16 18:53:25.152,0.166650,0.238156,0.070932,-2.398079,1.417462,2.219284,1.403937,-0.005094,0.051307,0.000581,0.005690,0.023543,0.002593,-0.052329
2025-12-16 18:53:25.202,0.166440,0.240489,0.070929,-2.397999,1.418708,2.219662,1.401329,-0.000868,0.044625,-0.000019,-0.001045,0.027234,0.012163,-0.048701
2025-12-16 18:53:25.252,0.166104,0.242368,0.070853,-2.398137,1.419731,2.220247,1.399097,-0.006227,0.031209,-0.004662,-0.007594,0.012460,0.012255,-0.037323
2025-12-16 18:53:25.301,0.165312,0.244567,0.069908,-2.398770,1.421039,2.221756,1.396729,-0.017148,0.056459,-0.010986,-0.007132,0.056579,0.001877,-0.058703
2025-12-16 18:53:25.352,0.166269,0.248481,0.071067,-2.398577,1.425691,2.223721,1.392954,0.038598,0.089380,0.038395,0.002624,0.108944,0.066839,-0.099774
2025-12-16 18:53:25.402,0.167989,0.253451,0.073138,-2.398949,1.432089,2.227037,1.386729,0.031397,0.088900,0.038437,-0.013525,0.141471,0.061765,-0.102422
2025-12-16 18:53:25.452,0.169443,0.257233,0.074871,-2.399728,1.438403,2.229873,1.381200,0.025609,0.072538,0.030451,-0.018837,0.112390,0.044552,-0.116169
2025-12-16 18:53:25.501,0.170298,0.259624,0.076076,-2.401024,1.442613,2.231607,1.376649,0.014857,0.021980,0.022671,-0.035692,0.072282,0.028132,-0.061445
2025-12-16 18:53:25.552,0.170614,0.259712,0.076607,-2.402593,1.444393,2.232351,1.374564,-0.001326,-0.003878,0.003378,-0.022369,0.004505,0.004218,-0.029845
2025-12-16 18:53:25.602,0.170311,0.259151,0.076357,-2.403583,1.444458,2.232198,1.374096,-0.005795,-0.018268,-0.008963,-0.013873,-0.004872,-0.005321,0.000017
2025-12-16 18:53:25.652,0.169829,0.258420,0.075843,-2.403781,1.443474,2.231519,1.374629,-0.011544,-0.010325,-0.008319,0.003219,-0.029662,-0.019347,0.018305
2025-12-16 18:53:25.705,0.169228,0.257548,0.075165,-2.403777,1.441675,2.230485,1.375935,-0.010724,-0.019684,-0.016165,0.000040,-0.038899,-0.023678,0.032452
2025-12-16 18:53:25.752,0.168578,0.256974,0.074451,-2.403576,1.439983,2.229484,1.376892,-0.013891,-0.006536,-0.006870,0.002527,-0.029414,-0.020922,0.012678
2025-12-16 18:53:25.807,0.168020,0.256617,0.073899,-2.403302,1.438716,2.228725,1.377624,-0.012411,0.002199,-0.005980,0.011936,-0.019153,-0.009387,0.018803
2025-12-16 18:53:25.853,0.167679,0.256576,0.073614,-2.403038,1.438161,2.228322,1.377980,-0.007172,-0.000319,-0.003492,0.004346,-0.010199,-0.004969,0.011680
2025-12-16 18:53:25.902,0.167610,0.256617,0.073501,-2.402962,1.437758,2.228237,1.378167,0.000569,0.001134,-0.000532,0.002573,-0.004774,0.000153,-0.000042
2025-12-16 18:53:25.952,0.167619,0.256935,0.073507,-2.402489,1.437714,2.228229,1.378276,0.000975,0.006911,0.000897,0.011978,-0.000437,0.000402,0.000101
2025-12-16 18:53:26.002,0.167643,0.257348,0.073513,-2.401966,1.437714,2.228240,1.378364,0.000140,0.008850,-0.000840,0.013053,0.000467,-0.000107,0.002662
2025-12-16 18:53:26.052,0.167656,0.257811,0.073514,-2.401413,1.437713,2.228261,1.378530,-0.000234,0.008071,-0.000208,0.010242,-0.000062,0.000172,0.004564
2025-12-16 18:53:26.101,0.167680,0.258350,0.073516,-2.400724,1.437707,2.228269,1.378735,0.000569,0.011138,0.000287,0.011857,0.000086,-0.000454,0.003942
2025-12-16 18:53:26.152,0.167711,0.258727,0.073523,-2.400197,1.437605,2.228279,1.378864,0.000656,0.004275,0.000473,0.010721,-0.004731,0.000251,-0.000797
2025-12-16 18:53:26.202,0.167705,0.258711,0.073519,-2.400137,1.437547,2.228283,1.378906,0.001238,-0.000050,-0.000057,0.001748,-0.000156,0.000454,0.000268
2025-12-16 18:53:26.252,0.167702,0.258737,0.073521,-2.400142,1.437544,2.228284,1.378909,0.000643,0.000040,0.000405,0.000605,-0.000048,0.000245,0.001274
2025-12-16 18:53:26.302,0.167707,0.258721,0.073522,-2.400130,1.437524,2.228286,1.378934,-0.000799,0.000405,0.000156,-0.000006,-0.000471,0.000710,0.003860
2025-12-16 18:53:26.352,0.167705,0.258988,0.073519,-2.399807,1.437500,2.228286,1.378974,-0.000885,0.009089,-0.000574,0.010457,-0.000724,0.000166,0.001376
2025-12-16 18:53:26.402,0.167717,0.259527,0.073522,-2.399171,1.437390,2.228290,1.379240,0.001258,0.017470,-0.004996,0.019884,-0.007964,0.000179,0.004174
2025-12-16 18:53:26.452,0.167830,0.260415,0.073524,-2.397905,1.437119,2.228299,1.379599,0.001331,0.021771,-0.000022,0.035005,-0.008899,-0.000302,0.006562
2025-12-16 18:53:26.502,0.167927,0.261777,0.073522,-2.395992,1.436832,2.228322,1.380099,0.003600,0.029206,-0.000637,0.043767,-0.010172,0.001257,0.008738
2025-12-16 18:53:26.552,0.167992,0.263369,0.073521,-2.393865,1.436441,2.228465,1.380703,0.000618,0.029567,-0.001212,0.037433,-0.010861,0.000204,0.011745
2025-12-16 18:53:26.602,0.167985,0.264683,0.073508,-2.392168,1.436004,2.228467,1.381327,0.001810,0.024017,0.000508,0.030114,-0.007463,-0.000136,0.014846
2025-12-16 18:53:26.652,0.168021,0.265583,0.073505,-2.390912,1.435686,2.228463,1.381881,0.002327,0.013715,-0.000158,0.025663,-0.009762,-0.000359,0.015595
2025-12-16 18:53:26.702,0.168066,0.266219,0.073500,-2.389970,1.435481,2.228475,1.382239,-0.000224,0.007323,-0.000127,0.015571,-0.004402,-0.000553,0.001783
2025-12-16 18:53:26.752,0.168063,0.266626,0.073482,-2.389450,1.435366,2.228487,1.382457,-0.000107,0.007392,-0.000041,0.009549,-0.000078,0.000340,-0.001450
2025-12-16 18:53:26.802,0.168061,0.266757,0.073462,-2.389261,1.435336,2.228500,1.382524,0.001596,0.000078,-0.000520,-0.000564,-0.000260,0.000033,0.000629
2025-12-16 18:53:26.852,0.168065,0.266736,0.073459,-2.389223,1.435273,2.228502,1.382669,0.000693,0.000147,0.003065,-0.000283,0.000016,0.000671,0.000768
2025-12-16 18:53:26.902,0.168080,0.266713,0.073459,-2.389218,1.435206,2.228494,1.382871,0.000135,-0.005735,-0.000223,0.000485,-0.004874,-0.000254,0.008281
2025-12-16 18:53:26.955,0.168080,0.266672,0.073455,-2.389212,1.435058,2.228491,1.383077,-0.000518,-0.000803,-0.000625,0.000447,-0.004806,-0.000042,0.009095
