timestamp,p1,p2,p3,p4,p5,p6,p7,v1,v2,v3,v4,v5,v6,v7
2025-12-16 18:19:39.652,0.121857,0.234559,0.020337,-2.257159,1.264877,2.122443,1.559124,-0.000493,0.000029,0.000671,0.000051,0.000243,-0.000152,0.000921
2025-12-16 18:19:39.702,0.121861,0.234553,0.020335,-2.257157,1.264877,2.122445,1.559120,0.001064,-0.001208,0.000060,0.001020,0.000120,-0.000231,-0.000109
2025-12-16 18:19:39.752,0.121859,0.234555,0.020332,-2.257158,1.264877,2.122441,1.559123,0.000209,-0.000182,-0.001160,0.000732,0.000183,-0.000104,0.000724
2025-12-16 18:19:39.801,0.121855,0.234562,0.020334,-2.257159,1.264877,2.122446,1.559122,-0.000418,0.001304,-0.000265,-0.000285,-0.000040,0.000509,-0.000059
2025-12-16 18:19:39.852,0.121860,0.234552,0.020333,-2.257162,1.264878,2.122443,1.559120,0.000637,0.001420,-0.000191,-0.000296,0.000660,-0.000237,-0.000796
2025-12-16 18:19:39.902,0.121861,0.234542,0.020334,-2.257158,1.264876,2.122443,1.559121,0.000730,-0.000345,-0.000186,0.005236,0.000725,0.000390,0.000007
2025-12-16 18:19:39.953,0.121856,0.234546,0.020337,-2.257164,1.264874,2.122443,1.559127,0.000401,0.000969,0.000368,-0.001133,-0.000264,0.000209,0.000837
2025-12-16 18:19:40.004,0.121856,0.234543,0.020335,-2.257160,1.264875,2.122442,1.559123,-0.000850,-0.000442,-0.000309,0.000158,-0.000202,0.000139,-0.000684
2025-12-16 18:19:40.053,0.121856,0.234414,0.020334,-2.257266,1.264876,2.122442,1.559119,0.000305,-0.006894,0.001656,-0.006512,-0.000414,-0.000036,-0.001831
2025-12-16 18:19:40.102,0.121861,0.234268,0.020332,-2.257452,1.264875,2.122440,1.559124,-0.000562,0.001172,-0.001471,-0.000464,-0.000035,0.000678,0.001137
2025-12-16 18:19:40.153,0.121859,0.234284,0.020334,-2.257458,1.264876,2.122440,1.559120,0.000638,0.000071,-0.000826,-0.000005,0.000584,0.000167,0.000519
2025-12-16 18:19:40.202,0.121849,0.233970,0.020332,-2.257818,1.264876,2.122440,1.559124,-0.001004,-0.010523,0.000275,-0.008674,0.000509,-0.000168,0.000885
2025-12-16 18:19:40.252,0.121785,0.233190,0.020255,-2.258595,1.264874,2.122444,1.558978,-0.007573,-0.019667,-0.001079,-0.020778,-0.000246,0.000304,0.000094
2025-12-16 18:19:40.302,0.121588,0.231633,0.020165,-2.260424,1.264876,2.122419,1.558647,-0.000856,-0.041810,-0.002580,-0.049818,-0.000472,-0.000480,-0.006688
2025-12-16 18:19:40.352,0.121586,0.229303,0.020164,-2.263327,1.265096,2.122429,1.557982,-0.000562,-0.046715,0.000633,-0.062179,0.009851,-0.000259,-0.016850
2025-12-16 18:19:40.402,0.121679,0.226571,0.020406,-2.267191,1.266032,2.122740,1.556801,0.006629,-0.059279,0.007667,-0.080165,0.025237,0.009972,-0.026815
2025-12-16 18:19:40.452,0.122128,0.223520,0.020819,-2.271681,1.267406,2.123715,1.555409,0.011927,-0.068888,0.009410,-0.090962,0.033274,0.025758,-0.031732
2025-12-16 18:19:40.503,0.122663,0.220260,0.021375,-2.276432,1.269055,2.124750,1.553892,0.011857,-0.064441,0.011962,-0.090260,0.037189,0.022362,-0.026966
2025-12-16 18:19:40.552,0.123138,0.217474,0.021873,-2.280511,1.270553,2.125776,1.552643,0.013014,-0.055808,0.008398,-0.088227,0.032716,0.032081,-0.027022
2025-12-16 18:19:40.602,0.123658,0.214919,0.022422,-2.284529,1.272054,2.126914,1.551414,0.009742,-0.047810,0.009804,-0.065176,0.026462,0.018449,-0.021949
2025-12-16 18:19:40.655,0.124186,0.212818,0.022986,-2.287920,1.273646,2.128036,1.550305,0.011171,-0.034254,0.018677,-0.053769,0.027370,0.020443,-0.017561
2025-12-16 18:19:40.702,0.124705,0.211441,0.023522,-2.290200,1.274995,2.129043,1.549478,0.011298,-0.026682,0.012044,-0.044520,0.027277,0.020670,-0.012577
2025-12-16 18:19:40.752,0.125319,0.210392,0.024135,-2.292332,1.276476,2.130147,1.548580,0.013055,-0.015930,0.011733,-0.040906,0.031636,0.024835,-0.012291
2025-12-16 18:19:40.801,0.125893,0.209626,0.024713,-2.293993,1.277747,2.131191,1.547753,0.009425,-0.013233,0.013553,-0.026556,0.024407,0.018892,-0.013652
2025-12-16 18:19:40.852,0.126383,0.208944,0.025206,-2.295312,1.278771,2.131996,1.547137,0.009098,-0.011596,0.013310,-0.027125,0.022325,0.016772,-0.016300
2025-12-16 18:19:40.902,0.126857,0.208283,0.025696,-2.296547,1.279698,2.132743,1.546667,0.011511,-0.013733,0.011970,-0.029449,0.018023,0.012153,-0.011131
2025-12-16 18:19:40.951,0.127286,0.207455,0.026133,-2.297882,1.280472,2.133376,1.546382,0.004924,-0.021470,0.007922,-0.027919,0.017568,0.019603,-0.000258
2025-12-16 18:19:41.002,0.127666,0.206257,0.026548,-2.299526,1.281225,2.133989,1.546104,0.002876,-0.027122,0.008638,-0.034827,0.009614,0.003805,-0.002948
2025-12-16 18:19:41.052,0.128004,0.204636,0.026937,-2.301466,1.281924,2.134529,1.545843,0.007696,-0.036120,0.005387,-0.044950,0.016336,0.014953,-0.006215
2025-12-16 18:19:41.102,0.128402,0.202571,0.027297,-2.303731,1.282633,2.135077,1.545712,0.011601,-0.044179,0.008923,-0.049059,0.015447,0.009805,0.000837
2025-12-16 18:19:41.152,0.128717,0.200115,0.027607,-2.306345,1.283249,2.135558,1.545580,0.005432,-0.054197,0.011567,-0.054193,0.007922,0.006493,-0.000199
2025-12-16 18:19:41.202,0.129002,0.197869,0.027839,-2.308677,1.283703,2.135878,1.545573,0.005494,-0.038168,0.008376,-0.045822,0.008053,0.003993,0.000513
2025-12-16 18:19:41.252,0.129218,0.195907,0.028028,-2.310723,1.284038,2.136080,1.545573,0.003950,-0.038944,0.003971,-0.037423,0.004202,0.000667,0.000680
2025-12-16 18:19:41.303,0.129384,0.194134,0.028180,-2.312457,1.284253,2.136243,1.545572,-0.000472,-0.031795,0.002348,-0.030060,0.005557,0.005414,0.000224
2025-12-16 18:19:41.352,0.129504,0.192669,0.028281,-2.313907,1.284405,2.136328,1.545575,0.006104,-0.026614,0.000479,-0.027784,0.002680,0.003757,-0.000740
2025-12-16 18:19:41.402,0.129652,0.191469,0.028422,-2.315174,1.284702,2.136546,1.545571,0.004083,-0.017476,0.004553,-0.023790,0.006733,0.001125,-0.001228
2025-12-16 18:19:41.451,0.129905,0.190487,0.028690,-2.316445,1.285123,2.136929,1.545519,0.010348,-0.020088,0.010278,-0.027045,0.016201,0.007929,-0.005053
2025-12-16 18:19:41.502,0.130310,0.189717,0.029107,-2.317884,1.285907,2.137482,1.544972,0.002529,-0.014200,0.003450,-0.026282,0.015040,0.010448,-0.009381
2025-12-16 18:19:41.553,0.130797,0.189074,0.029612,-2.319354,1.287028,2.138309,1.544327,0.012074,-0.011240,0.010680,-0.037253,0.026218,0.016188,-0.017590
2025-12-16 18:19:41.602,0.131358,0.188345,0.030190,-2.320987,1.288534,2.139430,1.543537,0.011789,-0.017227,0.013085,-0.033220,0.029694,0.021891,-0.016150
2025-12-16 18:19:41.652,0.132058,0.187505,0.030907,-2.322852,1.290254,2.140707,1.542671,0.015690,-0.015955,0.017306,-0.045644,0.035447,0.029369,-0.017933
2025-12-16 18:19:41.702,0.132909,0.186555,0.031806,-2.325099,1.292172,2.142217,1.541543,0.022064,-0.015814,0.023524,-0.046016,0.041424,0.026859,-0.019292
2025-12-16 18:19:41.751,0.133887,0.185498,0.032761,-2.327509,1.294254,2.143758,1.540482,0.022310,-0.021092,0.017262,-0.047717,0.039335,0.025772,-0.022444
2025-12-16 18:19:41.802,0.134895,0.184270,0.033726,-2.329986,1.296311,2.145229,1.539466,0.018721,-0.025514,0.021925,-0.046023,0.038656,0.025877,-0.015505
2025-12-16 18:19:41.852,0.135835,0.182921,0.034645,-2.332363,1.298176,2.146641,1.538603,0.016947,-0.023186,0.015299,-0.046549,0.038226,0.023556,-0.009207
2025-12-16 18:19:41.902,0.136734,0.181698,0.035555,-2.334686,1.300039,2.148049,1.537775,0.016307,-0.016986,0.021487,-0.041030,0.031967,0.024488,-0.019350
2025-12-16 18:19:41.952,0.137573,0.180781,0.036415,-2.336665,1.301707,2.149369,1.537041,0.016078,-0.014006,0.018257,-0.038218,0.024721,0.029410,-0.019093
2025-12-16 18:19:42.002,0.138451,0.179745,0.037228,-2.338688,1.303352,2.150602,1.536271,0.015279,-0.024325,0.015459,-0.041062,0.034449,0.019694,-0.016531
2025-12-16 18:19:42.053,0.139215,0.178491,0.037981,-2.340795,1.304869,2.151775,1.535494,0.011733,-0.026407,0.012656,-0.040203,0.031525,0.027262,-0.022687
2025-12-16 18:19:42.102,0.139944,0.177087,0.038730,-2.343029,1.306460,2.152950,1.534732,0.014363,-0.023173,0.014870,-0.042866,0.031356,0.023152,-0.010701
2025-12-16 18:19:42.152,0.140621,0.175748,0.039427,-2.345244,1.307942,2.154036,1.534013,0.013717,-0.026984,0.016180,-0.046756,0.021661,0.021076,-0.013046
2025-12-16 18:19:42.202,0.141218,0.174355,0.040050,-2.347304,1.309295,2.154998,1.533434,0.012359,-0.033317,0.012603,-0.040350,0.027410,0.017505,-0.013114
2025-12-16 18:19:42.252,0.141767,0.172832,0.040607,-2.349428,1.310376,2.155775,1.532859,0.012756,-0.030071,0.007884,-0.043437,0.022298,0.018081,-0.008092
2025-12-16 18:19:42.302,0.142278,0.171488,0.041132,-2.351509,1.311382,2.156490,1.532236,0.012521,-0.026269,0.003285,-0.041555,0.010486,0.011087,-0.009600
2025-12-16 18:19:42.352,0.142743,0.170140,0.041601,-2.353422,1.312322,2.157094,1.531662,0.009425,-0.026568,0.009760,-0.032539,0.013374,0.015937,-0.011655
2025-12-16 18:19:42.402,0.143103,0.168877,0.042012,-2.355012,1.313094,2.157618,1.531252,0.005757,-0.025928,0.006879,-0.036077,0.016103,0.011809,-0.006642
2025-12-16 18:19:42.452,0.143374,0.167571,0.042335,-2.356661,1.313768,2.158030,1.530989,0.002317,-0.027724,0.004937,-0.036119,0.011126,0.004880,-0.006451
2025-12-16 18:19:42.502,0.143662,0.166098,0.042625,-2.358531,1.314454,2.158447,1.530723,0.007560,-0.026025,0.002263,-0.034495,0.007937,0.008736,-0.006183
2025-12-16 18:19:42.552,0.144087,0.164513,0.043051,-2.360651,1.315404,2.158969,1.530287,0.008760,-0.031648,0.004965,-0.048754,0.019718,0.007631,-0.013222
2025-12-16 18:19:42.602,0.144604,0.162827,0.043581,-2.363025,1.316586,2.159657,1.529781,0.010789,-0.037014,0.009590,-0.045442,0.023668,0.017403,-0.012174
2025-12-16 18:19:42.652,0.145178,0.160797,0.044180,-2.365596,1.317902,2.160571,1.529265,0.011139,-0.039650,0.010849,-0.045768,0.022728,0.023800,-0.011976
2025-12-16 18:19:42.702,0.145859,0.158780,0.044893,-2.367980,1.319392,2.161620,1.529010,0.015303,-0.041603,0.016741,-0.041721,0.032976,0.023153,0.000846
2025-12-16 18:19:42.752,0.146718,0.156937,0.045695,-2.370370,1.320980,2.162844,1.528664,0.015227,-0.037614,0.017454,-0.046645,0.034912,0.027641,-0.007383
2025-12-16 18:19:42.802,0.147676,0.155211,0.046580,-2.372817,1.322839,2.164170,1.528217,0.016691,-0.033545,0.013663,-0.049203,0.035929,0.033943,-0.011380
2025-12-16 18:19:42.852,0.148693,0.153853,0.047581,-2.375121,1.324770,2.165494,1.527587,0.022887,-0.026581,0.020578,-0.047142,0.038639,0.037249,-0.020031
2025-12-16 18:19:42.905,0.149791,0.152727,0.048708,-2.377314,1.326925,2.167026,1.526704,0.022046,-0.017256,0.019252,-0.040390,0.043133,0.031040,-0.018252
2025-12-16 18:19:42.952,0.150752,0.151803,0.049696,-2.379180,1.329006,2.168446,1.525925,0.021997,-0.017147,0.017653,-0.036038,0.038808,0.030030,-0.017222
2025-12-16 18:19:43.002,0.151679,0.151136,0.050594,-2.380969,1.330914,2.169860,1.524882,0.018344,-0.009371,0.017803,-0.030493,0.034772,0.023656,-0.018260
2025-12-16 18:19:43.052,0.152457,0.150629,0.051392,-2.382549,1.332802,2.171133,1.523877,0.011530,-0.008689,0.014667,-0.025715,0.038300,0.025950,-0.021223
2025-12-16 18:19:43.102,0.153171,0.150573,0.052128,-2.383732,1.334620,2.172346,1.522762,0.011156,0.001072,0.014495,-0.021310,0.027765,0.028123,-0.022612
2025-12-16 18:19:43.152,0.153863,0.150560,0.052860,-2.384796,1.336233,2.173411,1.521815,0.017396,0.000530,0.020373,-0.015354,0.029960,0.018147,-0.013510
2025-12-16 18:19:43.202,0.154547,0.150493,0.053586,-2.385612,1.337583,2.174421,1.521212,0.015529,-0.000536,0.012794,-0.021320,0.027100,0.016586,-0.008716
2025-12-16 18:19:43.252,0.155205,0.150254,0.054230,-2.386393,1.338861,2.175364,1.520724,0.015486,-0.004614,0.014264,-0.013223,0.022268,0.017962,-0.009113
2025-12-16 18:19:43.301,0.155880,0.150186,0.054872,-2.387076,1.340150,2.176347,1.520205,0.012448,0.000504,0.012490,-0.010906,0.021624,0.018128,-0.003031
2025-12-16 18:19:43.351,0.156507,0.150124,0.055538,-2.387938,1.341500,2.177243,1.519568,0.013043,-0.001268,0.015714,-0.020683,0.023162,0.024981,-0.016419
2025-12-16 18:19:43.401,0.157209,0.150113,0.056282,-2.388906,1.343064,2.178336,1.518667,0.012306,-0.000917,0.019607,-0.020154,0.029825,0.019199,-0.019096
2025-12-16 18:19:43.452,0.157879,0.150113,0.056975,-2.389868,1.344647,2.179391,1.517680,0.013505,-0.000552,0.015980,-0.019149,0.032534,0.019457,-0.024170
2025-12-16 18:19:43.502,0.158560,0.150117,0.057722,-2.390942,1.346431,2.180568,1.516597,0.012166,0.000202,0.018725,-0.024088,0.040248,0.024250,-0.020744
2025-12-16 18:19:43.552,0.159275,0.150120,0.058473,-2.391981,1.348272,2.181771,1.515412,0.011724,-0.000976,0.017658,-0.020931,0.039754,0.024501,-0.018245
2025-12-16 18:19:43.601,0.160087,0.150130,0.059246,-2.393072,1.350112,2.183000,1.514257,0.014718,-0.000517,0.016698,-0.022222,0.035243,0.028195,-0.024114
2025-12-16 18:19:43.652,0.160866,0.150127,0.060007,-2.394195,1.351985,2.184140,1.513138,0.012657,-0.000142,0.009587,-0.019278,0.034196,0.028083,-0.021402
2025-12-16 18:19:43.702,0.161511,0.150104,0.060655,-2.395313,1.353591,2.185114,1.512219,0.012773,0.000889,0.014169,-0.022358,0.031365,0.019292,-0.015888
2025-12-16 18:19:43.752,0.162118,0.149852,0.061252,-2.396564,1.355070,2.185996,1.511440,0.012557,-0.008442,0.015942,-0.022651,0.019901,0.015818,-0.016096
2025-12-16 18:19:43.802,0.162604,0.149235,0.061747,-2.397732,1.356050,2.186676,1.510824,0.007393,-0.008883,0.007147,-0.022952,0.021525,0.008133,-0.013129
2025-12-16 18:19:43.853,0.162933,0.148587,0.062158,-2.398836,1.356798,2.187155,1.510320,0.005692,-0.011770,0.009374,-0.018011,0.009335,0.009601,-0.008968
2025-12-16 18:19:43.902,0.163153,0.147885,0.062405,-2.400030,1.357524,2.187456,1.509792,0.003366,-0.010859,0.005529,-0.025950,0.016973,0.009898,-0.014859
2025-12-16 18:19:43.952,0.163452,0.147264,0.062698,-2.401178,1.358318,2.187861,1.509202,0.008069,-0.011208,0.008244,-0.020245,0.018324,0.008113,-0.011363
2025-12-16 18:19:44.002,0.163810,0.146742,0.063058,-2.402153,1.359093,2.188325,1.508702,0.003739,-0.009476,0.008031,-0.014646,0.014184,0.018056,-0.010044
2025-12-16 18:19:44.053,0.164115,0.146294,0.063354,-2.402940,1.359855,2.188817,1.508267,0.003699,-0.012672,0.002409,-0.012687,0.014020,0.007790,-0.005355
2025-12-16 18:19:44.104,0.164358,0.145948,0.063581,-2.403648,1.360602,2.189262,1.507794,0.007956,-0.009210,0.007172,-0.015733,0.010969,0.003442,-0.006548
2025-12-16 18:19:44.152,0.164592,0.145541,0.063827,-2.404434,1.361211,2.189587,1.507409,0.006337,-0.012705,0.008497,-0.018724,0.018892,0.013282,-0.005186
2025-12-16 18:19:44.202,0.164884,0.145054,0.064152,-2.405358,1.361863,2.189995,1.506982,0.004510,-0.011036,0.004470,-0.019479,0.015590,0.006660,-0.005298
2025-12-16 18:19:44.251,0.165153,0.144555,0.064488,-2.406331,1.362628,2.190429,1.506529,0.004543,-0.012031,0.007506,-0.016031,0.018186,0.010511,-0.008938
2025-12-16 18:19:44.301,0.165412,0.144260,0.064765,-2.407156,1.363447,2.190854,1.505894,0.004655,-0.001217,0.005818,-0.018199,0.017455,0.008083,-0.014296
2025-12-16 18:19:44.352,0.165668,0.144192,0.065045,-2.407858,1.364256,2.191314,1.505235,0.006252,-0.000041,0.003596,-0.011107,0.012560,0.004227,-0.015758
2025-12-16 18:19:44.402,0.165891,0.144235,0.065316,-2.408503,1.365139,2.191772,1.504433,0.002727,-0.000007,0.004929,-0.008863,0.011113,0.015573,-0.019751
2025-12-16 18:19:44.453,0.166038,0.144364,0.065502,-2.409035,1.365979,2.192219,1.503504,0.000568,0.006022,0.003073,-0.010670,0.011206,0.007186,-0.014848
2025-12-16 18:19:44.502,0.166130,0.144702,0.065633,-2.409489,1.366684,2.192488,1.502637,-0.000119,0.006441,0.005780,-0.007152,0.013018,0.005821,-0.017685
2025-12-16 18:19:44.552,0.166226,0.145098,0.065754,-2.409958,1.367283,2.192708,1.501828,0.003631,0.008118,0.005297,-0.011027,0.006064,0.009568,-0.015173
2025-12-16 18:19:44.602,0.166278,0.145443,0.065838,-2.410316,1.367818,2.192894,1.501081,-0.000335,0.003783,0.003051,-0.006083,0.005203,0.002015,-0.012150
2025-12-16 18:19:44.652,0.166295,0.145588,0.065868,-2.410545,1.368201,2.192998,1.500520,0.000297,0.003609,0.000206,-0.000689,0.010060,-0.000817,-0.016965
2025-12-16 18:19:44.702,0.166281,0.146076,0.065863,-2.410570,1.368498,2.193123,1.499789,-0.003132,0.017508,-0.000232,0.000088,0.005525,0.000330,-0.020401
2025-12-16 18:19:44.752,0.166245,0.146626,0.065854,-2.410764,1.368866,2.193205,1.498772,-0.000553,0.016509,-0.001217,-0.002590,0.014010,-0.000014,-0.025449
2025-12-16 18:19:44.802,0.166081,0.147555,0.065826,-2.410826,1.369310,2.193284,1.497420,-0.001657,0.020067,0.000119,-0.000516,0.011979,0.001977,-0.030976
2025-12-16 18:19:44.852,0.165858,0.148901,0.065671,-2.410811,1.369843,2.193376,1.495777,-0.011045,0.025351,-0.002178,-0.000412,0.009109,0.008148,-0.028213
2025-12-16 18:19:44.902,0.165577,0.150582,0.065450,-2.410601,1.370349,2.193450,1.494145,-0.008109,0.033899,-0.000557,0.006566,0.006418,-0.000021,-0.032306
2025-12-16 18:19:44.952,0.165286,0.152473,0.065221,-2.410168,1.370859,2.193498,1.492472,-0.003866,0.035255,-0.005748,0.009111,0.007949,-0.000233,-0.028185
2025-12-16 18:19:45.002,0.165138,0.153991,0.065124,-2.409771,1.371299,2.193565,1.491093,-0.004791,0.027284,-0.000887,0.006557,0.016967,-0.000992,-0.020105
2025-12-16 18:19:45.052,0.165048,0.155000,0.065089,-2.409694,1.371626,2.193617,1.490039,-0.000771,0.016019,-0.001993,-0.000368,0.008377,-0.000554,-0.020595
2025-12-16 18:19:45.101,0.164976,0.155513,0.065016,-2.409705,1.371811,2.193639,1.489359,0.000199,0.004627,-0.000529,-0.001593,0.006734,0.001436,-0.014277
2025-12-16 18:19:45.152,0.164857,0.155927,0.064940,-2.409831,1.372082,2.193669,1.488709,-0.000039,0.005195,-0.000217,-0.000695,0.003954,0.000071,-0.009149
2025-12-16 18:19:45.202,0.164855,0.156328,0.064930,-2.409953,1.372413,2.193833,1.488084,-0.000591,0.010477,-0.000469,-0.000995,0.007531,0.002341,-0.014491
2025-12-16 18:19:45.252,0.164867,0.156785,0.064947,-2.409957,1.372880,2.193987,1.487439,0.000382,0.012718,0.001492,-0.000401,0.008085,0.000852,-0.008642
2025-12-16 18:19:45.302,0.164893,0.157386,0.065073,-2.409898,1.373452,2.194378,1.486746,0.000788,0.019312,0.002894,0.002597,0.013661,0.006847,-0.020972
2025-12-16 18:19:45.352,0.165080,0.158441,0.065194,-2.409593,1.374255,2.194860,1.485861,0.002568,0.023101,0.005695,0.004225,0.020571,0.007947,-0.019354
2025-12-16 18:19:45.402,0.165237,0.159784,0.065411,-2.409269,1.375133,2.195365,1.484840,0.006899,0.023589,0.004273,0.009010,0.018278,0.014691,-0.023811
2025-12-16 18:19:45.451,0.165389,0.160958,0.065621,-2.409031,1.375989,2.195803,1.483824,0.003583,0.018614,0.006025,0.001315,0.014827,0.002661,-0.017938
2025-12-16 18:19:45.501,0.165482,0.162074,0.065741,-2.408869,1.376784,2.196246,1.482712,-0.000210,0.022127,0.000337,0.004413,0.022730,0.004073,-0.030343
2025-12-16 18:19:45.552,0.165481,0.163230,0.065755,-2.408818,1.377596,2.196557,1.481486,-0.000466,0.018216,0.000486,-0.001023,0.013230,0.003188,-0.021442
2025-12-16 18:19:45.602,0.165498,0.164238,0.065849,-2.408790,1.378242,2.196823,1.480411,0.000017,0.019381,-0.000211,0.003882,0.015764,0.003282,-0.018104
2025-12-16 18:19:45.652,0.165524,0.165170,0.065914,-2.408611,1.378783,2.197015,1.479482,0.000043,0.017342,-0.000597,0.000591,0.005353,0.001702,-0.017443
2025-12-16 18:19:45.702,0.165521,0.166090,0.065925,-2.408250,1.379224,2.197219,1.478687,0.000215,0.019706,-0.000054,0.012260,0.007563,0.009012,-0.012677
2025-12-16 18:19:45.751,0.165540,0.167264,0.065986,-2.407770,1.379703,2.197516,1.477916,0.002710,0.026868,0.003813,0.008345,0.007492,0.001530,-0.016067
2025-12-16 18:19:45.801,0.165602,0.168464,0.066057,-2.407354,1.380298,2.197818,1.477047,0.000163,0.023275,0.005371,0.009117,0.011830,0.007063,-0.011185
2025-12-16 18:19:45.852,0.165639,0.169643,0.066136,-2.406986,1.380854,2.198078,1.476099,0.000023,0.022997,-0.000094,0.009741,0.008992,0.006360,-0.010454
2025-12-16 18:19:45.902,0.165624,0.170765,0.066139,-2.406513,1.381271,2.198218,1.475308,-0.000787,0.020486,0.000413,0.008457,0.004694,0.002799,-0.020838
2025-12-16 18:19:45.952,0.165585,0.171802,0.066131,-2.406235,1.381489,2.198271,1.474443,0.000281,0.017112,0.000298,0.001112,0.008455,0.000099,-0.018858
2025-12-16 18:19:46.001,0.165506,0.172613,0.066132,-2.406216,1.381708,2.198278,1.473723,-0.000736,0.018092,-0.000291,-0.000510,0.005059,0.000031,-0.016314
2025-12-16 18:19:46.052,0.165421,0.173320,0.066109,-2.406139,1.381889,2.198289,1.473029,-0.000593,0.010855,-0.002025,0.000905,0.002140,0.000616,-0.010365
2025-12-16 18:19:46.102,0.165341,0.173926,0.066077,-2.405867,1.382037,2.198308,1.472464,0.000039,0.010193,-0.002060,0.009700,0.000667,0.000289,-0.007711
2025-12-16 18:19:46.152,0.165242,0.174799,0.065984,-2.405336,1.382216,2.198315,1.471866,-0.002470,0.020915,-0.000277,0.011403,0.001466,-0.000359,-0.010029
2025-12-16 18:19:46.202,0.165155,0.176124,0.065904,-2.404714,1.382331,2.198326,1.471144,-0.004918,0.030929,-0.001343,0.013750,0.000475,0.000516,-0.018971
2025-12-16 18:19:46.252,0.165021,0.177783,0.065807,-2.403940,1.382504,2.198358,1.470361,-0.002684,0.030340,-0.002123,0.012245,0.000811,-0.000310,-0.018916
2025-12-16 18:19:46.302,0.164842,0.179409,0.065668,-2.403013,1.382660,2.198390,1.469491,-0.000260,0.034190,-0.001635,0.018861,0.000134,0.000517,-0.019842
2025-12-16 18:19:46.352,0.164702,0.180805,0.065517,-2.402210,1.382822,2.198412,1.468727,-0.002793,0.025350,-0.002655,0.015423,0.005157,-0.000306,-0.013302
2025-12-16 18:19:46.402,0.164581,0.182117,0.065468,-2.401652,1.383113,2.198475,1.467737,-0.002590,0.027284,-0.000666,0.010753,0.009670,0.001864,-0.020733
2025-12-16 18:19:46.452,0.164504,0.183390,0.065438,-2.401132,1.383489,2.198600,1.466669,-0.002772,0.029345,-0.003713,0.011600,0.010251,0.002226,-0.013824
2025-12-16 18:19:46.502,0.164331,0.184910,0.065356,-2.400531,1.383908,2.198657,1.465488,-0.000911,0.034954,-0.000950,0.013240,0.007396,0.000246,-0.026199
2025-12-16 18:19:46.552,0.164119,0.186637,0.065214,-2.399874,1.384251,2.198707,1.464344,-0.009458,0.038067,-0.002503,0.013308,0.007020,0.000459,-0.027791
2025-12-16 18:19:46.602,0.163849,0.188538,0.065021,-2.399018,1.384596,2.198773,1.463124,-0.004431,0.040779,-0.000491,0.022163,0.002662,-0.000000,-0.021321
2025-12-16 18:19:46.652,0.163605,0.190676,0.064860,-2.398044,1.384993,2.198840,1.461698,-0.006090,0.041047,-0.008264,0.010171,0.007891,0.006235,-0.033228
2025-12-16 18:19:46.702,0.163416,0.192822,0.064748,-2.397170,1.385452,2.198953,1.460151,-0.001422,0.040096,-0.002963,0.012417,0.012876,-0.000207,-0.027894
2025-12-16 18:19:46.752,0.163209,0.194779,0.064631,-2.396398,1.385920,2.199016,1.458732,-0.000922,0.037738,-0.006189,0.013204,0.010286,0.001100,-0.026832
2025-12-16 18:19:46.805,0.163037,0.196518,0.064495,-2.395698,1.386346,2.199102,1.457460,-0.001706,0.034835,-0.003062,0.011750,0.007658,0.002309,-0.022366
2025-12-16 18:19:46.852,0.162879,0.198065,0.064378,-2.395015,1.386731,2.199195,1.456350,-0.001416,0.032999,-0.002566,0.010589,0.010481,0.000124,-0.021319
2025-12-16 18:19:46.901,0.162762,0.199480,0.064286,-2.394466,1.387121,2.199290,1.455289,-0.003368,0.025654,-0.003392,0.015425,0.009802,0.003042,-0.024173
2025-12-16 18:19:46.952,0.162690,0.200686,0.064267,-2.393931,1.387516,2.199413,1.454372,-0.001451,0.025993,0.000603,0.010447,0.008207,0.002788,-0.017559
2025-12-16 18:19:47.002,0.162670,0.201897,0.064257,-2.393449,1.387958,2.199591,1.453380,0.000224,0.020989,-0.001372,0.011713,0.009229,0.004157,-0.018352
2025-12-16 18:19:47.052,0.162665,0.202964,0.064259,-2.393286,1.388521,2.199873,1.452376,-0.000092,0.024018,0.000391,-0.001155,0.010141,0.007268,-0.017039
2025-12-16 18:19:47.102,0.162683,0.204010,0.064334,-2.393281,1.389292,2.200197,1.451297,0.000298,0.023425,0.001559,0.000221,0.012867,0.015316,-0.017466
2025-12-16 18:19:47.152,0.162713,0.204776,0.064515,-2.393280,1.390076,2.200567,1.450311,0.000986,0.011253,0.002773,0.000557,0.013507,0.008012,-0.017778
2025-12-16 18:19:47.205,0.162772,0.205507,0.064622,-2.393237,1.390789,2.200870,1.449413,0.001500,0.020509,0.000501,0.003829,0.016658,0.007751,-0.017717
2025-12-16 18:19:47.252,0.162801,0.206540,0.064677,-2.392927,1.391364,2.201049,1.448539,0.000533,0.024983,0.000126,0.007646,0.014244,0.002253,-0.016514
2025-12-16 18:19:47.302,0.162813,0.207811,0.064693,-2.392362,1.391777,2.201227,1.447750,-0.000977,0.026583,0.000162,0.014869,0.005399,0.002739,-0.018168
2025-12-16 18:19:47.352,0.162825,0.209310,0.064716,-2.391642,1.392152,2.201359,1.446943,0.000263,0.029167,0.000143,0.010679,0.007403,0.001611,-0.014857
2025-12-16 18:19:47.402,0.162690,0.210511,0.064667,-2.391100,1.392267,2.201366,1.446037,-0.000952,0.026266,-0.002012,0.012080,0.010279,0.000126,-0.020040
2025-12-16 18:19:47.452,0.162707,0.211789,0.064687,-2.390599,1.392784,2.201443,1.444972,0.000969,0.030241,0.001041,0.007193,0.014139,0.002036,-0.027454
2025-12-16 18:19:47.502,0.162641,0.213104,0.064688,-2.390230,1.393387,2.201596,1.443751,-0.002879,0.022913,-0.001274,0.006677,0.013242,0.000805,-0.022590
2025-12-16 18:19:47.552,0.162378,0.213984,0.064510,-2.390110,1.393643,2.201603,1.442725,-0.005114,0.017226,-0.009331,0.003298,0.007503,-0.000022,-0.018898
2025-12-16 18:19:47.601,0.162124,0.214770,0.064327,-2.389950,1.393727,2.201586,1.441903,-0.005294,0.014504,-0.004354,0.002965,0.003009,-0.000956,-0.009550
2025-12-16 18:19:47.652,0.162006,0.215564,0.064285,-2.389876,1.394007,2.201578,1.441077,-0.000313,0.014576,-0.000036,-0.001634,0.009553,-0.000219,-0.021729
2025-12-16 18:19:47.702,0.161967,0.216169,0.064279,-2.389835,1.394196,2.201575,1.440437,-0.000918,0.012426,-0.004060,0.001772,0.000639,0.000177,-0.013759
2025-12-16 18:19:47.751,0.161911,0.216634,0.064267,-2.389788,1.394243,2.201559,1.439963,0.001071,0.007863,0.000645,0.000196,0.002878,0.000311,-0.005946
2025-12-16 18:19:47.802,0.161892,0.217054,0.064268,-2.389775,1.394367,2.201554,1.439649,0.000572,0.008056,0.000573,0.001050,0.000781,-0.000566,-0.008329
2025-12-16 18:19:47.853,0.161864,0.217515,0.064265,-2.389670,1.394581,2.201558,1.439234,-0.001439,0.010731,0.000739,0.007039,0.005014,0.000313,-0.009555
2025-12-16 18:19:47.903,0.161864,0.218099,0.064262,-2.389357,1.394918,2.201564,1.438712,0.000200,0.018893,-0.000131,0.012220,0.005498,0.000701,-0.015420
2025-12-16 18:19:47.955,0.161850,0.219026,0.064265,-2.388870,1.395341,2.201605,1.437899,-0.000953,0.024285,0.000403,0.012290,0.000322,-0.000396,-0.025318
2025-12-16 18:19:48.002,0.161864,0.220409,0.064296,-2.388372,1.395951,2.201858,1.436774,0.001006,0.031456,0.001097,0.009268,0.018610,0.001376,-0.023281
2025-12-16 18:19:48.052,0.161866,0.222223,0.064349,-2.387790,1.396723,2.202102,1.435411,-0.000548,0.033535,0.000683,0.010832,0.023989,0.001562,-0.019934
2025-12-16 18:19:48.102,0.161876,0.223850,0.064518,-2.387252,1.397523,2.202359,1.434020,-0.000232,0.034850,0.002244,0.011604,0.007536,0.004699,-0.023511
2025-12-16 18:19:48.152,0.161889,0.225520,0.064652,-2.386666,1.398269,2.202559,1.432708,0.000696,0.032644,0.001808,0.013193,0.011268,0.006181,-0.026174
2025-12-16 18:19:48.202,0.161890,0.226829,0.064679,-2.386142,1.398825,2.202658,1.431630,-0.000737,0.018986,0.000272,0.011176,0.007784,0.000618,-0.019523
2025-12-16 18:19:48.251,0.161885,0.227696,0.064673,-2.385699,1.399122,2.202692,1.430845,-0.000514,0.012290,0.000047,0.006057,0.010151,-0.000173,-0.013716
2025-12-16 18:19:48.302,0.161889,0.228215,0.064682,-2.385588,1.399341,2.202720,1.430309,-0.000160,0.011369,0.000147,0.001746,0.000588,0.000125,-0.009120
2025-12-16 18:19:48.352,0.161891,0.228649,0.064695,-2.385574,1.399439,2.202723,1.430082,-0.000507,0.009567,-0.000340,0.001012,0.000924,-0.000218,-0.000267
2025-12-16 18:19:48.401,0.161893,0.228935,0.064721,-2.385513,1.399503,2.202754,1.430032,-0.000116,0.015134,-0.000645,0.005797,-0.000340,0.001077,-0.001907
2025-12-16 18:19:48.452,0.161899,0.229450,0.064769,-2.385046,1.399713,2.202892,1.429783,0.001253,0.012852,0.002041,0.013446,0.005751,0.005886,-0.012439
2025-12-16 18:19:48.502,0.161922,0.230018,0.064949,-2.384624,1.400148,2.203133,1.429346,0.002208,0.008860,0.001759,0.006781,0.009235,0.007605,-0.013220
2025-12-16 18:19:48.553,0.161973,0.230754,0.065114,-2.384324,1.400737,2.203389,1.428635,0.005915,0.016185,0.008207,0.002561,0.017696,0.007238,-0.012564
2025-12-16 18:19:48.601,0.162129,0.231625,0.065323,-2.384211,1.401386,2.203609,1.427749,-0.000079,0.025140,0.001975,0.004429,0.009967,0.003584,-0.019327
2025-12-16 18:19:48.652,0.162137,0.232646,0.065370,-2.383976,1.401870,2.203649,1.426825,-0.000552,0.020888,0.000136,0.006878,0.007723,0.000292,-0.016465
2025-12-16 18:19:48.702,0.162134,0.233599,0.065373,-2.383566,1.402183,2.203688,1.426029,-0.000817,0.021523,-0.000268,0.001618,0.006547,-0.000431,-0.007018
2025-12-16 18:19:48.753,0.162135,0.234300,0.065379,-2.383403,1.402458,2.203712,1.425306,0.000390,0.013947,-0.000451,-0.000486,0.001103,0.002097,-0.012108
2025-12-16 18:19:48.803,0.162120,0.234820,0.065378,-2.383393,1.402640,2.203746,1.424740,-0.001349,0.006238,0.000890,-0.000105,0.003939,0.004340,-0.010036
2025-12-16 18:19:48.852,0.162114,0.235351,0.065379,-2.383392,1.402961,2.203793,1.424113,0.000513,0.009872,-0.000328,0.000171,0.012818,-0.000027,-0.015332
2025-12-16 18:19:48.902,0.162107,0.235910,0.065380,-2.383355,1.403259,2.203834,1.423438,-0.000622,0.012593,-0.000565,0.005437,-0.000197,0.000323,-0.021793
2025-12-16 18:19:48.952,0.162053,0.236591,0.065386,-2.383074,1.403516,2.203888,1.422784,-0.000202,0.013181,0.001045,0.003115,0.008775,0.000145,-0.009709
2025-12-16 18:19:49.002,0.161987,0.237164,0.065382,-2.382883,1.403772,2.203962,1.422187,-0.002619,0.011928,-0.000739,0.000221,0.000809,0.001190,-0.012503
2025-12-16 18:19:49.052,0.161984,0.237752,0.065387,-2.382855,1.403969,2.203987,1.421672,0.000262,0.015085,0.000272,0.000683,0.006055,0.002975,-0.014381
2025-12-16 18:19:49.101,0.161975,0.238379,0.065388,-2.382607,1.404168,2.204024,1.421208,-0.000155,0.016279,0.000905,0.011024,0.002958,0.001276,-0.013392
2025-12-16 18:19:49.151,0.161963,0.239116,0.065389,-2.382119,1.404401,2.204103,1.420701,0.000384,0.020032,0.000766,0.012295,0.002502,0.002469,-0.015749
2025-12-16 18:19:49.202,0.161941,0.240336,0.065397,-2.381482,1.404715,2.204157,1.419979,0.000325,0.026478,0.000682,0.013761,0.009120,0.003421,-0.018154
2025-12-16 18:19:49.252,0.161909,0.241877,0.065398,-2.380681,1.405062,2.204259,1.419200,-0.000309,0.032164,0.000985,0.018282,0.004999,-0.000018,-0.022239
2025-12-16 18:19:49.303,0.161848,0.243443,0.065405,-2.379881,1.405351,2.204324,1.418390,-0.002408,0.023240,0.000895,0.014132,0.005207,0.000227,-0.014475
2025-12-16 18:19:49.352,0.161811,0.244343,0.065402,-2.379334,1.405620,2.204410,1.417778,-0.001168,0.014133,-0.001175,0.005607,0.000496,0.001063,-0.009918
2025-12-16 18:19:49.402,0.161785,0.244858,0.065404,-2.378972,1.405783,2.204455,1.417308,-0.000842,0.004778,-0.000138,-0.001625,0.006979,-0.000412,-0.003706
2025-12-16 18:19:49.452,0.161771,0.245289,0.065408,-2.378967,1.405921,2.204466,1.417017,-0.000534,0.011965,0.000680,-0.000169,0.001156,-0.000143,-0.004322
2025-12-16 18:19:49.502,0.161708,0.245423,0.065410,-2.378977,1.405946,2.204471,1.416963,-0.002134,-0.005950,0.000644,0.000255,-0.000230,0.000051,-0.001865
2025-12-16 18:19:49.552,0.161471,0.245394,0.065363,-2.378918,1.405947,2.204466,1.416971,-0.005686,0.000859,-0.000589,0.001810,-0.001317,-0.000459,0.000579
2025-12-16 18:19:49.602,0.161338,0.245386,0.065185,-2.378876,1.405929,2.204425,1.416981,-0.001727,0.000047,-0.000413,-0.000466,0.000278,0.000111,-0.002577
2025-12-16 18:19:49.652,0.161276,0.245409,0.065151,-2.378864,1.405908,2.204397,1.417003,0.000156,0.002358,0.000536,0.002204,-0.000805,-0.000707,-0.001129
2025-12-16 18:19:49.702,0.161295,0.245673,0.065175,-2.378795,1.405904,2.204386,1.416930,0.000407,0.009388,0.000968,0.004770,-0.000753,0.000126,-0.005239
2025-12-16 18:19:49.752,0.161271,0.246178,0.065167,-2.378735,1.405912,2.204387,1.416305,-0.001066,0.007295,-0.000085,-0.000866,-0.000334,-0.000080,-0.014739
2025-12-16 18:19:49.801,0.161237,0.246684,0.065172,-2.378703,1.405941,2.204386,1.415716,-0.001928,0.007168,0.000587,0.001724,0.002384,-0.000125,-0.008524
2025-12-16 18:19:49.852,0.161210,0.247187,0.065168,-2.378693,1.406173,2.204387,1.415086,-0.000859,0.011098,-0.000278,-0.001222,0.009345,-0.000618,-0.014880
2025-12-16 18:19:49.902,0.161163,0.247788,0.065167,-2.378667,1.406576,2.204399,1.414276,-0.002362,0.012418,-0.000881,0.001123,0.003992,0.000739,-0.019119
2025-12-16 18:19:49.952,0.161065,0.248598,0.065172,-2.378538,1.407064,2.204415,1.413237,-0.004757,0.015929,0.000152,0.004112,0.009040,0.000797,-0.022117
2025-12-16 18:19:50.003,0.160989,0.249448,0.065172,-2.378444,1.407555,2.204446,1.412180,-0.002474,0.018075,0.000612,0.000755,0.007189,0.001404,-0.017886
2025-12-16 18:19:50.052,0.160954,0.250218,0.065172,-2.378439,1.407994,2.204567,1.411252,-0.002768,0.010948,-0.000079,0.000864,0.009072,0.000683,-0.017730
2025-12-16 18:19:50.102,0.160914,0.250807,0.065172,-2.378440,1.408269,2.204611,1.410621,-0.001117,0.009677,-0.000734,0.000685,0.005030,0.000210,-0.017094
2025-12-16 18:19:50.152,0.160847,0.251267,0.065171,-2.378428,1.408387,2.204637,1.410209,-0.000042,0.009121,-0.000990,-0.000354,0.000119,0.000060,-0.005803
2025-12-16 18:19:50.202,0.160816,0.251476,0.065173,-2.378432,1.408435,2.204645,1.410039,0.000509,0.002562,0.000323,0.000267,0.000231,0.000039,-0.001580
2025-12-16 18:19:50.252,0.160801,0.251571,0.065171,-2.378409,1.408540,2.204665,1.409747,0.000485,0.006542,-0.000074,0.000915,-0.000361,0.003302,-0.009739
2025-12-16 18:19:50.302,0.160784,0.252006,0.065167,-2.378374,1.408761,2.204707,1.409328,0.000825,0.009664,-0.000953,-0.000954,0.003551,0.000603,-0.009697
2025-12-16 18:19:50.353,0.160759,0.252491,0.065175,-2.378358,1.409003,2.204754,1.408796,0.000098,0.010112,0.000858,-0.000637,0.008584,0.000841,-0.010413
2025-12-16 18:19:50.401,0.160708,0.252840,0.065171,-2.378347,1.409153,2.204814,1.408385,-0.000043,0.008580,-0.000558,0.000146,0.000027,0.000622,-0.008382
2025-12-16 18:19:50.452,0.160630,0.252855,0.065165,-2.378346,1.409217,2.204837,1.408197,-0.001121,-0.000708,-0.000946,0.000772,0.000460,0.000547,-0.009188
2025-12-16 18:19:50.502,0.160610,0.252911,0.065158,-2.378346,1.409321,2.204848,1.407911,-0.000409,0.002587,-0.000554,0.000722,0.000038,-0.000450,-0.006970
2025-12-16 18:19:50.552,0.160588,0.252979,0.065155,-2.378435,1.409469,2.204869,1.407540,-0.001284,-0.000248,-0.000705,-0.004973,0.002160,-0.000208,-0.003197
2025-12-16 18:19:50.602,0.160542,0.252971,0.065157,-2.378600,1.409555,2.204881,1.407359,-0.002043,0.000662,-0.000301,-0.003651,0.000046,-0.000694,-0.002110
2025-12-16 18:19:50.652,0.160470,0.252980,0.065122,-2.378725,1.409582,2.204887,1.407240,-0.002067,-0.001072,-0.000073,-0.000255,0.000155,0.000025,0.000792
2025-12-16 18:19:50.701,0.160432,0.252972,0.065039,-2.378726,1.409597,2.204882,1.407112,-0.000078,0.000611,0.000367,-0.000781,-0.000137,-0.000273,-0.004641
2025-12-16 18:19:50.752,0.160368,0.253064,0.065032,-2.378730,1.409640,2.204882,1.406816,-0.000550,0.001333,-0.000003,-0.001512,0.005755,-0.000080,-0.004221
2025-12-16 18:19:50.802,0.160320,0.253246,0.065025,-2.378922,1.409793,2.204882,1.406368,-0.000984,0.002627,0.000038,-0.009972,0.004721,-0.000003,-0.012921
2025-12-16 18:19:50.851,0.160239,0.253347,0.065001,-2.379328,1.409990,2.204885,1.405892,-0.001278,0.002095,-0.001025,-0.005874,0.008419,0.000602,-0.006471
2025-12-16 18:19:50.902,0.160177,0.253771,0.064984,-2.379345,1.410246,2.204885,1.405408,0.000912,0.007084,0.000079,-0.002285,0.005780,-0.000070,-0.003689
2025-12-16 18:19:50.953,0.160148,0.254236,0.064980,-2.379342,1.410433,2.204893,1.404974,-0.001053,0.008343,-0.000469,-0.000575,-0.000104,0.000195,-0.002172
2025-12-16 18:19:51.001,0.160093,0.254625,0.064957,-2.379335,1.410575,2.204915,1.404588,-0.000821,0.013568,-0.000782,-0.000121,0.002833,0.000103,-0.015598
2025-12-16 18:19:51.052,0.160037,0.255013,0.064936,-2.379341,1.410762,2.204985,1.404189,-0.000770,0.011338,-0.000172,0.001020,0.002628,0.004158,-0.010919
2025-12-16 18:19:51.102,0.159983,0.255309,0.064860,-2.379346,1.410888,2.205139,1.403868,-0.000470,0.003819,-0.000973,-0.000535,0.001180,-0.000015,-0.011856
2025-12-16 18:19:51.152,0.159822,0.255701,0.064711,-2.379352,1.411059,2.205334,1.403489,-0.005693,0.008603,-0.001179,-0.000814,0.005683,0.006964,-0.000154
2025-12-16 18:19:51.202,0.159378,0.256309,0.064148,-2.379497,1.411111,2.206159,1.403008,-0.012182,0.015552,-0.020278,-0.007027,0.001945,0.029936,-0.011820
2025-12-16 18:19:51.252,0.158901,0.257895,0.063610,-2.379690,1.412859,2.207326,1.401622,0.008206,0.047946,0.009718,0.008128,0.071163,0.028669,-0.047847
2025-12-16 18:19:51.302,0.160303,0.261386,0.065140,-2.379222,1.417326,2.209821,1.398547,0.036934,0.082417,0.037924,0.005942,0.095288,0.062549,-0.088594
2025-12-16 18:19:51.352,0.161725,0.265263,0.066734,-2.379272,1.421942,2.212321,1.394322,0.026577,0.061710,0.026291,-0.009939,0.090210,0.041050,-0.084103
2025-12-16 18:19:51.402,0.162671,0.267302,0.067894,-2.379995,1.425644,2.214133,1.390730,0.011875,0.023133,0.016711,-0.023959,0.058189,0.025596,-0.070270
2025-12-16 18:19:51.452,0.162904,0.267449,0.068372,-2.381125,1.427164,2.214791,1.388817,0.000146,-0.007150,0.007881,-0.018887,0.006903,0.011006,-0.015277
2025-12-16 18:19:51.502,0.162923,0.267101,0.068462,-2.381667,1.427439,2.214903,1.388564,-0.001633,-0.004379,0.000272,-0.004904,0.000584,0.000088,0.000293
2025-12-16 18:19:51.552,0.162932,0.266975,0.068387,-2.381655,1.427439,2.214881,1.388740,0.002561,-0.003273,-0.003522,0.002195,-0.000114,-0.000903,0.014046
2025-12-16 18:19:51.602,0.162624,0.266788,0.068079,-2.381512,1.427070,2.214480,1.389253,-0.003769,-0.001022,-0.008720,0.007702,-0.012111,-0.014014,0.004402
2025-12-16 18:19:51.652,0.162389,0.266902,0.067805,-2.381077,1.426513,2.214100,1.389544,-0.004324,0.007520,-0.002784,0.008159,-0.013257,-0.000567,0.001252
2025-12-16 18:19:51.702,0.162388,0.267421,0.067795,-2.380681,1.426449,2.214084,1.389536,0.002840,0.010916,0.001076,0.003543,-0.001062,-0.000299,-0.000262
2025-12-16 18:19:51.751,0.162445,0.268177,0.067923,-2.380424,1.426493,2.214145,1.389057,0.002805,0.022827,0.005395,0.012300,-0.000291,0.000500,-0.019229
2025-12-16 18:19:51.802,0.162625,0.269414,0.068114,-2.380120,1.427095,2.214595,1.387949,0.000149,0.028605,0.002261,0.005107,0.013547,0.009683,-0.030660
2025-12-16 18:19:51.852,0.162750,0.270965,0.068402,-2.379954,1.428166,2.215090,1.386399,0.001890,0.040221,0.008185,0.006258,0.021463,0.010218,-0.028943
2025-12-16 18:19:51.902,0.162998,0.273050,0.068773,-2.379505,1.429734,2.215793,1.384482,0.002211,0.043833,0.008435,0.008159,0.033617,0.014191,-0.035135
2025-12-16 18:19:51.952,0.163310,0.275192,0.069193,-2.379110,1.431478,2.216531,1.382418,0.006269,0.042878,0.010673,0.009191,0.029419,0.014497,-0.044094
2025-12-16 18:19:52.002,0.163553,0.277029,0.069575,-2.378940,1.433157,2.217226,1.380496,0.003284,0.034712,0.005921,-0.000158,0.031927,0.007978,-0.030866
2025-12-16 18:19:52.052,0.163690,0.278377,0.069779,-2.378940,1.434330,2.217757,1.379087,0.003289,0.016993,0.001153,0.000521,0.014567,0.011530,-0.014471
2025-12-16 18:19:52.101,0.163688,0.278961,0.069794,-2.378926,1.434830,2.217893,1.378366,-0.001177,0.006427,-0.001840,-0.000237,0.009321,0.000339,-0.015066
2025-12-16 18:19:52.152,0.163524,0.279126,0.069674,-2.378923,1.434834,2.217872,1.378109,-0.003285,-0.001063,-0.008300,0.000073,0.000477,0.001517,-0.000763
2025-12-16 18:19:52.201,0.163277,0.279060,0.069451,-2.378902,1.434749,2.217527,1.378114,-0.009654,-0.000201,-0.004711,-0.000311,-0.004111,-0.011264,0.000327
2025-12-16 18:19:52.252,0.162958,0.279051,0.069135,-2.378884,1.434292,2.217107,1.378185,-0.007020,0.000114,-0.004852,0.000735,-0.005753,-0.012333,0.001172
2025-12-16 18:19:52.302,0.162658,0.279126,0.068826,-2.378774,1.433847,2.216834,1.378263,-0.000177,0.004718,-0.005262,0.008375,-0.002390,-0.000531,0.002333
2025-12-16 18:19:52.351,0.162624,0.279547,0.068784,-2.378442,1.433840,2.216826,1.378099,0.001527,0.005425,-0.000579,0.000317,-0.000263,-0.000434,-0.011439
2025-12-16 18:19:52.402,0.162612,0.280159,0.068811,-2.378413,1.433862,2.216841,1.377400,0.000220,0.014870,0.000230,0.001681,-0.000221,0.000670,-0.013803
2025-12-16 18:19:52.452,0.162585,0.280667,0.068780,-2.378364,1.433952,2.216842,1.376822,0.000823,0.010985,0.003135,-0.000996,0.006341,-0.001407,-0.008162
2025-12-16 18:19:52.502,0.162563,0.281039,0.068787,-2.378386,1.434047,2.216844,1.376370,-0.001524,0.002634,-0.000720,-0.001129,-0.000081,0.000010,-0.010552
2025-12-16 18:19:52.551,0.162505,0.280996,0.068751,-2.378436,1.434066,2.216858,1.376271,-0.000632,-0.003336,-0.004798,-0.001337,-0.000135,-0.000008,-0.003719
2025-12-16 18:19:52.602,0.162408,0.280969,0.068678,-2.378506,1.434068,2.216838,1.376269,0.002045,-0.000120,-0.004138,-0.002103,-0.000435,-0.001554,0.001082
2025-12-16 18:19:52.652,0.162409,0.280981,0.068679,-2.378539,1.434069,2.216832,1.376269,0.003181,0.000819,-0.001000,-0.002301,0.000596,-0.001025,0.001756
2025-12-16 18:19:52.702,0.162393,0.280973,0.068666,-2.378526,1.434061,2.216830,1.376263,-0.002684,0.000867,-0.000799,-0.000856,0.000147,-0.000508,-0.002015
2025-12-16 18:19:52.752,0.162352,0.280967,0.068603,-2.378519,1.434053,2.216781,1.376263,-0.001393,-0.001260,-0.002950,-0.001347,0.000521,0.000191,-0.000881
2025-12-16 18:19:52.802,0.162310,0.280972,0.068569,-2.378481,1.434043,2.216758,1.376269,-0.002667,0.000005,-0.002223,0.000963,-0.000131,0.000243,-0.001214
2025-12-16 18:19:52.853,0.162262,0.280967,0.068517,-2.378483,1.434025,2.216647,1.376282,-0.000278,0.000492,0.000378,-0.000241,-0.000106,-0.000441,-0.001443
2025-12-16 18:19:52.902,0.162256,0.280957,0.068509,-2.378482,1.434017,2.216637,1.376284,0.000264,-0.005295,-0.001896,-0.002559,0.000254,-0.000052,-0.001655
2025-12-16 18:19:52.953,0.162240,0.280795,0.068497,-2.378585,1.434018,2.216642,1.376290,0.001745,-0.005066,-0.002935,-0.001969,0.000016,0.000193,-0.000572
2025-12-16 18:19:53.002,0.162261,0.280424,0.068515,-2.379011,1.434019,2.216635,1.376291,0.000712,-0.006210,-0.000277,-0.012524,0.000226,-0.000412,0.001249
2025-12-16 18:19:53.052,0.162251,0.280092,0.068546,-2.379287,1.434021,2.216645,1.376272,-0.001794,-0.002690,-0.001591,0.000816,-0.000421,0.001398,-0.001719
2025-12-16 18:19:53.103,0.162202,0.279987,0.068469,-2.379275,1.434019,2.216646,1.376277,0.002677,-0.000504,0.000016,0.002160,-0.000957,0.000294,0.005286
2025-12-16 18:19:53.155,0.162212,0.279996,0.068481,-2.379287,1.434020,2.216631,1.376271,-0.002877,-0.000270,-0.001497,-0.000049,0.000123,-0.001329,-0.001515
2025-12-16 18:19:53.202,0.162208,0.279993,0.068482,-2.379282,1.434021,2.216635,1.376275,-0.000314,-0.000141,-0.000179,0.000985,0.000744,-0.000207,-0.001449
2025-12-16 18:19:53.253,0.162213,0.279985,0.068487,-2.379291,1.434021,2.216630,1.376278,-0.000699,0.000071,-0.001731,0.000354,0.000020,-0.000874,0.002912
2025-12-16 18:19:53.302,0.162209,0.279978,0.068485,-2.379290,1.434021,2.216632,1.376279,-0.000581,0.001200,-0.000724,-0.000068,-0.000331,-0.000145,0.000725
2025-12-16 18:19:53.351,0.162215,0.279970,0.068492,-2.379289,1.434020,2.216638,1.376279,0.000595,-0.000451,0.000401,-0.000040,-0.000204,0.000069,0.001038
2025-12-16 18:19:53.402,0.162219,0.279980,0.068494,-2.379288,1.434021,2.216637,1.376278,-0.001702,0.000526,-0.000164,0.000030,0.000486,0.000567,0.000221
2025-12-16 18:19:53.451,0.162229,0.279976,0.068526,-2.379287,1.434020,2.216645,1.376282,-0.000057,0.000085,0.003376,-0.000267,0.000089,-0.000280,0.000962
2025-12-16 18:19:53.503,0.162228,0.279978,0.068548,-2.379299,1.434033,2.216654,1.376274,0.000172,0.000642,0.002474,-0.000130,-0.000342,-0.000363,-0.000881
2025-12-16 18:19:53.552,0.162235,0.279978,0.068554,-2.379308,1.434036,2.216654,1.376275,0.000844,0.001284,0.000998,-0.000992,-0.000036,-0.000340,0.001607
2025-12-16 18:19:53.602,0.162234,0.279725,0.068567,-2.379590,1.434038,2.216651,1.376274,0.001904,-0.004590,-0.000674,-0.010260,0.000121,0.000742,0.000650
2025-12-16 18:19:53.652,0.162231,0.279425,0.068572,-2.379812,1.434038,2.216651,1.376275,-0.005833,-0.004881,-0.000759,-0.002374,0.000190,-0.000426,0.000736
2025-12-16 18:19:53.702,0.162235,0.279306,0.068572,-2.379814,1.434034,2.216651,1.376275,0.000724,-0.000631,0.000448,0.000911,-0.000920,-0.000271,-0.000025
2025-12-16 18:19:53.752,0.162297,0.279344,0.068633,-2.379907,1.434060,2.216657,1.376279,-0.000334,0.000916,-0.000999,-0.003149,0.000488,0.003138,0.001635
2025-12-16 18:19:53.802,0.162337,0.279327,0.068675,-2.380048,1.434102,2.216678,1.376215,-0.001356,-0.001883,-0.000038,-0.002199,0.004480,-0.000934,-0.000440
2025-12-16 18:19:53.852,0.162336,0.279274,0.068667,-2.380134,1.434110,2.216680,1.376151,-0.000202,-0.003736,0.001068,-0.001798,0.000127,-0.000015,0.000792
2025-12-16 18:19:53.902,0.162328,0.279163,0.068670,-2.380255,1.434104,2.216681,1.376146,0.001257,-0.004434,0.003582,-0.007516,-0.000762,0.000192,-0.001442
