timestamp,p1,p2,p3,p4,p5,p6,p7,v1,v2,v3,v4,v5,v6,v7
2025-12-16 18:24:58.152,0.127172,0.366676,0.022093,-2.168886,1.289847,2.147560,1.513380,-0.000002,-0.000057,0.000256,0.000142,0.000456,0.000153,-0.000867
2025-12-16 18:24:58.207,0.127172,0.366676,0.022090,-2.168888,1.289847,2.147559,1.513377,0.000627,-0.000110,-0.000757,0.000310,-0.000195,-0.000463,-0.000682
2025-12-16 18:24:58.252,0.127172,0.366668,0.022093,-2.168885,1.289848,2.147556,1.513385,0.000643,0.000870,0.000452,0.000346,0.000542,-0.000252,-0.001785
2025-12-16 18:24:58.302,0.127170,0.366664,0.022092,-2.168892,1.289850,2.147557,1.513411,-0.000618,0.000097,0.000155,0.000101,0.000904,0.000380,0.000653
2025-12-16 18:24:58.352,0.127174,0.366660,0.022093,-2.168885,1.289845,2.147559,1.513408,0.000216,0.000207,-0.000979,0.000090,-0.000432,0.000129,0.000566
2025-12-16 18:24:58.403,0.127176,0.366660,0.022090,-2.168888,1.289845,2.147557,1.513414,0.000644,-0.000551,-0.000785,-0.000100,0.000435,0.000343,0.000879
2025-12-16 18:24:58.452,0.127172,0.366664,0.022091,-2.168885,1.289847,2.147555,1.513415,-0.000421,0.000726,-0.000050,0.001571,-0.000281,0.000095,0.001166
2025-12-16 18:24:58.502,0.127175,0.366660,0.022091,-2.168899,1.289845,2.147561,1.513414,-0.000275,-0.000165,-0.000113,-0.003910,-0.000117,0.000346,-0.001900
2025-12-16 18:24:58.552,0.127183,0.366658,0.022104,-2.168980,1.289846,2.147570,1.513414,-0.000340,0.001316,-0.000336,-0.002193,-0.000090,-0.000123,-0.000236
2025-12-16 18:24:58.602,0.127206,0.366633,0.022129,-2.169013,1.289847,2.147635,1.513409,0.001177,-0.000043,0.000187,0.000697,0.000528,0.004297,-0.001363
2025-12-16 18:24:58.652,0.127338,0.366244,0.022129,-2.169031,1.289845,2.147734,1.513603,0.002017,-0.012361,-0.000193,0.001204,0.000143,-0.000412,0.012330
2025-12-16 18:24:58.702,0.127353,0.365786,0.022134,-2.169024,1.289840,2.147716,1.514085,0.001989,-0.005935,0.000640,-0.000763,0.000225,-0.000032,0.011852
2025-12-16 18:24:58.752,0.127381,0.365422,0.022134,-2.169025,1.289806,2.147710,1.514555,-0.000544,-0.002962,-0.001224,-0.001100,0.000153,0.000458,0.007972
2025-12-16 18:24:58.802,0.127384,0.365427,0.022140,-2.169047,1.289773,2.147705,1.514666,0.000986,0.000863,0.000153,-0.001683,-0.000097,0.000222,0.003889
2025-12-16 18:24:58.852,0.127470,0.365389,0.022154,-2.169131,1.289759,2.147713,1.514731,0.002604,-0.000926,0.000226,-0.000041,-0.000147,0.000309,0.000654
2025-12-16 18:24:58.902,0.127585,0.365090,0.022242,-2.169424,1.289755,2.147720,1.514887,0.000653,-0.009764,0.000803,-0.004290,-0.000070,-0.000004,0.008859
2025-12-16 18:24:58.952,0.127803,0.364452,0.022297,-2.169437,1.289686,2.147721,1.515551,0.006950,-0.018162,0.000866,0.000029,-0.005364,0.000677,0.015987
2025-12-16 18:24:59.002,0.127986,0.363360,0.022333,-2.169443,1.289198,2.147679,1.516958,0.003019,-0.023981,-0.000406,-0.007085,-0.008058,-0.003514,0.021948
2025-12-16 18:24:59.052,0.127990,0.361767,0.022309,-2.169946,1.288637,2.147292,1.518201,-0.001693,-0.035865,-0.000335,-0.014627,-0.007867,-0.003842,0.024195
2025-12-16 18:24:59.102,0.128250,0.359949,0.022309,-2.170542,1.288136,2.147184,1.519546,0.011414,-0.036628,-0.001498,-0.014579,-0.004445,-0.000506,0.016941
2025-12-16 18:24:59.152,0.128597,0.357813,0.022362,-2.171602,1.287861,2.147072,1.520706,0.008442,-0.040860,0.004067,-0.017554,-0.001971,0.000162,0.021160
2025-12-16 18:24:59.202,0.128861,0.356100,0.022508,-2.172453,1.287758,2.147078,1.521637,0.004370,-0.026962,0.006384,-0.017361,0.000206,-0.000075,0.015284
2025-12-16 18:24:59.251,0.129109,0.354763,0.022638,-2.173408,1.287726,2.147096,1.522253,0.005921,-0.022224,0.000253,-0.018465,-0.000825,-0.000382,0.009999
2025-12-16 18:24:59.301,0.129258,0.353608,0.022755,-2.174387,1.287722,2.147131,1.522674,0.001384,-0.021681,0.004982,-0.015878,-0.000222,0.005761,0.004233
2025-12-16 18:24:59.352,0.129498,0.352610,0.022955,-2.175346,1.287732,2.147464,1.522771,0.005377,-0.016865,0.004153,-0.020287,0.000040,0.005153,-0.001581
2025-12-16 18:24:59.402,0.129745,0.351968,0.023179,-2.176210,1.287800,2.147696,1.522782,0.003144,-0.011242,0.004650,-0.020015,0.002295,0.014097,0.000627
2025-12-16 18:24:59.452,0.129945,0.351497,0.023379,-2.176919,1.288027,2.147990,1.522744,0.001030,-0.006649,0.001114,-0.009450,0.012081,0.008358,-0.002122
2025-12-16 18:24:59.502,0.130008,0.351307,0.023467,-2.177259,1.288185,2.148094,1.522643,-0.000959,-0.000015,-0.000665,-0.002153,0.003867,0.002171,-0.002099
2025-12-16 18:24:59.552,0.130008,0.351263,0.023466,-2.177342,1.288213,2.148125,1.522630,-0.000110,-0.007371,0.000393,-0.005566,0.000044,-0.000001,-0.001669
2025-12-16 18:24:59.602,0.130034,0.350727,0.023467,-2.177691,1.288213,2.148125,1.522654,0.001179,-0.011707,-0.000716,-0.000959,0.000172,0.000167,-0.001748
2025-12-16 18:24:59.653,0.130139,0.350072,0.023473,-2.177982,1.288209,2.148121,1.523043,0.001146,-0.018640,0.000919,-0.010722,0.000269,-0.000492,0.012850
2025-12-16 18:24:59.702,0.130338,0.349048,0.023501,-2.178462,1.288180,2.148109,1.523740,0.006801,-0.024572,-0.000160,-0.007775,0.000182,-0.000562,0.016593
2025-12-16 18:24:59.753,0.130614,0.347533,0.023588,-2.179019,1.288045,2.148091,1.524886,0.003543,-0.037040,0.004565,-0.011571,-0.006483,0.000414,0.026806
2025-12-16 18:24:59.805,0.130946,0.345565,0.023690,-2.179797,1.287730,2.148073,1.526235,0.005505,-0.041473,0.000711,-0.021482,-0.001017,0.000339,0.031984
2025-12-16 18:24:59.852,0.131290,0.343321,0.023850,-2.180790,1.287434,2.148059,1.527642,0.004670,-0.041860,0.006346,-0.022817,-0.005731,-0.000443,0.034363
2025-12-16 18:24:59.902,0.131705,0.341086,0.024073,-2.182052,1.287307,2.148065,1.528918,0.009216,-0.042241,0.005493,-0.026827,-0.001160,0.001051,0.024789
2025-12-16 18:24:59.952,0.132133,0.338859,0.024354,-2.183527,1.287284,2.148101,1.529960,0.006349,-0.045173,0.004172,-0.032857,-0.000270,0.000740,0.020863
2025-12-16 18:25:00.001,0.132527,0.336537,0.024659,-2.185355,1.287288,2.148403,1.530720,0.008778,-0.045388,0.002609,-0.041664,-0.000115,0.005484,0.016410
2025-12-16 18:25:00.052,0.132961,0.333966,0.024998,-2.187520,1.287305,2.148819,1.531358,0.011497,-0.051458,0.013886,-0.044737,-0.000013,0.005277,0.018602
2025-12-16 18:25:00.102,0.133471,0.331327,0.025427,-2.189643,1.287405,2.149277,1.532094,0.011388,-0.059342,0.008427,-0.040756,0.009484,0.007522,0.016372
2025-12-16 18:25:00.152,0.134021,0.328444,0.025868,-2.191827,1.287534,2.149657,1.533007,0.014078,-0.059633,0.009102,-0.045325,0.000773,0.008275,0.013955
2025-12-16 18:25:00.202,0.134559,0.325234,0.026208,-2.194220,1.287610,2.149910,1.534040,0.009587,-0.064602,0.004256,-0.050363,-0.000206,0.004289,0.022274
2025-12-16 18:25:00.253,0.135053,0.321736,0.026398,-2.196923,1.287627,2.150077,1.535090,0.008176,-0.065987,0.003247,-0.051829,0.000005,0.001057,0.023558
2025-12-16 18:25:00.304,0.135477,0.317974,0.026474,-2.199689,1.287623,2.150107,1.536300,0.007623,-0.079120,0.000507,-0.052772,-0.000245,-0.000942,0.023106
2025-12-16 18:25:00.352,0.135775,0.314228,0.026608,-2.202356,1.287591,2.150102,1.537592,0.002900,-0.076381,0.001711,-0.057203,-0.004423,0.000545,0.029275
2025-12-16 18:25:00.405,0.136043,0.310354,0.026717,-2.205286,1.287478,2.150075,1.538879,0.004272,-0.065350,0.001569,-0.054189,-0.001673,-0.000025,0.021350
2025-12-16 18:25:00.452,0.136265,0.307164,0.026811,-2.207699,1.287296,2.150041,1.539875,0.003939,-0.065205,0.000214,-0.051000,0.000052,0.000377,0.018202
2025-12-16 18:25:00.502,0.136465,0.303626,0.026918,-2.210433,1.287210,2.150015,1.540728,0.001237,-0.067274,0.004428,-0.052282,-0.003979,-0.004250,0.023838
2025-12-16 18:25:00.553,0.136692,0.300158,0.027047,-2.213106,1.287126,2.150005,1.541541,0.006735,-0.069903,0.002899,-0.052946,-0.000593,0.001079,0.011948
2025-12-16 18:25:00.603,0.136996,0.296656,0.027201,-2.215886,1.287036,2.150001,1.542445,0.004081,-0.070818,0.001158,-0.055950,-0.002212,-0.000422,0.015093
2025-12-16 18:25:00.652,0.137243,0.293467,0.027341,-2.218560,1.286966,2.150001,1.543162,0.006271,-0.067020,-0.000003,-0.060069,0.000104,-0.000588,0.015333
2025-12-16 18:25:00.701,0.137496,0.290009,0.027504,-2.221505,1.286940,2.150009,1.543822,0.003486,-0.073213,0.000916,-0.058531,-0.000711,0.000464,0.012496
2025-12-16 18:25:00.751,0.137828,0.286578,0.027717,-2.224664,1.286948,2.150070,1.544253,0.005655,-0.067163,0.010334,-0.062983,0.000067,0.000890,0.008422
2025-12-16 18:25:00.802,0.138265,0.283170,0.028116,-2.228093,1.287043,2.150459,1.544369,0.012460,-0.069160,0.012064,-0.067131,0.003235,0.004457,0.006514
2025-12-16 18:25:00.852,0.138751,0.279906,0.028573,-2.231514,1.287489,2.150959,1.544446,0.010808,-0.064037,0.008434,-0.067647,0.010261,0.011082,0.002271
2025-12-16 18:25:00.902,0.139281,0.276760,0.029069,-2.234846,1.288143,2.151597,1.544467,0.014559,-0.061832,0.010266,-0.062259,0.015820,0.011611,0.001802
2025-12-16 18:25:00.952,0.139811,0.273501,0.029556,-2.238079,1.288833,2.152279,1.544696,0.011567,-0.067294,0.009131,-0.062647,0.012440,0.013972,0.006123
2025-12-16 18:25:01.002,0.140361,0.270120,0.030053,-2.241338,1.289452,2.152931,1.545031,0.011707,-0.067881,0.010187,-0.064907,0.012340,0.011257,0.012961
2025-12-16 18:25:01.052,0.140938,0.266627,0.030562,-2.244554,1.289980,2.153541,1.545557,0.012258,-0.066560,0.009864,-0.067182,0.003713,0.008465,0.010160
2025-12-16 18:25:01.101,0.141541,0.263225,0.031065,-2.247542,1.290449,2.154087,1.546180,0.010512,-0.065507,0.010434,-0.061235,0.009761,0.009354,0.009910
2025-12-16 18:25:01.152,0.142190,0.260309,0.031577,-2.250049,1.290943,2.154669,1.546878,0.010168,-0.052478,0.012788,-0.041783,0.008664,0.015381,0.016428
2025-12-16 18:25:01.202,0.142810,0.257868,0.032070,-2.252068,1.291366,2.155203,1.547610,0.011339,-0.044749,0.007798,-0.034897,0.007543,0.006690,0.020149
2025-12-16 18:25:01.252,0.143336,0.255862,0.032488,-2.253741,1.291641,2.155642,1.548265,0.009502,-0.034607,0.009692,-0.035768,0.009984,0.002103,0.008967
2025-12-16 18:25:01.302,0.143784,0.254113,0.032763,-2.255286,1.291909,2.155999,1.548764,0.007842,-0.037474,0.005249,-0.033656,0.001043,0.006613,0.011025
2025-12-16 18:25:01.351,0.144086,0.252167,0.032962,-2.256966,1.292089,2.156200,1.549169,0.000039,-0.040301,-0.000417,-0.032428,0.004813,0.001125,0.009440
2025-12-16 18:25:01.402,0.144303,0.250042,0.033107,-2.258817,1.292329,2.156420,1.549505,0.003397,-0.043978,0.002900,-0.037409,0.008393,0.006621,0.001851
2025-12-16 18:25:01.452,0.144604,0.247490,0.033346,-2.261188,1.292625,2.156731,1.549802,0.001408,-0.056519,0.006663,-0.053389,0.005424,0.002856,0.005445
2025-12-16 18:25:01.502,0.144973,0.244634,0.033707,-2.263911,1.293032,2.157065,1.550044,0.008352,-0.056460,0.009010,-0.060681,0.009352,0.006856,0.004381
2025-12-16 18:25:01.552,0.145419,0.241775,0.034138,-2.266759,1.293567,2.157542,1.550249,0.009021,-0.057992,0.011503,-0.061586,0.008868,0.012098,0.004601
2025-12-16 18:25:01.602,0.145903,0.238988,0.034615,-2.269596,1.294293,2.158088,1.550403,0.011472,-0.056135,0.007242,-0.055024,0.014720,0.010487,0.001277
2025-12-16 18:25:01.652,0.146434,0.236417,0.035109,-2.272245,1.295109,2.158759,1.550480,0.003739,-0.048093,0.010138,-0.050546,0.019428,0.016956,0.002549
2025-12-16 18:25:01.702,0.147040,0.234086,0.035644,-2.274715,1.296077,2.159518,1.550586,0.010657,-0.038719,0.008381,-0.046438,0.018322,0.013602,0.000786
2025-12-16 18:25:01.751,0.147663,0.231997,0.036207,-2.277059,1.297023,2.160305,1.550588,0.011668,-0.046042,0.010015,-0.046716,0.018804,0.011101,0.000211
2025-12-16 18:25:01.802,0.148271,0.229941,0.036782,-2.279459,1.297983,2.161104,1.550579,0.011695,-0.038971,0.009819,-0.049364,0.018506,0.017230,-0.000938
2025-12-16 18:25:01.852,0.148837,0.227990,0.037309,-2.281823,1.298902,2.161834,1.550575,0.014338,-0.040259,0.010689,-0.049391,0.015405,0.018517,0.001779
2025-12-16 18:25:01.902,0.149349,0.226122,0.037802,-2.284102,1.299801,2.162529,1.550411,0.012896,-0.036806,0.008389,-0.046583,0.008760,0.016312,-0.012852
2025-12-16 18:25:01.952,0.149835,0.224288,0.038287,-2.286284,1.300636,2.163230,1.550210,0.007466,-0.031783,0.008954,-0.041962,0.012462,0.017391,-0.001728
2025-12-16 18:25:02.002,0.150332,0.222297,0.038787,-2.288575,1.301523,2.163868,1.550014,0.012109,-0.042607,0.011578,-0.043274,0.016698,0.008520,-0.010307
2025-12-16 18:25:02.052,0.150879,0.220339,0.039317,-2.290869,1.302577,2.164612,1.549765,0.013787,-0.037278,0.012478,-0.047056,0.021326,0.012650,-0.008141
2025-12-16 18:25:02.102,0.151497,0.218358,0.039886,-2.293361,1.303650,2.165444,1.549450,0.013246,-0.041221,0.011025,-0.049855,0.024077,0.021807,-0.005145
2025-12-16 18:25:02.152,0.152219,0.216256,0.040571,-2.296052,1.304965,2.166501,1.549038,0.015161,-0.043151,0.019853,-0.053841,0.026050,0.013793,-0.013263
2025-12-16 18:25:02.202,0.153049,0.214179,0.041395,-2.298840,1.306514,2.167661,1.548564,0.019586,-0.043689,0.016778,-0.054533,0.035874,0.025085,-0.015001
2025-12-16 18:25:02.253,0.153901,0.212396,0.042286,-2.301304,1.308134,2.168937,1.548027,0.020180,-0.031440,0.022794,-0.040881,0.039744,0.025332,-0.008558
2025-12-16 18:25:02.302,0.154774,0.211171,0.043193,-2.303417,1.309928,2.170270,1.547319,0.013783,-0.019650,0.017556,-0.046940,0.038330,0.023834,-0.018766
2025-12-16 18:25:02.351,0.155648,0.210094,0.044030,-2.305460,1.311580,2.171587,1.546608,0.013971,-0.023628,0.017388,-0.045204,0.030958,0.032366,-0.011455
2025-12-16 18:25:02.402,0.156466,0.208920,0.044830,-2.307483,1.313279,2.172855,1.545924,0.015891,-0.025795,0.020553,-0.036649,0.035618,0.022294,-0.012857
2025-12-16 18:25:02.452,0.157289,0.207673,0.045643,-2.309594,1.314926,2.174078,1.545313,0.015935,-0.024725,0.018393,-0.043626,0.034957,0.023664,-0.008472
2025-12-16 18:25:02.502,0.158068,0.206061,0.046414,-2.311945,1.316512,2.175246,1.544780,0.016126,-0.033634,0.013571,-0.048095,0.036397,0.023703,-0.010784
2025-12-16 18:25:02.552,0.158764,0.203964,0.047146,-2.314562,1.317832,2.176300,1.544348,0.013313,-0.046165,0.013288,-0.053008,0.029095,0.018706,-0.011451
2025-12-16 18:25:02.602,0.159502,0.201554,0.047858,-2.317381,1.319277,2.177282,1.544010,0.013873,-0.050797,0.012211,-0.060516,0.025505,0.022725,-0.001774
2025-12-16 18:25:02.652,0.160269,0.198722,0.048569,-2.320557,1.320592,2.178204,1.543758,0.013552,-0.059599,0.015350,-0.064666,0.016015,0.019610,-0.000203
2025-12-16 18:25:02.702,0.161025,0.195720,0.049312,-2.323995,1.322003,2.179129,1.543494,0.022780,-0.063798,0.012246,-0.068721,0.034379,0.019668,-0.005120
2025-12-16 18:25:02.751,0.161810,0.192772,0.050064,-2.327342,1.323316,2.180097,1.543293,0.013477,-0.057373,0.018036,-0.066314,0.021689,0.024238,-0.001872
2025-12-16 18:25:02.801,0.162544,0.189875,0.050774,-2.330717,1.324664,2.181061,1.542951,0.018151,-0.055427,0.012715,-0.069031,0.023684,0.023452,-0.003355
2025-12-16 18:25:02.852,0.163169,0.187230,0.051440,-2.334044,1.326031,2.181953,1.542489,0.014707,-0.047026,0.010700,-0.064718,0.025489,0.016228,-0.013987
2025-12-16 18:25:02.902,0.163776,0.185266,0.052070,-2.336943,1.327498,2.182841,1.541688,0.013230,-0.031812,0.014213,-0.055593,0.034227,0.016711,-0.022536
2025-12-16 18:25:02.952,0.164374,0.183811,0.052675,-2.339480,1.329049,2.183720,1.540643,0.010363,-0.024937,0.012973,-0.048295,0.032031,0.016696,-0.029998
2025-12-16 18:25:03.002,0.164965,0.182576,0.053292,-2.341814,1.330572,2.184661,1.539376,0.011493,-0.022076,0.015609,-0.042841,0.032411,0.020602,-0.027180
2025-12-16 18:25:03.052,0.165487,0.181668,0.053871,-2.343968,1.332176,2.185572,1.538090,0.008212,-0.018397,0.010735,-0.042498,0.025205,0.013880,-0.028845
2025-12-16 18:25:03.101,0.165997,0.180791,0.054425,-2.346235,1.333816,2.186528,1.536760,0.009074,-0.017128,0.014117,-0.045962,0.035287,0.027569,-0.025684
2025-12-16 18:25:03.153,0.166492,0.179913,0.054974,-2.348547,1.335534,2.187488,1.535305,0.011381,-0.015671,0.008804,-0.040138,0.038905,0.016709,-0.033361
2025-12-16 18:25:03.202,0.166916,0.179008,0.055474,-2.350627,1.336947,2.188340,1.533997,0.007716,-0.017471,0.011785,-0.038249,0.028922,0.016440,-0.027809
2025-12-16 18:25:03.252,0.167237,0.178061,0.055970,-2.352634,1.338238,2.189040,1.532808,0.001065,-0.021885,0.011080,-0.040309,0.021469,0.013187,-0.022110
2025-12-16 18:25:03.302,0.167435,0.177088,0.056346,-2.354448,1.339238,2.189602,1.531856,0.001351,-0.021978,0.007951,-0.036171,0.019775,0.001934,-0.011400
2025-12-16 18:25:03.353,0.167642,0.176233,0.056538,-2.356074,1.340101,2.190056,1.531049,0.002545,-0.014757,0.003602,-0.032395,0.015591,0.004410,-0.008255
2025-12-16 18:25:03.402,0.167874,0.175495,0.056797,-2.357547,1.340921,2.190498,1.530263,0.004321,-0.013766,0.008245,-0.028049,0.024416,0.011188,-0.011489
2025-12-16 18:25:03.452,0.168113,0.174964,0.057104,-2.358967,1.341890,2.190976,1.529210,0.000321,-0.007607,0.011794,-0.027072,0.016639,0.018266,-0.024277
2025-12-16 18:25:03.502,0.168375,0.174576,0.057387,-2.360271,1.342920,2.191471,1.527997,0.006425,-0.001843,0.009517,-0.021679,0.019755,0.013953,-0.019299
2025-12-16 18:25:03.552,0.168557,0.174584,0.057651,-2.361325,1.343950,2.191995,1.526671,-0.000016,0.001178,0.006632,-0.022739,0.019865,0.007331,-0.036504
2025-12-16 18:25:03.601,0.168695,0.174826,0.057860,-2.362180,1.345036,2.192540,1.525292,0.000378,0.007465,0.000634,-0.014113,0.021196,0.009846,-0.032044
2025-12-16 18:25:03.652,0.168792,0.175284,0.058035,-2.362921,1.346092,2.193048,1.523845,0.000720,0.010250,0.003121,-0.017257,0.020690,0.011800,-0.027936
2025-12-16 18:25:03.702,0.168905,0.175696,0.058193,-2.363672,1.347008,2.193517,1.522532,0.000850,0.008230,0.001072,-0.013751,0.017593,0.014135,-0.021168
2025-12-16 18:25:03.751,0.168979,0.176089,0.058355,-2.364333,1.347906,2.193925,1.521336,-0.000691,0.006415,0.000410,-0.013317,0.018898,0.007984,-0.015383
2025-12-16 18:25:03.802,0.169221,0.176500,0.058619,-2.364934,1.348832,2.194424,1.520252,0.003785,0.006004,0.008288,-0.014489,0.024630,0.015205,-0.020904
2025-12-16 18:25:03.851,0.169542,0.176908,0.058972,-2.365504,1.349829,2.195061,1.519233,0.002734,0.009626,0.007783,-0.008124,0.021142,0.010292,-0.015895
2025-12-16 18:25:03.902,0.169745,0.177359,0.059226,-2.366055,1.350929,2.195693,1.518130,0.000537,0.010910,0.002439,-0.008827,0.014561,0.010758,-0.020206
2025-12-16 18:25:03.951,0.169950,0.177763,0.059442,-2.366540,1.351950,2.196251,1.517187,0.009795,0.011410,0.007655,-0.011100,0.010599,0.007100,-0.018854
2025-12-16 18:25:04.003,0.170175,0.178194,0.059714,-2.366873,1.352791,2.196771,1.516376,0.003641,0.008414,0.008116,-0.003304,0.011568,0.005164,-0.016489
2025-12-16 18:25:04.052,0.170321,0.178465,0.059850,-2.367008,1.353415,2.197104,1.515799,-0.000204,0.003027,-0.000355,-0.003951,0.004478,0.007541,-0.009759
2025-12-16 18:25:04.101,0.170340,0.178539,0.059896,-2.367105,1.353847,2.197246,1.515324,0.000575,-0.000850,0.000818,0.000246,0.001928,0.001526,-0.001731
2025-12-16 18:25:04.153,0.170353,0.178626,0.059930,-2.367102,1.354028,2.197301,1.515048,-0.000245,0.001831,0.000078,0.000720,0.001922,-0.000086,-0.002010
2025-12-16 18:25:04.202,0.170382,0.178780,0.059981,-2.367183,1.354180,2.197402,1.514841,0.001117,-0.001454,0.000667,-0.009672,0.001812,0.003238,-0.005411
2025-12-16 18:25:04.252,0.170380,0.178883,0.059981,-2.367467,1.354354,2.197420,1.514453,-0.000996,0.007101,-0.000984,-0.003127,0.004640,0.001159,-0.011876
2025-12-16 18:25:04.305,0.170386,0.179075,0.060002,-2.367653,1.354635,2.197441,1.514034,0.000953,0.003759,0.004134,-0.006486,0.010379,0.001904,-0.000883
2025-12-16 18:25:04.353,0.170415,0.179396,0.060160,-2.367882,1.355048,2.197704,1.513490,0.002113,0.009888,0.001851,-0.005804,0.012392,0.011906,-0.009816
2025-12-16 18:25:04.402,0.170604,0.179805,0.060325,-2.368203,1.355624,2.198076,1.512819,0.005751,0.012095,0.002811,-0.012146,0.012417,0.015859,-0.008893
2025-12-16 18:25:04.451,0.170842,0.180317,0.060595,-2.368610,1.356525,2.198603,1.511880,0.006366,0.008045,0.007541,-0.006669,0.020229,0.006724,-0.018265
2025-12-16 18:25:04.502,0.171118,0.180874,0.060954,-2.369049,1.357787,2.199303,1.510685,0.006396,0.006444,0.005466,-0.012612,0.025623,0.013985,-0.031428
2025-12-16 18:25:04.552,0.171377,0.181461,0.061322,-2.369526,1.359130,2.199971,1.509299,0.007890,0.011342,0.011136,-0.008773,0.028333,0.014484,-0.032595
2025-12-16 18:25:04.602,0.171624,0.182062,0.061644,-2.370000,1.360203,2.200590,1.507988,0.006646,0.013881,0.001333,-0.008361,0.019004,0.012773,-0.027420
2025-12-16 18:25:04.652,0.171666,0.182607,0.061753,-2.370416,1.361122,2.200996,1.506801,0.002848,0.011960,0.001015,-0.003421,0.018362,0.000822,-0.018999
2025-12-16 18:25:04.702,0.171704,0.183085,0.061839,-2.370690,1.361689,2.201198,1.505982,0.000967,0.011773,0.000653,-0.000788,0.004304,0.005480,-0.018155
2025-12-16 18:25:04.752,0.171748,0.183370,0.061930,-2.370800,1.362076,2.201323,1.505404,-0.001169,-0.000124,0.000400,-0.008268,0.006571,-0.000404,-0.014591
2025-12-16 18:25:04.801,0.171766,0.183422,0.061970,-2.371003,1.362314,2.201370,1.504970,-0.000055,0.005203,0.000372,-0.002238,0.004605,0.000022,-0.010568
2025-12-16 18:25:04.852,0.171738,0.183709,0.061961,-2.371082,1.362436,2.201431,1.504475,-0.000303,0.005144,-0.000710,-0.004107,0.004532,0.000248,-0.009087
2025-12-16 18:25:04.902,0.171713,0.184159,0.061953,-2.371246,1.362619,2.201451,1.503907,0.000318,0.007516,0.001287,-0.006346,0.004560,0.000374,-0.012752
2025-12-16 18:25:04.952,0.171728,0.184633,0.061966,-2.371483,1.363045,2.201542,1.503176,0.000152,0.011180,0.000603,-0.001153,0.012284,0.001181,-0.015428
2025-12-16 18:25:05.001,0.171723,0.184973,0.061960,-2.371894,1.363488,2.201714,1.502397,-0.000710,0.004201,0.000591,-0.009770,0.013192,0.004921,-0.009593
2025-12-16 18:25:05.052,0.171718,0.185252,0.061961,-2.372270,1.363901,2.201867,1.501697,0.001100,0.011986,0.000340,-0.001849,0.002952,0.000864,-0.015211
2025-12-16 18:25:05.101,0.171719,0.185470,0.061963,-2.372580,1.364305,2.201972,1.500983,-0.000036,0.004325,0.000236,-0.004903,0.004980,0.000559,-0.009721
2025-12-16 18:25:05.152,0.171707,0.185504,0.061961,-2.372966,1.364674,2.202086,1.500331,-0.000730,0.004218,-0.000691,-0.007476,0.009899,0.002051,-0.016016
2025-12-16 18:25:05.202,0.171684,0.185771,0.061964,-2.373400,1.365094,2.202248,1.499512,0.000187,0.006893,0.000616,-0.011770,0.008069,0.001909,-0.018644
2025-12-16 18:25:05.252,0.171663,0.186191,0.061962,-2.373882,1.365578,2.202383,1.498568,0.005397,0.009446,-0.000194,-0.008140,0.010153,-0.000006,-0.022282
2025-12-16 18:25:05.302,0.171669,0.186654,0.062136,-2.374338,1.366378,2.202753,1.497465,-0.000208,0.008299,0.008277,-0.008215,0.019000,0.003992,-0.025514
2025-12-16 18:25:05.352,0.171713,0.187171,0.062432,-2.374819,1.367391,2.203192,1.496226,0.002467,0.010816,0.007336,-0.008535,0.025819,0.002964,-0.022001
2025-12-16 18:25:05.402,0.171879,0.187716,0.062686,-2.375201,1.368450,2.203720,1.495102,0.006830,0.011140,0.006690,-0.008942,0.024244,0.009038,-0.022552
2025-12-16 18:25:05.452,0.172155,0.188348,0.062994,-2.375535,1.369562,2.204372,1.493968,0.005992,0.014995,0.006413,-0.009248,0.023036,0.015364,-0.027079
2025-12-16 18:25:05.502,0.172438,0.189077,0.063323,-2.375897,1.370731,2.205017,1.492777,0.005942,0.018220,0.008278,-0.006745,0.025099,0.013767,-0.030740
2025-12-16 18:25:05.552,0.172723,0.190161,0.063662,-2.376073,1.372020,2.205699,1.491349,0.009069,0.024006,0.006180,0.000761,0.031556,0.014888,-0.034360
2025-12-16 18:25:05.602,0.173036,0.191416,0.064044,-2.376111,1.373458,2.206404,1.489773,0.006653,0.025611,0.010477,-0.000548,0.034829,0.019837,-0.031005
2025-12-16 18:25:05.652,0.173484,0.192953,0.064506,-2.376032,1.374957,2.207266,1.488245,0.009243,0.039317,0.004302,0.002351,0.025975,0.017472,-0.036186
2025-12-16 18:25:05.703,0.173973,0.195139,0.065045,-2.375552,1.376569,2.208246,1.486651,0.006833,0.040251,0.008268,0.008387,0.027269,0.017010,-0.025441
2025-12-16 18:25:05.753,0.174409,0.196862,0.065511,-2.375175,1.378080,2.209152,1.485268,0.008810,0.036734,0.015809,0.006690,0.034690,0.012258,-0.033016
2025-12-16 18:25:05.802,0.174850,0.198395,0.065997,-2.374863,1.379479,2.210064,1.483945,0.012312,0.028128,0.010528,0.004269,0.027524,0.017314,-0.024326
2025-12-16 18:25:05.853,0.175309,0.199790,0.066500,-2.374863,1.380944,2.210904,1.482544,0.008119,0.024348,0.012262,-0.000491,0.024774,0.011654,-0.025507
2025-12-16 18:25:05.902,0.175691,0.200957,0.066950,-2.374856,1.382210,2.211690,1.481292,0.009628,0.025045,0.007705,0.001162,0.023439,0.013365,-0.025938
2025-12-16 18:25:05.951,0.175926,0.202161,0.067370,-2.374824,1.383422,2.212363,1.479949,0.002165,0.026132,0.006811,-0.000861,0.020106,0.010601,-0.031322
2025-12-16 18:25:06.002,0.176163,0.203430,0.067647,-2.374563,1.384440,2.212969,1.478864,0.005194,0.025398,0.005421,0.008167,0.017284,0.007441,-0.028225
2025-12-16 18:25:06.052,0.176331,0.204548,0.067842,-2.374253,1.385245,2.213432,1.477953,0.001038,0.023221,0.007800,0.010203,0.016070,0.010919,-0.023880
2025-12-16 18:25:06.105,0.176455,0.205671,0.068002,-2.373819,1.385949,2.213821,1.477071,0.000960,0.025038,0.001103,0.008197,0.006604,0.009222,-0.018319
2025-12-16 18:25:06.151,0.176505,0.206665,0.068089,-2.373565,1.386503,2.214044,1.476225,0.001690,0.020271,0.003679,0.000293,0.011090,0.010488,-0.015689
2025-12-16 18:25:06.201,0.176522,0.207381,0.068134,-2.373632,1.387029,2.214162,1.475431,0.001564,0.013264,0.000448,0.000966,0.007981,0.007696,-0.013510
2025-12-16 18:25:06.252,0.176534,0.207840,0.068203,-2.373777,1.387482,2.214264,1.474708,0.001754,0.011288,0.000552,-0.001576,0.005882,-0.000417,-0.013164
2025-12-16 18:25:06.302,0.176546,0.208170,0.068245,-2.373911,1.387752,2.214352,1.474134,0.001412,0.005238,-0.000438,-0.009771,0.001892,0.000750,-0.008408
2025-12-16 18:25:06.352,0.176531,0.208253,0.068245,-2.374082,1.387922,2.214392,1.473616,0.000393,0.003137,0.000349,0.002063,0.010119,0.002247,-0.001045
2025-12-16 18:25:06.402,0.176538,0.208480,0.068296,-2.374077,1.388313,2.214590,1.473147,0.002291,0.005544,0.002119,-0.000732,0.001813,0.007007,-0.011207
2025-12-16 18:25:06.452,0.176556,0.208792,0.068375,-2.374282,1.388685,2.214714,1.472624,0.001010,0.007460,-0.001628,-0.010089,0.007301,0.001485,-0.012142
2025-12-16 18:25:06.502,0.176669,0.209314,0.068533,-2.374471,1.389198,2.215041,1.471907,0.010278,0.008380,0.007924,0.000311,0.013689,0.008446,-0.016969
2025-12-16 18:25:06.553,0.176988,0.210114,0.068895,-2.374489,1.390355,2.215699,1.470695,0.011853,0.017441,0.006389,0.000739,0.035519,0.018025,-0.018541
2025-12-16 18:25:06.601,0.177431,0.211284,0.069342,-2.374410,1.391756,2.216441,1.469436,0.007017,0.026986,0.006712,0.004206,0.032067,0.015079,-0.029069
2025-12-16 18:25:06.651,0.177928,0.212785,0.069866,-2.374317,1.393363,2.217310,1.468022,0.003702,0.026494,0.008620,0.000007,0.033595,0.021159,-0.026028
2025-12-16 18:25:06.703,0.178425,0.214010,0.070388,-2.374276,1.394973,2.218205,1.466777,0.006400,0.022401,0.011347,0.000818,0.027662,0.014377,-0.028299
2025-12-16 18:25:06.752,0.178770,0.214941,0.070822,-2.374288,1.396121,2.218929,1.465606,0.007244,0.012341,0.006501,0.000023,0.022530,0.012323,-0.020117
2025-12-16 18:25:06.802,0.178942,0.215589,0.071060,-2.374280,1.396974,2.219402,1.464821,0.003672,0.009296,0.003220,0.000565,0.010785,0.011198,-0.013215
2025-12-16 18:25:06.852,0.179057,0.216134,0.071203,-2.374285,1.397640,2.219698,1.464195,0.000679,0.009911,0.000994,-0.000009,0.008295,0.005311,-0.010190
2025-12-16 18:25:06.902,0.179045,0.216578,0.071200,-2.374290,1.397867,2.219707,1.463709,-0.000311,0.010193,0.000567,0.000208,0.000478,-0.000201,-0.006369
2025-12-16 18:25:06.952,0.179040,0.216970,0.071201,-2.374283,1.397922,2.219707,1.463354,-0.005327,0.008505,0.000382,-0.000850,-0.000012,-0.000083,-0.004169
2025-12-16 18:25:07.002,0.178919,0.217466,0.071120,-2.374238,1.397926,2.219620,1.462814,-0.003116,0.007965,-0.003404,0.002106,-0.000091,-0.006639,-0.010120
2025-12-16 18:25:07.055,0.178586,0.218128,0.070871,-2.373861,1.397927,2.219338,1.462175,-0.004409,0.013974,-0.004830,0.007482,-0.000291,-0.000663,-0.017622
2025-12-16 18:25:07.103,0.178350,0.219040,0.070679,-2.373405,1.397925,2.219232,1.461373,-0.002492,0.021036,-0.003104,0.006890,-0.000709,0.000936,-0.012225
2025-12-16 18:25:07.152,0.178220,0.219961,0.070592,-2.373004,1.397927,2.219134,1.460698,-0.000540,0.018345,-0.000170,0.007525,-0.001024,-0.000509,-0.017241
2025-12-16 18:25:07.202,0.178102,0.220895,0.070509,-2.372580,1.397930,2.219051,1.460060,-0.002051,0.013080,-0.004297,0.001933,0.000037,-0.004945,-0.010389
2025-12-16 18:25:07.252,0.177855,0.221421,0.070343,-2.372493,1.397931,2.218782,1.459573,-0.008016,0.010637,-0.005776,0.000071,0.000478,-0.008171,-0.006043
2025-12-16 18:25:07.301,0.177618,0.221703,0.070122,-2.372512,1.397933,2.218593,1.459304,-0.003962,0.003475,-0.001900,0.000283,-0.004716,-0.003284,-0.012544
2025-12-16 18:25:07.352,0.177375,0.221717,0.069941,-2.372573,1.397930,2.218380,1.458973,-0.001424,-0.000497,-0.005134,-0.000281,-0.000050,-0.006003,-0.008274
2025-12-16 18:25:07.402,0.176958,0.221847,0.069600,-2.372656,1.397913,2.217986,1.458473,-0.004297,0.006799,-0.007713,0.000950,-0.002541,-0.009068,-0.008632
2025-12-16 18:25:07.453,0.176410,0.222458,0.069104,-2.372674,1.397854,2.217531,1.457623,-0.011274,0.010140,-0.010294,0.001518,0.000894,-0.012583,-0.014944
2025-12-16 18:25:07.501,0.175836,0.223354,0.068595,-2.372353,1.397627,2.216926,1.456693,-0.011246,0.025641,-0.009131,0.008864,-0.010540,-0.012905,-0.021750
2025-12-16 18:25:07.552,0.175304,0.224787,0.068124,-2.371737,1.397236,2.216345,1.455751,-0.012242,0.031093,-0.007882,0.012601,-0.003474,-0.010269,-0.019698
2025-12-16 18:25:07.602,0.174815,0.226414,0.067737,-2.371069,1.397064,2.215858,1.454685,-0.007950,0.035869,-0.008828,0.012050,-0.003278,-0.002130,-0.026427
2025-12-16 18:25:07.652,0.174383,0.228009,0.067547,-2.370404,1.397058,2.215647,1.453402,-0.008550,0.031869,-0.002812,0.014806,-0.000815,-0.000565,-0.021945
2025-12-16 18:25:07.703,0.174040,0.229749,0.067393,-2.369924,1.397068,2.215574,1.451685,-0.001725,0.032842,-0.004076,0.002820,0.000180,-0.001004,-0.036922
2025-12-16 18:25:07.752,0.173769,0.231144,0.067257,-2.369790,1.397166,2.215501,1.449920,-0.006432,0.020350,-0.006681,-0.000411,-0.000019,-0.000399,-0.029850
2025-12-16 18:25:07.802,0.173497,0.232099,0.067113,-2.369824,1.397370,2.215418,1.448410,-0.006397,0.015844,-0.002446,0.000121,-0.000083,-0.003804,-0.023634
2025-12-16 18:25:07.852,0.173181,0.232500,0.066841,-2.370020,1.397424,2.215114,1.447529,-0.006628,0.006412,-0.000681,-0.006315,-0.000028,-0.007800,-0.014960
2025-12-16 18:25:07.902,0.172733,0.232475,0.066424,-2.370202,1.397410,2.214621,1.447213,-0.010179,-0.001976,-0.007767,-0.000575,-0.002705,-0.013904,0.000875
2025-12-16 18:25:07.952,0.172239,0.232103,0.065938,-2.370320,1.397129,2.214033,1.447228,-0.012610,-0.010020,-0.009112,-0.001252,-0.013645,-0.010166,0.003321
2025-12-16 18:25:08.002,0.171776,0.231608,0.065482,-2.370407,1.396329,2.213381,1.447577,-0.009752,-0.010394,-0.008662,0.000102,-0.008731,-0.012116,0.003695
2025-12-16 18:25:08.055,0.171571,0.231398,0.065258,-2.370424,1.395920,2.213062,1.447722,0.000592,0.000915,0.000868,-0.000488,-0.000900,0.000079,-0.000869
2025-12-16 18:25:08.102,0.171605,0.231475,0.065282,-2.370463,1.395909,2.213059,1.447728,0.001577,-0.001405,-0.000341,-0.002477,0.000267,0.009452,-0.000007
2025-12-16 18:25:08.153,0.171640,0.231567,0.065321,-2.370479,1.395916,2.213107,1.447715,0.000401,0.000978,-0.000285,-0.000561,0.000034,0.000116,-0.003197
2025-12-16 18:25:08.202,0.171654,0.231556,0.065358,-2.370780,1.395969,2.213192,1.447456,-0.000067,0.002232,0.000765,-0.004477,0.002668,0.000156,-0.006682
2025-12-16 18:25:08.255,0.171650,0.231904,0.065391,-2.370881,1.396060,2.213196,1.446938,-0.000300,0.011535,0.000581,-0.000072,-0.000860,-0.000000,-0.012407
2025-12-16 18:25:08.302,0.171653,0.232453,0.065397,-2.370971,1.396349,2.213204,1.446026,0.000070,0.011001,-0.000041,0.000811,0.009248,0.000071,-0.021037
2025-12-16 18:25:08.354,0.171649,0.233022,0.065406,-2.371004,1.396709,2.213254,1.444961,-0.000155,0.006982,-0.000474,0.001629,0.003430,0.001328,-0.015447
2025-12-16 18:25:08.402,0.171622,0.233534,0.065405,-2.370991,1.396899,2.213303,1.444336,-0.004264,0.008808,0.000048,0.002616,0.002634,0.000415,-0.015104
2025-12-16 18:25:08.452,0.171622,0.234095,0.065419,-2.370820,1.397040,2.213305,1.443910,0.000579,0.006942,0.001096,0.004755,0.003393,0.000063,-0.006420
2025-12-16 18:25:08.502,0.171600,0.234460,0.065420,-2.370720,1.397056,2.213304,1.443669,-0.000517,0.002828,-0.000240,-0.002053,0.000126,0.000331,-0.000482
2025-12-16 18:25:08.553,0.171564,0.234615,0.065422,-2.370745,1.397086,2.213303,1.443354,-0.003523,0.006042,0.000795,0.000531,0.002472,-0.000817,-0.015600
2025-12-16 18:25:08.602,0.171507,0.234826,0.065419,-2.370762,1.397292,2.213303,1.442954,-0.002293,0.006630,-0.000695,-0.006127,0.003802,-0.000211,-0.001397
2025-12-16 18:25:08.652,0.171483,0.235235,0.065421,-2.370803,1.397545,2.213303,1.442424,-0.000140,0.008679,0.000462,-0.001079,0.010799,-0.000993,-0.010015
2025-12-16 18:25:08.703,0.171474,0.235637,0.065419,-2.370890,1.397752,2.213318,1.441825,0.000296,0.009181,-0.000342,-0.004217,0.001951,0.000139,-0.010058
2025-12-16 18:25:08.752,0.171475,0.236037,0.065441,-2.370898,1.398105,2.213464,1.441253,-0.000281,0.009909,0.000180,0.001027,0.006185,0.007810,-0.007159
2025-12-16 18:25:08.802,0.171475,0.236488,0.065540,-2.370899,1.398472,2.213556,1.440688,-0.001521,0.009925,0.007181,-0.000299,0.005748,0.003273,-0.013409
2025-12-16 18:25:08.852,0.171486,0.236937,0.065667,-2.370894,1.398858,2.213747,1.440137,0.000143,0.010050,0.008000,-0.000618,0.007705,0.003156,-0.010524
2025-12-16 18:25:08.902,0.171528,0.237410,0.065842,-2.370894,1.399327,2.213972,1.439607,0.000565,0.008393,0.006221,0.000445,0.013895,0.006602,-0.009530
2025-12-16 18:25:08.952,0.171576,0.237858,0.065913,-2.370894,1.399804,2.214118,1.439039,0.000653,0.006422,0.001177,-0.000665,0.012735,0.002968,-0.008164
2025-12-16 18:25:09.003,0.171539,0.238316,0.065907,-2.371070,1.400183,2.214167,1.438260,0.000596,0.006649,-0.000441,-0.008606,0.000871,0.000124,-0.014863
2025-12-16 18:25:09.053,0.171510,0.238866,0.065900,-2.371363,1.400581,2.214182,1.437136,-0.000166,0.011283,0.000715,-0.003660,0.010050,-0.000379,-0.021431
2025-12-16 18:25:09.101,0.171499,0.239409,0.065902,-2.371489,1.401094,2.214298,1.436041,-0.000232,0.012903,-0.000093,-0.003936,0.009753,0.004613,-0.027816
2025-12-16 18:25:09.152,0.171396,0.240022,0.065902,-2.371570,1.401648,2.214371,1.434844,0.000016,0.011667,-0.000770,-0.002813,0.009309,-0.000416,-0.024599
2025-12-16 18:25:09.201,0.171322,0.240616,0.065906,-2.371740,1.402110,2.214434,1.433801,-0.001147,0.011481,0.000264,-0.002377,0.008166,0.001567,-0.017113
2025-12-16 18:25:09.252,0.171285,0.241268,0.065909,-2.371852,1.402544,2.214495,1.432878,-0.000489,0.010762,0.000152,-0.001374,0.006546,0.000219,-0.017351
2025-12-16 18:25:09.302,0.171240,0.241766,0.065910,-2.371899,1.402823,2.214518,1.432236,-0.001920,0.012856,-0.000165,-0.001078,0.003167,0.000225,-0.012826
2025-12-16 18:25:09.352,0.171222,0.242207,0.065911,-2.371966,1.403028,2.214540,1.431724,-0.000569,0.005127,-0.000091,-0.000846,0.002445,-0.000449,-0.004134
2025-12-16 18:25:09.402,0.171221,0.242677,0.065918,-2.372049,1.403351,2.214621,1.431181,-0.000810,0.007599,-0.000534,-0.000523,0.004692,0.002374,-0.012556
2025-12-16 18:25:09.452,0.171200,0.243231,0.065920,-2.372037,1.403762,2.214741,1.430315,-0.000213,0.009828,-0.000663,-0.000548,0.002208,0.002124,-0.020712
2025-12-16 18:25:09.502,0.171130,0.243931,0.065935,-2.372069,1.404320,2.214925,1.429041,-0.002874,0.013903,-0.000487,0.000151,0.011311,0.000948,-0.024270
2025-12-16 18:25:09.552,0.170938,0.244592,0.065935,-2.372262,1.404855,2.214946,1.427848,-0.004583,0.012608,-0.000460,-0.004098,0.008057,0.000160,-0.024153
2025-12-16 18:25:09.602,0.170879,0.245327,0.065938,-2.372393,1.405367,2.215000,1.426773,-0.001570,0.013653,0.000777,-0.000308,0.001516,0.000691,-0.019319
2025-12-16 18:25:09.652,0.170863,0.245929,0.065940,-2.372445,1.405800,2.215060,1.425939,0.000140,0.010669,-0.000662,0.000155,0.008880,0.000198,-0.009764
2025-12-16 18:25:09.702,0.170809,0.246355,0.065944,-2.372473,1.405990,2.215094,1.425416,-0.000271,0.009038,0.000473,-0.000941,0.001632,0.000108,-0.011043
2025-12-16 18:25:09.752,0.170789,0.246630,0.065941,-2.372528,1.406116,2.215109,1.425212,-0.002461,0.002564,-0.000541,-0.002687,0.005661,0.000310,0.000812
2025-12-16 18:25:09.802,0.170772,0.246629,0.065945,-2.372570,1.406171,2.215137,1.425085,0.000007,-0.000687,0.000583,-0.000644,0.001778,0.000286,-0.002562
2025-12-16 18:25:09.852,0.170773,0.246679,0.065947,-2.372555,1.406256,2.215201,1.425036,0.001046,0.003622,-0.000173,0.000931,0.008765,0.004925,-0.000169
2025-12-16 18:25:09.902,0.170796,0.246989,0.066150,-2.372537,1.406631,2.215440,1.424816,-0.000391,0.012387,0.000900,0.003275,0.009666,0.009005,-0.002832
2025-12-16 18:25:09.952,0.170998,0.247501,0.066368,-2.372522,1.407156,2.215818,1.424452,0.006040,0.004534,0.005491,0.006410,0.012638,0.011575,-0.006865
2025-12-16 18:25:10.002,0.171218,0.248128,0.066688,-2.372312,1.407877,2.216272,1.423893,0.007038,0.010893,0.008858,0.001617,0.011931,0.014544,-0.011816
2025-12-16 18:25:10.052,0.171443,0.248741,0.067013,-2.372294,1.408763,2.216754,1.423126,0.002618,0.013707,0.002830,0.000497,0.020312,0.002384,-0.014445
2025-12-16 18:25:10.102,0.171581,0.249627,0.067252,-2.372293,1.409662,2.217199,1.422092,0.000460,0.021619,0.003449,-0.000495,0.019165,0.009002,-0.019215
2025-12-16 18:25:10.152,0.171652,0.250551,0.067346,-2.372296,1.410500,2.217502,1.420997,-0.000245,0.014719,0.001960,0.000252,0.015609,0.002669,-0.018545
2025-12-16 18:25:10.202,0.171652,0.251188,0.067359,-2.372303,1.411038,2.217599,1.420174,0.000277,0.012888,-0.000851,-0.000161,0.014304,-0.000258,-0.014982
2025-12-16 18:25:10.252,0.171607,0.251620,0.067355,-2.372328,1.411169,2.217599,1.419593,-0.002555,0.006014,-0.001246,-0.000769,0.000625,-0.000512,-0.002174
2025-12-16 18:25:10.302,0.171420,0.251902,0.067321,-2.372448,1.411179,2.217577,1.419115,-0.000220,0.005538,-0.000317,-0.000286,0.000430,0.000392,-0.002592
2025-12-16 18:25:10.352,0.171330,0.252344,0.067254,-2.372438,1.411231,2.217567,1.418586,0.001685,0.012123,0.000281,0.000468,0.007192,-0.000148,-0.002969
2025-12-16 18:25:10.402,0.171312,0.252899,0.067247,-2.372437,1.411605,2.217568,1.417866,0.000527,0.008055,-0.001905,0.000463,0.014469,0.000496,-0.015376
2025-12-16 18:25:10.452,0.171203,0.253479,0.067235,-2.372441,1.412027,2.217578,1.416923,0.000436,0.011679,0.001171,-0.000882,0.008636,-0.000071,-0.017642
2025-12-16 18:25:10.502,0.171086,0.254218,0.067208,-2.372511,1.412517,2.217611,1.415810,-0.001655,0.017390,-0.000191,-0.000887,0.007775,0.001067,-0.022315
2025-12-16 18:25:10.553,0.170976,0.255112,0.067143,-2.372691,1.413066,2.217808,1.414648,-0.002672,0.017352,-0.000877,-0.004861,0.005533,0.006119,-0.020237
2025-12-16 18:25:10.601,0.170842,0.255940,0.066985,-2.372928,1.413549,2.218130,1.413646,-0.009838,0.016490,-0.001650,-0.010259,0.004629,0.010976,-0.016397
2025-12-16 18:25:10.651,0.170234,0.256997,0.066242,-2.373458,1.413840,2.219427,1.412596,-0.019842,0.029493,-0.018816,-0.010991,0.010325,0.031116,-0.021843
2025-12-16 18:25:10.702,0.170234,0.259616,0.066171,-2.373288,1.416788,2.221074,1.410774,0.027327,0.069703,0.022630,0.015550,0.095702,0.043458,-0.047963
2025-12-16 18:25:10.752,0.172345,0.263870,0.068413,-2.372648,1.422273,2.224335,1.407168,0.039772,0.090417,0.046360,0.009340,0.112846,0.068275,-0.088861
2025-12-16 18:25:10.802,0.173730,0.268111,0.070024,-2.372187,1.426886,2.226788,1.403050,0.016092,0.081106,0.018694,0.013950,0.073106,0.033267,-0.079285
2025-12-16 18:25:10.853,0.174252,0.271674,0.070736,-2.371712,1.429955,2.228099,1.399224,0.011580,0.064439,0.014230,0.005741,0.047326,0.019869,-0.061280
2025-12-16 18:25:10.902,0.174620,0.274324,0.071265,-2.371196,1.432155,2.229053,1.396501,0.004426,0.054387,0.002066,0.012384,0.037518,0.014547,-0.051895
2025-12-16 18:25:10.953,0.174730,0.276691,0.071664,-2.370506,1.433583,2.229623,1.394602,-0.000052,0.040438,0.005985,0.009891,0.015706,0.007458,-0.033977
2025-12-16 18:25:11.001,0.174696,0.277964,0.071665,-2.370271,1.434164,2.229726,1.393436,-0.001294,0.015146,-0.001186,-0.000569,0.008530,0.001311,-0.012104
2025-12-16 18:25:11.052,0.174497,0.278497,0.071555,-2.370300,1.434333,2.229728,1.392526,-0.007618,0.007388,-0.001547,0.000195,0.003456,-0.000216,-0.011554
2025-12-16 18:25:11.102,0.174356,0.278914,0.071457,-2.370387,1.434446,2.229713,1.391843,-0.003523,0.003734,0.000574,-0.000917,0.000652,-0.000066,-0.014446
2025-12-16 18:25:11.155,0.174332,0.278929,0.071451,-2.370783,1.434561,2.229705,1.391309,0.000953,0.000307,0.000911,-0.002627,0.003340,-0.000242,-0.011297
2025-12-16 18:25:11.202,0.174309,0.278900,0.071452,-2.371028,1.434683,2.229695,1.390988,-0.000557,-0.002296,-0.001670,-0.007857,0.004794,0.000069,-0.011184
2025-12-16 18:25:11.253,0.174196,0.278712,0.071423,-2.371482,1.434726,2.229648,1.390805,-0.004954,-0.000676,-0.003715,-0.009403,0.000269,-0.001672,-0.012903
2025-12-16 18:25:11.302,0.174022,0.278351,0.071267,-2.371958,1.434733,2.229547,1.390547,-0.001067,-0.010737,-0.001164,-0.007384,-0.000097,0.000220,-0.005739
2025-12-16 18:25:11.352,0.173964,0.278297,0.071215,-2.372168,1.434752,2.229527,1.390292,0.000721,0.004762,-0.000484,-0.002146,0.000178,0.000096,-0.002753
2025-12-16 18:25:11.402,0.173994,0.278290,0.071240,-2.372131,1.434830,2.229521,1.390240,0.000473,-0.000411,0.000448,0.002062,0.000308,-0.000090,-0.000547
2025-12-16 18:25:11.452,0.173977,0.278303,0.071231,-2.372146,1.434858,2.229526,1.390234,0.000621,0.001257,0.000223,-0.002217,0.000030,-0.001031,-0.001222
2025-12-16 18:25:11.502,0.173992,0.278292,0.071233,-2.372144,1.434877,2.229525,1.390227,0.000174,0.000112,-0.000800,-0.000183,0.001433,-0.000484,-0.001817
2025-12-16 18:25:11.553,0.173981,0.278298,0.071230,-2.372145,1.434898,2.229531,1.390205,0.000662,0.000065,0.000069,0.000670,0.000426,0.000567,0.000891
2025-12-16 18:25:11.602,0.173983,0.278296,0.071234,-2.372146,1.434915,2.229528,1.390126,0.000479,0.000051,0.000342,0.000022,0.000426,-0.000076,-0.006989
2025-12-16 18:25:11.652,0.173984,0.278279,0.071232,-2.372228,1.434991,2.229529,1.390018,-0.000497,-0.000334,-0.000481,-0.003828,0.002251,-0.000588,-0.001084
2025-12-16 18:25:11.703,0.174009,0.278253,0.071285,-2.372646,1.435186,2.229529,1.389863,-0.000425,-0.000183,0.001078,-0.004077,0.006113,-0.000136,0.001236
2025-12-16 18:25:11.751,0.174001,0.278264,0.071313,-2.372938,1.435288,2.229538,1.389673,0.000418,-0.000546,0.000104,-0.004756,0.001264,-0.000316,-0.001092
2025-12-16 18:25:11.802,0.174005,0.278251,0.071314,-2.372927,1.435401,2.229547,1.389446,0.000928,-0.001286,0.000149,-0.001155,0.003577,0.000191,-0.008075
2025-12-16 18:25:11.853,0.173995,0.278275,0.071315,-2.372924,1.435510,2.229563,1.389246,-0.001352,-0.000028,-0.000549,-0.001490,-0.000226,0.000219,-0.003949
2025-12-16 18:25:11.902,0.174004,0.278278,0.071315,-2.372933,1.435627,2.229582,1.389019,-0.000301,-0.000096,0.000471,0.000321,0.007424,0.000495,-0.002505
2025-12-16 18:25:11.952,0.174000,0.278281,0.071320,-2.373073,1.435828,2.229597,1.388726,-0.000978,0.002162,0.000186,-0.006587,-0.000253,-0.000208,-0.007370
2025-12-16 18:25:12.002,0.174006,0.278322,0.071350,-2.373400,1.436130,2.229682,1.388320,0.000456,0.005942,0.000755,-0.003932,0.011446,0.000698,-0.007675
2025-12-16 18:25:12.052,0.174001,0.278442,0.071353,-2.373560,1.436350,2.229718,1.388046,-0.000665,-0.002344,0.000158,-0.004314,-0.000019,0.000809,-0.004174
2025-12-16 18:25:12.102,0.174005,0.278420,0.071361,-2.373684,1.436423,2.229729,1.387977,-0.000104,0.000368,-0.000466,-0.003899,0.000445,-0.000177,-0.000046
2025-12-16 18:25:12.152,0.173999,0.278373,0.071365,-2.374006,1.436464,2.229730,1.387895,-0.000007,0.000477,0.000935,-0.009500,-0.000390,-0.000096,-0.003460
