timestamp,p1,p2,p3,p4,p5,p6,p7,v1,v2,v3,v4,v5,v6,v7
2025-12-16 17:44:14.602,0.193430,0.165417,0.093901,-2.552861,1.525730,2.254725,1.307013,0.000136,-0.011905,-0.000034,-0.011175,-0.004188,-0.004294,-0.000527
2025-12-16 17:44:14.652,0.193474,0.165060,0.093945,-2.553210,1.525711,2.254700,1.307156,-0.000372,-0.004425,-0.000445,-0.004554,-0.000149,-0.000098,-0.000119
2025-12-16 17:44:14.702,0.193472,0.165096,0.093947,-2.553199,1.525710,2.254702,1.307156,-0.000363,-0.000021,0.000464,-0.000134,-0.000236,0.000274,0.000568
2025-12-16 17:44:14.752,0.193484,0.165088,0.093949,-2.553192,1.525711,2.254701,1.307155,-0.000248,0.000175,-0.000039,-0.001323,0.000118,-0.000701,0.000526
2025-12-16 17:44:14.802,0.193478,0.165121,0.093952,-2.553184,1.525715,2.254700,1.307150,-0.000338,0.000802,0.000239,0.000505,0.000489,0.000162,-0.000041
2025-12-16 17:44:14.852,0.193484,0.165197,0.093955,-2.553167,1.525714,2.254700,1.307140,-0.000509,-0.000273,-0.000092,-0.000325,0.000281,0.000169,0.000465
2025-12-16 17:44:14.902,0.193483,0.165233,0.093954,-2.553157,1.525716,2.254700,1.307120,-0.001286,0.003739,0.000450,0.000661,0.000361,0.000136,0.000009
2025-12-16 17:44:14.952,0.193476,0.165327,0.093952,-2.553137,1.525715,2.254698,1.307092,0.000407,0.002203,-0.000255,0.001426,0.000675,0.000207,-0.000428
2025-12-16 17:44:15.002,0.193463,0.165631,0.093949,-2.552986,1.525714,2.254691,1.306821,0.000992,0.007004,0.000436,0.000581,-0.000412,-0.000280,-0.001714
2025-12-16 17:44:15.052,0.193423,0.166088,0.093924,-2.552645,1.525716,2.254669,1.306807,-0.004630,0.010853,-0.000706,0.011207,0.000278,0.000047,-0.000872
2025-12-16 17:44:15.102,0.193325,0.166177,0.093807,-2.552426,1.525603,2.254628,1.306817,-0.001201,-0.003615,-0.001600,0.000296,-0.006332,-0.001105,0.004241
2025-12-16 17:44:15.152,0.193327,0.165972,0.093799,-2.552448,1.525483,2.254625,1.306905,-0.000164,-0.002583,-0.000522,0.000724,-0.000152,-0.000164,0.005685
2025-12-16 17:44:15.202,0.193325,0.165927,0.093800,-2.552448,1.525433,2.254622,1.307129,0.001075,0.001618,0.000778,-0.001239,-0.000539,-0.000588,-0.000723
2025-12-16 17:44:15.252,0.193318,0.165939,0.093790,-2.552451,1.525421,2.254621,1.307130,-0.000869,-0.001488,-0.000462,0.000178,0.000084,-0.000219,-0.001427
2025-12-16 17:44:15.302,0.193329,0.165936,0.093797,-2.552453,1.525412,2.254612,1.307135,-0.000881,0.000852,0.000159,-0.000545,-0.000295,0.000023,0.000008
2025-12-16 17:44:15.352,0.193298,0.165853,0.093766,-2.552476,1.525265,2.254530,1.307159,-0.000228,-0.005752,-0.004875,-0.004260,-0.007842,-0.007612,-0.001385
2025-12-16 17:44:15.402,0.193156,0.165395,0.093624,-2.552620,1.524816,2.254279,1.307442,-0.005519,-0.011765,-0.003603,-0.002148,-0.016195,-0.002428,0.000791
2025-12-16 17:44:15.451,0.192862,0.164971,0.093287,-2.552625,1.524199,2.253931,1.307857,-0.006371,-0.004045,-0.008779,-0.000474,-0.016651,-0.009897,0.005892
2025-12-16 17:44:15.502,0.192483,0.164430,0.092877,-2.552613,1.523087,2.253512,1.308637,-0.007201,-0.012359,-0.012165,-0.000604,-0.029395,-0.013576,0.011083
2025-12-16 17:44:15.554,0.191942,0.163875,0.092313,-2.552620,1.521508,2.252933,1.309492,-0.014389,-0.013465,-0.012490,0.000495,-0.035426,-0.017326,0.021041
2025-12-16 17:44:15.601,0.191232,0.163000,0.091543,-2.552760,1.519483,2.252016,1.310532,-0.018276,-0.021434,-0.013298,-0.011729,-0.044355,-0.011938,0.024736
2025-12-16 17:44:15.651,0.190504,0.161700,0.090778,-2.553214,1.517511,2.251117,1.311685,-0.017418,-0.028284,-0.017030,-0.008864,-0.039613,-0.013323,0.022821
2025-12-16 17:44:15.702,0.189885,0.160133,0.090173,-2.553692,1.515888,2.250379,1.312840,-0.010800,-0.029662,-0.011974,-0.010424,-0.031296,-0.008642,0.030301
2025-12-16 17:44:15.752,0.189396,0.158509,0.089694,-2.554289,1.514568,2.249755,1.313963,-0.010459,-0.034795,-0.009431,-0.010724,-0.020147,-0.006280,0.022135
2025-12-16 17:44:15.802,0.189072,0.156715,0.089383,-2.555034,1.513570,2.249290,1.315109,-0.000782,-0.037668,-0.003812,-0.013991,-0.021019,-0.002035,0.026092
2025-12-16 17:44:15.852,0.188898,0.155074,0.089173,-2.555519,1.512363,2.248868,1.316592,-0.000019,-0.032125,-0.006876,-0.006261,-0.024695,-0.005186,0.036928
2025-12-16 17:44:15.902,0.188693,0.153558,0.088941,-2.555646,1.510532,2.248361,1.318553,-0.005148,-0.033980,-0.008075,-0.001510,-0.039261,-0.007302,0.038301
2025-12-16 17:44:15.952,0.188277,0.151440,0.088486,-2.555632,1.508134,2.247659,1.321209,-0.011276,-0.051313,-0.012161,0.002660,-0.058024,-0.019949,0.069476
2025-12-16 17:44:16.002,0.187789,0.148527,0.087935,-2.555679,1.505128,2.246824,1.324721,-0.011711,-0.073781,-0.013922,-0.003858,-0.065570,-0.017234,0.082801
2025-12-16 17:44:16.053,0.187310,0.144522,0.087357,-2.556149,1.501746,2.245774,1.329039,-0.002088,-0.081552,-0.011233,-0.009922,-0.060475,-0.018657,0.089942
2025-12-16 17:44:16.102,0.187190,0.139897,0.086984,-2.556831,1.498701,2.245011,1.333848,-0.001959,-0.096113,-0.000559,-0.012680,-0.062924,-0.012097,0.100426
2025-12-16 17:44:16.152,0.187220,0.135310,0.086978,-2.557501,1.495941,2.244457,1.338786,0.003939,-0.087414,-0.000085,-0.016362,-0.054681,-0.001905,0.099432
2025-12-16 17:44:16.201,0.187454,0.130853,0.087012,-2.557957,1.493464,2.244012,1.343813,0.011616,-0.079508,0.002161,-0.004587,-0.038592,-0.008878,0.103481
2025-12-16 17:44:16.251,0.187775,0.127166,0.087228,-2.557990,1.491088,2.243774,1.348665,0.008637,-0.064236,-0.001246,0.001337,-0.049530,-0.008522,0.091897
2025-12-16 17:44:16.303,0.187869,0.123975,0.087257,-2.557511,1.488272,2.243294,1.353631,-0.000739,-0.051524,0.000218,0.015948,-0.053874,-0.011554,0.091236
2025-12-16 17:44:16.352,0.187850,0.121646,0.087116,-2.556608,1.485447,2.242759,1.358008,-0.003831,-0.043491,-0.006397,0.022224,-0.059934,-0.012302,0.090518
2025-12-16 17:44:16.401,0.187523,0.119536,0.086716,-2.555655,1.482290,2.241884,1.361919,-0.010172,-0.037426,-0.010960,0.018772,-0.061861,-0.018365,0.072490
2025-12-16 17:44:16.451,0.187095,0.117493,0.086216,-2.554826,1.479396,2.241106,1.365644,-0.005904,-0.048899,-0.008413,0.010616,-0.052794,-0.014013,0.075645
2025-12-16 17:44:16.503,0.186856,0.115035,0.085746,-2.554325,1.476742,2.240355,1.369247,-0.001780,-0.046365,-0.007584,0.003068,-0.040527,-0.012038,0.075109
2025-12-16 17:44:16.553,0.186860,0.112716,0.085672,-2.553884,1.474635,2.239822,1.372709,0.001118,-0.050956,0.001399,0.007896,-0.043445,-0.015597,0.074441
2025-12-16 17:44:16.602,0.187085,0.110253,0.085779,-2.553468,1.473060,2.239514,1.376274,0.006303,-0.049281,0.004088,0.008501,-0.029569,-0.000269,0.069609
2025-12-16 17:44:16.651,0.187413,0.107766,0.086054,-2.553188,1.471532,2.239486,1.379779,0.007787,-0.047545,0.006504,0.012298,-0.026646,-0.004842,0.065280
2025-12-16 17:44:16.702,0.187800,0.105765,0.086373,-2.552732,1.470314,2.239466,1.382952,0.005518,-0.037512,0.002916,0.011138,-0.032034,0.000314,0.064100
2025-12-16 17:44:16.752,0.188200,0.104029,0.086674,-2.552124,1.469021,2.239452,1.386123,0.001127,-0.032846,0.003119,0.017596,-0.027930,-0.000299,0.060098
2025-12-16 17:44:16.802,0.188314,0.102914,0.086775,-2.550973,1.467547,2.239232,1.389108,-0.000213,-0.020650,-0.001000,0.024755,-0.036418,-0.013332,0.065911
2025-12-16 17:44:16.852,0.188296,0.101831,0.086659,-2.549556,1.465363,2.238784,1.392517,0.000069,-0.023672,-0.009653,0.026986,-0.053231,-0.005832,0.073226
2025-12-16 17:44:16.902,0.188015,0.100378,0.086233,-2.547999,1.462155,2.237928,1.396351,-0.011973,-0.036821,-0.005370,0.028246,-0.065250,-0.025221,0.077619
2025-12-16 17:44:16.952,0.187433,0.098656,0.085594,-2.546393,1.458575,2.236812,1.400350,-0.012614,-0.033005,-0.015620,0.037038,-0.078648,-0.023300,0.079487
2025-12-16 17:44:17.002,0.186762,0.096876,0.084787,-2.544499,1.454516,2.235476,1.404918,-0.014202,-0.031395,-0.016788,0.038060,-0.082175,-0.025386,0.096390
2025-12-16 17:44:17.052,0.186189,0.095009,0.084104,-2.542491,1.450466,2.234191,1.409587,-0.008886,-0.037828,-0.007042,0.042958,-0.071864,-0.026059,0.098008
2025-12-16 17:44:17.102,0.185754,0.093117,0.083595,-2.540405,1.446946,2.233093,1.414537,-0.004772,-0.039555,-0.013642,0.044110,-0.069380,-0.017861,0.100169
2025-12-16 17:44:17.151,0.185616,0.091433,0.083190,-2.538219,1.443804,2.232325,1.419268,-0.000952,-0.034562,-0.002280,0.051149,-0.064157,-0.016301,0.099790
2025-12-16 17:44:17.202,0.185663,0.089695,0.083182,-2.535429,1.440686,2.231778,1.424913,0.004160,-0.029841,0.000157,0.055950,-0.058668,-0.013446,0.109416
2025-12-16 17:44:17.252,0.186101,0.088240,0.083485,-2.532594,1.438227,2.231502,1.430472,0.017346,-0.027539,0.011339,0.052481,-0.041324,-0.000584,0.115707
2025-12-16 17:44:17.302,0.186795,0.086908,0.084067,-2.530156,1.436544,2.231505,1.435298,0.012725,-0.025890,0.013291,0.041489,-0.033827,0.000686,0.094346
2025-12-16 17:44:17.351,0.187586,0.085475,0.084721,-2.528111,1.435272,2.231632,1.439728,0.012781,-0.024878,0.010958,0.037143,-0.017871,0.006177,0.078964
2025-12-16 17:44:17.402,0.188412,0.084098,0.085419,-2.526599,1.434340,2.231929,1.443438,0.019146,-0.026348,0.012695,0.023442,-0.024232,0.004839,0.073689
2025-12-16 17:44:17.451,0.189008,0.082859,0.085981,-2.525449,1.433556,2.232095,1.446432,0.011515,-0.019214,0.010321,0.022305,-0.019621,0.001563,0.052884
2025-12-16 17:44:17.502,0.189472,0.081848,0.086371,-2.524408,1.432535,2.232119,1.449056,0.009099,-0.018918,0.002729,0.022703,-0.018870,0.002351,0.050520
2025-12-16 17:44:17.552,0.189760,0.081341,0.086580,-2.523320,1.431597,2.232119,1.451136,0.002054,-0.006135,0.004883,0.024674,-0.017371,-0.000086,0.039451
2025-12-16 17:44:17.601,0.189815,0.081139,0.086602,-2.521878,1.430465,2.232089,1.453209,-0.001086,-0.000938,-0.000765,0.032944,-0.023401,-0.000961,0.041858
2025-12-16 17:44:17.652,0.189802,0.081458,0.086584,-2.519946,1.429116,2.231913,1.455055,-0.000161,0.012585,-0.000761,0.046678,-0.026495,-0.008654,0.039556
2025-12-16 17:44:17.702,0.189783,0.082069,0.086411,-2.517389,1.427618,2.231668,1.457146,-0.001237,0.017531,-0.004502,0.054040,-0.028978,-0.000791,0.036859
2025-12-16 17:44:17.752,0.189680,0.083317,0.086193,-2.514299,1.426071,2.231453,1.459078,-0.002028,0.027277,-0.005340,0.064376,-0.035798,-0.006084,0.041673
2025-12-16 17:44:17.803,0.189555,0.084894,0.086013,-2.510952,1.424549,2.231185,1.461001,-0.002332,0.031809,-0.002794,0.061495,-0.025151,-0.008571,0.032905
2025-12-16 17:44:17.851,0.189484,0.086324,0.085878,-2.508115,1.423087,2.230949,1.462864,0.001130,0.025747,-0.001044,0.057145,-0.030236,-0.004478,0.035835
2025-12-16 17:44:17.902,0.189289,0.088193,0.085658,-2.505041,1.421777,2.230620,1.464284,-0.006238,0.045234,-0.009681,0.062210,-0.028099,-0.009507,0.023089
2025-12-16 17:44:17.952,0.188951,0.090417,0.085234,-2.501764,1.420269,2.230182,1.465614,0.000080,0.045328,-0.010908,0.067878,-0.029936,-0.015046,0.020184
2025-12-16 17:44:18.002,0.188493,0.092941,0.084747,-2.498503,1.418734,2.229732,1.466429,-0.011305,0.056658,-0.015310,0.064222,-0.033741,-0.007619,0.017345
2025-12-16 17:44:18.052,0.188049,0.095345,0.084244,-2.495417,1.417208,2.229214,1.467352,-0.006834,0.047750,-0.011770,0.061667,-0.026822,-0.006370,0.016581
2025-12-16 17:44:18.103,0.187564,0.098066,0.083722,-2.492160,1.415767,2.228677,1.467976,-0.008951,0.048970,-0.010898,0.062185,-0.031718,-0.014530,0.018232
2025-12-16 17:44:18.152,0.187126,0.100375,0.083241,-2.489089,1.414369,2.228237,1.468921,-0.012434,0.052390,-0.010799,0.060878,-0.028204,-0.006348,0.006749
2025-12-16 17:44:18.202,0.186671,0.103144,0.082736,-2.485721,1.413021,2.227768,1.469574,-0.010430,0.053590,-0.003018,0.068158,-0.026209,-0.009730,0.018278
2025-12-16 17:44:18.252,0.186262,0.105817,0.082283,-2.482238,1.411627,2.227319,1.470438,-0.007377,0.058108,-0.007151,0.070669,-0.027052,-0.012795,0.011396
2025-12-16 17:44:18.301,0.185752,0.108743,0.081721,-2.478751,1.410135,2.226829,1.471100,-0.012024,0.054115,-0.009350,0.067718,-0.031906,-0.011381,0.014908
2025-12-16 17:44:18.352,0.185309,0.111583,0.081234,-2.475314,1.408797,2.226330,1.471828,-0.011315,0.059478,-0.010034,0.068637,-0.027895,-0.012774,0.012567
2025-12-16 17:44:18.402,0.184846,0.114289,0.080729,-2.472236,1.407692,2.225877,1.472327,-0.012809,0.048966,-0.010065,0.060644,-0.030966,-0.009710,0.004975
2025-12-16 17:44:18.452,0.184423,0.116812,0.080230,-2.469329,1.406551,2.225484,1.472797,-0.009191,0.047787,-0.008788,0.052620,-0.018263,-0.011194,0.014119
2025-12-16 17:44:18.502,0.184106,0.119289,0.079781,-2.466335,1.405469,2.225107,1.473323,-0.004048,0.047450,-0.008388,0.062945,-0.018718,-0.003812,0.011832
2025-12-16 17:44:18.553,0.183806,0.121767,0.079369,-2.463365,1.404416,2.224763,1.473919,-0.002052,0.054323,-0.011561,0.060200,-0.023479,-0.006086,0.010808
2025-12-16 17:44:18.601,0.183532,0.124627,0.079037,-2.459737,1.403310,2.224548,1.474753,-0.007918,0.058292,-0.008182,0.077579,-0.031462,-0.009182,0.011561
2025-12-16 17:44:18.652,0.183238,0.127693,0.078631,-2.455911,1.402119,2.224209,1.475628,-0.004322,0.060815,-0.010352,0.079205,-0.022176,-0.005777,0.026375
2025-12-16 17:44:18.702,0.182957,0.130587,0.078312,-2.452301,1.400956,2.223914,1.476619,-0.006514,0.053218,-0.007288,0.065125,-0.026822,-0.009159,0.019579
2025-12-16 17:44:18.752,0.182846,0.133094,0.078096,-2.448921,1.399797,2.223738,1.477732,0.001349,0.052092,-0.004850,0.069988,-0.024410,-0.000743,0.023249
2025-12-16 17:44:18.802,0.182762,0.135522,0.077955,-2.445777,1.398978,2.223624,1.478552,-0.000540,0.043174,-0.003394,0.060581,-0.014491,-0.000042,0.017428
2025-12-16 17:44:18.851,0.182752,0.137775,0.077862,-2.442528,1.398003,2.223507,1.479881,0.002109,0.050597,-0.004143,0.065770,-0.012127,0.000196,0.024960
2025-12-16 17:44:18.901,0.182719,0.140293,0.077748,-2.439427,1.397306,2.223484,1.480617,-0.001402,0.046382,-0.002467,0.060266,-0.014314,-0.000721,0.017873
2025-12-16 17:44:18.952,0.182712,0.142557,0.077600,-2.436265,1.396389,2.223423,1.481740,-0.000746,0.053547,-0.004977,0.070921,-0.010983,-0.001328,0.009462
2025-12-16 17:44:19.002,0.182577,0.145253,0.077425,-2.432903,1.395635,2.223229,1.482379,-0.000413,0.050773,-0.006310,0.068794,-0.014899,-0.008778,0.020077
2025-12-16 17:44:19.052,0.182336,0.147844,0.077100,-2.429796,1.394872,2.223001,1.482977,-0.007934,0.055484,-0.007006,0.057859,-0.010640,-0.008854,0.000918
2025-12-16 17:44:19.103,0.182033,0.150495,0.076752,-2.427015,1.393979,2.222668,1.483203,-0.005143,0.047027,-0.007744,0.053033,-0.019428,-0.000317,0.013634
2025-12-16 17:44:19.152,0.181636,0.152954,0.076389,-2.424635,1.393285,2.222375,1.483275,-0.003652,0.051698,-0.014551,0.050556,-0.014512,-0.008702,-0.001176
2025-12-16 17:44:19.202,0.181197,0.155541,0.075944,-2.422126,1.392511,2.222003,1.483280,-0.014111,0.050924,-0.014336,0.051016,-0.013924,-0.009114,-0.000132
2025-12-16 17:44:19.252,0.180747,0.158276,0.075515,-2.419490,1.391782,2.221670,1.483256,-0.007926,0.050948,-0.004999,0.051400,-0.016863,-0.005864,-0.000536
2025-12-16 17:44:19.302,0.180378,0.161073,0.075105,-2.416586,1.390957,2.221363,1.483253,-0.007549,0.060068,-0.001511,0.058166,-0.017663,-0.001865,-0.000235
2025-12-16 17:44:19.352,0.180016,0.164083,0.074674,-2.413498,1.390054,2.220978,1.483252,-0.012701,0.057750,-0.010484,0.061763,-0.021663,-0.013115,-0.000106
2025-12-16 17:44:19.402,0.179561,0.166617,0.074191,-2.410799,1.389115,2.220523,1.483255,-0.011722,0.047741,-0.010344,0.056286,-0.013415,-0.008127,0.000708
2025-12-16 17:44:19.452,0.179050,0.168904,0.073644,-2.408506,1.388310,2.220046,1.483245,-0.010070,0.039519,-0.011220,0.046470,-0.023977,-0.007377,-0.001788
2025-12-16 17:44:19.502,0.178576,0.170628,0.073155,-2.406495,1.387417,2.219563,1.483251,-0.011619,0.034317,-0.006452,0.035368,-0.018274,-0.001497,0.001101
2025-12-16 17:44:19.552,0.178191,0.172535,0.072732,-2.404627,1.386746,2.219164,1.483245,-0.006125,0.031918,-0.011273,0.038224,-0.010076,-0.012758,0.000821
2025-12-16 17:44:19.603,0.177835,0.174249,0.072366,-2.402965,1.386077,2.218798,1.483241,-0.010336,0.037572,-0.007215,0.033186,-0.012091,-0.003406,0.000549
2025-12-16 17:44:19.655,0.177300,0.176567,0.071859,-2.400741,1.385164,2.218293,1.483068,-0.010628,0.047860,-0.013304,0.045311,-0.015306,-0.001389,0.000577
2025-12-16 17:44:19.703,0.176847,0.178742,0.071422,-2.398767,1.384573,2.217910,1.482807,-0.007579,0.049594,-0.005371,0.040581,-0.011377,-0.008640,-0.003047
2025-12-16 17:44:19.751,0.176403,0.181076,0.071005,-2.396611,1.383982,2.217550,1.482583,-0.008396,0.050073,-0.006598,0.040325,-0.008107,-0.003134,-0.014878
2025-12-16 17:44:19.802,0.175961,0.183393,0.070615,-2.394708,1.383486,2.217236,1.482107,-0.003812,0.044410,-0.003072,0.031588,-0.015462,-0.005812,-0.004124
2025-12-16 17:44:19.852,0.175567,0.185334,0.070192,-2.392925,1.383030,2.216954,1.481784,-0.008969,0.037782,-0.006165,0.036967,-0.007062,0.000079,-0.018025
2025-12-16 17:44:19.902,0.175219,0.187253,0.069852,-2.391375,1.382643,2.216652,1.481321,-0.009234,0.030110,-0.007312,0.031318,-0.001080,-0.012496,-0.008636
2025-12-16 17:44:19.952,0.174840,0.189211,0.069528,-2.389681,1.382225,2.216406,1.480945,-0.006891,0.049248,-0.007708,0.037839,-0.010639,-0.000638,-0.015685
2025-12-16 17:44:20.002,0.174531,0.191525,0.069211,-2.387711,1.381870,2.216160,1.480522,-0.006091,0.042979,-0.009663,0.040711,-0.007387,-0.010358,-0.005074
2025-12-16 17:44:20.052,0.174164,0.194184,0.068856,-2.385279,1.381429,2.215902,1.480127,-0.002525,0.063477,-0.007845,0.047764,-0.003738,-0.005821,-0.012568
2025-12-16 17:44:20.102,0.173751,0.197093,0.068450,-2.382651,1.380978,2.215606,1.479662,-0.008592,0.060752,-0.011751,0.052915,-0.009099,-0.011971,-0.012375
2025-12-16 17:44:20.152,0.173300,0.200291,0.068013,-2.379862,1.380555,2.215338,1.478956,-0.012917,0.063210,-0.005379,0.055254,-0.007821,-0.008981,-0.017885
2025-12-16 17:44:20.203,0.172803,0.203935,0.067536,-2.376884,1.380140,2.215007,1.478083,-0.011743,0.071109,-0.008083,0.055322,-0.001082,-0.001707,-0.018904
2025-12-16 17:44:20.252,0.172376,0.207569,0.067147,-2.374082,1.379877,2.214726,1.477123,-0.008978,0.073335,-0.010834,0.053378,-0.001006,-0.002388,-0.026058
2025-12-16 17:44:20.302,0.171909,0.211156,0.066747,-2.371480,1.379644,2.214400,1.475908,-0.011972,0.067897,-0.011182,0.052585,-0.007908,-0.000797,-0.026838
2025-12-16 17:44:20.352,0.171402,0.214393,0.066297,-2.369297,1.379468,2.213991,1.474494,-0.011154,0.058575,-0.009596,0.040845,-0.004113,-0.004853,-0.030543
2025-12-16 17:44:20.402,0.170893,0.217224,0.065863,-2.367637,1.379366,2.213560,1.472806,-0.006787,0.048627,-0.006487,0.022888,-0.000335,-0.011139,-0.029732
2025-12-16 17:44:20.452,0.170379,0.219315,0.065454,-2.366758,1.379355,2.213261,1.471198,-0.009794,0.038023,-0.009102,0.013582,-0.000507,-0.003758,-0.037270
2025-12-16 17:44:20.502,0.169887,0.220803,0.065098,-2.366357,1.379352,2.213021,1.469614,-0.011541,0.024746,-0.012761,-0.000128,-0.000023,-0.001482,-0.032324
2025-12-16 17:44:20.552,0.169429,0.221479,0.064913,-2.366436,1.379352,2.212860,1.468322,-0.008182,0.008432,0.000567,-0.005172,-0.000231,-0.000379,-0.021261
2025-12-16 17:44:20.602,0.169311,0.221577,0.064817,-2.366820,1.379359,2.212854,1.467475,0.001485,-0.000037,0.000176,-0.011595,-0.000473,-0.000449,-0.017665
2025-12-16 17:44:20.652,0.169487,0.221571,0.064943,-2.367261,1.379660,2.212880,1.466887,0.000891,0.000376,0.009058,-0.014201,0.006078,0.003715,-0.011640
2025-12-16 17:44:20.702,0.169778,0.221554,0.065310,-2.367920,1.380565,2.213435,1.466175,0.004595,-0.002325,0.003994,-0.018530,0.023360,0.013725,-0.010342
2025-12-16 17:44:20.751,0.170204,0.221563,0.065749,-2.368821,1.381821,2.214191,1.465185,0.011287,0.001793,0.009649,-0.023574,0.027265,0.014971,-0.017684
2025-12-16 17:44:20.802,0.170688,0.221557,0.066277,-2.369878,1.383344,2.215105,1.463930,0.007292,-0.000279,0.010819,-0.020547,0.029994,0.022639,-0.033500
2025-12-16 17:44:20.852,0.171217,0.221623,0.066890,-2.371134,1.385308,2.216196,1.462236,0.006749,0.000637,0.012248,-0.029333,0.040382,0.021191,-0.034419
2025-12-16 17:44:20.902,0.171720,0.221776,0.067485,-2.372276,1.387240,2.217192,1.460666,0.011239,0.002944,0.016600,-0.022722,0.037503,0.021771,-0.032180
2025-12-16 17:44:20.951,0.172202,0.222191,0.068065,-2.373312,1.388974,2.218101,1.459126,0.011357,0.012677,0.013562,-0.020123,0.030783,0.020760,-0.025838
2025-12-16 17:44:21.002,0.172499,0.222516,0.068570,-2.374410,1.390396,2.218791,1.457508,-0.000343,0.008160,0.012230,-0.025762,0.023339,0.015150,-0.034771
2025-12-16 17:44:21.052,0.172585,0.222805,0.068924,-2.375380,1.391706,2.219252,1.455875,0.003417,0.008760,0.004482,-0.019517,0.021969,0.008625,-0.036030
2025-12-16 17:44:21.102,0.172590,0.223214,0.069004,-2.376357,1.392845,2.219512,1.454058,-0.000625,0.005428,-0.000105,-0.024384,0.018932,0.000119,-0.032288
2025-12-16 17:44:21.152,0.172427,0.223501,0.068978,-2.377140,1.393435,2.219545,1.452663,-0.007213,0.008244,-0.002642,-0.015625,0.010954,0.000090,-0.022662
2025-12-16 17:44:21.202,0.172204,0.223803,0.068847,-2.377739,1.393824,2.219537,1.451412,-0.005506,0.007121,-0.001433,-0.012818,0.001427,0.000317,-0.032948
2025-12-16 17:44:21.252,0.171959,0.224105,0.068721,-2.378342,1.394111,2.219504,1.450190,-0.007000,0.008214,-0.002680,-0.010238,0.007814,0.000760,-0.025684
2025-12-16 17:44:21.302,0.171768,0.224413,0.068595,-2.378906,1.394411,2.219447,1.449080,-0.003048,0.007205,-0.002199,-0.012105,0.004925,0.000507,-0.017748
2025-12-16 17:44:21.352,0.171674,0.224627,0.068561,-2.379468,1.394793,2.219410,1.448052,-0.000122,0.006399,-0.000887,-0.009140,0.005730,-0.000269,-0.014963
2025-12-16 17:44:21.402,0.171698,0.224702,0.068590,-2.379975,1.395265,2.219405,1.447220,-0.000159,0.002134,0.001385,-0.010060,0.011609,-0.000100,-0.017004
2025-12-16 17:44:21.452,0.171705,0.224916,0.068614,-2.380498,1.395889,2.219432,1.446226,-0.000916,0.004474,-0.001367,-0.006839,0.013061,0.000131,-0.019375
2025-12-16 17:44:21.502,0.171610,0.225243,0.068614,-2.381098,1.396443,2.219501,1.445101,-0.001576,0.009631,-0.000269,-0.012765,0.013898,0.001490,-0.021468
2025-12-16 17:44:21.552,0.171388,0.225671,0.068604,-2.381899,1.397113,2.219507,1.443526,-0.006377,0.006717,-0.000456,-0.015416,0.027903,-0.000292,-0.036282
2025-12-16 17:44:21.602,0.171279,0.226166,0.068608,-2.383032,1.398172,2.219595,1.441350,-0.001928,0.007172,0.000057,-0.025634,0.023166,0.000294,-0.046930
2025-12-16 17:44:21.652,0.171094,0.226741,0.068629,-2.384283,1.399414,2.219659,1.438840,-0.007651,0.011112,0.000313,-0.025400,0.031379,-0.000288,-0.051580
2025-12-16 17:44:21.702,0.170695,0.227446,0.068607,-2.385585,1.400612,2.219648,1.435980,-0.004873,0.015084,-0.001166,-0.025710,0.021125,0.000010,-0.056533
2025-12-16 17:44:21.752,0.170251,0.228282,0.068342,-2.386705,1.401323,2.219593,1.433282,-0.008412,0.022610,-0.008672,-0.020835,0.011789,-0.000640,-0.052443
2025-12-16 17:44:21.802,0.169727,0.229185,0.067916,-2.387589,1.401808,2.219217,1.430967,-0.013837,0.013958,-0.008910,-0.021029,0.007734,-0.004365,-0.039951
2025-12-16 17:44:21.852,0.169231,0.229859,0.067683,-2.388406,1.402224,2.218996,1.428907,-0.005937,0.010482,-0.003557,-0.017070,0.011670,-0.003364,-0.042965
2025-12-16 17:44:21.902,0.168835,0.230467,0.067625,-2.389227,1.402765,2.218885,1.426945,-0.010003,0.008702,-0.002756,-0.021351,0.019529,-0.002204,-0.039709
2025-12-16 17:44:21.952,0.168496,0.231049,0.067444,-2.389980,1.403342,2.218788,1.425183,-0.007979,0.011073,-0.005779,-0.012840,0.007689,-0.004402,-0.032396
2025-12-16 17:44:22.002,0.168139,0.231583,0.067249,-2.390622,1.403831,2.218667,1.423651,-0.005932,0.006674,-0.000888,-0.008535,0.005455,-0.007340,-0.025050
2025-12-16 17:44:22.052,0.167862,0.232111,0.067095,-2.391170,1.404182,2.218549,1.422397,-0.003131,0.006706,-0.000430,-0.013581,0.007948,-0.005718,-0.016755
2025-12-16 17:44:22.102,0.167749,0.232591,0.067060,-2.391618,1.404426,2.218474,1.421462,-0.002007,0.007492,0.000450,-0.012148,0.005106,-0.002582,-0.020601
2025-12-16 17:44:22.152,0.167731,0.232900,0.067052,-2.391885,1.404581,2.218436,1.420866,0.000382,0.003696,-0.001631,-0.000526,0.000333,0.000785,-0.009343
2025-12-16 17:44:22.205,0.167690,0.232891,0.067036,-2.391880,1.404633,2.218434,1.420733,-0.001635,-0.000709,-0.001068,-0.000451,0.000167,0.000044,0.000197
2025-12-16 17:44:22.252,0.167659,0.232904,0.067010,-2.391877,1.404653,2.218433,1.420690,-0.000235,0.000038,0.000125,0.001406,0.001528,-0.000363,0.000418
2025-12-16 17:44:22.302,0.167641,0.232902,0.066987,-2.391875,1.404659,2.218424,1.420688,-0.002174,-0.000354,-0.000096,0.000052,-0.004622,-0.002724,0.001102
2025-12-16 17:44:22.352,0.167572,0.232999,0.066866,-2.391638,1.404636,2.218247,1.420704,-0.002150,0.000713,-0.002300,0.009069,0.000056,-0.000531,0.000333
2025-12-16 17:44:22.402,0.167348,0.233452,0.066539,-2.390696,1.404156,2.217869,1.421537,-0.006180,0.011270,-0.010496,0.029869,-0.021043,-0.014983,0.030219
2025-12-16 17:44:22.452,0.166887,0.233908,0.065975,-2.388812,1.402395,2.217273,1.423629,-0.010047,0.012241,-0.009310,0.047728,-0.045253,-0.010029,0.048216
2025-12-16 17:44:22.502,0.166353,0.234533,0.065257,-2.386047,1.399994,2.216275,1.426210,-0.009064,0.014669,-0.014191,0.058983,-0.050549,-0.022433,0.048207
2025-12-16 17:44:22.552,0.165868,0.235793,0.064615,-2.382902,1.397764,2.215339,1.428339,-0.006532,0.029224,-0.012943,0.067528,-0.031479,-0.011008,0.037220
2025-12-16 17:44:22.603,0.165581,0.237820,0.064108,-2.379847,1.396474,2.214766,1.429484,-0.001049,0.051382,-0.005657,0.057937,-0.016539,-0.008578,0.011883
2025-12-16 17:44:22.653,0.165613,0.240294,0.064026,-2.377366,1.396162,2.214690,1.429785,0.000385,0.049995,0.000224,0.039277,-0.003883,-0.000425,0.000342
2025-12-16 17:44:22.702,0.165647,0.242484,0.064070,-2.375703,1.396163,2.214682,1.429560,0.000373,0.035186,0.000184,0.025401,-0.000357,-0.000516,-0.009261
2025-12-16 17:44:22.752,0.165656,0.243837,0.064106,-2.374908,1.396242,2.214719,1.428848,0.001628,0.020350,0.001390,0.009155,0.001869,0.000293,-0.014961
2025-12-16 17:44:22.802,0.165671,0.244364,0.064174,-2.374527,1.396447,2.214920,1.428352,0.000053,0.009142,0.000977,0.004111,0.000392,0.009350,-0.004887
2025-12-16 17:44:22.855,0.165757,0.244509,0.064257,-2.374491,1.396672,2.214979,1.428228,0.000480,-0.000423,0.000713,0.001610,0.003389,0.000730,-0.001880
2025-12-16 17:44:22.905,0.165843,0.244519,0.064372,-2.374500,1.396868,2.215193,1.428106,-0.000597,-0.000134,0.002568,0.004056,0.005779,0.000092,0.000177
2025-12-16 17:44:22.953,0.165894,0.244933,0.064443,-2.374398,1.397056,2.215233,1.427902,0.001985,0.011150,0.000871,0.003512,0.003560,0.003320,-0.003975
2025-12-16 17:44:23.002,0.165992,0.245594,0.064528,-2.373977,1.397267,2.215382,1.427721,0.001615,0.018707,0.003189,0.011846,0.002734,0.000160,-0.001529
2025-12-16 17:44:23.052,0.166028,0.246629,0.064581,-2.373060,1.397329,2.215427,1.427571,-0.000425,0.027517,-0.000026,0.021871,-0.000075,-0.000367,-0.004223
2025-12-16 17:44:23.101,0.166015,0.247820,0.064575,-2.371990,1.397334,2.215432,1.427441,0.000416,0.018701,-0.002318,0.019718,-0.000244,0.000053,0.001016
2025-12-16 17:44:23.152,0.166013,0.248869,0.064571,-2.370987,1.397330,2.215430,1.427398,0.000308,0.020041,-0.000765,0.019470,0.000784,0.000093,-0.000955
2025-12-16 17:44:23.202,0.166001,0.249861,0.064571,-2.370020,1.397316,2.215427,1.427378,-0.001025,0.014821,0.000878,0.016853,-0.000005,0.000168,0.001157
2025-12-16 17:44:23.252,0.165988,0.250789,0.064546,-2.369174,1.397303,2.215428,1.427369,-0.000843,0.015865,-0.002600,0.013995,0.000238,0.000577,-0.000072
2025-12-16 17:44:23.302,0.165991,0.251579,0.064542,-2.368496,1.397290,2.215426,1.427318,-0.000948,0.016281,-0.000502,0.012430,0.000380,0.000513,-0.005139
2025-12-16 17:44:23.352,0.165994,0.252288,0.064544,-2.367871,1.397289,2.215428,1.427115,0.000438,0.013223,0.000149,0.009589,-0.000195,-0.000129,0.000378
2025-12-16 17:44:23.402,0.166021,0.253041,0.064569,-2.367267,1.397311,2.215582,1.426811,-0.000220,0.016960,0.002485,0.011214,0.000139,0.004330,-0.005076
2025-12-16 17:44:23.452,0.166066,0.253960,0.064600,-2.366634,1.397502,2.215726,1.426509,0.001415,0.021960,-0.000249,0.013400,0.003582,0.003965,-0.008325
2025-12-16 17:44:23.502,0.166159,0.255107,0.064726,-2.365929,1.397811,2.215990,1.426187,0.001301,0.021728,0.003367,0.012951,0.008990,0.000562,-0.007414
2025-12-16 17:44:23.552,0.166297,0.256004,0.064894,-2.365409,1.398127,2.216203,1.425863,0.001819,0.015200,0.003068,0.011958,0.010974,0.001480,-0.007373
2025-12-16 17:44:23.602,0.166337,0.256608,0.064943,-2.364905,1.398274,2.216280,1.425650,-0.000082,0.012934,-0.000940,0.006134,0.000897,0.006034,-0.001689
2025-12-16 17:44:23.653,0.166327,0.257089,0.064943,-2.364450,1.398287,2.216322,1.425632,-0.000723,0.004409,-0.000801,0.012900,-0.000331,-0.000258,0.000558
2025-12-16 17:44:23.701,0.166325,0.257556,0.064935,-2.364079,1.398288,2.216328,1.425629,-0.001364,0.010432,0.000377,0.006345,-0.000360,0.000572,-0.000515
2025-12-16 17:44:23.752,0.166399,0.257959,0.064977,-2.363909,1.398407,2.216421,1.425399,0.001383,0.007561,0.000520,0.000065,0.007187,0.011061,-0.008860
2025-12-16 17:44:23.802,0.166399,0.258139,0.064998,-2.363918,1.398692,2.216550,1.425052,-0.000375,0.000929,-0.000720,0.000221,0.002742,0.000746,-0.006178
2025-12-16 17:44:23.852,0.166405,0.258157,0.065006,-2.363915,1.398828,2.216615,1.424837,0.000083,-0.000271,0.000373,-0.000337,0.000255,-0.000471,-0.000964
2025-12-16 17:44:23.902,0.166407,0.258627,0.065007,-2.363620,1.398831,2.216620,1.424812,-0.000865,0.012739,0.000308,0.012945,-0.000233,0.000115,-0.000858
2025-12-16 17:44:23.951,0.166402,0.259399,0.065007,-2.362954,1.398832,2.216618,1.424815,-0.002049,0.021076,-0.000069,0.015821,-0.000318,-0.000353,0.000774
2025-12-16 17:44:24.002,0.166395,0.260710,0.065000,-2.361694,1.398821,2.216616,1.424807,-0.000133,0.025081,-0.002587,0.024087,-0.000111,0.000142,-0.000809
2025-12-16 17:44:24.052,0.166382,0.261685,0.064989,-2.360766,1.398807,2.216612,1.424627,-0.000124,0.017208,-0.000145,0.013151,-0.000066,0.000400,-0.012031
2025-12-16 17:44:24.106,0.166365,0.262313,0.064966,-2.360200,1.398800,2.216613,1.424473,0.000296,0.008126,0.001147,0.006881,0.000108,0.000298,0.000176
2025-12-16 17:44:24.152,0.166358,0.262763,0.064957,-2.359740,1.398798,2.216612,1.424468,-0.001008,0.013933,0.000323,0.011624,-0.000582,-0.000277,0.000875
2025-12-16 17:44:24.202,0.166364,0.262966,0.064955,-2.359565,1.398780,2.216613,1.424461,0.000212,0.003454,0.005102,0.000088,-0.000473,0.000395,-0.001927
2025-12-16 17:44:24.252,0.166360,0.262984,0.064949,-2.359562,1.398779,2.216613,1.424462,0.001413,-0.002016,0.001000,-0.000194,-0.000064,0.000187,-0.001831
2025-12-16 17:44:24.303,0.166391,0.263427,0.064981,-2.359412,1.398804,2.216635,1.424287,0.000521,0.014506,0.003528,0.005926,0.004977,0.009534,-0.006502
2025-12-16 17:44:24.352,0.166555,0.264172,0.065208,-2.359127,1.399293,2.217111,1.423731,0.010789,0.019926,0.008334,0.009246,0.020683,0.008355,-0.008261
2025-12-16 17:44:24.402,0.167041,0.265457,0.065695,-2.358597,1.400502,2.217816,1.422773,0.010330,0.033119,0.013002,0.013599,0.033093,0.018787,-0.024902
2025-12-16 17:44:24.452,0.167549,0.267133,0.066242,-2.357982,1.402038,2.218755,1.421555,0.006549,0.038477,0.011491,0.012419,0.032932,0.021446,-0.029519
2025-12-16 17:44:24.502,0.168023,0.269323,0.066746,-2.356944,1.403388,2.219718,1.420451,0.005735,0.042203,0.006295,0.019870,0.022323,0.014632,-0.015254
2025-12-16 17:44:24.551,0.168286,0.271100,0.066958,-2.356050,1.404122,2.220660,1.419720,0.004166,0.031177,-0.001080,0.018171,0.001923,0.032790,-0.009958
2025-12-16 17:44:24.602,0.167683,0.273226,0.066188,-2.355472,1.405089,2.222536,1.418873,-0.018688,0.055388,-0.014522,0.020331,0.046904,0.027067,-0.028446
2025-12-16 17:44:24.652,0.168871,0.278226,0.067239,-2.352920,1.409448,2.224856,1.416812,0.055504,0.131625,0.052541,0.071214,0.116881,0.077695,-0.068471
2025-12-16 17:44:24.702,0.171810,0.286645,0.070248,-2.348950,1.416259,2.229713,1.412008,0.056672,0.184504,0.062798,0.077294,0.149923,0.091441,-0.111685
2025-12-16 17:44:24.751,0.174756,0.296616,0.073378,-2.344416,1.424122,2.234596,1.406346,0.061996,0.208639,0.061904,0.094490,0.164467,0.106836,-0.123267
2025-12-16 17:44:24.802,0.177841,0.306265,0.076657,-2.340485,1.432587,2.239668,1.399841,0.053007,0.164663,0.062246,0.061271,0.160314,0.097430,-0.118377
2025-12-16 17:44:24.852,0.180147,0.312527,0.079122,-2.338276,1.439049,2.243338,1.395148,0.035938,0.099989,0.037338,0.033436,0.097340,0.051270,-0.088109
2025-12-16 17:44:24.902,0.180868,0.316133,0.080064,-2.337234,1.441877,2.244718,1.392037,0.003146,0.037431,0.005809,0.012547,0.023687,0.004793,-0.033100
2025-12-16 17:44:24.952,0.180670,0.316376,0.079874,-2.336938,1.441966,2.244781,1.391703,-0.011217,-0.005788,-0.010757,0.008132,-0.010336,-0.006461,-0.000032
2025-12-16 17:44:25.002,0.180087,0.315749,0.079171,-2.336363,1.440196,2.243751,1.393008,-0.011953,-0.019606,-0.016265,0.012768,-0.044893,-0.025653,0.044654
2025-12-16 17:44:25.051,0.179464,0.314764,0.078315,-2.335806,1.437536,2.242426,1.395236,-0.014542,-0.014472,-0.017356,0.012437,-0.058424,-0.032290,0.047562
2025-12-16 17:44:25.102,0.178650,0.313670,0.077341,-2.335266,1.434876,2.240990,1.397323,-0.018423,-0.017501,-0.019517,0.007727,-0.047088,-0.024501,0.030796
2025-12-16 17:44:25.152,0.177880,0.312596,0.076482,-2.335172,1.432913,2.239816,1.398578,-0.015225,-0.019429,-0.015554,0.000020,-0.035080,-0.020101,0.018711
2025-12-16 17:44:25.202,0.177394,0.311905,0.076006,-2.335217,1.431969,2.239170,1.399199,-0.006374,-0.012826,-0.006176,0.000349,-0.003502,-0.005698,0.001234
2025-12-16 17:44:25.252,0.177408,0.311636,0.076025,-2.335272,1.431854,2.239087,1.399277,0.002992,0.000137,0.003533,0.001205,-0.000432,0.001004,-0.000201
2025-12-16 17:44:25.301,0.177501,0.311696,0.076185,-2.335371,1.431902,2.239172,1.399184,0.001098,0.000618,0.000811,-0.000729,0.008077,0.008226,-0.000975
2025-12-16 17:44:25.352,0.177619,0.311789,0.076330,-2.335426,1.432269,2.239480,1.398785,0.000544,0.001255,0.001619,-0.000682,0.006467,0.001127,-0.007513
2025-12-16 17:44:25.402,0.177611,0.311765,0.076338,-2.335444,1.432347,2.239507,1.398752,-0.000981,-0.000136,-0.001150,-0.001498,0.000639,0.000063,-0.001397
2025-12-16 17:44:25.453,0.177596,0.311772,0.076297,-2.335443,1.432347,2.239501,1.398753,0.000618,0.000519,0.000660,-0.000015,0.000309,-0.000255,-0.000615
2025-12-16 17:44:25.503,0.177568,0.311770,0.076240,-2.335441,1.432334,2.239467,1.398761,0.000179,-0.000623,-0.002659,0.002535,-0.001063,-0.000423,0.001042
2025-12-16 17:44:25.552,0.177566,0.311741,0.076228,-2.335538,1.432330,2.239446,1.398750,0.000799,-0.000023,-0.000239,-0.002495,-0.000411,-0.000218,-0.002409
2025-12-16 17:44:25.602,0.177570,0.311478,0.076232,-2.335981,1.432326,2.239434,1.398704,-0.000144,-0.008406,-0.000196,-0.013265,-0.000558,-0.000186,0.000262
2025-12-16 17:44:25.652,0.177553,0.310862,0.076229,-2.336512,1.432330,2.239439,1.398693,-0.000768,-0.013486,-0.000548,-0.010182,-0.000078,0.000409,-0.000937
2025-12-16 17:44:25.702,0.177571,0.310294,0.076240,-2.337074,1.432331,2.239429,1.398662,0.001979,-0.008464,0.004407,-0.010053,0.000445,0.000094,-0.002322
2025-12-16 17:44:25.753,0.177527,0.309994,0.076241,-2.337294,1.432331,2.239337,1.398663,-0.007131,0.000459,-0.000574,0.002884,0.000178,-0.000517,0.000533
2025-12-16 17:44:25.802,0.177360,0.309887,0.076054,-2.337283,1.432247,2.239075,1.398694,-0.000559,-0.006098,-0.003788,0.001515,-0.001417,-0.010456,-0.000432
2025-12-16 17:44:25.852,0.177003,0.309457,0.075741,-2.337296,1.431686,2.238666,1.399101,-0.008507,-0.010945,-0.005287,-0.000256,-0.008136,-0.009061,0.011965
2025-12-16 17:44:25.902,0.176561,0.308865,0.075315,-2.337292,1.430817,2.238150,1.399629,-0.006973,-0.010542,-0.010160,0.000226,-0.021699,-0.011322,0.002122
2025-12-16 17:44:25.952,0.176210,0.308234,0.074931,-2.337351,1.429862,2.237636,1.400280,-0.006154,-0.018823,-0.001460,-0.003426,-0.016469,-0.010221,0.016556
2025-12-16 17:44:26.002,0.176020,0.307182,0.074725,-2.337861,1.429047,2.237159,1.401007,-0.003950,-0.019120,-0.004514,-0.012543,-0.018644,-0.008764,0.012096
2025-12-16 17:44:26.052,0.175860,0.305915,0.074570,-2.338621,1.428524,2.236783,1.401427,-0.002370,-0.028681,-0.000732,-0.015600,-0.011195,-0.009045,0.002665
2025-12-16 17:44:26.102,0.175778,0.304657,0.074526,-2.339511,1.428331,2.236656,1.401544,-0.002029,-0.026916,-0.000813,-0.019483,-0.003710,-0.004953,0.001429
2025-12-16 17:44:26.151,0.175718,0.303759,0.074465,-2.340285,1.428259,2.236541,1.401628,-0.003388,-0.012567,-0.001156,-0.014007,-0.000330,-0.004033,0.001284
2025-12-16 17:44:26.202,0.175644,0.303066,0.074431,-2.340975,1.428199,2.236417,1.401684,-0.004585,-0.014714,-0.000809,-0.012255,-0.004909,-0.000912,0.000168
2025-12-16 17:44:26.252,0.175606,0.302403,0.074389,-2.341565,1.428129,2.236338,1.401774,-0.000228,-0.011587,0.000963,-0.003133,-0.000165,-0.000016,0.001250
2025-12-16 17:44:26.302,0.175634,0.302168,0.074397,-2.341767,1.428126,2.236332,1.401779,0.000193,0.000386,0.001732,0.000755,-0.000636,0.000779,0.001383
2025-12-16 17:44:26.352,0.175627,0.302175,0.074400,-2.341755,1.428127,2.236338,1.401849,0.000206,0.000846,-0.000028,-0.000572,0.000129,0.000380,0.013097
2025-12-16 17:44:26.402,0.175647,0.302140,0.074405,-2.341753,1.428123,2.236348,1.402028,0.002990,-0.000707,0.000078,0.000113,-0.000545,0.000108,0.004085
2025-12-16 17:44:26.452,0.175699,0.302066,0.074437,-2.341752,1.428127,2.236369,1.402200,0.002082,-0.002093,0.000456,0.000210,-0.000223,-0.000107,0.003068
2025-12-16 17:44:26.503,0.175804,0.302054,0.074524,-2.341752,1.428126,2.236439,1.402255,0.001578,-0.001084,0.002993,-0.003835,0.000336,0.001935,0.000366
2025-12-16 17:44:26.552,0.175852,0.302049,0.074613,-2.341751,1.428126,2.236563,1.402251,-0.000355,-0.000193,0.003003,0.000020,-0.000345,0.000304,-0.000410
2025-12-16 17:44:26.601,0.175873,0.302058,0.074640,-2.341751,1.428130,2.236571,1.402238,-0.000040,0.000116,0.001296,0.000971,-0.000421,0.000010,-0.000898
2025-12-16 17:44:26.652,0.175859,0.302056,0.074638,-2.341765,1.428136,2.236586,1.402186,0.001043,-0.000545,0.000608,0.001166,-0.000435,0.000780,-0.004453
2025-12-16 17:44:26.702,0.175856,0.302060,0.074636,-2.341821,1.428153,2.236586,1.401870,0.000024,-0.000623,-0.000458,-0.001837,-0.000218,0.000341,-0.001161
2025-12-16 17:44:26.752,0.175867,0.301945,0.074671,-2.342162,1.428195,2.236584,1.401807,-0.000594,-0.005998,0.002487,-0.004088,0.002522,-0.000440,-0.002141
2025-12-16 17:44:26.802,0.175916,0.301724,0.074745,-2.342460,1.428235,2.236610,1.401812,0.004341,-0.003937,0.000858,-0.001727,0.000421,0.000420,0.000888
2025-12-16 17:44:26.852,0.176006,0.301618,0.074772,-2.342413,1.428241,2.236783,1.401873,0.006567,-0.000206,0.005194,-0.001094,-0.000701,0.006541,0.006114
2025-12-16 17:44:26.901,0.176130,0.301689,0.074859,-2.342100,1.428244,2.236845,1.402242,0.000929,0.001626,0.002041,0.011375,0.000125,0.001829,-0.000431
2025-12-16 17:44:26.952,0.176203,0.301765,0.074951,-2.341649,1.428248,2.236870,1.402422,0.000340,-0.000822,0.000026,0.002547,0.000375,0.004218,0.007329
2025-12-16 17:44:27.002,0.176181,0.301776,0.074943,-2.341613,1.428250,2.236881,1.402449,0.000814,0.000592,0.000785,0.000674,0.000068,0.000676,0.000236
2025-12-16 17:44:27.052,0.176193,0.301772,0.074946,-2.341631,1.428249,2.236878,1.402457,-0.000320,0.000404,0.000176,0.002218,0.000024,0.000528,-0.000193
2025-12-16 17:44:27.102,0.176188,0.301770,0.074945,-2.341638,1.428249,2.236875,1.402455,0.000212,-0.000510,-0.000610,0.000004,-0.000060,-0.000441,-0.000034
2025-12-16 17:44:27.152,0.176197,0.301807,0.074948,-2.341597,1.428249,2.236877,1.402460,0.000373,-0.000866,-0.000300,0.001871,0.000227,0.000053,0.000506
2025-12-16 17:44:27.202,0.176180,0.302030,0.074941,-2.341355,1.428248,2.236881,1.402461,-0.001340,0.006607,-0.001425,0.006290,-0.000139,0.004966,0.002702
2025-12-16 17:44:27.253,0.176191,0.302394,0.074943,-2.341108,1.428249,2.236875,1.402478,0.000320,0.004285,0.000234,0.001189,-0.000216,-0.000539,0.000196
2025-12-16 17:44:27.302,0.176192,0.302395,0.074947,-2.341119,1.428250,2.236877,1.402479,-0.000906,-0.000652,-0.000301,0.001640,0.000283,-0.000326,0.000807
2025-12-16 17:44:27.353,0.176200,0.302406,0.074946,-2.341128,1.428248,2.236878,1.402480,0.000916,0.000114,0.000111,-0.000521,0.000271,-0.000041,0.001045
2025-12-16 17:44:27.402,0.176192,0.302391,0.074943,-2.341122,1.428249,2.236882,1.402471,0.000586,-0.000605,-0.000890,0.001117,0.000008,0.000371,-0.001263
2025-12-16 17:44:27.452,0.176200,0.302401,0.074947,-2.341127,1.428247,2.236897,1.402478,0.001333,-0.000230,-0.000578,-0.000273,-0.000245,-0.000510,0.000870
2025-12-16 17:44:27.502,0.176193,0.302397,0.074948,-2.341127,1.428246,2.236914,1.402473,-0.000512,-0.000815,-0.000559,-0.000315,-0.000244,0.000207,-0.000269
2025-12-16 17:44:27.552,0.176199,0.302393,0.074948,-2.341127,1.428247,2.236917,1.402479,-0.000167,-0.000704,-0.000491,0.000480,0.000054,0.000032,0.001025
2025-12-16 17:44:27.602,0.176202,0.302398,0.074947,-2.341127,1.428249,2.236918,1.402473,-0.000649,-0.000152,-0.001039,0.000098,-0.000282,0.000065,-0.000498
2025-12-16 17:44:27.652,0.176203,0.302392,0.074953,-2.341126,1.428248,2.236929,1.402474,-0.000833,-0.000514,0.000647,-0.000302,0.000645,0.000691,-0.000443
2025-12-16 17:44:27.702,0.176206,0.302394,0.074950,-2.341127,1.428252,2.236942,1.402477,-0.000860,-0.001423,0.000944,0.000156,-0.000334,0.000301,0.000142
2025-12-16 17:44:27.753,0.176210,0.302395,0.074959,-2.341133,1.428261,2.236957,1.402472,-0.001081,-0.001157,-0.000021,-0.000276,-0.000128,0.001345,0.000245
2025-12-16 17:44:27.802,0.176212,0.302394,0.074958,-2.341134,1.428266,2.236962,1.402472,-0.000559,-0.000429,0.000063,-0.000486,0.000037,0.003762,0.000534
2025-12-16 17:44:27.852,0.176216,0.302396,0.074959,-2.341130,1.428272,2.236963,1.402466,0.000354,-0.000325,-0.000114,0.001013,0.000214,0.000442,-0.001508
2025-12-16 17:44:27.901,0.176216,0.302395,0.074961,-2.341134,1.428271,2.236967,1.402473,-0.000505,-0.000300,0.000691,-0.000725,0.000119,0.000254,0.000410
2025-12-16 17:44:27.952,0.176217,0.302394,0.074962,-2.341133,1.428277,2.236971,1.402466,0.000009,-0.001624,-0.000141,-0.000328,0.000245,0.000336,-0.001444
2025-12-16 17:44:28.002,0.176226,0.302401,0.074974,-2.341143,1.428290,2.236986,1.402461,-0.000141,0.001872,-0.000185,-0.003216,-0.000309,0.001672,-0.000507
