timestamp,p1,p2,p3,p4,p5,p6,p7,v1,v2,v3,v4,v5,v6,v7
2025-12-16 17:36:46.702,0.150320,0.355719,0.054957,-2.219948,1.351141,2.190887,1.476295,0.000657,-0.000522,-0.000579,-0.000366,0.001376,0.000096,0.000815
2025-12-16 17:36:46.752,0.150322,0.355720,0.054957,-2.219950,1.351142,2.190887,1.476290,0.000795,-0.000308,0.000027,-0.000849,0.000213,0.000253,-0.001465
2025-12-16 17:36:46.802,0.150318,0.355722,0.054959,-2.219949,1.351141,2.190885,1.476297,-0.000061,0.000735,0.000072,0.000247,-0.000143,0.000082,0.000041
2025-12-16 17:36:46.852,0.150317,0.355720,0.054960,-2.219956,1.351145,2.190889,1.476301,-0.000172,0.000188,0.000428,-0.000164,-0.000113,0.000790,0.002013
2025-12-16 17:36:46.902,0.150315,0.355720,0.054958,-2.219956,1.351146,2.190890,1.476288,-0.000420,-0.000316,0.000390,0.000067,-0.000073,-0.000123,-0.001645
2025-12-16 17:36:46.952,0.150315,0.355719,0.054959,-2.219957,1.351146,2.190890,1.476300,-0.001262,-0.000366,-0.000726,-0.000700,-0.000236,-0.000297,0.001268
2025-12-16 17:36:47.002,0.150318,0.355720,0.054961,-2.219963,1.351145,2.190890,1.476300,0.000102,0.000214,0.001026,-0.001647,-0.000330,0.000285,0.000715
2025-12-16 17:36:47.052,0.150320,0.355720,0.054959,-2.219957,1.351147,2.190890,1.476300,0.000410,0.000221,0.000480,-0.000219,0.000081,0.000243,0.001746
2025-12-16 17:36:47.103,0.150317,0.355722,0.054958,-2.219961,1.351146,2.190889,1.476302,-0.000419,0.001106,-0.000052,-0.000994,-0.000175,-0.000209,0.000354
2025-12-16 17:36:47.152,0.150315,0.355719,0.054959,-2.219956,1.351145,2.190890,1.476301,-0.001582,-0.000383,-0.000332,0.000935,-0.000450,-0.000071,0.000992
2025-12-16 17:36:47.202,0.150321,0.355717,0.054966,-2.219973,1.351149,2.190890,1.476299,0.000298,-0.000505,0.001413,-0.000227,-0.000391,0.000275,0.001788
2025-12-16 17:36:47.252,0.150326,0.355717,0.054976,-2.220087,1.351198,2.190918,1.476258,-0.000653,-0.000932,0.004466,-0.004173,-0.000377,0.000186,0.000709
2025-12-16 17:36:47.302,0.150334,0.355709,0.054987,-2.220094,1.351224,2.190931,1.476199,-0.001292,-0.001104,0.000026,-0.000091,-0.000591,0.000588,0.001402
2025-12-16 17:36:47.352,0.150345,0.355712,0.054995,-2.220104,1.351229,2.190930,1.476198,0.000729,0.000063,0.001541,-0.000295,0.000587,0.000121,0.000839
2025-12-16 17:36:47.402,0.150342,0.355718,0.054992,-2.220104,1.351235,2.190937,1.476175,-0.000104,0.001683,-0.000355,0.000135,0.001308,-0.000317,-0.000382
2025-12-16 17:36:47.452,0.150344,0.355714,0.054989,-2.220107,1.351243,2.190948,1.476154,0.000378,0.000836,-0.000999,-0.001417,-0.000222,-0.000006,-0.001479
2025-12-16 17:36:47.502,0.150346,0.355714,0.054993,-2.220104,1.351245,2.190947,1.476159,0.000141,0.000250,-0.000034,0.000481,0.000012,0.000378,-0.000569
2025-12-16 17:36:47.551,0.150344,0.355716,0.054995,-2.220102,1.351253,2.190949,1.476161,0.000595,0.001120,0.000283,0.000430,0.000357,0.004974,-0.000166
2025-12-16 17:36:47.601,0.150352,0.355653,0.054995,-2.220100,1.351251,2.190951,1.476164,0.001062,-0.004773,0.000618,-0.000121,0.000214,0.000279,0.000005
2025-12-16 17:36:47.652,0.150411,0.355254,0.054991,-2.220078,1.351237,2.190944,1.476485,0.005619,-0.007803,-0.000429,-0.000258,0.000303,-0.001271,0.016666
2025-12-16 17:36:47.703,0.150492,0.354808,0.054999,-2.219948,1.351190,2.190931,1.477095,0.000388,-0.006542,0.001410,-0.000646,0.000558,-0.000163,0.013087
2025-12-16 17:36:47.752,0.150551,0.354509,0.055004,-2.219685,1.350945,2.190891,1.477692,0.003288,-0.000144,0.000235,0.008126,-0.009108,-0.007100,0.016302
2025-12-16 17:36:47.802,0.150545,0.354452,0.054975,-2.219330,1.350586,2.190746,1.478299,0.000220,0.000646,-0.000437,0.006634,-0.004428,-0.001094,0.008760
2025-12-16 17:36:47.853,0.150535,0.354424,0.054940,-2.219168,1.350254,2.190588,1.478826,0.000834,-0.002575,0.000042,0.000823,-0.012295,-0.009009,0.010684
2025-12-16 17:36:47.901,0.150537,0.354217,0.054851,-2.218849,1.349915,2.190409,1.479483,-0.001162,-0.004421,0.000369,0.007999,-0.006535,-0.002513,0.016066
2025-12-16 17:36:47.953,0.150545,0.353718,0.054821,-2.218318,1.349383,2.190159,1.480505,-0.000046,-0.011374,-0.000128,0.009087,-0.013008,-0.009374,0.020212
2025-12-16 17:36:48.002,0.150546,0.353316,0.054615,-2.217717,1.348669,2.189777,1.481738,0.000503,-0.003886,-0.004365,0.011702,-0.023543,-0.008894,0.023801
2025-12-16 17:36:48.051,0.150532,0.353060,0.054363,-2.217097,1.347850,2.189424,1.482942,0.000529,-0.004275,-0.006779,0.011846,-0.017393,-0.008711,0.028889
2025-12-16 17:36:48.102,0.150510,0.352972,0.054103,-2.216346,1.347034,2.189007,1.484122,0.000922,-0.000815,-0.003425,0.015248,-0.018698,-0.009284,0.030411
2025-12-16 17:36:48.152,0.150499,0.352695,0.054006,-2.215687,1.346220,2.188613,1.485317,0.000462,-0.008914,-0.000745,0.010394,-0.011094,-0.012062,0.021974
2025-12-16 17:36:48.202,0.150514,0.352128,0.053989,-2.215178,1.345590,2.188313,1.486418,0.000302,-0.014733,-0.000574,0.009340,-0.014508,-0.003557,0.022215
2025-12-16 17:36:48.251,0.150538,0.351380,0.053996,-2.215019,1.345065,2.188196,1.487563,0.000175,-0.013555,0.001830,0.001677,-0.010908,-0.001998,0.026593
2025-12-16 17:36:48.302,0.150600,0.350305,0.053964,-2.215064,1.344536,2.188035,1.488933,-0.000320,-0.024996,-0.001151,0.000174,-0.015772,-0.000472,0.030279
2025-12-16 17:36:48.352,0.150842,0.348783,0.053963,-2.215170,1.343988,2.187872,1.490471,0.005169,-0.031796,-0.000504,-0.003955,-0.011812,-0.003316,0.028493
2025-12-16 17:36:48.402,0.151242,0.347190,0.053998,-2.215395,1.343439,2.187656,1.492064,0.010489,-0.028577,0.002210,-0.001824,-0.013611,-0.009476,0.036920
2025-12-16 17:36:48.452,0.151583,0.345398,0.054048,-2.215652,1.342769,2.187498,1.493945,0.005108,-0.035669,0.001408,-0.003423,-0.020152,-0.008414,0.034568
2025-12-16 17:36:48.502,0.151712,0.343602,0.054049,-2.215647,1.341883,2.187170,1.495990,0.003268,-0.033977,-0.000282,0.000389,-0.022582,-0.008440,0.043211
2025-12-16 17:36:48.552,0.151918,0.341949,0.054042,-2.215656,1.340975,2.186924,1.497905,0.004163,-0.027620,-0.001267,-0.000431,-0.012587,-0.008713,0.033708
2025-12-16 17:36:48.602,0.152196,0.340347,0.054092,-2.216023,1.340415,2.186860,1.499385,0.006023,-0.030576,0.002418,-0.011811,-0.009380,0.000963,0.018161
2025-12-16 17:36:48.652,0.152474,0.338930,0.054245,-2.216559,1.340226,2.186843,1.500384,0.007031,-0.022844,0.004457,-0.007902,-0.000912,0.000081,0.018164
2025-12-16 17:36:48.702,0.152596,0.338082,0.054339,-2.216991,1.340146,2.186843,1.501016,0.004515,-0.009396,-0.001500,-0.007421,-0.004759,-0.000089,0.005074
2025-12-16 17:36:48.751,0.152624,0.337658,0.054346,-2.217065,1.340009,2.186840,1.501484,0.000129,-0.008605,-0.000647,0.000815,-0.006105,-0.000459,0.006117
2025-12-16 17:36:48.802,0.152629,0.337534,0.054350,-2.216859,1.339809,2.186834,1.501678,0.000475,0.000521,-0.000007,0.004762,-0.008313,0.000113,0.001390
2025-12-16 17:36:48.852,0.152609,0.337539,0.054321,-2.216723,1.339573,2.186711,1.501922,-0.001290,0.000187,0.000544,0.003202,-0.003934,0.000062,0.009511
2025-12-16 17:36:48.902,0.152603,0.337545,0.054309,-2.216549,1.339318,2.186589,1.502255,-0.000549,0.001018,-0.000262,0.006295,-0.002674,-0.006938,0.004987
2025-12-16 17:36:48.952,0.152612,0.337319,0.054305,-2.216463,1.339086,2.186502,1.502697,-0.000411,-0.010802,-0.000548,-0.003629,-0.012219,-0.002121,0.007565
2025-12-16 17:36:49.003,0.152625,0.336759,0.054306,-2.216449,1.338834,2.186365,1.503277,0.000436,-0.013363,0.000977,0.000520,-0.003745,-0.000263,0.016975
2025-12-16 17:36:49.052,0.152765,0.336058,0.054305,-2.216493,1.338493,2.186317,1.504156,0.003684,-0.020384,0.000409,-0.004578,-0.004996,-0.001006,0.020965
2025-12-16 17:36:49.102,0.153048,0.334844,0.054304,-2.216680,1.338046,2.186193,1.505411,0.007941,-0.028877,-0.000424,-0.004810,-0.005222,-0.000148,0.024813
2025-12-16 17:36:49.153,0.153408,0.333217,0.054463,-2.217039,1.337622,2.186166,1.506920,0.003748,-0.034040,0.005016,-0.008231,-0.011009,0.000210,0.027091
2025-12-16 17:36:49.201,0.153816,0.331146,0.054724,-2.217643,1.337332,2.186166,1.508489,0.009667,-0.045430,0.006123,-0.010782,-0.004283,-0.000421,0.029909
2025-12-16 17:36:49.252,0.154282,0.328657,0.055060,-2.218485,1.337048,2.186182,1.510325,0.009553,-0.053532,0.006463,-0.021958,-0.002622,-0.000494,0.037933
2025-12-16 17:36:49.302,0.154787,0.325934,0.055408,-2.219562,1.336745,2.186236,1.512261,0.009582,-0.053813,0.008722,-0.018034,-0.002371,0.001606,0.038040
2025-12-16 17:36:49.352,0.155319,0.323452,0.055749,-2.220467,1.336416,2.186435,1.514294,0.011312,-0.050287,0.008247,-0.015442,-0.006975,0.000526,0.037423
2025-12-16 17:36:49.402,0.155893,0.320969,0.056117,-2.221399,1.336103,2.186558,1.516299,0.011732,-0.050069,0.010762,-0.018924,-0.006845,0.001522,0.033064
2025-12-16 17:36:49.452,0.156454,0.318445,0.056409,-2.222463,1.335815,2.186662,1.518057,0.013925,-0.054206,0.005037,-0.016492,-0.005344,-0.000124,0.039297
2025-12-16 17:36:49.502,0.156933,0.315934,0.056520,-2.223362,1.335361,2.186671,1.519928,0.006694,-0.050843,0.002029,-0.017865,-0.008250,-0.000247,0.050798
2025-12-16 17:36:49.552,0.157264,0.313558,0.056532,-2.224007,1.334538,2.186622,1.521997,0.005579,-0.039786,-0.000598,-0.009686,-0.016742,-0.000739,0.040635
2025-12-16 17:36:49.602,0.157284,0.311463,0.056478,-2.224401,1.333310,2.186134,1.524162,-0.000290,-0.038353,-0.005958,-0.009062,-0.027415,-0.013946,0.039219
2025-12-16 17:36:49.652,0.157268,0.309405,0.056145,-2.224720,1.331775,2.185368,1.526337,-0.001938,-0.041730,-0.009591,-0.004512,-0.031277,-0.019479,0.045105
2025-12-16 17:36:49.702,0.156936,0.307291,0.055697,-2.225021,1.330113,2.184264,1.528360,-0.012638,-0.041975,-0.004768,-0.002124,-0.034386,-0.020298,0.033224
2025-12-16 17:36:49.752,0.156450,0.305093,0.055146,-2.225163,1.328291,2.182980,1.530374,-0.011494,-0.049084,-0.009799,0.000132,-0.039042,-0.026655,0.037828
2025-12-16 17:36:49.803,0.155988,0.302828,0.054537,-2.225219,1.326248,2.181608,1.532591,-0.009737,-0.048985,-0.011957,0.000595,-0.046090,-0.027296,0.054248
2025-12-16 17:36:49.852,0.155427,0.300228,0.053740,-2.225234,1.323813,2.179882,1.535285,-0.011318,-0.050379,-0.013904,0.001102,-0.050252,-0.038577,0.054866
2025-12-16 17:36:49.901,0.154746,0.297460,0.052827,-2.225214,1.321001,2.177971,1.538350,-0.016762,-0.058583,-0.015856,-0.000240,-0.056857,-0.044354,0.065016
2025-12-16 17:36:49.955,0.153951,0.294350,0.051765,-2.225147,1.317765,2.175776,1.541920,-0.016301,-0.059071,-0.016200,0.002113,-0.059164,-0.039920,0.066145
2025-12-16 17:36:50.002,0.153351,0.291440,0.050913,-2.225233,1.315246,2.173852,1.544872,-0.011807,-0.066331,-0.016470,-0.001521,-0.053319,-0.039718,0.068232
2025-12-16 17:36:50.053,0.152777,0.288080,0.050116,-2.225591,1.312645,2.172084,1.547877,-0.011815,-0.064346,-0.014260,-0.009021,-0.049580,-0.034960,0.057691
2025-12-16 17:36:50.101,0.152286,0.285103,0.049481,-2.226060,1.310493,2.170564,1.550486,-0.010067,-0.060109,-0.011042,-0.011673,-0.038946,-0.026730,0.051671
2025-12-16 17:36:50.152,0.151767,0.282456,0.048825,-2.226430,1.308437,2.169091,1.553022,-0.007972,-0.043242,-0.011664,-0.000354,-0.038244,-0.022311,0.044886
2025-12-16 17:36:50.201,0.151321,0.280598,0.048255,-2.226408,1.306720,2.167917,1.555041,-0.007400,-0.028925,-0.009253,-0.000794,-0.028970,-0.019783,0.034944
2025-12-16 17:36:50.252,0.150955,0.279136,0.047724,-2.226271,1.305193,2.166823,1.556820,-0.000496,-0.021767,-0.008853,0.009867,-0.031096,-0.018810,0.024794
2025-12-16 17:36:50.302,0.150734,0.278004,0.047279,-2.225979,1.303982,2.165964,1.558297,-0.004021,-0.023674,-0.007843,0.006036,-0.021471,-0.010138,0.025360
2025-12-16 17:36:50.351,0.150541,0.277065,0.047018,-2.225959,1.303049,2.165298,1.559436,-0.004557,-0.018786,-0.007471,0.001001,-0.013413,-0.010506,0.020763
2025-12-16 17:36:50.402,0.150448,0.276057,0.046855,-2.226103,1.302369,2.164786,1.560334,-0.000459,-0.022520,-0.000097,-0.003830,-0.010530,-0.009668,0.016936
2025-12-16 17:36:50.452,0.150419,0.275023,0.046795,-2.226292,1.301825,2.164508,1.561024,-0.000510,-0.018834,-0.000463,-0.002033,-0.009528,-0.002051,0.017209
2025-12-16 17:36:50.502,0.150432,0.273910,0.046797,-2.226582,1.301429,2.164282,1.561859,0.001787,-0.020106,0.000964,-0.007471,-0.009338,-0.005887,0.022234
2025-12-16 17:36:50.552,0.150428,0.272598,0.046782,-2.227123,1.301041,2.164108,1.562716,-0.000206,-0.029118,-0.000401,-0.015644,-0.016245,-0.000467,0.022920
2025-12-16 17:36:50.602,0.150421,0.270931,0.046695,-2.227833,1.300569,2.163840,1.563731,-0.000194,-0.033962,-0.000213,-0.014361,-0.013500,-0.000470,0.025783
2025-12-16 17:36:50.652,0.150490,0.269128,0.046693,-2.228546,1.300095,2.163653,1.564935,0.000339,-0.038951,-0.000360,-0.017403,-0.007804,0.000140,0.029132
2025-12-16 17:36:50.702,0.150612,0.266914,0.046698,-2.229565,1.299585,2.163388,1.566327,0.002022,-0.047078,0.000238,-0.022664,-0.010114,-0.006620,0.031572
2025-12-16 17:36:50.751,0.150644,0.264756,0.046694,-2.230515,1.298988,2.163066,1.567719,-0.000474,-0.041961,-0.000388,-0.016760,-0.013479,-0.006884,0.029720
2025-12-16 17:36:50.802,0.150877,0.262749,0.046698,-2.231505,1.298507,2.162900,1.568948,0.006457,-0.036819,-0.001291,-0.025877,-0.003780,-0.000553,0.010430
2025-12-16 17:36:50.853,0.151327,0.260911,0.046954,-2.232665,1.298480,2.162911,1.569960,0.011570,-0.033803,0.006243,-0.030954,-0.000657,0.000129,0.016241
2025-12-16 17:36:50.902,0.151596,0.259374,0.047148,-2.233762,1.298481,2.162917,1.570578,0.001258,-0.031906,0.005970,-0.028694,0.000137,-0.000477,0.017039
2025-12-16 17:36:50.951,0.151741,0.257803,0.047224,-2.234866,1.298468,2.162926,1.571212,0.001409,-0.031655,0.001313,-0.021988,0.000084,-0.000020,0.009551
2025-12-16 17:36:51.002,0.151903,0.256360,0.047317,-2.235826,1.298457,2.162964,1.571820,0.004769,-0.024937,0.004263,-0.016540,0.000061,0.000431,0.013188
2025-12-16 17:36:51.051,0.152016,0.255184,0.047411,-2.236630,1.298451,2.163114,1.572303,0.002076,-0.019951,0.000600,-0.013908,-0.000326,0.001999,0.012806
2025-12-16 17:36:51.102,0.152184,0.254011,0.047539,-2.237502,1.298448,2.163127,1.572637,-0.000839,-0.023384,0.000243,-0.016781,-0.000151,0.000211,0.005882
2025-12-16 17:36:51.151,0.152377,0.252740,0.047655,-2.238484,1.298448,2.163187,1.572943,0.005030,-0.028221,0.005893,-0.021465,0.000774,0.000319,0.003721
2025-12-16 17:36:51.202,0.152555,0.251426,0.047859,-2.239691,1.298444,2.163401,1.573038,0.004866,-0.027084,0.008518,-0.023799,-0.000247,0.001676,0.003385
2025-12-16 17:36:51.252,0.152914,0.250042,0.048165,-2.241186,1.298491,2.163770,1.573125,0.004409,-0.028957,0.010141,-0.033214,0.011550,0.013999,0.002942
2025-12-16 17:36:51.302,0.153369,0.248472,0.048622,-2.242989,1.298943,2.164242,1.573130,0.010860,-0.033891,0.010709,-0.036023,0.004118,0.005026,0.001687
2025-12-16 17:36:51.352,0.153858,0.247060,0.049119,-2.244643,1.299690,2.164849,1.573123,0.009274,-0.025256,0.010221,-0.026999,0.017689,0.007075,-0.000801
2025-12-16 17:36:51.402,0.154308,0.246114,0.049581,-2.245854,1.300366,2.165518,1.573119,0.011665,-0.012950,0.005687,-0.024358,0.008598,0.012453,0.000509
2025-12-16 17:36:51.451,0.154697,0.245395,0.049926,-2.246650,1.300844,2.166048,1.573114,0.005626,-0.013936,0.002035,-0.014000,0.006109,0.017557,0.000031
2025-12-16 17:36:51.502,0.154884,0.244675,0.050099,-2.247294,1.301094,2.166300,1.573116,0.000570,-0.012947,0.001296,-0.011363,0.001159,0.004887,0.001745
2025-12-16 17:36:51.552,0.154911,0.244021,0.050122,-2.247897,1.301214,2.166354,1.573121,0.000855,-0.014109,-0.001443,-0.013026,0.000279,0.003199,-0.000373
2025-12-16 17:36:51.602,0.155040,0.243243,0.050292,-2.248843,1.301492,2.166561,1.573122,0.005044,-0.017072,0.003454,-0.027567,0.002255,0.006152,0.000862
2025-12-16 17:36:51.652,0.155376,0.242229,0.050606,-2.250386,1.302006,2.166990,1.572961,0.008797,-0.024479,0.009032,-0.035329,0.016666,0.012536,-0.015588
2025-12-16 17:36:51.702,0.155754,0.240951,0.051028,-2.252485,1.302921,2.167553,1.572199,0.011658,-0.031390,0.009467,-0.045416,0.017899,0.020131,-0.019473
2025-12-16 17:36:51.752,0.156137,0.239500,0.051464,-2.254868,1.304007,2.168316,1.571316,0.007079,-0.029066,0.005724,-0.045408,0.023793,0.009956,-0.024326
2025-12-16 17:36:51.802,0.156446,0.238289,0.051876,-2.257022,1.305006,2.169003,1.570462,0.010133,-0.024476,0.010775,-0.042542,0.007591,0.013988,-0.012969
2025-12-16 17:36:51.852,0.156729,0.237174,0.052220,-2.258956,1.305885,2.169579,1.569763,0.010146,-0.020535,0.007735,-0.032685,0.015365,0.014542,-0.003379
2025-12-16 17:36:51.901,0.156953,0.235880,0.052466,-2.260741,1.306583,2.170060,1.569205,0.002619,-0.030746,0.005445,-0.037269,0.014977,0.010708,-0.009781
2025-12-16 17:36:51.951,0.157088,0.234447,0.052629,-2.262467,1.307143,2.170334,1.568820,0.003939,-0.025539,0.003259,-0.033850,0.012480,0.006704,-0.013384
2025-12-16 17:36:52.002,0.157274,0.232906,0.052821,-2.264535,1.307726,2.170721,1.568335,0.003227,-0.033961,0.001095,-0.049323,0.013464,0.008645,-0.007089
2025-12-16 17:36:52.052,0.157611,0.231160,0.053192,-2.266735,1.308458,2.171149,1.567966,0.007085,-0.033838,0.010220,-0.045766,0.012140,0.008320,-0.006653
2025-12-16 17:36:52.101,0.157920,0.229422,0.053549,-2.268732,1.309067,2.171513,1.567693,0.006721,-0.035380,0.008664,-0.039792,0.006046,0.006616,-0.010646
2025-12-16 17:36:52.151,0.158117,0.227401,0.053816,-2.271132,1.309691,2.171836,1.567301,0.002645,-0.039770,0.003563,-0.053242,0.014549,0.002657,-0.009705
2025-12-16 17:36:52.202,0.158174,0.225234,0.053922,-2.273828,1.310379,2.172190,1.566675,-0.000079,-0.039296,-0.000343,-0.053025,0.010618,0.004069,-0.008380
2025-12-16 17:36:52.251,0.158217,0.223246,0.054027,-2.276444,1.311059,2.172480,1.565947,0.003512,-0.039209,0.005043,-0.051637,0.019602,0.003230,-0.009025
2025-12-16 17:36:52.302,0.158299,0.221384,0.054185,-2.278850,1.311661,2.172687,1.565314,0.001501,-0.035847,0.005082,-0.044965,0.011804,0.002452,-0.007746
2025-12-16 17:36:52.352,0.158369,0.219830,0.054316,-2.280993,1.312195,2.172843,1.564741,0.000130,-0.027373,0.002504,-0.041334,0.010208,0.004729,-0.010224
2025-12-16 17:36:52.401,0.158398,0.218380,0.054382,-2.283175,1.312722,2.173016,1.564019,0.000739,-0.029198,0.004649,-0.048894,0.007672,0.001651,-0.021447
2025-12-16 17:36:52.452,0.158397,0.216822,0.054455,-2.285729,1.313447,2.173245,1.562859,0.000620,-0.031894,0.002144,-0.052532,0.012086,0.014288,-0.029311
2025-12-16 17:36:52.502,0.158392,0.215362,0.054586,-2.288607,1.314539,2.173621,1.561166,-0.000450,-0.027484,0.005675,-0.062241,0.021747,0.008950,-0.045514
2025-12-16 17:36:52.552,0.158394,0.213819,0.054839,-2.291808,1.315915,2.174070,1.559207,-0.000636,-0.033577,-0.000276,-0.059971,0.030629,0.010200,-0.039239
2025-12-16 17:36:52.602,0.158443,0.212448,0.055143,-2.294877,1.317288,2.174619,1.557199,0.001894,-0.021954,0.003270,-0.056368,0.032987,0.010517,-0.034184
2025-12-16 17:36:52.652,0.158684,0.211356,0.055529,-2.297802,1.318955,2.175477,1.555280,0.003776,-0.017149,0.005220,-0.055871,0.033242,0.026144,-0.035085
2025-12-16 17:36:52.701,0.159045,0.210497,0.055955,-2.300412,1.320596,2.176398,1.553370,0.007103,-0.014899,0.011768,-0.053428,0.029336,0.020537,-0.043197
2025-12-16 17:36:52.753,0.159462,0.209566,0.056435,-2.303137,1.322488,2.177417,1.551322,0.004314,-0.020873,0.014519,-0.054104,0.037745,0.022610,-0.039305
2025-12-16 17:36:52.802,0.159868,0.208664,0.056914,-2.305928,1.324387,2.178453,1.549124,0.008100,-0.018413,0.008423,-0.055022,0.038965,0.023388,-0.043553
2025-12-16 17:36:52.852,0.160271,0.207886,0.057420,-2.308806,1.326271,2.179485,1.546898,0.009440,-0.012279,0.011320,-0.054582,0.026673,0.018564,-0.043303
2025-12-16 17:36:52.901,0.160576,0.207260,0.057909,-2.311514,1.328131,2.180424,1.544756,0.004897,-0.015783,0.006358,-0.054489,0.033337,0.020688,-0.039043
2025-12-16 17:36:52.952,0.160910,0.206540,0.058374,-2.314015,1.329826,2.181315,1.542861,0.006102,-0.011958,0.009670,-0.046405,0.031494,0.016585,-0.036726
2025-12-16 17:36:53.002,0.161249,0.205903,0.058828,-2.316191,1.331403,2.182163,1.541046,0.005451,-0.012864,0.010498,-0.045039,0.031748,0.013265,-0.038629
2025-12-16 17:36:53.052,0.161548,0.205287,0.059253,-2.318318,1.332989,2.182976,1.539290,0.002855,-0.012293,0.009376,-0.045706,0.035840,0.012706,-0.037221
2025-12-16 17:36:53.102,0.161809,0.204747,0.059612,-2.320341,1.334478,2.183728,1.537623,0.001582,-0.011261,0.011847,-0.042432,0.027457,0.015640,-0.030429
2025-12-16 17:36:53.152,0.162020,0.204240,0.059912,-2.322127,1.335786,2.184385,1.536196,0.001264,-0.008650,0.006386,-0.028809,0.018465,0.015275,-0.028121
2025-12-16 17:36:53.201,0.162155,0.203704,0.060096,-2.323564,1.336653,2.184860,1.535169,0.003328,-0.012455,0.000409,-0.026413,0.015024,0.008372,-0.008597
2025-12-16 17:36:53.251,0.162127,0.203076,0.060088,-2.325149,1.337307,2.185044,1.534040,-0.001931,-0.007972,-0.001053,-0.033929,0.006435,0.000731,-0.023366
2025-12-16 17:36:53.302,0.161994,0.201980,0.060028,-2.327046,1.337600,2.185050,1.533195,-0.003902,-0.025063,0.000239,-0.035336,0.001774,-0.000720,-0.017694
2025-12-16 17:36:53.352,0.161844,0.200666,0.059949,-2.328878,1.337884,2.185042,1.532342,-0.001297,-0.030308,-0.003318,-0.032602,0.002859,-0.000561,-0.016474
2025-12-16 17:36:53.401,0.161772,0.199168,0.059902,-2.330604,1.338038,2.185034,1.531878,-0.001219,-0.029924,-0.000322,-0.032031,0.011330,0.000637,-0.009189
2025-12-16 17:36:53.451,0.161655,0.197896,0.059874,-2.332345,1.338245,2.185014,1.531393,-0.001387,-0.027955,-0.000289,-0.037803,0.001677,-0.000058,-0.010788
2025-12-16 17:36:53.502,0.161530,0.196555,0.059809,-2.334338,1.338586,2.184998,1.530696,-0.001139,-0.022774,-0.000843,-0.039265,0.004477,0.000122,-0.021888
2025-12-16 17:36:53.554,0.161475,0.195505,0.059798,-2.336296,1.339154,2.185002,1.529595,0.000708,-0.021772,0.000454,-0.040945,0.016277,0.001518,-0.023114
2025-12-16 17:36:53.602,0.161488,0.194644,0.059840,-2.338390,1.340117,2.185113,1.528090,0.000203,-0.014421,0.000603,-0.039874,0.019253,0.007268,-0.031275
2025-12-16 17:36:53.652,0.161507,0.193940,0.059976,-2.340234,1.341070,2.185536,1.526803,0.001106,-0.015871,0.001477,-0.035744,0.021281,0.006637,-0.024402
2025-12-16 17:36:53.701,0.161514,0.193336,0.060089,-2.341917,1.341998,2.185908,1.525485,0.000968,-0.009657,0.000845,-0.033352,0.018504,0.006526,-0.022641
2025-12-16 17:36:53.751,0.161519,0.192801,0.060181,-2.343480,1.342918,2.186271,1.524156,0.000473,-0.009299,0.002227,-0.031110,0.023553,0.009437,-0.027163
2025-12-16 17:36:53.801,0.161519,0.192378,0.060308,-2.345013,1.343771,2.186604,1.522696,-0.001406,-0.006005,-0.000014,-0.029226,0.021414,0.001184,-0.028746
2025-12-16 17:36:53.852,0.161522,0.192091,0.060419,-2.346481,1.344732,2.186957,1.521228,0.000369,-0.006853,0.004951,-0.030545,0.014746,0.002310,-0.030962
2025-12-16 17:36:53.901,0.161510,0.191772,0.060438,-2.348236,1.345692,2.187263,1.519530,-0.000526,-0.009319,0.000547,-0.037722,0.017717,0.007747,-0.035279
2025-12-16 17:36:53.952,0.161505,0.191273,0.060454,-2.350109,1.346575,2.187577,1.517985,-0.000201,-0.011842,0.000840,-0.036423,0.018330,0.002446,-0.032384
2025-12-16 17:36:54.001,0.161509,0.190691,0.060489,-2.351940,1.347448,2.187840,1.516651,0.000299,-0.010341,-0.000415,-0.039004,0.016028,0.001005,-0.031238
2025-12-16 17:36:54.052,0.161496,0.189639,0.060515,-2.353937,1.348054,2.187951,1.515707,0.000634,-0.016501,0.000197,-0.038024,0.008140,0.004092,-0.020081
2025-12-16 17:36:54.102,0.161488,0.188346,0.060538,-2.355937,1.348644,2.188076,1.514806,-0.000078,-0.032764,0.000729,-0.043578,0.014002,0.001467,-0.023455
2025-12-16 17:36:54.152,0.161474,0.186825,0.060567,-2.358196,1.349271,2.188188,1.513754,-0.000235,-0.026602,0.002789,-0.045789,0.017877,0.004983,-0.023688
2025-12-16 17:36:54.202,0.161458,0.185545,0.060636,-2.360469,1.349952,2.188400,1.512632,0.001596,-0.027241,0.001055,-0.051918,0.016140,0.009144,-0.020674
2025-12-16 17:36:54.252,0.161372,0.184391,0.060671,-2.362630,1.350575,2.188442,1.511522,0.000045,-0.021653,0.002025,-0.042147,0.004772,0.000277,-0.020255
2025-12-16 17:36:54.302,0.161297,0.183259,0.060678,-2.364378,1.351097,2.188559,1.510712,-0.001605,-0.022411,-0.000303,-0.029908,0.003966,0.000869,-0.016043
2025-12-16 17:36:54.355,0.161269,0.182313,0.060686,-2.365783,1.351550,2.188607,1.510057,0.000721,-0.018458,0.001031,-0.031074,0.012127,0.003989,-0.008589
2025-12-16 17:36:54.402,0.161273,0.181595,0.060739,-2.367019,1.351951,2.188663,1.509461,-0.000780,-0.009844,0.005427,-0.019031,0.006346,-0.000023,-0.016556
2025-12-16 17:36:54.452,0.161277,0.181065,0.060865,-2.368079,1.352385,2.188852,1.508818,0.000357,-0.009488,0.001055,-0.023978,0.011661,0.004308,-0.005964
2025-12-16 17:36:54.502,0.161279,0.180546,0.060997,-2.369224,1.352971,2.189086,1.508011,0.000284,-0.009454,0.003555,-0.023806,0.013569,0.007820,-0.023083
2025-12-16 17:36:54.552,0.161308,0.180026,0.061205,-2.370386,1.353714,2.189417,1.507215,0.002334,-0.007160,0.002277,-0.022616,0.019173,0.006644,-0.012222
2025-12-16 17:36:54.602,0.161419,0.179578,0.061429,-2.371556,1.354601,2.189758,1.506317,0.006704,-0.010318,0.001939,-0.030124,0.017666,0.014018,-0.019904
2025-12-16 17:36:54.652,0.161643,0.179312,0.061712,-2.372826,1.355724,2.190259,1.505054,0.005105,-0.000417,0.009678,-0.024133,0.026008,0.015286,-0.022683
2025-12-16 17:36:54.702,0.161887,0.179298,0.062110,-2.373994,1.356837,2.190817,1.503918,0.005036,0.000736,0.007139,-0.024205,0.024194,0.006333,-0.018423
2025-12-16 17:36:54.752,0.162154,0.179291,0.062408,-2.374829,1.357740,2.191322,1.503153,0.004598,-0.000377,0.005435,-0.006991,0.011246,0.006349,-0.004916
2025-12-16 17:36:54.802,0.162204,0.179198,0.062488,-2.375213,1.358176,2.191514,1.502938,-0.000621,-0.002659,0.000091,-0.006197,0.003157,0.000119,-0.000094
2025-12-16 17:36:54.852,0.162198,0.179035,0.062476,-2.375501,1.358207,2.191518,1.502829,-0.001066,-0.000150,-0.001448,-0.009068,-0.000200,0.000008,-0.015950
2025-12-16 17:36:54.902,0.162164,0.179099,0.062452,-2.375659,1.358213,2.191526,1.502437,-0.001064,-0.000599,0.000806,0.000386,-0.000452,0.000267,-0.002810
2025-12-16 17:36:54.952,0.162193,0.179061,0.062473,-2.375657,1.358307,2.191523,1.502341,0.001577,-0.000027,0.000902,-0.001080,-0.000036,-0.000168,-0.007536
2025-12-16 17:36:55.002,0.162168,0.179081,0.062457,-2.375652,1.358342,2.191524,1.502261,0.000366,-0.000683,0.000303,-0.000174,0.000035,-0.000247,-0.001381
2025-12-16 17:36:55.052,0.162178,0.179074,0.062463,-2.375749,1.358378,2.191531,1.502121,-0.000463,0.000494,0.002448,-0.004899,0.000190,0.000419,-0.006397
2025-12-16 17:36:55.102,0.162199,0.179071,0.062546,-2.376236,1.358868,2.191757,1.501667,0.002486,-0.000419,0.001700,-0.009998,0.012428,0.009363,-0.014702
2025-12-16 17:36:55.152,0.162187,0.179072,0.062561,-2.377037,1.359461,2.191990,1.500584,-0.001151,-0.001278,0.000016,-0.022552,0.007542,0.002368,-0.032372
2025-12-16 17:36:55.202,0.162175,0.179082,0.062550,-2.377977,1.360081,2.192227,1.499416,0.000752,-0.000272,0.001174,-0.017522,0.019211,0.005686,-0.024277
2025-12-16 17:36:55.252,0.162191,0.179337,0.062682,-2.378748,1.361056,2.192554,1.497984,0.001269,0.001653,0.003663,-0.014574,0.018834,0.005420,-0.029276
2025-12-16 17:36:55.302,0.162213,0.179322,0.062835,-2.379463,1.361807,2.192846,1.496996,0.000659,0.000935,0.001204,-0.014080,0.016581,0.005683,-0.027082
2025-12-16 17:36:55.351,0.162218,0.179322,0.062884,-2.380132,1.362366,2.193039,1.496147,0.000576,0.000061,-0.000009,-0.015991,0.012273,0.003937,-0.010670
2025-12-16 17:36:55.402,0.162214,0.179338,0.062892,-2.380854,1.362865,2.193231,1.495327,0.002838,-0.001977,0.002608,-0.011448,0.010673,0.000279,-0.012410
2025-12-16 17:36:55.453,0.162236,0.179458,0.063059,-2.381521,1.363510,2.193520,1.494414,0.001560,0.004657,0.003036,-0.011829,0.018722,0.002361,-0.019164
2025-12-16 17:36:55.502,0.162227,0.179771,0.063063,-2.382200,1.364081,2.193665,1.493247,-0.001088,0.010498,-0.001111,-0.010757,0.011305,0.004113,-0.026300
2025-12-16 17:36:55.552,0.162223,0.180413,0.063078,-2.382607,1.364650,2.193892,1.492198,0.000347,0.017994,0.001418,-0.000595,0.018337,0.000887,-0.014917
2025-12-16 17:36:55.602,0.162291,0.181533,0.063287,-2.382531,1.365475,2.194329,1.491008,-0.000807,0.026462,0.003817,0.001235,0.016822,0.009344,-0.028948
2025-12-16 17:36:55.653,0.162414,0.182763,0.063404,-2.382118,1.366203,2.194776,1.490107,0.005454,0.028619,-0.000664,0.012003,0.014483,0.007530,-0.020786
2025-12-16 17:36:55.702,0.162497,0.184243,0.063551,-2.381588,1.367019,2.195249,1.488937,0.002831,0.029209,0.004288,0.013132,0.013043,0.008148,-0.021158
2025-12-16 17:36:55.753,0.162760,0.185889,0.063832,-2.381052,1.368133,2.195842,1.487713,0.007726,0.028226,0.008724,0.008317,0.018082,0.012110,-0.019502
2025-12-16 17:36:55.802,0.162972,0.187202,0.064149,-2.380763,1.369052,2.196426,1.486598,0.006377,0.021196,0.003408,0.002755,0.015174,0.009548,-0.021258
2025-12-16 17:36:55.852,0.163181,0.188044,0.064404,-2.380703,1.369898,2.196964,1.485692,0.003320,0.014038,0.004583,0.000291,0.014703,0.013242,-0.016647
2025-12-16 17:36:55.902,0.163365,0.188782,0.064588,-2.380663,1.370596,2.197401,1.484993,0.001870,0.011705,0.001637,-0.001394,0.012780,0.004747,-0.006217
2025-12-16 17:36:55.952,0.163438,0.189326,0.064680,-2.380646,1.371127,2.197648,1.484438,0.001292,0.013177,0.000646,-0.000039,0.012045,0.001448,-0.003333
2025-12-16 17:36:56.002,0.163440,0.189952,0.064689,-2.380540,1.371408,2.197719,1.483946,-0.000489,0.009989,-0.000191,0.003827,0.002013,0.001703,-0.006609
2025-12-16 17:36:56.051,0.163444,0.190679,0.064690,-2.380221,1.371648,2.197820,1.483361,0.001429,0.015636,0.000057,0.008637,0.007995,0.008721,-0.019472
2025-12-16 17:36:56.102,0.163420,0.191616,0.064684,-2.379887,1.371971,2.197931,1.482492,-0.000227,0.014427,0.000206,0.002042,0.013101,0.000203,-0.018528
2025-12-16 17:36:56.152,0.163408,0.192871,0.064679,-2.379395,1.372381,2.198115,1.481586,-0.000432,0.029111,-0.000971,0.011391,0.005684,0.001140,-0.022026
2025-12-16 17:36:56.203,0.163411,0.194753,0.064687,-2.378552,1.372862,2.198305,1.480639,-0.000636,0.039298,0.000382,0.015635,0.005037,0.009088,-0.020213
2025-12-16 17:36:56.252,0.163412,0.196640,0.064701,-2.377600,1.373380,2.198561,1.479667,-0.001017,0.037737,-0.000010,0.023270,0.015365,0.003943,-0.026217
2025-12-16 17:36:56.303,0.163275,0.198557,0.064677,-2.376849,1.373904,2.198732,1.478297,-0.003238,0.031547,-0.001404,0.013416,0.006306,0.002151,-0.027099
2025-12-16 17:36:56.352,0.163217,0.200068,0.064678,-2.376352,1.374514,2.198972,1.477059,0.001117,0.032591,-0.001084,0.007796,0.017422,0.011759,-0.033430
2025-12-16 17:36:56.403,0.163199,0.201354,0.064679,-2.376257,1.375351,2.199268,1.475443,-0.000044,0.020342,-0.000387,-0.004951,0.017274,0.012634,-0.032709
2025-12-16 17:36:56.452,0.163211,0.202537,0.064798,-2.376280,1.376437,2.199712,1.473863,-0.001729,0.025410,0.003232,-0.000378,0.019281,0.011432,-0.029626
2025-12-16 17:36:56.502,0.163257,0.203625,0.065082,-2.376497,1.377583,2.200217,1.472397,0.001100,0.020507,0.006800,-0.008282,0.021997,0.013770,-0.025639
2025-12-16 17:36:56.552,0.163534,0.204823,0.065410,-2.376543,1.378838,2.200874,1.470918,0.007173,0.026847,0.004260,0.003145,0.026518,0.016284,-0.029098
2025-12-16 17:36:56.601,0.163966,0.206402,0.065877,-2.376383,1.380319,2.201734,1.469401,0.010673,0.032422,0.009277,0.003020,0.034173,0.015034,-0.025618
2025-12-16 17:36:56.652,0.164461,0.208202,0.066394,-2.376250,1.381961,2.202683,1.467639,0.009388,0.038120,0.011523,0.001293,0.033502,0.018825,-0.035031
2025-12-16 17:36:56.702,0.164870,0.210118,0.066894,-2.376213,1.383661,2.203607,1.465573,0.007709,0.040213,0.012516,-0.000474,0.031802,0.022276,-0.038753
2025-12-16 17:36:56.751,0.165106,0.212102,0.067299,-2.375989,1.385275,2.204402,1.463537,0.005879,0.036627,0.005306,0.005723,0.023472,0.013714,-0.035405
2025-12-16 17:36:56.802,0.165231,0.214088,0.067574,-2.375760,1.386787,2.205091,1.461423,0.003979,0.038123,0.006022,0.004143,0.031292,0.013360,-0.047127
2025-12-16 17:36:56.852,0.165257,0.215869,0.067676,-2.375660,1.387996,2.205574,1.459414,-0.001005,0.029968,0.001163,-0.000022,0.015722,0.007430,-0.036609
2025-12-16 17:36:56.902,0.165080,0.217334,0.067654,-2.375785,1.388738,2.205688,1.457395,-0.002743,0.027323,0.000151,-0.008351,0.011127,0.000043,-0.043908
2025-12-16 17:36:56.952,0.164662,0.218623,0.067426,-2.375956,1.389243,2.205682,1.455352,-0.006392,0.026522,-0.003280,0.000218,0.009958,0.000624,-0.042470
2025-12-16 17:36:57.002,0.164430,0.220109,0.067320,-2.375815,1.389790,2.205681,1.453648,-0.005340,0.033239,-0.000046,0.004532,0.016400,0.000029,-0.037680
2025-12-16 17:36:57.053,0.164201,0.221824,0.067220,-2.375673,1.390361,2.205678,1.451886,-0.005414,0.029245,-0.004220,-0.001668,0.009799,-0.000771,-0.023860
2025-12-16 17:36:57.102,0.163848,0.223041,0.067010,-2.375522,1.390612,2.205647,1.450462,-0.008023,0.025787,-0.006957,0.008279,0.007925,-0.000561,-0.034264
2025-12-16 17:36:57.155,0.163398,0.224263,0.066616,-2.375270,1.390728,2.205426,1.449068,-0.010819,0.019472,-0.009154,0.001248,0.007669,-0.005068,-0.022210
2025-12-16 17:36:57.201,0.163026,0.225166,0.066406,-2.375318,1.390966,2.205339,1.447759,-0.008848,0.016948,-0.002309,-0.002152,0.000543,-0.007732,-0.031087
2025-12-16 17:36:57.252,0.162866,0.225784,0.066298,-2.375528,1.391226,2.205247,1.446603,-0.002395,0.007713,-0.001254,-0.002315,0.002209,0.000608,-0.013705
2025-12-16 17:36:57.302,0.162809,0.226212,0.066286,-2.375849,1.391490,2.205186,1.445739,-0.000322,0.007560,-0.000242,-0.006527,0.005079,-0.000359,-0.020292
2025-12-16 17:36:57.351,0.162818,0.226459,0.066299,-2.376206,1.391887,2.205183,1.445033,-0.000627,0.004261,0.000523,-0.009201,0.011440,0.000087,-0.015897
2025-12-16 17:36:57.401,0.162804,0.226569,0.066294,-2.376591,1.392397,2.205210,1.444262,-0.000542,0.000601,-0.001289,-0.007493,0.010630,0.000768,-0.009637
2025-12-16 17:36:57.452,0.162817,0.226877,0.066388,-2.377030,1.393203,2.205430,1.443184,-0.000023,0.010386,0.008283,-0.012718,0.022115,0.005047,-0.020634
2025-12-16 17:36:57.502,0.162884,0.227370,0.066708,-2.377609,1.394343,2.205787,1.441864,0.003488,0.009578,0.005935,-0.013342,0.022386,0.004264,-0.030797
2025-12-16 17:36:57.552,0.163021,0.227881,0.066904,-2.378213,1.395483,2.206198,1.440302,0.000622,0.012205,0.006464,-0.012495,0.022405,0.008065,-0.034461
2025-12-16 17:36:57.602,0.163030,0.228566,0.066998,-2.378731,1.396543,2.206494,1.438720,-0.001321,0.018219,0.000421,-0.010674,0.019195,-0.000623,-0.036192
2025-12-16 17:36:57.652,0.162995,0.229766,0.066993,-2.378855,1.397363,2.206624,1.437085,-0.004862,0.024711,-0.000253,0.002689,0.009967,0.000538,-0.030656
2025-12-16 17:36:57.701,0.162882,0.231018,0.066996,-2.378640,1.397781,2.206631,1.435917,-0.004295,0.031980,0.000111,0.015977,0.006651,0.000290,-0.018244
2025-12-16 17:36:57.752,0.162758,0.232234,0.066976,-2.378109,1.397842,2.206619,1.435102,-0.001842,0.022569,-0.002053,0.013860,0.000295,0.000109,-0.014388
2025-12-16 17:36:57.803,0.162692,0.233187,0.066931,-2.377655,1.397851,2.206601,1.434520,0.000878,0.020086,0.000747,0.008166,0.000486,-0.000320,-0.018945
2025-12-16 17:36:57.852,0.162645,0.233651,0.066915,-2.377647,1.397956,2.206592,1.434059,-0.000286,0.004113,-0.000015,-0.003482,0.010652,-0.001021,-0.010845
2025-12-16 17:36:57.902,0.162648,0.233813,0.066920,-2.377922,1.398310,2.206592,1.433649,-0.000241,0.000018,0.000424,-0.003574,0.013222,-0.000373,-0.007980
2025-12-16 17:36:57.952,0.162703,0.233885,0.067081,-2.378029,1.398830,2.206683,1.433230,0.002723,-0.000566,0.000599,-0.003131,0.008407,0.006726,-0.002935
2025-12-16 17:36:58.002,0.162923,0.233945,0.067323,-2.378422,1.399610,2.207199,1.432674,0.001755,0.006269,0.006566,-0.006865,0.014622,0.012817,-0.013942
2025-12-16 17:36:58.052,0.163232,0.234355,0.067705,-2.378872,1.400788,2.207783,1.431773,0.007493,0.008341,0.010906,-0.007185,0.029234,0.009311,-0.020534
2025-12-16 17:36:58.102,0.163690,0.234787,0.068175,-2.379358,1.402064,2.208461,1.430680,0.011096,0.007907,0.010018,-0.010410,0.022479,0.018918,-0.025950
2025-12-16 17:36:58.152,0.164122,0.235199,0.068660,-2.379817,1.403365,2.209168,1.429648,0.009598,0.009484,0.010091,-0.007133,0.028449,0.019691,-0.026853
2025-12-16 17:36:58.202,0.164425,0.235523,0.069096,-2.380297,1.404474,2.209761,1.428644,0.002808,0.004516,0.004915,-0.009538,0.022528,0.009014,-0.019741
2025-12-16 17:36:58.252,0.164559,0.235730,0.069318,-2.380674,1.405247,2.210077,1.427764,0.000850,0.005130,0.000385,-0.007985,0.016143,0.000588,-0.019181
2025-12-16 17:36:58.302,0.164474,0.236129,0.069310,-2.380833,1.405654,2.210081,1.426866,-0.003168,0.004974,0.000136,-0.000111,0.004135,0.000412,-0.018249
2025-12-16 17:36:58.352,0.164237,0.236656,0.069244,-2.380873,1.405662,2.210052,1.426029,-0.007344,0.012424,-0.000301,-0.000993,-0.000430,-0.002161,-0.016356
2025-12-16 17:36:58.403,0.164129,0.237340,0.069204,-2.380799,1.405745,2.209970,1.425165,-0.003721,0.011462,0.000072,0.002933,0.006448,-0.004933,-0.020430
2025-12-16 17:36:58.452,0.163942,0.238217,0.069148,-2.380777,1.405952,2.209834,1.424162,-0.004975,0.016429,0.000414,0.001703,0.006544,-0.001830,-0.023979
2025-12-16 17:36:58.503,0.163780,0.238978,0.069028,-2.380735,1.406166,2.209799,1.423261,-0.003797,0.013109,-0.002502,-0.000557,0.002881,-0.000041,-0.017940
2025-12-16 17:36:58.552,0.163576,0.239734,0.068934,-2.380716,1.406532,2.209760,1.422188,-0.002553,0.013390,-0.003911,-0.001455,0.009808,0.000095,-0.018455
2025-12-16 17:36:58.604,0.163432,0.240255,0.068858,-2.380742,1.406792,2.209732,1.421314,-0.000323,0.011377,-0.001199,-0.001675,0.005235,0.000279,-0.015856
2025-12-16 17:36:58.652,0.163355,0.240724,0.068839,-2.380969,1.407154,2.209727,1.420453,0.000881,0.005086,-0.000210,-0.001945,0.000057,-0.000269,-0.017744
2025-12-16 17:36:58.702,0.163353,0.241149,0.068842,-2.381309,1.407474,2.209720,1.419723,-0.000141,0.006783,-0.000243,-0.003214,0.003788,-0.000516,-0.009156
2025-12-16 17:36:58.752,0.163250,0.241424,0.068834,-2.381443,1.407610,2.209723,1.419190,-0.001624,0.004119,-0.000438,-0.000220,0.000551,0.000433,-0.007651
2025-12-16 17:36:58.803,0.163156,0.241470,0.068752,-2.381558,1.407824,2.209725,1.418744,-0.001789,0.008231,-0.000051,0.000390,0.004715,0.000778,-0.000988
2025-12-16 17:36:58.853,0.163149,0.241640,0.068757,-2.381767,1.408101,2.209722,1.418239,0.000288,0.004714,0.001796,-0.002854,0.008308,-0.000559,-0.014974
2025-12-16 17:36:58.903,0.163158,0.242096,0.068773,-2.382260,1.408640,2.209736,1.417340,-0.000670,0.011242,-0.000258,-0.013947,0.018518,0.003042,-0.012117
2025-12-16 17:36:58.952,0.163152,0.242613,0.068865,-2.382797,1.409536,2.209946,1.415996,-0.000304,0.009921,0.002072,-0.011109,0.017236,0.010186,-0.028398
2025-12-16 17:36:59.001,0.163185,0.243097,0.069080,-2.383340,1.410591,2.210222,1.414542,0.002466,0.007617,0.003468,-0.010543,0.021350,0.003871,-0.027578
2025-12-16 17:36:59.052,0.163194,0.243566,0.069157,-2.383865,1.411396,2.210419,1.413278,-0.003610,0.009424,-0.000588,-0.011069,0.013052,-0.000335,-0.021922
2025-12-16 17:36:59.101,0.163128,0.243976,0.069134,-2.384227,1.411686,2.210425,1.412476,0.001014,0.006259,0.001346,-0.001878,-0.000200,0.000396,-0.013817
2025-12-16 17:36:59.152,0.163064,0.244261,0.069118,-2.384436,1.411737,2.210421,1.411876,-0.001026,0.005119,0.000567,-0.004983,0.006730,-0.001104,-0.014011
2025-12-16 17:36:59.202,0.163012,0.244497,0.069117,-2.384675,1.412121,2.210418,1.411112,-0.000408,0.008267,-0.000657,-0.002457,0.006817,0.000049,-0.014363
2025-12-16 17:36:59.251,0.162999,0.244963,0.069118,-2.385057,1.412657,2.210424,1.410047,0.000444,0.014002,-0.000200,-0.007629,0.012398,0.000564,-0.019294
2025-12-16 17:36:59.301,0.163005,0.245477,0.069259,-2.385564,1.413645,2.210770,1.408705,0.004012,0.010939,0.004675,-0.009986,0.022230,0.011342,-0.030207
2025-12-16 17:36:59.352,0.163339,0.246051,0.069729,-2.386137,1.415269,2.211511,1.407214,0.013639,0.013006,0.014860,-0.010686,0.037172,0.020541,-0.028475
2025-12-16 17:36:59.401,0.163899,0.246593,0.070369,-2.386880,1.417356,2.212610,1.405628,0.017667,0.011397,0.015578,-0.016786,0.043145,0.025549,-0.038131
2025-12-16 17:36:59.452,0.164495,0.247218,0.071048,-2.387694,1.419576,2.213826,1.403956,0.013016,0.014663,0.013817,-0.012898,0.037220,0.022618,-0.024738
2025-12-16 17:36:59.502,0.164881,0.247764,0.071544,-2.388262,1.420913,2.214626,1.402712,0.001901,0.010063,0.009074,-0.011697,0.018337,0.011602,-0.019065
2025-12-16 17:36:59.553,0.164832,0.248329,0.071592,-2.388454,1.421266,2.214757,1.401984,-0.003468,0.009780,-0.001856,-0.001033,-0.000308,0.001048,-0.005149
2025-12-16 17:36:59.602,0.164715,0.248920,0.071564,-2.388276,1.421269,2.214736,1.401533,-0.006015,0.015957,0.000760,0.004480,0.000322,-0.000455,-0.004597
2025-12-16 17:36:59.652,0.164482,0.249877,0.071387,-2.387828,1.421270,2.214530,1.400979,-0.006010,0.016850,-0.002912,0.002448,-0.000427,-0.011045,-0.006894
2025-12-16 17:36:59.702,0.164224,0.251001,0.071205,-2.387458,1.421270,2.214465,1.400108,-0.001478,0.024462,-0.000949,0.002033,-0.000330,0.000377,-0.021876
2025-12-16 17:36:59.752,0.163940,0.252080,0.071051,-2.387592,1.421396,2.214462,1.398742,-0.006047,0.020063,-0.002643,-0.007645,0.013222,-0.000218,-0.027235
2025-12-16 17:36:59.801,0.163578,0.252944,0.070745,-2.388026,1.421914,2.214499,1.397086,-0.007619,0.016054,-0.009284,-0.009052,0.005978,0.000709,-0.039144
2025-12-16 17:36:59.852,0.162870,0.254475,0.069925,-2.388749,1.422737,2.215685,1.394784,-0.018935,0.042069,-0.020015,-0.018646,0.031022,0.023073,-0.052772
2025-12-16 17:36:59.902,0.162988,0.257978,0.070123,-2.389084,1.426883,2.217467,1.391060,0.027459,0.092479,0.031033,0.004013,0.118886,0.047821,-0.091495
2025-12-16 17:36:59.952,0.165354,0.263840,0.072702,-2.388956,1.434420,2.221520,1.384927,0.050951,0.125619,0.053893,0.000299,0.172625,0.086959,-0.134063
2025-12-16 17:37:00.002,0.167248,0.269088,0.074972,-2.389452,1.441568,2.224884,1.378560,0.025808,0.077370,0.034190,-0.016471,0.122965,0.056957,-0.113373
2025-12-16 17:37:00.052,0.168017,0.270761,0.076089,-2.391447,1.446002,2.226595,1.373490,0.010027,-0.000407,0.012064,-0.057059,0.065007,0.023178,-0.085955
2025-12-16 17:37:00.101,0.167861,0.269661,0.076226,-2.394544,1.447333,2.226849,1.370888,-0.005826,-0.030578,-0.001733,-0.056951,0.013852,-0.002225,-0.026665
2025-12-16 17:37:00.153,0.167263,0.268471,0.075717,-2.396290,1.447080,2.226160,1.370404,-0.018820,-0.020418,-0.008237,-0.020573,-0.022843,-0.018501,0.000479
2025-12-16 17:37:00.202,0.166621,0.267396,0.075041,-2.396443,1.445266,2.225162,1.371397,-0.012128,-0.021320,-0.013010,0.013699,-0.045100,-0.018139,0.043190
2025-12-16 17:37:00.252,0.165908,0.266898,0.074171,-2.395375,1.442684,2.223940,1.373639,-0.019103,-0.011139,-0.022129,0.027463,-0.058839,-0.021217,0.051680
2025-12-16 17:37:00.302,0.165307,0.266168,0.073372,-2.393867,1.440004,2.222803,1.376501,-0.007790,-0.007921,-0.012776,0.029601,-0.044687,-0.021015,0.041056
2025-12-16 17:37:00.351,0.164830,0.265478,0.072776,-2.392833,1.437918,2.221909,1.378604,-0.003323,-0.022885,-0.008188,0.011728,-0.032281,-0.016333,0.048815
2025-12-16 17:37:00.402,0.164857,0.264545,0.072595,-2.392367,1.437007,2.221648,1.380240,0.002224,-0.010677,0.000172,0.005851,-0.015322,-0.000170,0.014053
2025-12-16 17:37:00.452,0.164970,0.264021,0.072664,-2.392416,1.436821,2.221644,1.380867,0.010227,-0.014668,0.002150,-0.003360,0.000113,-0.000727,0.017094
2025-12-16 17:37:00.501,0.165076,0.263661,0.072820,-2.392527,1.436818,2.221674,1.381161,-0.002899,0.005666,-0.000019,0.000605,0.000107,0.000251,-0.000609
2025-12-16 17:37:00.552,0.165076,0.263788,0.072836,-2.392531,1.436826,2.221726,1.381102,0.002893,-0.000847,0.002789,0.004713,0.003872,0.010295,-0.000231
2025-12-16 17:37:00.601,0.165151,0.264219,0.072920,-2.392522,1.437029,2.221909,1.380618,0.001541,0.009430,0.001664,-0.000629,0.005895,0.000509,-0.008649
2025-12-16 17:37:00.651,0.165278,0.264383,0.073037,-2.392539,1.437256,2.222050,1.380443,0.002943,-0.003560,0.001942,0.002089,0.006643,0.009010,-0.000404
2025-12-16 17:37:00.701,0.165434,0.264607,0.073211,-2.392398,1.437626,2.222309,1.380242,0.002949,0.001996,0.003381,0.008375,0.007364,0.003819,0.000537
2025-12-16 17:37:00.752,0.165719,0.264956,0.073513,-2.392344,1.438071,2.222601,1.380116,0.007216,0.014473,0.002999,0.005152,0.012820,0.001640,-0.003136
2025-12-16 17:37:00.801,0.165923,0.265266,0.073707,-2.392332,1.438468,2.222829,1.379890,0.001648,0.001002,0.001506,-0.001213,0.008856,0.005241,-0.001928
2025-12-16 17:37:00.852,0.166006,0.265231,0.073831,-2.392361,1.438913,2.223099,1.379523,0.000124,-0.004670,0.000516,-0.001300,0.009887,0.007091,-0.007945
2025-12-16 17:37:00.902,0.166043,0.265239,0.073870,-2.392432,1.439196,2.223194,1.379285,-0.000657,0.001413,0.002291,-0.003969,-0.000498,-0.000149,-0.000589
2025-12-16 17:37:00.952,0.166013,0.265288,0.073857,-2.392455,1.439220,2.223197,1.379097,-0.001449,0.000740,0.000472,0.004110,0.000461,0.000501,-0.001590
2025-12-16 17:37:01.002,0.165999,0.265274,0.073842,-2.392456,1.439206,2.223159,1.379089,-0.001749,0.000262,-0.000619,-0.002790,-0.000634,-0.000118,0.005751
2025-12-16 17:37:01.051,0.165869,0.265252,0.073771,-2.392467,1.439124,2.222941,1.379099,-0.000712,-0.000144,-0.002441,-0.000556,0.000437,-0.001810,0.000911
2025-12-16 17:37:01.102,0.165773,0.265261,0.073637,-2.392485,1.439060,2.222894,1.379107,-0.002062,0.001881,0.000951,-0.002367,-0.000508,-0.000026,0.002112
2025-12-16 17:37:01.151,0.165732,0.265250,0.073616,-2.392486,1.439036,2.222883,1.379099,0.000754,-0.002282,-0.000025,0.000253,0.000143,-0.000258,-0.001371
2025-12-16 17:37:01.202,0.165767,0.265267,0.073625,-2.392493,1.439031,2.222883,1.379098,0.002147,0.000270,-0.000117,-0.001358,-0.000168,-0.000131,-0.001250
2025-12-16 17:37:01.251,0.165739,0.265238,0.073614,-2.392499,1.439030,2.222885,1.379094,0.000128,-0.001146,-0.000393,0.000003,-0.000532,-0.000480,-0.000626
2025-12-16 17:37:01.302,0.165751,0.265254,0.073611,-2.392530,1.439030,2.222884,1.379099,-0.000753,-0.000162,-0.002763,-0.003669,-0.000179,-0.000079,-0.000078
2025-12-16 17:37:01.351,0.165738,0.265222,0.073613,-2.392607,1.439034,2.222885,1.379090,-0.001798,-0.001135,-0.000730,-0.004267,-0.000096,-0.000113,-0.005585
2025-12-16 17:37:01.402,0.165724,0.264918,0.073611,-2.393109,1.439031,2.222880,1.378849,-0.000049,-0.003156,0.001307,-0.008514,0.002466,-0.000665,0.000121
2025-12-16 17:37:01.452,0.165721,0.264521,0.073615,-2.393587,1.439042,2.222874,1.378706,-0.000730,-0.013966,-0.001404,-0.011133,-0.000267,-0.000632,-0.000632
