timestamp,p1,p2,p3,p4,p5,p6,p7,v1,v2,v3,v4,v5,v6,v7
2025-12-16 17:54:58.552,0.200542,0.041494,0.073060,-2.372855,1.300562,2.183723,1.677830,-0.000340,-0.000613,0.000691,0.000718,0.000333,-0.000428,-0.001869
2025-12-16 17:54:58.602,0.200544,0.041525,0.073061,-2.372876,1.300562,2.183723,1.677837,0.000801,-0.001214,0.000413,0.000340,0.000188,-0.001321,0.000193
2025-12-16 17:54:58.651,0.200537,0.041536,0.073060,-2.372872,1.300562,2.183719,1.677835,-0.000750,0.000364,0.000713,-0.001584,-0.000185,-0.003605,0.000558
2025-12-16 17:54:58.701,0.200473,0.041599,0.072957,-2.372866,1.300553,2.183672,1.677799,-0.003541,0.005979,-0.005222,0.001829,-0.000812,-0.007340,-0.000097
2025-12-16 17:54:58.752,0.200063,0.041750,0.072640,-2.372962,1.300530,2.183235,1.677233,-0.006735,0.007870,-0.010388,-0.000371,-0.000962,-0.003900,-0.014042
2025-12-16 17:54:58.802,0.199551,0.042308,0.072117,-2.372981,1.300341,2.182831,1.676375,-0.009099,0.014313,-0.008427,0.001611,-0.003326,-0.002475,-0.015481
2025-12-16 17:54:58.852,0.199090,0.043147,0.071670,-2.372634,1.300131,2.182386,1.675611,-0.008064,0.015920,-0.011925,0.006818,-0.009672,-0.014254,-0.010506
2025-12-16 17:54:58.902,0.198724,0.043801,0.071393,-2.372184,1.299848,2.181959,1.675133,-0.001930,0.012165,-0.001713,0.006163,-0.002740,-0.015328,-0.014475
2025-12-16 17:54:58.951,0.198471,0.044303,0.071161,-2.372047,1.299748,2.181762,1.674691,-0.002241,0.012946,-0.005065,-0.000475,-0.000496,-0.004209,-0.011561
2025-12-16 17:54:59.001,0.198266,0.044756,0.070959,-2.372329,1.299738,2.181689,1.673932,-0.005340,0.003548,-0.002111,-0.013175,-0.000453,-0.001151,-0.018573
2025-12-16 17:54:59.052,0.198191,0.044564,0.070891,-2.373245,1.299838,2.181717,1.672890,0.000369,-0.011672,-0.000585,-0.022100,0.006223,0.000398,-0.024943
2025-12-16 17:54:59.101,0.198249,0.043986,0.070990,-2.374575,1.300385,2.181949,1.671964,0.002195,-0.009894,0.006480,-0.027091,0.015012,0.009849,-0.019831
2025-12-16 17:54:59.152,0.198636,0.043703,0.071338,-2.375542,1.301205,2.182537,1.671248,0.012001,-0.002086,0.011046,-0.015507,0.022220,0.014485,-0.009577
2025-12-16 17:54:59.202,0.199087,0.043846,0.071795,-2.376228,1.302331,2.183327,1.670500,0.012098,0.009126,0.006039,-0.012601,0.025312,0.013664,-0.026336
2025-12-16 17:54:59.252,0.199495,0.044359,0.072184,-2.377162,1.303761,2.184239,1.668962,0.001133,0.013293,0.007634,-0.020045,0.031688,0.018379,-0.039090
2025-12-16 17:54:59.301,0.199646,0.044863,0.072356,-2.378122,1.304974,2.184929,1.667279,-0.000092,0.011205,0.000553,-0.018417,0.019939,0.010540,-0.032340
2025-12-16 17:54:59.352,0.199660,0.045983,0.072391,-2.378388,1.306029,2.185450,1.665427,0.000488,0.031699,0.002333,-0.000071,0.021604,0.012052,-0.035271
2025-12-16 17:54:59.401,0.199852,0.047433,0.072568,-2.378382,1.307037,2.186107,1.663975,0.006381,0.023672,0.010057,-0.000547,0.020115,0.011768,-0.023556
2025-12-16 17:54:59.452,0.200186,0.048581,0.072933,-2.378379,1.308005,2.186835,1.662965,0.008487,0.018919,0.006105,0.000778,0.018816,0.005180,-0.017360
2025-12-16 17:54:59.502,0.200631,0.049141,0.073371,-2.378454,1.308996,2.187575,1.662262,0.005598,0.007403,0.006321,-0.005908,0.018163,0.009270,-0.016587
2025-12-16 17:54:59.551,0.200886,0.049133,0.073622,-2.378957,1.309712,2.188156,1.661753,0.004557,-0.000009,-0.000446,-0.009006,0.010124,0.013064,-0.006518
2025-12-16 17:54:59.602,0.200961,0.049155,0.073690,-2.379448,1.310300,2.188567,1.661270,0.000333,-0.001435,-0.000076,-0.010657,0.011360,0.007584,-0.001157
2025-12-16 17:54:59.652,0.201188,0.049419,0.073903,-2.379881,1.310969,2.189031,1.660639,0.006399,0.006849,0.001053,-0.012556,0.015128,0.009126,-0.011205
2025-12-16 17:54:59.702,0.201395,0.049658,0.074138,-2.380377,1.311607,2.189474,1.660003,0.004886,0.001261,0.006273,-0.015112,0.008379,0.010276,-0.007647
2025-12-16 17:54:59.753,0.201425,0.049617,0.074172,-2.380878,1.312182,2.189651,1.659291,-0.000413,0.000951,-0.000815,-0.010190,0.013739,0.003270,-0.025114
2025-12-16 17:54:59.803,0.201419,0.049859,0.074179,-2.381410,1.312726,2.189808,1.658258,-0.000897,0.013336,-0.001784,-0.006206,0.009529,0.005181,-0.019725
2025-12-16 17:54:59.851,0.201468,0.050487,0.074264,-2.381577,1.313319,2.190125,1.657382,0.001433,0.011046,0.003101,-0.002721,0.012367,0.007248,-0.015208
2025-12-16 17:54:59.902,0.201581,0.050901,0.074374,-2.381701,1.313903,2.190526,1.656739,-0.000372,0.005876,0.000680,-0.003698,0.010098,0.006290,-0.007050
2025-12-16 17:54:59.952,0.201580,0.051181,0.074381,-2.382159,1.314346,2.190618,1.656075,0.001085,0.003225,0.000439,-0.007212,0.005991,-0.000106,-0.009175
2025-12-16 17:55:00.002,0.201463,0.051422,0.074279,-2.382605,1.314413,2.190613,1.655254,-0.008937,0.006417,-0.003579,-0.008237,0.000376,-0.000214,-0.025209
2025-12-16 17:55:00.052,0.201139,0.051712,0.073973,-2.383177,1.314568,2.190538,1.653980,-0.007199,0.006737,-0.004380,-0.009277,0.002007,-0.000908,-0.031960
2025-12-16 17:55:00.102,0.200932,0.052015,0.073801,-2.383803,1.315080,2.190544,1.652623,-0.000423,0.004504,-0.002596,-0.016788,0.011674,0.002335,-0.028676
2025-12-16 17:55:00.152,0.201003,0.052479,0.073899,-2.384448,1.315976,2.190713,1.651365,0.000570,0.009594,0.003068,-0.012842,0.018877,0.008007,-0.016363
2025-12-16 17:55:00.202,0.201206,0.053007,0.074093,-2.385124,1.317008,2.191291,1.649947,0.002789,0.011921,0.006851,-0.013884,0.019406,0.016099,-0.035208
2025-12-16 17:55:00.252,0.201375,0.053626,0.074306,-2.385784,1.318232,2.191930,1.648452,0.001819,0.013335,0.005809,-0.008432,0.024535,0.013772,-0.036424
2025-12-16 17:55:00.302,0.201511,0.054533,0.074492,-2.386451,1.319585,2.192622,1.646587,0.000677,0.019985,0.003250,-0.012061,0.027143,0.017760,-0.035979
2025-12-16 17:55:00.352,0.201534,0.055738,0.074526,-2.387088,1.320857,2.193190,1.644338,-0.000782,0.026945,-0.000851,-0.013199,0.027948,0.013998,-0.048324
2025-12-16 17:55:00.402,0.201373,0.057445,0.074456,-2.387559,1.322058,2.193733,1.641764,-0.005656,0.044251,-0.004503,-0.008114,0.023509,0.007064,-0.052035
2025-12-16 17:55:00.452,0.200951,0.059765,0.074052,-2.388026,1.323131,2.193878,1.638571,-0.013694,0.049472,-0.014453,-0.006333,0.018262,0.000566,-0.069754
2025-12-16 17:55:00.501,0.200378,0.062063,0.073519,-2.388554,1.324059,2.193888,1.635046,-0.009963,0.047633,-0.009202,-0.012850,0.020550,-0.000087,-0.062101
2025-12-16 17:55:00.552,0.199756,0.064210,0.072974,-2.389116,1.324978,2.193885,1.631455,-0.012357,0.035475,-0.012337,-0.012338,0.010833,-0.000055,-0.065862
2025-12-16 17:55:00.602,0.199191,0.066106,0.072484,-2.389734,1.326009,2.193886,1.628053,-0.007954,0.040091,-0.011507,-0.013226,0.021539,0.000130,-0.061706
2025-12-16 17:55:00.652,0.198662,0.067985,0.072096,-2.390323,1.327150,2.193937,1.624879,-0.010961,0.039497,-0.003046,-0.009137,0.019613,0.005814,-0.055217
2025-12-16 17:55:00.702,0.198295,0.069397,0.071937,-2.390987,1.328195,2.194316,1.622479,-0.003118,0.022850,-0.001762,-0.007660,0.018947,0.011638,-0.042882
2025-12-16 17:55:00.752,0.198195,0.070444,0.071837,-2.391604,1.329161,2.194624,1.620448,-0.002125,0.015179,0.001407,-0.016253,0.018444,0.005740,-0.038935
2025-12-16 17:55:00.802,0.198127,0.071202,0.071815,-2.392368,1.329992,2.194816,1.618599,0.000819,0.011876,0.000211,-0.017581,0.010499,0.002567,-0.033180
2025-12-16 17:55:00.852,0.198065,0.071696,0.071809,-2.393221,1.330716,2.195051,1.617062,-0.003857,0.007291,-0.000207,-0.013618,0.008050,0.007806,-0.030346
2025-12-16 17:55:00.902,0.197984,0.072121,0.071765,-2.394017,1.331359,2.195254,1.615852,-0.001862,0.002501,-0.000423,-0.012066,0.009667,0.000397,-0.020518
2025-12-16 17:55:00.952,0.197834,0.072256,0.071633,-2.394776,1.331886,2.195326,1.614786,-0.001663,0.001924,-0.004034,-0.011616,0.005939,0.003773,-0.022125
2025-12-16 17:55:01.002,0.197622,0.072367,0.071433,-2.395372,1.332232,2.195330,1.613724,-0.000366,0.002954,-0.003111,-0.012156,-0.000606,0.000295,-0.027279
2025-12-16 17:55:01.051,0.197301,0.072692,0.071150,-2.396168,1.332594,2.195328,1.612277,-0.004116,0.010756,-0.007858,-0.020177,0.005078,0.000141,-0.032358
2025-12-16 17:55:01.102,0.196875,0.073203,0.070744,-2.397233,1.333113,2.195305,1.610351,-0.008284,0.008703,-0.009590,-0.024895,0.006095,-0.000337,-0.037746
2025-12-16 17:55:01.152,0.196472,0.073804,0.070415,-2.398198,1.333709,2.195299,1.608146,-0.007349,0.013664,-0.002984,-0.016567,0.018036,-0.000000,-0.040236
2025-12-16 17:55:01.203,0.196120,0.074616,0.070128,-2.399119,1.334543,2.195304,1.605736,-0.009145,0.018728,-0.005716,-0.014070,0.018151,-0.000331,-0.051528
2025-12-16 17:55:01.252,0.195832,0.075691,0.069910,-2.399816,1.335377,2.195321,1.603569,-0.006783,0.024287,-0.004762,-0.011586,0.018289,-0.000739,-0.045016
2025-12-16 17:55:01.302,0.195673,0.077036,0.069783,-2.400379,1.336272,2.195529,1.601414,-0.001615,0.028663,-0.002359,-0.010511,0.020116,0.009393,-0.039191
2025-12-16 17:55:01.352,0.195666,0.078352,0.069784,-2.400804,1.337241,2.195877,1.599471,-0.000525,0.026491,-0.000076,-0.004058,0.027112,0.007273,-0.038064
2025-12-16 17:55:01.402,0.195669,0.079878,0.069784,-2.401195,1.338499,2.196331,1.597165,0.001331,0.029716,0.002142,-0.009072,0.031816,0.005744,-0.047941
2025-12-16 17:55:01.452,0.195668,0.081723,0.069802,-2.401694,1.340101,2.196985,1.594444,-0.000941,0.038039,-0.000551,-0.015371,0.034734,0.015449,-0.058775
2025-12-16 17:55:01.501,0.195670,0.083697,0.069861,-2.402191,1.341905,2.197770,1.591436,-0.001120,0.041728,-0.000646,-0.010307,0.036802,0.015652,-0.057012
2025-12-16 17:55:01.552,0.195675,0.085994,0.070043,-2.402604,1.343722,2.198605,1.588312,0.000410,0.049536,0.006091,-0.004192,0.029231,0.016494,-0.055527
2025-12-16 17:55:01.602,0.195867,0.088364,0.070283,-2.402616,1.345524,2.199564,1.585493,0.003624,0.049542,0.004304,0.000905,0.030344,0.019423,-0.056581
2025-12-16 17:55:01.652,0.196004,0.090854,0.070534,-2.402614,1.347306,2.200492,1.582827,0.006697,0.050878,0.002302,-0.000369,0.037828,0.016048,-0.054838
2025-12-16 17:55:01.702,0.196142,0.093258,0.070761,-2.402611,1.349210,2.201464,1.580036,0.000652,0.043554,0.005949,-0.001047,0.029467,0.021215,-0.060337
2025-12-16 17:55:01.752,0.196301,0.095457,0.070980,-2.402833,1.351204,2.202401,1.577098,0.004709,0.036007,0.003545,-0.012890,0.036178,0.019555,-0.059762
2025-12-16 17:55:01.802,0.196487,0.097398,0.071303,-2.403411,1.353403,2.203296,1.574037,0.005070,0.042607,0.005678,-0.010678,0.044832,0.015447,-0.063193
2025-12-16 17:55:01.852,0.196659,0.099230,0.071538,-2.404100,1.355503,2.204126,1.571078,0.001547,0.036428,0.004035,-0.015796,0.038961,0.018451,-0.060488
2025-12-16 17:55:01.902,0.196684,0.101221,0.071655,-2.404813,1.357414,2.204882,1.567771,0.000387,0.038597,0.004776,-0.013533,0.032898,0.014375,-0.062494
2025-12-16 17:55:01.951,0.196658,0.103262,0.071658,-2.405357,1.359152,2.205549,1.564738,0.000104,0.041625,-0.001249,-0.005021,0.032135,0.010951,-0.055257
2025-12-16 17:55:02.002,0.196517,0.105524,0.071651,-2.405782,1.360636,2.206073,1.561596,-0.005073,0.048004,-0.001064,-0.002767,0.031558,0.011419,-0.056682
2025-12-16 17:55:02.052,0.196206,0.107964,0.071420,-2.405794,1.361863,2.206305,1.558614,-0.006926,0.046177,-0.008079,0.001503,0.022896,0.001526,-0.058406
2025-12-16 17:55:02.102,0.195719,0.110123,0.070993,-2.405801,1.362667,2.206338,1.555881,-0.011910,0.037643,-0.004905,0.000679,0.015561,0.002159,-0.048079
2025-12-16 17:55:02.152,0.195212,0.112024,0.070513,-2.405845,1.363249,2.206341,1.553309,-0.008416,0.033021,-0.010588,-0.000355,0.010942,-0.000081,-0.050576
2025-12-16 17:55:02.201,0.194660,0.113590,0.070044,-2.406024,1.363628,2.206298,1.550994,-0.012603,0.027103,-0.013738,-0.011350,0.001935,-0.000187,-0.043775
2025-12-16 17:55:02.252,0.193955,0.114793,0.069511,-2.406590,1.363837,2.205892,1.548552,-0.013778,0.022925,-0.012282,-0.014052,0.005641,-0.006305,-0.050301
2025-12-16 17:55:02.302,0.193307,0.115536,0.069005,-2.407567,1.364259,2.205576,1.546061,-0.012028,0.009466,-0.005158,-0.025678,0.014755,0.000080,-0.048021
2025-12-16 17:55:02.352,0.192742,0.116031,0.068530,-2.409182,1.364968,2.205439,1.543358,-0.012215,0.008953,-0.009859,-0.039834,0.018552,-0.002549,-0.057803
2025-12-16 17:55:02.402,0.192238,0.116504,0.068194,-2.411170,1.366028,2.205424,1.540603,-0.007800,0.005520,-0.005508,-0.038693,0.023969,0.000129,-0.047986
2025-12-16 17:55:02.452,0.191851,0.117147,0.068052,-2.412752,1.367237,2.205438,1.537872,-0.004612,0.018002,-0.001668,-0.024882,0.029221,-0.000286,-0.051929
2025-12-16 17:55:02.501,0.191628,0.118255,0.067896,-2.413586,1.368491,2.205637,1.535269,-0.004377,0.022416,-0.001330,-0.010332,0.022669,0.014962,-0.053248
2025-12-16 17:55:02.552,0.191383,0.119742,0.067739,-2.414085,1.369580,2.205881,1.532839,-0.007319,0.029163,-0.006016,-0.009714,0.016110,0.001132,-0.051446
2025-12-16 17:55:02.602,0.191098,0.121356,0.067553,-2.414647,1.370641,2.206062,1.530262,-0.005124,0.028694,-0.006654,-0.014923,0.025622,0.009334,-0.054616
2025-12-16 17:55:02.654,0.190970,0.122975,0.067478,-2.415388,1.372186,2.206477,1.527238,0.000174,0.034928,0.000163,-0.019360,0.036461,0.008232,-0.052795
2025-12-16 17:55:02.702,0.191093,0.124440,0.067747,-2.416256,1.374284,2.207180,1.524434,0.004458,0.029246,0.005846,-0.016404,0.042216,0.019917,-0.053003
2025-12-16 17:55:02.752,0.191376,0.125741,0.068110,-2.417179,1.376243,2.208046,1.521868,0.001642,0.022638,0.004092,-0.023916,0.029499,0.018913,-0.046753
2025-12-16 17:55:02.802,0.191617,0.126410,0.068452,-2.418161,1.377853,2.208782,1.519952,0.001118,0.006777,0.009492,-0.023841,0.034724,0.011836,-0.042304
2025-12-16 17:55:02.852,0.191771,0.127000,0.068677,-2.419305,1.379358,2.209435,1.517932,0.001628,0.010419,0.001800,-0.020733,0.030201,0.004436,-0.034851
2025-12-16 17:55:02.902,0.191946,0.127946,0.068954,-2.420197,1.381026,2.210145,1.515801,0.007445,0.023150,0.010059,-0.012591,0.030472,0.015342,-0.054389
2025-12-16 17:55:02.952,0.192148,0.129433,0.069224,-2.420779,1.382614,2.210821,1.513383,0.000869,0.035974,0.003621,-0.009455,0.029539,0.015204,-0.047802
2025-12-16 17:55:03.002,0.192347,0.131185,0.069518,-2.421229,1.384344,2.211597,1.510800,0.008084,0.041087,0.003659,-0.011713,0.036738,0.016335,-0.054071
2025-12-16 17:55:03.052,0.192523,0.133580,0.069789,-2.421369,1.386397,2.212473,1.507754,0.006820,0.053519,0.001769,-0.000351,0.045560,0.018544,-0.071346
2025-12-16 17:55:03.102,0.192552,0.136188,0.069934,-2.421370,1.388416,2.213223,1.504604,-0.001079,0.053875,-0.000333,-0.000409,0.035983,0.018569,-0.060084
2025-12-16 17:55:03.152,0.192678,0.139145,0.070155,-2.421196,1.390309,2.214045,1.501613,0.006582,0.063270,0.003153,0.007350,0.039274,0.021865,-0.059101
2025-12-16 17:55:03.202,0.192922,0.142856,0.070493,-2.420458,1.392547,2.215138,1.498440,0.008190,0.079466,0.008209,0.015848,0.050976,0.022060,-0.067543
2025-12-16 17:55:03.252,0.193226,0.147089,0.070923,-2.419291,1.395071,2.216269,1.495190,0.009585,0.080484,0.010386,0.024926,0.049957,0.023627,-0.065068
2025-12-16 17:55:03.302,0.193521,0.151201,0.071329,-2.417883,1.397201,2.217315,1.492112,0.006145,0.075308,0.006174,0.032594,0.046692,0.021796,-0.055186
2025-12-16 17:55:03.352,0.193788,0.154952,0.071645,-2.416210,1.398999,2.218246,1.489788,0.003239,0.072942,0.008417,0.034692,0.035673,0.013052,-0.042357
2025-12-16 17:55:03.402,0.193963,0.158025,0.071852,-2.414680,1.400262,2.218939,1.487992,0.002950,0.050907,0.002778,0.025659,0.021423,0.010627,-0.029454
2025-12-16 17:55:03.452,0.193878,0.160442,0.071803,-2.413264,1.400841,2.219253,1.486762,-0.007573,0.041055,-0.002708,0.024871,0.002578,0.000848,-0.022737
2025-12-16 17:55:03.501,0.193640,0.162077,0.071613,-2.412148,1.400885,2.219257,1.486013,-0.007813,0.029263,-0.004119,0.022168,-0.000157,0.000008,-0.018629
2025-12-16 17:55:03.552,0.193418,0.163338,0.071412,-2.411131,1.400886,2.219241,1.485602,-0.005437,0.023634,-0.003142,0.016774,0.000887,-0.001062,-0.000348
2025-12-16 17:55:03.602,0.193192,0.164476,0.071143,-2.410201,1.400859,2.219085,1.485342,-0.000064,0.022744,-0.000991,0.018174,-0.000588,-0.007518,-0.014715
2025-12-16 17:55:03.651,0.192882,0.165675,0.070855,-2.409333,1.400803,2.218855,1.484897,-0.010250,0.026900,-0.008461,0.018734,0.000601,-0.005512,-0.014816
2025-12-16 17:55:03.702,0.192514,0.167135,0.070518,-2.408440,1.400691,2.218627,1.484080,-0.005095,0.027813,-0.007397,0.015282,-0.002894,-0.007935,-0.018720
2025-12-16 17:55:03.752,0.192039,0.168755,0.070057,-2.407558,1.400454,2.218212,1.483063,-0.006047,0.031557,-0.012711,0.016119,-0.002398,-0.005426,-0.017010
2025-12-16 17:55:03.801,0.191535,0.170601,0.069583,-2.406503,1.400203,2.217863,1.481965,-0.010983,0.042709,-0.006669,0.026309,-0.001056,-0.005481,-0.019129
2025-12-16 17:55:03.852,0.191034,0.172876,0.069106,-2.405097,1.399986,2.217497,1.480839,-0.006203,0.046176,-0.011650,0.029569,-0.012938,-0.010177,-0.020298
2025-12-16 17:55:03.902,0.190531,0.174965,0.068642,-2.403817,1.399694,2.217115,1.479784,-0.010735,0.038113,-0.010584,0.028192,-0.009875,-0.010575,-0.024566
2025-12-16 17:55:03.952,0.189969,0.176767,0.068168,-2.402741,1.399391,2.216740,1.478900,-0.011837,0.028213,-0.010867,0.015097,-0.008758,-0.009137,-0.015809
2025-12-16 17:55:04.002,0.189513,0.178171,0.067837,-2.401977,1.399269,2.216525,1.478094,-0.005697,0.023835,-0.000454,0.013458,-0.000074,-0.002549,-0.019799
2025-12-16 17:55:04.051,0.189168,0.179165,0.067624,-2.401472,1.399259,2.216359,1.477328,-0.007503,0.014002,-0.008892,0.012029,-0.000073,-0.005774,-0.015258
2025-12-16 17:55:04.102,0.188784,0.180047,0.067256,-2.401100,1.399223,2.216085,1.476384,-0.007199,0.022515,-0.005005,0.010542,-0.000060,-0.007777,-0.015915
2025-12-16 17:55:04.153,0.188510,0.181286,0.067033,-2.400653,1.399222,2.216031,1.475401,-0.000570,0.025817,-0.005280,0.008585,0.000073,-0.005138,-0.021461
2025-12-16 17:55:04.202,0.188360,0.182444,0.066915,-2.400202,1.399225,2.215957,1.474546,-0.003132,0.024140,-0.001864,0.007374,-0.000520,-0.002324,-0.015381
2025-12-16 17:55:04.252,0.188151,0.183360,0.066739,-2.399710,1.399230,2.215822,1.473906,-0.006866,0.015104,-0.002316,0.008990,0.000853,-0.004266,-0.015221
2025-12-16 17:55:04.302,0.187841,0.184222,0.066465,-2.399220,1.399226,2.215639,1.473288,-0.007154,0.017762,-0.004251,0.014075,0.000224,-0.001310,-0.008719
2025-12-16 17:55:04.352,0.187493,0.185287,0.066165,-2.398683,1.399225,2.215427,1.472704,-0.007529,0.022283,-0.007288,0.012818,-0.000232,-0.012462,-0.009378
2025-12-16 17:55:04.402,0.187232,0.186531,0.065942,-2.398054,1.399206,2.215240,1.472118,-0.004435,0.025704,-0.005736,0.013524,0.000380,-0.002198,-0.005031
2025-12-16 17:55:04.452,0.186974,0.187762,0.065723,-2.397195,1.398988,2.215021,1.471601,-0.010145,0.028246,-0.007443,0.023505,-0.000975,-0.011230,-0.008763
2025-12-16 17:55:04.502,0.186619,0.189448,0.065395,-2.395844,1.398674,2.214712,1.471068,-0.012966,0.036781,-0.003903,0.029960,-0.010545,-0.008264,-0.009141
2025-12-16 17:55:04.552,0.186200,0.191563,0.064984,-2.394209,1.398330,2.214396,1.470463,-0.007353,0.044513,-0.009836,0.035501,-0.000549,-0.011944,-0.013495
2025-12-16 17:55:04.602,0.185678,0.193963,0.064484,-2.392478,1.398003,2.214009,1.469473,-0.013462,0.050980,-0.011770,0.039417,-0.005854,-0.015253,-0.023173
2025-12-16 17:55:04.651,0.185093,0.196476,0.063947,-2.390809,1.397686,2.213597,1.468302,-0.007667,0.052144,-0.007544,0.033882,-0.003549,-0.001039,-0.023779
2025-12-16 17:55:04.702,0.184501,0.199207,0.063413,-2.389130,1.397555,2.213248,1.466946,-0.009753,0.055201,-0.014245,0.034179,-0.000637,-0.001776,-0.024440
2025-12-16 17:55:04.751,0.183968,0.201764,0.062937,-2.387631,1.397493,2.212943,1.465521,-0.010639,0.045293,-0.010073,0.028300,-0.005010,-0.009214,-0.028455
2025-12-16 17:55:04.802,0.183482,0.204088,0.062559,-2.386272,1.397448,2.212714,1.464336,-0.012211,0.041291,-0.010563,0.020725,-0.000174,-0.000463,-0.018912
2025-12-16 17:55:04.852,0.183037,0.206066,0.062207,-2.385142,1.397413,2.212483,1.463257,-0.008390,0.038641,-0.011249,0.018046,-0.001817,-0.007908,-0.016820
2025-12-16 17:55:04.902,0.182720,0.207884,0.061969,-2.384010,1.397385,2.212376,1.462432,-0.001602,0.033134,-0.001779,0.024700,0.000166,-0.000028,-0.013089
2025-12-16 17:55:04.953,0.182682,0.209388,0.061930,-2.383074,1.397389,2.212385,1.461672,-0.001077,0.025943,0.000441,0.014256,-0.000063,0.000438,-0.015620
2025-12-16 17:55:05.002,0.182702,0.210713,0.061956,-2.382226,1.397587,2.212441,1.461004,0.000342,0.030903,0.000090,0.022605,0.014442,0.009871,-0.017369
2025-12-16 17:55:05.052,0.182864,0.212250,0.062126,-2.381422,1.398209,2.212919,1.460187,0.008542,0.030528,0.002170,0.014671,0.016230,0.001135,-0.019199
2025-12-16 17:55:05.102,0.183118,0.213885,0.062416,-2.380582,1.399044,2.213438,1.459282,0.008375,0.035854,0.002774,0.020265,0.012024,0.008320,-0.015592
2025-12-16 17:55:05.152,0.183350,0.215733,0.062722,-2.379596,1.399827,2.213911,1.458242,0.000413,0.042111,0.008922,0.016249,0.020529,0.015026,-0.029643
2025-12-16 17:55:05.201,0.183425,0.217668,0.062820,-2.378706,1.400558,2.214280,1.457069,-0.000388,0.042642,-0.001205,0.022767,0.015785,0.006802,-0.026867
2025-12-16 17:55:05.252,0.183387,0.219473,0.062807,-2.377702,1.400995,2.214426,1.456092,0.000684,0.029982,-0.000583,0.017657,0.004185,0.000272,-0.019720
2025-12-16 17:55:05.302,0.183233,0.221072,0.062757,-2.376583,1.401008,2.214411,1.455441,-0.006707,0.027848,-0.001760,0.022712,0.000043,-0.003357,-0.012666
2025-12-16 17:55:05.352,0.183097,0.222621,0.062589,-2.375281,1.401008,2.214387,1.454999,-0.004371,0.031865,-0.001431,0.027239,0.000632,0.000605,-0.008896
2025-12-16 17:55:05.402,0.182801,0.224197,0.062341,-2.373998,1.400986,2.214100,1.454537,-0.005919,0.037430,-0.004398,0.030705,0.000164,-0.002276,-0.001557
2025-12-16 17:55:05.451,0.182482,0.226149,0.062065,-2.372588,1.400945,2.213891,1.453901,-0.005521,0.040642,-0.004057,0.027394,0.000122,-0.006447,-0.017101
2025-12-16 17:55:05.502,0.182119,0.228128,0.061812,-2.371309,1.400865,2.213609,1.452953,-0.002254,0.037013,-0.007198,0.021470,0.000840,-0.007353,-0.020463
2025-12-16 17:55:05.552,0.181803,0.229992,0.061609,-2.370336,1.400860,2.213483,1.451776,-0.003098,0.039191,-0.002199,0.018705,0.000745,0.000273,-0.027908
2025-12-16 17:55:05.604,0.181463,0.231601,0.061418,-2.369692,1.400865,2.213344,1.450454,-0.004907,0.027111,-0.001414,0.006495,0.000097,-0.000166,-0.034946
2025-12-16 17:55:05.652,0.181205,0.232925,0.061267,-2.369162,1.400893,2.213270,1.449296,-0.001092,0.025741,-0.000796,0.011109,-0.000336,-0.002228,-0.030775
2025-12-16 17:55:05.702,0.180957,0.234279,0.061130,-2.368640,1.400974,2.213134,1.448178,-0.004911,0.032889,-0.004767,0.007112,0.000488,-0.001837,-0.024196
2025-12-16 17:55:05.752,0.180707,0.235430,0.060976,-2.368150,1.401022,2.212971,1.447177,-0.009597,0.019018,-0.006795,0.008281,0.000361,-0.008146,-0.017842
2025-12-16 17:55:05.802,0.180457,0.236452,0.060766,-2.367626,1.401067,2.212830,1.446327,-0.001314,0.022338,0.000284,0.014596,0.000781,-0.003430,-0.018944
2025-12-16 17:55:05.852,0.180306,0.237539,0.060633,-2.367028,1.401079,2.212689,1.445752,-0.001629,0.021979,-0.000187,0.011788,-0.000500,-0.002600,-0.015088
2025-12-16 17:55:05.902,0.180156,0.238350,0.060496,-2.366527,1.401079,2.212450,1.445433,-0.004187,0.015170,-0.001808,0.013337,-0.000081,-0.005041,-0.002644
2025-12-16 17:55:05.952,0.179929,0.238898,0.060269,-2.366044,1.401064,2.212207,1.445168,-0.004461,0.012575,-0.001818,0.005344,0.000095,-0.002775,-0.004613
2025-12-16 17:55:06.002,0.179818,0.239368,0.060179,-2.365747,1.401050,2.212129,1.444975,0.000116,0.011577,0.000136,-0.000181,0.000054,-0.000448,-0.005794
2025-12-16 17:55:06.052,0.179816,0.239810,0.060176,-2.365734,1.401051,2.212108,1.444640,0.000066,0.004711,-0.000235,-0.000447,0.006510,-0.002404,-0.008977
2025-12-16 17:55:06.101,0.179783,0.240155,0.060174,-2.365728,1.401049,2.212096,1.444264,-0.001581,0.007090,0.000139,0.003572,0.000435,0.000256,-0.001827
2025-12-16 17:55:06.152,0.179702,0.240648,0.060140,-2.365407,1.401048,2.212065,1.444007,-0.000905,0.010595,-0.000972,0.013530,-0.000300,-0.007803,0.000476
2025-12-16 17:55:06.202,0.179557,0.241399,0.059989,-2.364694,1.401049,2.211925,1.443738,-0.004075,0.022070,-0.003031,0.018453,0.000182,-0.000607,-0.002073
2025-12-16 17:55:06.252,0.179367,0.242741,0.059798,-2.363489,1.401030,2.211755,1.443595,-0.003593,0.029951,-0.003379,0.028875,0.000742,-0.001519,-0.001701
2025-12-16 17:55:06.302,0.179204,0.244546,0.059684,-2.361977,1.400993,2.211600,1.443174,-0.001027,0.039415,0.000666,0.032808,-0.000689,-0.004428,-0.003977
2025-12-16 17:55:06.352,0.178990,0.246594,0.059550,-2.360400,1.400912,2.211390,1.442574,-0.012675,0.044663,-0.003837,0.030801,-0.005452,-0.005216,-0.018147
2025-12-16 17:55:06.402,0.178688,0.248825,0.059340,-2.358891,1.400879,2.211142,1.441575,-0.001724,0.038464,-0.003270,0.026145,-0.000036,0.000681,-0.016918
2025-12-16 17:55:06.451,0.178407,0.250658,0.059159,-2.357679,1.400878,2.210976,1.440642,-0.004626,0.036757,-0.002442,0.021490,0.000370,-0.007385,-0.018719
2025-12-16 17:55:06.502,0.178229,0.252350,0.059068,-2.356724,1.400875,2.210836,1.439603,-0.001347,0.027274,-0.000610,0.014255,-0.000798,-0.001869,-0.016511
2025-12-16 17:55:06.552,0.178148,0.253585,0.059042,-2.356002,1.400883,2.210723,1.438836,-0.001932,0.019475,-0.000191,0.016571,0.000202,-0.002746,-0.016006
2025-12-16 17:55:06.601,0.178022,0.254513,0.058999,-2.355460,1.400894,2.210648,1.438228,-0.000928,0.013954,-0.000447,0.011551,-0.000438,-0.000656,-0.014659
2025-12-16 17:55:06.652,0.177925,0.255070,0.058921,-2.355238,1.400927,2.210636,1.437723,0.000599,0.007126,-0.003195,0.000107,0.002673,0.000250,-0.011551
2025-12-16 17:55:06.702,0.177917,0.255316,0.058917,-2.355270,1.400955,2.210629,1.437550,-0.000095,0.001537,-0.001936,0.000973,0.000330,-0.000190,-0.000555
2025-12-16 17:55:06.752,0.177908,0.255316,0.058907,-2.355258,1.400963,2.210631,1.437522,0.000411,-0.000659,-0.000038,0.001248,0.000180,-0.000089,-0.001145
2025-12-16 17:55:06.802,0.177905,0.255329,0.058901,-2.355261,1.400990,2.210633,1.437500,0.000372,-0.001457,-0.000818,0.000408,0.000099,-0.000358,0.000824
2025-12-16 17:55:06.852,0.177905,0.255607,0.058904,-2.355251,1.401162,2.210632,1.437069,0.000026,0.013203,0.002348,0.000889,0.004166,-0.000567,-0.011084
2025-12-16 17:55:06.901,0.177922,0.256179,0.058924,-2.355385,1.401673,2.210643,1.436205,-0.000265,0.013205,-0.001103,-0.006955,0.016559,0.000165,-0.019801
2025-12-16 17:55:06.952,0.177871,0.256849,0.058925,-2.355572,1.402305,2.210690,1.434826,0.000489,0.015746,-0.000505,-0.004975,0.013186,-0.000781,-0.030634
2025-12-16 17:55:07.002,0.177814,0.257688,0.058924,-2.355711,1.402987,2.210933,1.433400,0.000002,0.012264,0.002347,-0.003350,0.014282,0.003485,-0.032515
2025-12-16 17:55:07.053,0.177840,0.258582,0.059151,-2.355783,1.403921,2.211203,1.432103,0.000157,0.020031,0.008856,-0.001463,0.020771,0.008844,-0.021696
2025-12-16 17:55:07.101,0.177914,0.259353,0.059393,-2.355804,1.404774,2.211557,1.431097,0.005054,0.007348,0.000549,-0.001365,0.015662,0.006959,-0.018671
2025-12-16 17:55:07.152,0.178010,0.259805,0.059454,-2.355865,1.405343,2.211780,1.430547,-0.000560,0.002206,0.001701,-0.006251,0.003250,0.001651,-0.007861
2025-12-16 17:55:07.202,0.178053,0.260001,0.059560,-2.356158,1.405757,2.211915,1.430215,0.002141,0.002735,-0.000365,-0.000005,0.001728,0.000346,-0.008505
2025-12-16 17:55:07.252,0.178141,0.260354,0.059641,-2.356132,1.406067,2.212079,1.429844,0.003067,0.011541,-0.000144,0.000915,0.006688,0.000138,-0.007188
2025-12-16 17:55:07.301,0.178179,0.260849,0.059777,-2.356139,1.406522,2.212246,1.429210,-0.000761,0.010195,0.000792,-0.001542,0.019185,0.001934,-0.007909
2025-12-16 17:55:07.353,0.178302,0.261365,0.059962,-2.356145,1.407154,2.212549,1.428339,0.005620,0.010498,0.004475,-0.001010,0.012305,0.004099,-0.025595
2025-12-16 17:55:07.402,0.178458,0.261970,0.060216,-2.356163,1.407968,2.212931,1.427346,0.001150,0.014802,0.006590,-0.000946,0.017894,0.009310,-0.019482
2025-12-16 17:55:07.451,0.178616,0.262651,0.060442,-2.356188,1.408803,2.213317,1.426359,0.004712,0.013615,0.001494,-0.001461,0.013110,0.002075,-0.022145
2025-12-16 17:55:07.503,0.178665,0.263412,0.060554,-2.356240,1.409549,2.213552,1.425346,0.000374,0.014416,-0.000371,-0.003132,0.008409,0.000134,-0.011877
2025-12-16 17:55:07.553,0.178618,0.263945,0.060539,-2.356424,1.409823,2.213562,1.424664,-0.001282,0.012739,0.000770,-0.001836,-0.000483,0.000372,-0.018208
2025-12-16 17:55:07.603,0.178575,0.264349,0.060522,-2.356430,1.409831,2.213547,1.424253,0.000034,0.001527,-0.001606,-0.000102,0.000072,-0.001096,-0.007019
2025-12-16 17:55:07.653,0.178581,0.264377,0.060526,-2.356430,1.409829,2.213536,1.424201,-0.001310,-0.000905,0.000373,0.001550,0.000108,-0.000282,0.000658
2025-12-16 17:55:07.703,0.178559,0.264388,0.060515,-2.356433,1.409828,2.213543,1.424196,-0.000301,-0.000727,-0.000617,0.000040,-0.000269,0.000549,0.001507
2025-12-16 17:55:07.751,0.178557,0.264409,0.060516,-2.356435,1.409853,2.213545,1.424160,0.002467,0.000295,-0.000665,-0.000459,0.004659,-0.000231,-0.003234
2025-12-16 17:55:07.802,0.178568,0.264578,0.060520,-2.356428,1.410077,2.213555,1.423906,0.000050,0.002982,-0.000103,-0.000538,0.005070,-0.000092,-0.002718
2025-12-16 17:55:07.853,0.178573,0.264839,0.060523,-2.356427,1.410232,2.213558,1.423642,-0.000821,0.003515,-0.000090,0.000643,0.000216,0.000012,-0.001421
2025-12-16 17:55:07.902,0.178573,0.265154,0.060529,-2.356427,1.410484,2.213590,1.423200,0.000020,0.003562,0.000361,0.000411,0.010468,0.005170,-0.008893
2025-12-16 17:55:07.952,0.178579,0.265632,0.060547,-2.356456,1.410882,2.213697,1.422542,-0.000554,0.009532,0.000006,0.000562,0.004561,0.001685,-0.014589
2025-12-16 17:55:08.002,0.178558,0.266189,0.060544,-2.356657,1.411352,2.213811,1.421490,-0.005526,0.012554,-0.000353,-0.005904,0.011855,0.004654,-0.028134
2025-12-16 17:55:08.052,0.178328,0.267179,0.060554,-2.356794,1.412030,2.213867,1.419907,-0.006186,0.024888,-0.000559,-0.002385,0.017752,-0.000121,-0.030198
2025-12-16 17:55:08.102,0.178197,0.268293,0.060550,-2.356928,1.412717,2.213950,1.418329,-0.001601,0.019290,-0.000122,-0.003712,0.016885,0.002118,-0.025621
2025-12-16 17:55:08.151,0.178139,0.269342,0.060555,-2.357315,1.413515,2.214038,1.416663,0.000912,0.025446,0.000450,-0.005190,0.012222,0.005433,-0.029743
2025-12-16 17:55:08.201,0.177971,0.270469,0.060557,-2.357469,1.414265,2.214164,1.415034,-0.003570,0.022725,0.000181,0.001247,0.017060,0.010654,-0.029057
2025-12-16 17:55:08.251,0.177777,0.271657,0.060554,-2.357542,1.415087,2.214374,1.413268,-0.005428,0.021197,-0.000129,-0.004317,0.010855,-0.000113,-0.037130
2025-12-16 17:55:08.302,0.177535,0.273024,0.060552,-2.357805,1.415979,2.214526,1.411263,-0.001639,0.029689,0.000666,-0.009053,0.019047,0.003638,-0.045013
2025-12-16 17:55:08.353,0.177290,0.274756,0.060534,-2.358113,1.417069,2.214869,1.408842,-0.010740,0.035875,-0.000795,-0.004005,0.024729,0.017498,-0.053905
2025-12-16 17:55:08.402,0.176859,0.277046,0.060182,-2.358659,1.418448,2.216443,1.405894,-0.012468,0.056750,-0.016722,-0.012632,0.038044,0.052002,-0.065617
2025-12-16 17:55:08.452,0.176533,0.281681,0.059907,-2.358788,1.422871,2.218884,1.401482,0.016967,0.126161,0.015345,0.013815,0.126376,0.067168,-0.110149
2025-12-16 17:55:08.501,0.178855,0.289132,0.062486,-2.357664,1.431043,2.223187,1.395092,0.061964,0.170880,0.065068,0.021790,0.181326,0.110605,-0.155902
2025-12-16 17:55:08.552,0.181390,0.296735,0.065566,-2.357172,1.439728,2.227641,1.387207,0.038825,0.130652,0.048160,0.003797,0.142904,0.074034,-0.135614
2025-12-16 17:55:08.602,0.182630,0.302126,0.067224,-2.356705,1.445647,2.230256,1.381044,0.018967,0.077251,0.022715,0.000955,0.092906,0.041053,-0.106809
2025-12-16 17:55:08.652,0.183168,0.304511,0.068009,-2.357142,1.448797,2.231509,1.377155,0.006921,0.025111,0.007903,-0.011424,0.034815,0.014071,-0.059665
2025-12-16 17:55:08.702,0.183099,0.305173,0.068139,-2.357631,1.449714,2.231784,1.375416,-0.005168,0.002157,0.002052,-0.004539,0.005621,-0.000255,-0.014509
2025-12-16 17:55:08.752,0.182908,0.304978,0.067951,-2.357795,1.449669,2.231614,1.375280,-0.001935,-0.012407,-0.005864,-0.001356,-0.012621,-0.011380,0.000435
2025-12-16 17:55:08.803,0.182562,0.303933,0.067545,-2.358178,1.448632,2.230994,1.376259,-0.005744,-0.029249,-0.007450,-0.013673,-0.026798,-0.011392,0.027143
2025-12-16 17:55:08.853,0.182158,0.302464,0.067088,-2.358639,1.447269,2.230315,1.377807,-0.010210,-0.036185,-0.010511,-0.011183,-0.030233,-0.014450,0.035455
2025-12-16 17:55:08.903,0.181932,0.300413,0.066640,-2.358942,1.445631,2.229576,1.379946,-0.002414,-0.042176,-0.009474,-0.001548,-0.033973,-0.003240,0.046472
2025-12-16 17:55:08.952,0.181739,0.298200,0.066333,-2.359239,1.443915,2.228887,1.382147,-0.006965,-0.046015,-0.004461,-0.012550,-0.037812,-0.015938,0.036180
2025-12-16 17:55:09.002,0.181302,0.296003,0.065881,-2.359747,1.442176,2.228081,1.384129,-0.011036,-0.034042,-0.011559,-0.010965,-0.029732,-0.020554,0.031511
2025-12-16 17:55:09.052,0.180849,0.294772,0.065420,-2.360148,1.441006,2.227427,1.385141,-0.009549,-0.013859,-0.008278,-0.006560,-0.018278,-0.010814,0.003719
2025-12-16 17:55:09.102,0.180593,0.294512,0.065155,-2.360346,1.440540,2.227070,1.385359,-0.002169,0.002178,-0.001338,-0.001107,-0.003808,-0.000625,-0.000507
2025-12-16 17:55:09.152,0.180642,0.294571,0.065193,-2.360352,1.440537,2.227067,1.385325,0.000542,-0.000553,0.000200,-0.000226,0.000362,0.000396,-0.005416
2025-12-16 17:55:09.201,0.180618,0.294565,0.065174,-2.360342,1.440535,2.227073,1.385230,0.000637,0.000987,0.000290,0.000386,0.000001,0.000139,0.001207
2025-12-16 17:55:09.251,0.180626,0.294552,0.065179,-2.360342,1.440536,2.227073,1.385224,0.000165,-0.000870,0.000720,0.000969,0.000010,-0.000437,-0.000107
2025-12-16 17:55:09.302,0.180626,0.294530,0.065176,-2.360354,1.440536,2.227067,1.385228,-0.000028,0.000425,-0.000107,-0.000432,0.000510,-0.000352,-0.001869
2025-12-16 17:55:09.351,0.180630,0.294368,0.065175,-2.360381,1.440532,2.227068,1.385290,0.001079,-0.003166,-0.000923,-0.008213,-0.000154,0.000096,-0.000116
2025-12-16 17:55:09.402,0.180649,0.294037,0.065201,-2.360691,1.440534,2.227066,1.385293,0.000434,-0.005388,0.000616,-0.007312,-0.000082,-0.000165,0.000085
2025-12-16 17:55:09.452,0.180764,0.293596,0.065313,-2.361153,1.440553,2.227098,1.385288,0.009439,-0.007055,-0.000016,-0.011598,-0.001089,0.001526,-0.001616
2025-12-16 17:55:09.502,0.180867,0.293141,0.065441,-2.361589,1.440600,2.227242,1.385291,-0.001089,-0.005895,0.000771,-0.003666,0.000301,0.000794,-0.000017
2025-12-16 17:55:09.552,0.180870,0.292672,0.065444,-2.362039,1.440657,2.227241,1.385288,0.000560,-0.009058,0.000156,-0.008908,-0.000161,0.000326,0.000788
2025-12-16 17:55:09.602,0.180871,0.292398,0.065449,-2.362281,1.440681,2.227242,1.385280,0.000556,0.000869,-0.000510,0.000313,0.000408,0.000337,-0.000340
2025-12-16 17:55:09.652,0.180878,0.292429,0.065455,-2.362287,1.440687,2.227236,1.385284,-0.000149,0.002800,-0.000491,0.000756,-0.000140,0.000282,0.000985
2025-12-16 17:55:09.702,0.180876,0.292411,0.065455,-2.362285,1.440695,2.227243,1.385285,-0.000438,0.001534,-0.000697,-0.000593,0.000141,0.000179,0.001809
2025-12-16 17:55:09.752,0.180883,0.292409,0.065459,-2.362300,1.440702,2.227241,1.385280,-0.000639,0.000476,-0.000635,0.001687,-0.000299,-0.000194,0.001235
2025-12-16 17:55:09.802,0.180879,0.292406,0.065459,-2.362305,1.440712,2.227243,1.385283,-0.000327,-0.001214,-0.000438,-0.002744,0.000154,0.000638,0.000630
2025-12-16 17:55:09.852,0.180884,0.292369,0.065464,-2.362329,1.440712,2.227242,1.385280,0.000095,-0.000696,-0.000192,0.000054,-0.000386,0.000326,0.000583
2025-12-16 17:55:09.901,0.180884,0.292178,0.065462,-2.362537,1.440715,2.227242,1.385276,0.000221,-0.005606,-0.000159,-0.003497,0.000246,0.000391,-0.002333
2025-12-16 17:55:09.951,0.180882,0.292125,0.065465,-2.362564,1.440714,2.227241,1.385275,0.000167,-0.000432,-0.000218,0.000165,-0.000419,0.000121,-0.001339
2025-12-16 17:55:10.002,0.180886,0.292119,0.065467,-2.362574,1.440715,2.227240,1.385276,-0.000434,-0.001121,-0.000734,-0.001059,-0.000217,-0.000704,-0.001736
2025-12-16 17:55:10.052,0.180882,0.292041,0.065465,-2.362625,1.440716,2.227236,1.385282,0.000156,-0.003009,-0.000479,-0.003761,0.000013,-0.000779,0.000990
2025-12-16 17:55:10.102,0.180886,0.291775,0.065469,-2.362726,1.440714,2.227236,1.385291,-0.000705,-0.006548,-0.000442,-0.001885,0.000019,-0.000615,-0.000908
