timestamp,p1,p2,p3,p4,p5,p6,p7,v1,v2,v3,v4,v5,v6,v7
2025-12-16 18:26:17.903,0.135734,0.287121,0.039332,-2.204872,1.275085,2.154299,1.570553,0.000787,-0.000435,0.000265,0.000695,-0.000273,-0.000269,0.000349
2025-12-16 18:26:17.959,0.135739,0.287141,0.039335,-2.204877,1.275086,2.154294,1.570553,0.000273,0.000181,-0.000512,-0.000672,-0.000181,-0.000376,0.000862
2025-12-16 18:26:18.002,0.135731,0.287149,0.039333,-2.204876,1.275085,2.154302,1.570556,0.000167,0.000660,-0.000013,-0.000277,-0.000591,0.000759,0.000434
2025-12-16 18:26:18.052,0.135732,0.287146,0.039335,-2.204877,1.275092,2.154299,1.570554,-0.000427,-0.000585,0.000280,-0.000925,-0.000074,-0.000150,0.001154
2025-12-16 18:26:18.102,0.135730,0.287147,0.039330,-2.204875,1.275088,2.154300,1.570547,-0.000996,0.000081,-0.000141,-0.001005,-0.000301,-0.000051,-0.001041
2025-12-16 18:26:18.152,0.135733,0.287155,0.039332,-2.204866,1.275091,2.154296,1.570556,0.000684,-0.000431,-0.000438,0.001265,0.000344,-0.000008,0.001040
2025-12-16 18:26:18.203,0.135732,0.287160,0.039335,-2.204866,1.275091,2.154297,1.570549,0.000788,0.000872,0.000493,0.000764,0.000290,0.000448,-0.000898
2025-12-16 18:26:18.252,0.135729,0.287157,0.039330,-2.204864,1.275091,2.154296,1.570554,-0.000695,-0.000883,-0.001020,0.001299,-0.000512,0.000306,0.000848
2025-12-16 18:26:18.302,0.135732,0.287160,0.039335,-2.204867,1.275090,2.154295,1.570554,0.001072,-0.000068,0.000385,-0.001569,-0.000120,-0.000748,0.001206
2025-12-16 18:26:18.352,0.135729,0.287158,0.039332,-2.204883,1.275090,2.154296,1.570548,0.000255,0.000403,-0.000491,0.000230,-0.000009,0.000012,-0.000874
2025-12-16 18:26:18.402,0.135733,0.287086,0.039335,-2.205047,1.275094,2.154296,1.570554,0.001713,-0.005008,-0.000018,-0.008724,0.000315,0.000067,0.000778
2025-12-16 18:26:18.452,0.135788,0.286596,0.039415,-2.205682,1.275216,2.154400,1.570557,0.002909,-0.014602,0.008314,-0.013886,0.009293,0.004984,0.000780
2025-12-16 18:26:18.502,0.136003,0.286015,0.039584,-2.206479,1.275626,2.154810,1.570557,0.003919,-0.013032,0.008699,-0.013943,0.005466,0.009808,0.001488
2025-12-16 18:26:18.551,0.136247,0.285353,0.039828,-2.207498,1.276025,2.155166,1.570551,0.003504,-0.010241,0.006073,-0.025601,0.006331,0.002634,0.000212
2025-12-16 18:26:18.602,0.136478,0.284580,0.040135,-2.208723,1.276576,2.155613,1.570235,0.007880,-0.016622,0.008931,-0.032662,0.014695,0.008722,-0.009057
2025-12-16 18:26:18.651,0.136805,0.283714,0.040526,-2.210215,1.277387,2.156270,1.569654,0.007973,-0.019759,0.006256,-0.030984,0.015351,0.018012,-0.007229
2025-12-16 18:26:18.702,0.137284,0.282360,0.041003,-2.212217,1.278407,2.157067,1.569049,0.009543,-0.027444,0.011553,-0.040797,0.026290,0.016751,-0.019190
2025-12-16 18:26:18.751,0.137893,0.280547,0.041598,-2.214705,1.279723,2.158081,1.568530,0.011711,-0.044115,0.013084,-0.056027,0.022496,0.020658,-0.011113
2025-12-16 18:26:18.802,0.138717,0.278153,0.042349,-2.217775,1.281193,2.159363,1.568087,0.018419,-0.052626,0.015689,-0.067038,0.036033,0.027311,-0.007232
2025-12-16 18:26:18.852,0.139615,0.275699,0.043248,-2.220961,1.282882,2.160776,1.567605,0.018376,-0.048626,0.022128,-0.065473,0.039442,0.033137,-0.014112
2025-12-16 18:26:18.902,0.140680,0.273185,0.044285,-2.224217,1.284625,2.162347,1.567132,0.019915,-0.049615,0.023301,-0.067842,0.037369,0.036038,-0.009754
2025-12-16 18:26:18.952,0.141678,0.270569,0.045275,-2.227651,1.286416,2.163833,1.566631,0.020150,-0.049241,0.020143,-0.071319,0.036098,0.032229,-0.009749
2025-12-16 18:26:19.002,0.142559,0.268408,0.046123,-2.231050,1.288288,2.165273,1.565742,0.012913,-0.042053,0.009574,-0.076496,0.038669,0.026672,-0.029958
2025-12-16 18:26:19.052,0.143132,0.266311,0.046755,-2.234649,1.289985,2.166440,1.564401,0.007334,-0.045247,0.016302,-0.077132,0.036946,0.031187,-0.027906
2025-12-16 18:26:19.101,0.143732,0.263980,0.047425,-2.238381,1.291810,2.167737,1.562987,0.013446,-0.048100,0.013940,-0.077221,0.038808,0.029915,-0.037362
2025-12-16 18:26:19.152,0.144455,0.261179,0.048245,-2.242616,1.293764,2.169067,1.561668,0.016402,-0.061260,0.015946,-0.088351,0.034408,0.019109,-0.026872
2025-12-16 18:26:19.202,0.145133,0.257880,0.049001,-2.246945,1.295412,2.170177,1.560742,0.011674,-0.074884,0.012345,-0.086106,0.031877,0.017688,-0.007180
2025-12-16 18:26:19.252,0.145692,0.254055,0.049585,-2.251170,1.296594,2.170971,1.560338,0.007151,-0.081385,0.009460,-0.084752,0.017425,0.014059,-0.001873
2025-12-16 18:26:19.302,0.146157,0.249589,0.050055,-2.255530,1.297323,2.171487,1.560302,0.004401,-0.085587,0.006375,-0.084788,0.011817,0.003236,-0.000271
2025-12-16 18:26:19.352,0.146582,0.244990,0.050429,-2.259928,1.297770,2.171642,1.560335,0.005076,-0.089504,0.004298,-0.086422,0.007201,0.000344,0.004371
2025-12-16 18:26:19.402,0.146915,0.240191,0.050706,-2.264356,1.297975,2.171672,1.560803,0.006170,-0.104808,0.005643,-0.091768,0.008889,0.000496,0.016444
2025-12-16 18:26:19.451,0.147064,0.235033,0.050844,-2.269066,1.298080,2.171672,1.561378,0.000709,-0.106767,0.001333,-0.095290,0.004813,-0.000245,0.010873
2025-12-16 18:26:19.501,0.147125,0.229467,0.050876,-2.274167,1.298172,2.171656,1.561946,-0.000785,-0.110950,-0.001342,-0.096792,0.002376,0.000588,0.008771
2025-12-16 18:26:19.552,0.146997,0.224230,0.050842,-2.279140,1.298191,2.171490,1.562002,-0.007070,-0.102861,-0.000337,-0.103397,0.000190,-0.009594,-0.001599
2025-12-16 18:26:19.602,0.146784,0.218946,0.050734,-2.284781,1.298314,2.171087,1.561694,-0.003365,-0.101169,-0.002050,-0.115328,0.006492,-0.007903,-0.019472
2025-12-16 18:26:19.652,0.146637,0.213930,0.050705,-2.290634,1.298768,2.170931,1.560841,-0.001808,-0.104086,0.001127,-0.117051,0.007109,-0.001945,-0.014147
2025-12-16 18:26:19.702,0.146438,0.208844,0.050669,-2.296835,1.299435,2.170898,1.559650,-0.005316,-0.098768,-0.000196,-0.124817,0.010219,-0.001128,-0.022289
2025-12-16 18:26:19.752,0.146186,0.203865,0.050592,-2.302985,1.300209,2.170862,1.558147,-0.002154,-0.103111,-0.001593,-0.125060,0.013558,0.000322,-0.031522
2025-12-16 18:26:19.803,0.146103,0.198427,0.050599,-2.309745,1.301433,2.170882,1.556356,0.001988,-0.105625,0.001157,-0.131419,0.030289,-0.000283,-0.034675
2025-12-16 18:26:19.851,0.146138,0.193680,0.050723,-2.316043,1.302747,2.171154,1.554533,0.000630,-0.095167,-0.000273,-0.130342,0.029432,0.004765,-0.036976
2025-12-16 18:26:19.902,0.146291,0.188634,0.051028,-2.322989,1.304374,2.171654,1.552599,0.004489,-0.098915,0.007240,-0.133333,0.036947,0.009358,-0.032297
2025-12-16 18:26:19.952,0.146578,0.183766,0.051494,-2.329536,1.306111,2.172369,1.550720,0.003456,-0.098642,0.006871,-0.129662,0.046174,0.020833,-0.038910
2025-12-16 18:26:20.002,0.146814,0.179037,0.051922,-2.335930,1.307886,2.173052,1.548716,0.004484,-0.091610,0.008971,-0.129991,0.031763,0.009512,-0.045222
2025-12-16 18:26:20.052,0.146881,0.174820,0.052176,-2.342133,1.309568,2.173653,1.546341,-0.003088,-0.077861,0.003836,-0.123062,0.022407,0.016301,-0.055269
2025-12-16 18:26:20.102,0.146716,0.171016,0.052186,-2.348109,1.310994,2.174032,1.543782,-0.001916,-0.066898,-0.000097,-0.111672,0.025344,0.002770,-0.055088
2025-12-16 18:26:20.152,0.146256,0.168122,0.051996,-2.353478,1.312339,2.174089,1.540713,-0.010139,-0.051489,-0.004084,-0.100680,0.023117,0.000123,-0.066124
2025-12-16 18:26:20.202,0.145681,0.166063,0.051537,-2.358145,1.313510,2.174090,1.537322,-0.015210,-0.029056,-0.007332,-0.082234,0.023244,0.000099,-0.068657
2025-12-16 18:26:20.252,0.145073,0.165392,0.051071,-2.361696,1.314585,2.174093,1.533771,-0.010046,-0.006062,-0.009276,-0.060415,0.025954,-0.000504,-0.069841
2025-12-16 18:26:20.302,0.144504,0.165687,0.050669,-2.364066,1.315836,2.174095,1.530366,-0.008473,0.009810,-0.003632,-0.042323,0.021569,-0.000248,-0.064826
2025-12-16 18:26:20.353,0.144066,0.166182,0.050572,-2.365565,1.316867,2.174297,1.527550,-0.002288,0.010202,-0.002349,-0.033512,0.020322,0.010480,-0.052449
2025-12-16 18:26:20.401,0.144092,0.166655,0.050682,-2.367182,1.318523,2.175117,1.524893,0.003143,0.008943,0.000038,-0.027947,0.042896,0.023767,-0.047952
2025-12-16 18:26:20.452,0.144798,0.166936,0.051494,-2.369117,1.321299,2.176811,1.522722,0.020683,0.006249,0.022360,-0.045246,0.059450,0.035173,-0.037504
2025-12-16 18:26:20.502,0.146053,0.167014,0.052885,-2.371419,1.324897,2.179174,1.520410,0.029561,0.000102,0.033148,-0.049493,0.073785,0.052306,-0.043044
2025-12-16 18:26:20.552,0.147410,0.167260,0.054300,-2.373447,1.328437,2.181575,1.518225,0.027365,0.009298,0.024921,-0.036073,0.068636,0.041008,-0.042004
2025-12-16 18:26:20.602,0.148624,0.167823,0.055619,-2.375174,1.331533,2.183678,1.516096,0.022655,0.013922,0.027423,-0.028824,0.056662,0.036584,-0.036618
2025-12-16 18:26:20.651,0.149706,0.168364,0.056799,-2.376505,1.334435,2.185519,1.514156,0.017893,0.012881,0.015837,-0.020969,0.055333,0.026218,-0.033390
2025-12-16 18:26:20.704,0.150691,0.169175,0.057864,-2.377387,1.337029,2.187245,1.512274,0.016168,0.012623,0.016951,-0.017714,0.042808,0.032638,-0.036995
2025-12-16 18:26:20.752,0.151485,0.169946,0.058664,-2.378185,1.339196,2.188712,1.510556,0.022202,0.015194,0.017398,-0.017596,0.044882,0.025877,-0.041375
2025-12-16 18:26:20.803,0.152193,0.170874,0.059388,-2.378904,1.341312,2.190036,1.508734,0.013428,0.021697,0.011534,-0.010183,0.049058,0.029414,-0.034606
2025-12-16 18:26:20.852,0.152816,0.171921,0.060046,-2.379583,1.343264,2.191267,1.506889,0.008727,0.022657,0.015054,-0.014320,0.031595,0.023063,-0.034187
2025-12-16 18:26:20.902,0.153346,0.172807,0.060626,-2.380340,1.345023,2.192369,1.505190,0.008209,0.018427,0.009548,-0.017074,0.042584,0.024779,-0.028078
2025-12-16 18:26:20.952,0.154019,0.173357,0.061402,-2.381295,1.347041,2.193625,1.503702,0.015031,0.006986,0.013506,-0.016187,0.044213,0.030130,-0.027317
2025-12-16 18:26:21.002,0.154724,0.173922,0.062213,-2.382315,1.349118,2.194891,1.502079,0.009938,0.011618,0.014001,-0.016142,0.035841,0.017515,-0.030983
2025-12-16 18:26:21.052,0.154989,0.174439,0.062569,-2.382964,1.350078,2.195562,1.500841,-0.000420,0.011344,0.003322,-0.007719,0.009387,0.005104,-0.027124
2025-12-16 18:26:21.101,0.155012,0.175041,0.062629,-2.383217,1.350642,2.195732,1.499944,0.000895,0.015748,0.002822,-0.000109,0.007260,0.009397,-0.010837
2025-12-16 18:26:21.152,0.155188,0.175927,0.062807,-2.383078,1.351272,2.196192,1.499237,0.000298,0.024081,0.004604,0.007089,0.007943,0.004686,-0.021015
2025-12-16 18:26:21.201,0.155207,0.176982,0.062846,-2.382805,1.351734,2.196362,1.498588,0.001430,0.022936,0.000626,0.009230,0.009933,0.004152,-0.019718
2025-12-16 18:26:21.252,0.155281,0.178563,0.062963,-2.382226,1.352411,2.196791,1.497554,0.002396,0.039590,0.005566,0.014473,0.016550,0.015979,-0.028040
2025-12-16 18:26:21.302,0.155615,0.180679,0.063301,-2.381363,1.353508,2.197362,1.496410,0.007887,0.048219,0.012047,0.016692,0.028450,0.016832,-0.030946
2025-12-16 18:26:21.352,0.155741,0.183406,0.063502,-2.380207,1.354585,2.197919,1.494709,0.000829,0.053686,0.001002,0.024088,0.018786,0.008573,-0.035744
2025-12-16 18:26:21.402,0.155793,0.186288,0.063595,-2.378750,1.355566,2.198450,1.493088,-0.002676,0.058868,-0.000665,0.038359,0.012516,0.010478,-0.035341
2025-12-16 18:26:21.452,0.155729,0.189270,0.063571,-2.377307,1.356327,2.198872,1.491275,-0.000357,0.054419,0.000029,0.027143,0.016729,0.005585,-0.026698
2025-12-16 18:26:21.502,0.155748,0.191861,0.063597,-2.375883,1.356982,2.199197,1.489944,0.002373,0.054528,0.001587,0.031239,0.015707,0.009531,-0.034460
2025-12-16 18:26:21.551,0.155727,0.194108,0.063592,-2.374679,1.357556,2.199416,1.488773,0.000404,0.033101,-0.000491,0.009662,0.013094,0.000797,-0.010230
2025-12-16 18:26:21.602,0.155612,0.195810,0.063584,-2.373938,1.358105,2.199648,1.487500,-0.002139,0.033556,-0.002012,0.015665,0.010630,0.002383,-0.027860
2025-12-16 18:26:21.652,0.155547,0.197069,0.063584,-2.373395,1.358550,2.199832,1.486623,-0.004317,0.024379,0.000212,0.015365,0.007767,0.003380,-0.012671
2025-12-16 18:26:21.702,0.155605,0.198108,0.063657,-2.372946,1.359099,2.200154,1.485738,0.009381,0.017569,0.003340,0.009132,0.011447,0.011206,-0.016777
2025-12-16 18:26:21.751,0.155873,0.198902,0.063977,-2.372911,1.360076,2.200735,1.484954,0.005669,0.013274,0.005106,-0.001014,0.026964,0.019039,-0.018017
2025-12-16 18:26:21.801,0.156142,0.199773,0.064360,-2.372878,1.361072,2.201354,1.484155,0.004616,0.019208,0.005991,0.001557,0.016125,0.006692,-0.010801
2025-12-16 18:26:21.852,0.156387,0.200865,0.064665,-2.372438,1.361844,2.201892,1.483394,0.002875,0.027307,0.002246,0.011434,0.011573,0.008660,-0.015504
2025-12-16 18:26:21.902,0.156511,0.202119,0.064866,-2.371868,1.362422,2.202246,1.482713,0.009563,0.033708,0.003113,0.012896,0.011713,0.008227,-0.006155
2025-12-16 18:26:21.952,0.156764,0.204145,0.065109,-2.370700,1.363151,2.202741,1.481984,0.004020,0.043233,0.005235,0.026465,0.011555,0.015696,-0.015501
2025-12-16 18:26:22.002,0.157061,0.206267,0.065416,-2.369326,1.363809,2.203212,1.481302,0.005402,0.043805,0.007993,0.031067,0.010922,0.011754,-0.014478
2025-12-16 18:26:22.052,0.157323,0.208814,0.065673,-2.367454,1.364451,2.203672,1.480572,0.005211,0.054295,0.006027,0.036943,0.017381,0.012997,-0.017727
2025-12-16 18:26:22.102,0.157567,0.211488,0.065978,-2.365623,1.365261,2.204196,1.479592,0.011766,0.050376,0.007876,0.039837,0.019332,0.012933,-0.018317
2025-12-16 18:26:22.151,0.157859,0.214475,0.066335,-2.363857,1.366387,2.204879,1.478256,0.007249,0.058578,0.011331,0.032520,0.021648,0.011362,-0.022124
2025-12-16 18:26:22.202,0.158159,0.217462,0.066727,-2.362207,1.367658,2.205595,1.476743,0.002550,0.060968,0.008999,0.035729,0.031926,0.015695,-0.034433
2025-12-16 18:26:22.252,0.158383,0.220465,0.067082,-2.360592,1.368825,2.206249,1.475143,0.001714,0.062090,0.006601,0.035559,0.021534,0.013184,-0.027064
2025-12-16 18:26:22.302,0.158514,0.223056,0.067275,-2.359215,1.369739,2.206771,1.473646,0.000042,0.043583,0.000658,0.022509,0.020913,0.009385,-0.027058
2025-12-16 18:26:22.352,0.158479,0.225183,0.067268,-2.358151,1.370386,2.207038,1.472249,0.000189,0.040879,-0.000906,0.018654,0.004289,0.000031,-0.025771
2025-12-16 18:26:22.402,0.158422,0.226669,0.067263,-2.357519,1.370725,2.207065,1.471099,-0.004084,0.027261,0.000789,0.011600,0.002457,0.000127,-0.021925
2025-12-16 18:26:22.452,0.158314,0.227623,0.067251,-2.357166,1.370912,2.207060,1.470056,-0.000605,0.012762,-0.000142,0.005386,0.010518,-0.000699,-0.022319
2025-12-16 18:26:22.502,0.158202,0.228410,0.067205,-2.357116,1.371212,2.207065,1.469092,-0.004114,0.017255,-0.002498,-0.001218,0.010713,-0.000803,-0.017054
2025-12-16 18:26:22.551,0.158152,0.229347,0.067196,-2.357081,1.371664,2.207135,1.468127,0.000223,0.019494,0.000435,0.001153,0.013328,0.004184,-0.021806
2025-12-16 18:26:22.601,0.158184,0.230655,0.067236,-2.356697,1.372338,2.207473,1.467017,0.001629,0.026129,0.000726,0.006848,0.018791,0.013896,-0.025202
2025-12-16 18:26:22.652,0.158184,0.231931,0.067265,-2.356378,1.373232,2.207872,1.465719,0.000346,0.025411,0.000622,0.002294,0.016761,0.009376,-0.023491
2025-12-16 18:26:22.703,0.158186,0.233405,0.067296,-2.356319,1.374106,2.208227,1.464167,0.000208,0.030444,0.000206,-0.001608,0.018872,0.006554,-0.035822
2025-12-16 18:26:22.752,0.158187,0.234948,0.067437,-2.356286,1.375030,2.208576,1.462557,0.001499,0.032805,0.000233,0.000637,0.013870,0.002721,-0.032838
2025-12-16 18:26:22.802,0.158191,0.236377,0.067545,-2.356287,1.376031,2.208948,1.460758,-0.000331,0.024679,0.000539,-0.001962,0.022985,0.009394,-0.030842
2025-12-16 18:26:22.852,0.158178,0.237576,0.067560,-2.356379,1.377046,2.209235,1.458883,-0.000066,0.017995,-0.000032,-0.007464,0.023141,0.011017,-0.041187
2025-12-16 18:26:22.902,0.158151,0.238559,0.067658,-2.356732,1.378037,2.209527,1.457128,-0.000104,0.022111,0.005314,-0.004641,0.025201,0.012817,-0.027438
2025-12-16 18:26:22.952,0.158183,0.239443,0.067861,-2.357000,1.378971,2.209848,1.455629,-0.000481,0.020779,0.005606,0.000083,0.012566,0.003800,-0.026091
2025-12-16 18:26:23.002,0.158174,0.240212,0.067908,-2.356991,1.379532,2.209933,1.454527,0.000549,0.011118,-0.000076,-0.000211,0.013688,0.000196,-0.015579
2025-12-16 18:26:23.052,0.157982,0.240882,0.067914,-2.356946,1.379733,2.209942,1.453696,-0.007673,0.017054,0.001140,-0.001167,0.002517,0.000146,-0.014548
2025-12-16 18:26:23.102,0.157904,0.241824,0.067903,-2.356665,1.379962,2.209939,1.453011,0.000363,0.020341,0.000333,0.010006,0.008464,-0.000172,-0.012169
2025-12-16 18:26:23.152,0.157876,0.242974,0.067906,-2.356198,1.380182,2.209936,1.452226,-0.000301,0.024848,-0.000000,0.013887,-0.000214,0.000352,-0.021128
2025-12-16 18:26:23.202,0.157712,0.244377,0.067906,-2.355566,1.380332,2.209925,1.451382,-0.007457,0.030138,0.000540,0.016325,0.000545,-0.000383,-0.020697
2025-12-16 18:26:23.253,0.157473,0.246319,0.067820,-2.354560,1.380534,2.209913,1.450197,-0.005137,0.045123,-0.001526,0.022580,0.002372,-0.000133,-0.023201
2025-12-16 18:26:23.302,0.157182,0.248642,0.067725,-2.353284,1.380744,2.209886,1.448811,-0.001706,0.048347,-0.004871,0.026925,-0.000423,-0.000344,-0.028008
2025-12-16 18:26:23.353,0.156845,0.251152,0.067569,-2.352075,1.381093,2.209843,1.447087,-0.008589,0.049911,-0.004187,0.021847,0.007679,-0.005253,-0.039284
2025-12-16 18:26:23.402,0.156521,0.253262,0.067349,-2.351329,1.381503,2.209720,1.445294,-0.013056,0.039123,-0.005567,0.012022,0.007365,-0.005745,-0.037169
2025-12-16 18:26:23.452,0.156180,0.255245,0.067192,-2.350730,1.381933,2.209675,1.443461,-0.004434,0.036695,-0.004897,0.012969,0.009685,0.000346,-0.037257
2025-12-16 18:26:23.502,0.155925,0.256816,0.067061,-2.350405,1.382387,2.209649,1.441778,-0.008238,0.024028,0.000105,0.001141,0.001644,0.000667,-0.029711
2025-12-16 18:26:23.552,0.155695,0.257974,0.066982,-2.350388,1.382855,2.209629,1.440267,-0.003856,0.023740,0.000635,0.001496,0.010660,0.000021,-0.032301
2025-12-16 18:26:23.601,0.155502,0.259013,0.066896,-2.350334,1.383231,2.209617,1.439107,-0.005015,0.024250,0.000667,0.000595,0.006346,-0.000059,-0.025270
2025-12-16 18:26:23.652,0.155302,0.260230,0.066788,-2.349915,1.383520,2.209596,1.438009,-0.009072,0.020841,-0.002926,0.007895,0.007189,-0.000150,-0.020308
2025-12-16 18:26:23.703,0.155135,0.261350,0.066723,-2.349445,1.383791,2.209583,1.437035,-0.003440,0.023659,-0.000371,0.009440,0.002726,0.000428,-0.016620
2025-12-16 18:26:23.753,0.155030,0.262694,0.066650,-2.348715,1.383904,2.209572,1.436310,-0.000680,0.029803,-0.000071,0.019113,0.001742,-0.000311,-0.012101
2025-12-16 18:26:23.802,0.154984,0.264254,0.066625,-2.347621,1.383972,2.209569,1.435826,0.000344,0.032726,-0.000603,0.024351,0.003102,0.000067,-0.006792
2025-12-16 18:26:23.852,0.154964,0.265546,0.066612,-2.346647,1.384004,2.209569,1.435540,-0.000621,0.022253,0.000773,0.017382,-0.000594,0.000062,-0.006359
2025-12-16 18:26:23.901,0.154986,0.266425,0.066628,-2.346048,1.384334,2.209592,1.435115,0.002090,0.014657,-0.001034,0.013176,0.011041,-0.000790,-0.000322
2025-12-16 18:26:23.951,0.155187,0.267297,0.066867,-2.345741,1.385302,2.210058,1.434329,0.009922,0.016008,0.003946,0.001666,0.024263,0.010130,-0.022415
2025-12-16 18:26:24.002,0.155788,0.268388,0.067492,-2.345799,1.387161,2.211159,1.433043,0.013778,0.017981,0.013361,-0.005533,0.053980,0.032546,-0.031876
2025-12-16 18:26:24.052,0.156503,0.269509,0.068287,-2.346176,1.389642,2.212649,1.431303,0.010188,0.025538,0.015927,-0.006596,0.056348,0.031249,-0.037037
2025-12-16 18:26:24.101,0.157153,0.270723,0.069058,-2.346618,1.392075,2.214070,1.429281,0.012086,0.022118,0.011016,-0.007873,0.044005,0.025214,-0.040595
2025-12-16 18:26:24.152,0.157444,0.272052,0.069524,-2.347039,1.393858,2.215147,1.427206,0.000283,0.027331,0.006062,-0.007166,0.029726,0.012885,-0.041902
2025-12-16 18:26:24.203,0.157112,0.273849,0.069119,-2.347163,1.394763,2.216793,1.425338,-0.019605,0.047134,-0.019696,0.001191,0.017865,0.044308,-0.038452
2025-12-16 18:26:24.252,0.156685,0.277589,0.068615,-2.346358,1.397488,2.218325,1.422881,0.014156,0.113652,0.015133,0.046199,0.094423,0.034279,-0.050550
2025-12-16 18:26:24.302,0.158848,0.285071,0.070922,-2.343227,1.403361,2.222013,1.418659,0.049066,0.177833,0.054854,0.071946,0.120893,0.094990,-0.107320
2025-12-16 18:26:24.351,0.161218,0.294024,0.073503,-2.340128,1.410375,2.226308,1.412774,0.048217,0.177018,0.053030,0.055522,0.149349,0.085441,-0.122751
2025-12-16 18:26:24.402,0.163612,0.302316,0.076141,-2.337532,1.418015,2.230691,1.406174,0.044196,0.146171,0.046274,0.038476,0.139186,0.076328,-0.132531
2025-12-16 18:26:24.453,0.165321,0.307693,0.078157,-2.336719,1.423639,2.233817,1.400694,0.019038,0.072195,0.029427,0.001048,0.087559,0.048217,-0.085416
2025-12-16 18:26:24.502,0.165647,0.310598,0.078737,-2.336654,1.426183,2.234859,1.396931,-0.004170,0.046342,0.001686,0.001445,0.014789,0.008393,-0.051641
2025-12-16 18:26:24.552,0.165130,0.311671,0.078362,-2.336609,1.426384,2.234738,1.395598,-0.011266,0.008895,-0.015525,0.004011,-0.000897,-0.007796,-0.016237
2025-12-16 18:26:24.601,0.164374,0.312105,0.077667,-2.336369,1.425957,2.233816,1.395158,-0.020693,0.002695,-0.017099,0.000608,-0.022863,-0.027990,-0.001847
2025-12-16 18:26:24.652,0.163579,0.311772,0.076893,-2.336352,1.424490,2.232742,1.395270,-0.014739,-0.006919,-0.015648,0.004206,-0.034294,-0.018292,0.004853
2025-12-16 18:26:24.701,0.162859,0.311350,0.076170,-2.336307,1.422995,2.231717,1.395959,-0.013243,-0.014312,-0.015205,0.000240,-0.025715,-0.016494,0.015326
2025-12-16 18:26:24.751,0.162370,0.310523,0.075619,-2.336305,1.421787,2.230991,1.396989,-0.010071,-0.017658,-0.009755,-0.000619,-0.018867,-0.012081,0.013023
2025-12-16 18:26:24.801,0.161900,0.309752,0.075109,-2.336314,1.420606,2.230247,1.397932,-0.008738,-0.014502,-0.007120,0.000685,-0.020146,-0.015566,0.019093
2025-12-16 18:26:24.852,0.161380,0.308826,0.074548,-2.336288,1.419078,2.229408,1.399011,-0.008142,-0.016286,-0.012373,0.001313,-0.032040,-0.018394,0.020011
2025-12-16 18:26:24.902,0.160818,0.308095,0.073936,-2.336279,1.417552,2.228490,1.399962,-0.012166,-0.015379,-0.008311,-0.000537,-0.031399,-0.017545,0.018367
2025-12-16 18:26:24.952,0.160290,0.307588,0.073381,-2.336293,1.416465,2.227760,1.400459,-0.012997,-0.007880,-0.010109,-0.001564,-0.019964,-0.021974,0.001430
2025-12-16 18:26:25.001,0.159735,0.306832,0.072850,-2.336629,1.415531,2.226998,1.400713,-0.013958,-0.017442,-0.012678,-0.011391,-0.017486,-0.012645,0.003329
2025-12-16 18:26:25.053,0.159395,0.306018,0.072557,-2.337121,1.415057,2.226603,1.400777,-0.001838,-0.015991,0.000369,-0.010550,-0.004935,-0.000625,-0.001402
2025-12-16 18:26:25.102,0.159358,0.305288,0.072533,-2.337628,1.415032,2.226547,1.400806,-0.000049,-0.012661,0.000660,-0.007294,-0.000885,0.000166,0.000215
2025-12-16 18:26:25.152,0.159367,0.304987,0.072579,-2.337855,1.415032,2.226550,1.400807,0.002315,-0.003408,0.003220,-0.000132,-0.000461,-0.000366,0.000644
2025-12-16 18:26:25.202,0.159378,0.305031,0.072614,-2.337864,1.415032,2.226554,1.400805,-0.000290,0.000700,0.001710,-0.002024,-0.000162,-0.000466,-0.005177
2025-12-16 18:26:25.252,0.159585,0.305032,0.072828,-2.337906,1.415172,2.226783,1.400788,0.002899,-0.000256,0.008898,0.001040,0.011595,0.010878,0.001531
2025-12-16 18:26:25.302,0.159788,0.305085,0.073048,-2.338183,1.415658,2.227165,1.400406,0.003659,0.000154,0.000482,-0.010953,0.012463,0.003340,-0.011021
2025-12-16 18:26:25.352,0.159765,0.305047,0.073055,-2.338602,1.415810,2.227170,1.400176,0.004520,0.000848,0.001625,-0.003988,-0.000074,0.000101,0.002083
2025-12-16 18:26:25.402,0.159737,0.305006,0.072967,-2.338612,1.415806,2.227146,1.400180,-0.002998,-0.000201,-0.001525,0.000605,-0.000193,-0.000603,0.001301
2025-12-16 18:26:25.453,0.159677,0.304585,0.072869,-2.338609,1.415577,2.226913,1.400496,-0.002255,-0.009762,-0.004283,0.000271,-0.005244,-0.005904,0.005291
2025-12-16 18:26:25.502,0.159690,0.304150,0.072889,-2.338603,1.415467,2.226833,1.400964,0.001511,-0.007037,0.004377,0.000258,-0.004600,0.000034,0.004765
2025-12-16 18:26:25.552,0.159679,0.303805,0.072876,-2.338605,1.415382,2.226839,1.401321,0.001524,-0.004482,-0.002025,0.001316,-0.000505,-0.000641,0.005959
2025-12-16 18:26:25.601,0.159689,0.303781,0.072870,-2.338611,1.415329,2.226836,1.401449,0.003004,0.001579,0.002055,0.001078,-0.000141,-0.000125,0.001210
2025-12-16 18:26:25.652,0.159723,0.303766,0.072894,-2.338611,1.415328,2.226845,1.401481,-0.000139,-0.001785,-0.000897,-0.000208,-0.000271,0.000443,-0.001394
2025-12-16 18:26:25.703,0.159743,0.303768,0.072901,-2.338614,1.415320,2.226841,1.401577,-0.000159,-0.001257,0.001922,0.001202,0.000104,-0.000066,0.001410
2025-12-16 18:26:25.751,0.159750,0.303672,0.072904,-2.338615,1.415272,2.226838,1.401744,0.000853,-0.006778,0.000390,0.000129,-0.000714,0.000194,0.005483
2025-12-16 18:26:25.801,0.159707,0.303391,0.072822,-2.338617,1.414976,2.226739,1.401978,-0.000451,-0.007661,-0.000543,0.001058,-0.009673,-0.004820,0.001729
2025-12-16 18:26:25.851,0.159382,0.303068,0.072499,-2.338570,1.414357,2.226221,1.402373,-0.008130,-0.009376,-0.012791,0.000443,-0.017018,-0.015108,0.002172
2025-12-16 18:26:25.902,0.158879,0.302679,0.072002,-2.338503,1.413173,2.225557,1.402846,-0.015278,-0.011010,-0.011996,0.001101,-0.028700,-0.016125,0.013009
