timestamp,p1,p2,p3,p4,p5,p6,p7,v1,v2,v3,v4,v5,v6,v7
2025-12-16 17:52:54.502,0.122567,0.087129,0.009158,-2.384230,1.249069,2.108633,1.578524,0.000565,-0.009706,0.000464,-0.006737,0.000391,0.000116,-0.001516
2025-12-16 17:52:54.554,0.122613,0.086988,0.009196,-2.384381,1.249084,2.108648,1.578528,0.002109,0.001851,0.003568,0.000998,0.000263,-0.000225,0.000044
2025-12-16 17:52:54.602,0.122622,0.087022,0.009204,-2.384354,1.249089,2.108658,1.578537,0.001024,-0.000063,-0.000330,0.004610,-0.000048,0.000361,0.001496
2025-12-16 17:52:54.651,0.122662,0.087008,0.009228,-2.384250,1.249090,2.108659,1.578767,0.001074,0.000075,-0.001264,0.002220,0.000295,0.000631,-0.000368
2025-12-16 17:52:54.702,0.122660,0.087025,0.009232,-2.384238,1.249087,2.108660,1.578780,0.000018,-0.000102,-0.000023,-0.000099,-0.000028,0.000567,0.001126
2025-12-16 17:52:54.752,0.122661,0.087014,0.009230,-2.384236,1.249089,2.108658,1.578784,0.001325,-0.001027,-0.001115,0.000088,-0.000349,-0.000411,0.001710
2025-12-16 17:52:54.802,0.122662,0.087020,0.009238,-2.384236,1.249088,2.108658,1.578776,-0.000075,-0.000386,-0.000177,0.001265,-0.000790,0.000239,-0.001009
2025-12-16 17:52:54.852,0.122664,0.087023,0.009240,-2.384236,1.249089,2.108657,1.578789,0.000298,-0.000339,0.000630,0.000846,0.000047,-0.000872,0.000909
2025-12-16 17:52:54.902,0.122661,0.087050,0.009238,-2.384194,1.249089,2.108660,1.578789,0.001034,0.001154,-0.000511,0.006326,0.000642,-0.000232,0.001879
2025-12-16 17:52:54.952,0.122650,0.087092,0.009233,-2.384046,1.249089,2.108659,1.578790,0.000079,0.000804,0.000152,0.001858,-0.000191,-0.000000,-0.000107
2025-12-16 17:52:55.002,0.122659,0.087138,0.009236,-2.384013,1.249088,2.108657,1.578802,0.000048,0.001641,-0.000292,-0.000274,-0.000311,-0.000142,0.000423
2025-12-16 17:52:55.052,0.122667,0.087121,0.009248,-2.384050,1.249086,2.108670,1.578797,-0.001184,-0.002977,0.000467,-0.004484,-0.000548,0.000130,0.000932
2025-12-16 17:52:55.102,0.122873,0.087071,0.009458,-2.384434,1.249451,2.109123,1.578748,0.006919,-0.002593,0.007116,-0.012574,0.006998,0.010720,-0.001468
2025-12-16 17:52:55.152,0.123349,0.086906,0.009933,-2.384989,1.250185,2.109770,1.578459,0.012759,-0.006093,0.010758,-0.011938,0.018242,0.012311,-0.002265
2025-12-16 17:52:55.202,0.123937,0.086636,0.010550,-2.385499,1.251091,2.110514,1.578455,0.012218,-0.003268,0.012715,-0.010685,0.020523,0.016455,-0.000420
2025-12-16 17:52:55.251,0.124489,0.086386,0.011084,-2.386011,1.251876,2.111322,1.578452,0.010835,-0.002673,0.011509,-0.009167,0.013066,0.012811,0.000779
2025-12-16 17:52:55.302,0.124963,0.086302,0.011519,-2.386438,1.252554,2.112013,1.578434,0.010748,0.000200,0.008531,-0.010412,0.012545,0.015039,-0.001478
2025-12-16 17:52:55.352,0.125501,0.086275,0.012035,-2.386703,1.253299,2.112643,1.578436,0.005058,-0.004754,0.007117,-0.003239,0.014661,0.014139,-0.000863
2025-12-16 17:52:55.402,0.126114,0.086005,0.012631,-2.387018,1.254106,2.113374,1.578456,0.011728,-0.005695,0.012456,-0.005901,0.015330,0.014816,-0.000981
2025-12-16 17:52:55.452,0.126913,0.085644,0.013373,-2.387438,1.255298,2.114463,1.578519,0.022852,-0.006991,0.016060,-0.007780,0.022035,0.026967,0.000627
2025-12-16 17:52:55.501,0.127887,0.085238,0.014363,-2.388174,1.256922,2.115926,1.578710,0.023689,-0.005923,0.021972,-0.018903,0.038380,0.026633,0.001702
2025-12-16 17:52:55.552,0.129037,0.084808,0.015517,-2.389222,1.258832,2.117665,1.578630,0.025255,-0.011721,0.024433,-0.025410,0.042830,0.041515,-0.004462
2025-12-16 17:52:55.602,0.130310,0.084363,0.016753,-2.390483,1.260903,2.119418,1.578269,0.022930,-0.009675,0.025133,-0.026213,0.038513,0.030446,-0.002093
2025-12-16 17:52:55.652,0.131529,0.083981,0.017933,-2.391718,1.262882,2.121150,1.577906,0.025181,-0.011428,0.026188,-0.024367,0.036335,0.034320,-0.006962
2025-12-16 17:52:55.701,0.132654,0.083594,0.019090,-2.392860,1.264786,2.122814,1.577589,0.017717,-0.005387,0.017894,-0.021664,0.031476,0.036736,-0.002546
2025-12-16 17:52:55.752,0.133831,0.083327,0.020196,-2.393692,1.266619,2.124439,1.577461,0.022543,-0.009763,0.022036,-0.018939,0.035140,0.030029,0.000910
2025-12-16 17:52:55.803,0.135081,0.082881,0.021366,-2.394586,1.268452,2.126056,1.577444,0.024273,-0.010755,0.022402,-0.013195,0.031519,0.035853,-0.001566
2025-12-16 17:52:55.851,0.136265,0.082380,0.022469,-2.395558,1.270235,2.127590,1.577451,0.022330,-0.011431,0.023213,-0.021483,0.030029,0.031793,0.001300
2025-12-16 17:52:55.902,0.137403,0.081694,0.023606,-2.396902,1.271922,2.129060,1.577448,0.023752,-0.017780,0.022104,-0.030738,0.031620,0.025308,0.000718
2025-12-16 17:52:55.952,0.138541,0.080815,0.024654,-2.398372,1.273609,2.130487,1.577422,0.024529,-0.016837,0.021461,-0.026958,0.039296,0.030153,-0.000657
2025-12-16 17:52:56.001,0.139733,0.079944,0.025837,-2.399891,1.275586,2.132048,1.577203,0.024214,-0.022282,0.028295,-0.028541,0.049253,0.033433,-0.014114
2025-12-16 17:52:56.052,0.141201,0.079016,0.027307,-2.401676,1.278176,2.134200,1.576889,0.026633,-0.019680,0.031959,-0.041116,0.062341,0.043799,-0.007864
2025-12-16 17:52:56.102,0.143020,0.077993,0.029049,-2.404053,1.281492,2.136959,1.576144,0.038022,-0.018310,0.039138,-0.057717,0.068996,0.065595,-0.019870
2025-12-16 17:52:56.152,0.144962,0.077165,0.031009,-2.406889,1.285334,2.139983,1.574769,0.037496,-0.015220,0.037752,-0.055031,0.085870,0.068054,-0.031211
2025-12-16 17:52:56.201,0.147173,0.076612,0.033214,-2.409880,1.289840,2.143417,1.572944,0.050323,-0.009162,0.043069,-0.054813,0.092693,0.068934,-0.030568
2025-12-16 17:52:56.252,0.149485,0.076373,0.035508,-2.412431,1.294191,2.146749,1.571228,0.047241,-0.000077,0.048796,-0.045794,0.086072,0.078416,-0.036246
2025-12-16 17:52:56.302,0.151774,0.076399,0.037797,-2.414602,1.298520,2.150083,1.569629,0.042253,-0.000225,0.042978,-0.040359,0.081888,0.063019,-0.027190
2025-12-16 17:52:56.352,0.153813,0.076417,0.039814,-2.416427,1.302427,2.153117,1.568205,0.038554,0.000365,0.036950,-0.035226,0.074242,0.053833,-0.030088
2025-12-16 17:52:56.402,0.155555,0.076577,0.041583,-2.417817,1.305710,2.155778,1.566944,0.036388,0.002173,0.036995,-0.025943,0.069939,0.051796,-0.025125
2025-12-16 17:52:56.452,0.157183,0.076897,0.043222,-2.418959,1.308823,2.158174,1.565814,0.031927,0.010699,0.034642,-0.017367,0.062368,0.042124,-0.021151
2025-12-16 17:52:56.502,0.158576,0.077350,0.044647,-2.419882,1.311492,2.160171,1.564756,0.025942,0.008435,0.024930,-0.018902,0.050792,0.037352,-0.019191
2025-12-16 17:52:56.551,0.159643,0.077567,0.045733,-2.420756,1.313775,2.161772,1.563784,0.020367,0.005314,0.017099,-0.017997,0.050221,0.024887,-0.021667
2025-12-16 17:52:56.602,0.160528,0.077675,0.046567,-2.421534,1.315635,2.163007,1.562867,0.014264,0.007070,0.016630,-0.013816,0.031880,0.022857,-0.011633
2025-12-16 17:52:56.652,0.161355,0.078094,0.047383,-2.422143,1.317286,2.164208,1.562024,0.016332,0.007791,0.021301,-0.013309,0.030518,0.021209,-0.008629
2025-12-16 17:52:56.702,0.162136,0.078512,0.048122,-2.422695,1.318924,2.165366,1.561310,0.013372,0.007821,0.014888,-0.011795,0.034466,0.023331,-0.010554
2025-12-16 17:52:56.752,0.162902,0.078913,0.048885,-2.423250,1.320594,2.166582,1.560552,0.016470,0.008891,0.013933,-0.011773,0.034635,0.023346,-0.012207
2025-12-16 17:52:56.803,0.163675,0.079251,0.049668,-2.423902,1.322410,2.167833,1.559584,0.012658,0.009546,0.014666,-0.013282,0.037439,0.025309,-0.029163
2025-12-16 17:52:56.852,0.164637,0.079768,0.050582,-2.424645,1.324475,2.169340,1.558352,0.021933,0.010287,0.020228,-0.017165,0.041080,0.033117,-0.025946
2025-12-16 17:52:56.902,0.165612,0.080353,0.051594,-2.425494,1.326758,2.170921,1.556957,0.019132,0.012028,0.016738,-0.013325,0.045235,0.028182,-0.031831
2025-12-16 17:52:56.952,0.166452,0.081321,0.052455,-2.426028,1.328968,2.172391,1.555504,0.016522,0.022225,0.012492,-0.011694,0.040091,0.022337,-0.034338
2025-12-16 17:52:57.001,0.167126,0.082488,0.053177,-2.426260,1.330691,2.173613,1.554184,0.013722,0.023930,0.012546,0.001306,0.035766,0.023891,-0.018395
2025-12-16 17:52:57.052,0.167688,0.083497,0.053742,-2.426255,1.332080,2.174608,1.553145,0.008208,0.019371,0.008931,0.000540,0.015752,0.015945,-0.018727
2025-12-16 17:52:57.102,0.168128,0.084489,0.054150,-2.426238,1.333018,2.175350,1.552323,0.008174,0.021729,0.004377,-0.000419,0.015989,0.008200,-0.021606
2025-12-16 17:52:57.152,0.168328,0.085787,0.054365,-2.425977,1.333761,2.175849,1.551495,0.004631,0.029642,0.003075,0.012104,0.014300,0.007629,-0.017684
2025-12-16 17:52:57.202,0.168475,0.087466,0.054534,-2.425390,1.334593,2.176353,1.550375,0.005424,0.041916,0.002549,0.012692,0.017243,0.013768,-0.024909
2025-12-16 17:52:57.252,0.168679,0.089891,0.054738,-2.424418,1.335699,2.176981,1.548878,0.005170,0.051162,0.000686,0.023204,0.020785,0.017063,-0.033888
2025-12-16 17:52:57.302,0.169000,0.093037,0.055116,-2.423114,1.337069,2.177812,1.546852,0.005899,0.069746,0.009372,0.024928,0.030854,0.016795,-0.042337
2025-12-16 17:52:57.352,0.169458,0.096325,0.055595,-2.421883,1.338834,2.178929,1.544686,0.008174,0.062838,0.016239,0.019525,0.046382,0.023394,-0.047482
2025-12-16 17:52:57.402,0.169970,0.099601,0.056161,-2.420699,1.340879,2.180256,1.542593,0.011154,0.064008,0.013029,0.018329,0.044493,0.023652,-0.043081
2025-12-16 17:52:57.452,0.170574,0.102533,0.056819,-2.419816,1.343040,2.181704,1.540611,0.015290,0.053748,0.012725,0.013517,0.043191,0.026510,-0.028757
2025-12-16 17:52:57.503,0.171233,0.104856,0.057538,-2.419285,1.345086,2.183086,1.538761,0.011776,0.042732,0.012215,0.010190,0.041776,0.024512,-0.038947
2025-12-16 17:52:57.552,0.171913,0.106631,0.058290,-2.418812,1.346934,2.184286,1.537338,0.010402,0.032253,0.013897,0.005865,0.028939,0.016599,-0.023460
2025-12-16 17:52:57.602,0.172535,0.107683,0.058919,-2.418742,1.348427,2.185250,1.536311,0.007782,0.011032,0.007282,0.000082,0.019607,0.021689,-0.019753
2025-12-16 17:52:57.651,0.173036,0.108255,0.059408,-2.418760,1.349416,2.185995,1.535582,0.006402,0.004844,0.011346,-0.000359,0.014245,0.012470,-0.022445
2025-12-16 17:52:57.703,0.173281,0.108790,0.059615,-2.418807,1.350106,2.186492,1.534897,0.001642,0.013281,0.001007,-0.001277,0.015285,0.008872,-0.017985
2025-12-16 17:52:57.752,0.173287,0.109576,0.059638,-2.418777,1.350696,2.186722,1.534070,0.000480,0.023137,-0.000397,0.004582,0.016147,0.002406,-0.018189
2025-12-16 17:52:57.801,0.173294,0.110809,0.059651,-2.418687,1.351312,2.186966,1.532914,0.000184,0.033811,-0.000114,0.004672,0.016912,-0.000362,-0.020518
2025-12-16 17:52:57.852,0.173294,0.112520,0.059689,-2.418365,1.352122,2.187315,1.531373,0.000004,0.035309,0.001408,0.010754,0.018066,0.003919,-0.038670
2025-12-16 17:52:57.902,0.173294,0.114162,0.059747,-2.418156,1.353206,2.187795,1.529651,0.000204,0.029814,0.003174,0.001654,0.020935,0.003745,-0.025966
2025-12-16 17:52:57.952,0.173335,0.115606,0.059906,-2.418160,1.354312,2.188300,1.527991,0.002611,0.024590,0.003524,0.001169,0.022140,0.013269,-0.030812
2025-12-16 17:52:58.001,0.173515,0.116774,0.060106,-2.418163,1.355474,2.188857,1.526531,0.001147,0.021512,0.005508,0.000116,0.019355,0.014980,-0.027767
2025-12-16 17:52:58.052,0.173663,0.117718,0.060291,-2.418159,1.356327,2.189326,1.525380,0.005194,0.014654,-0.001527,0.000457,0.017505,0.005508,-0.017319
2025-12-16 17:52:58.102,0.173751,0.118371,0.060404,-2.418165,1.356994,2.189656,1.524526,0.001824,0.015780,0.000560,-0.000674,0.017632,0.003475,-0.014174
2025-12-16 17:52:58.152,0.173792,0.119073,0.060452,-2.418157,1.357596,2.189892,1.523695,0.000873,0.013838,0.003940,-0.000381,0.008917,0.001210,-0.019478
2025-12-16 17:52:58.202,0.173782,0.120164,0.060457,-2.418002,1.358041,2.189995,1.522885,-0.001192,0.029001,0.000096,0.007720,0.009120,-0.000185,-0.014930
2025-12-16 17:52:58.252,0.173731,0.121532,0.060438,-2.417492,1.358267,2.190117,1.521940,-0.003252,0.024570,0.001390,0.010156,0.002998,0.000974,-0.017679
2025-12-16 17:52:58.302,0.173509,0.122857,0.060296,-2.417004,1.358409,2.190107,1.520799,-0.008490,0.032088,-0.006706,0.008420,0.000314,-0.002457,-0.028105
2025-12-16 17:52:58.352,0.173119,0.124234,0.060019,-2.416620,1.358493,2.190039,1.519456,-0.008547,0.025794,-0.008848,0.006989,0.000294,-0.000324,-0.028261
2025-12-16 17:52:58.402,0.172733,0.125506,0.059699,-2.416588,1.358779,2.189923,1.517956,-0.003050,0.026473,-0.006847,-0.001052,0.006885,0.000993,-0.026791
2025-12-16 17:52:58.452,0.172447,0.126589,0.059508,-2.416595,1.359154,2.189929,1.516539,-0.001632,0.017180,-0.000429,-0.001648,0.013943,0.000415,-0.027264
2025-12-16 17:52:58.502,0.172403,0.127571,0.059461,-2.416669,1.359780,2.189954,1.515018,0.000900,0.014889,0.000532,-0.005807,0.014090,0.000298,-0.029822
2025-12-16 17:52:58.552,0.172443,0.128632,0.059551,-2.416922,1.360800,2.190300,1.513526,0.002171,0.019186,0.000104,-0.008808,0.026486,0.014499,-0.027901
2025-12-16 17:52:58.602,0.172472,0.129716,0.059682,-2.417321,1.361998,2.190790,1.511823,0.000278,0.019389,-0.000402,-0.008593,0.023601,0.002819,-0.035460
2025-12-16 17:52:58.652,0.172666,0.131008,0.059880,-2.417396,1.363237,2.191387,1.510081,0.003942,0.029506,0.002855,-0.000102,0.024784,0.008182,-0.025434
2025-12-16 17:52:58.702,0.172864,0.132408,0.060124,-2.417384,1.364482,2.192031,1.508400,0.000495,0.028460,0.004808,-0.000903,0.023874,0.017772,-0.032535
2025-12-16 17:52:58.754,0.173002,0.133862,0.060280,-2.417396,1.365589,2.192619,1.506875,0.001525,0.023733,-0.000823,-0.002145,0.020576,0.014916,-0.025200
2025-12-16 17:52:58.802,0.172996,0.134962,0.060306,-2.417351,1.366383,2.192940,1.505636,0.000035,0.016794,0.000463,-0.001227,0.016004,0.002250,-0.016649
2025-12-16 17:52:58.852,0.172988,0.135712,0.060306,-2.417121,1.366692,2.193009,1.504981,-0.000592,0.014307,0.000591,0.002835,-0.000433,0.000604,-0.003569
2025-12-16 17:52:58.902,0.172951,0.136206,0.060295,-2.417040,1.366719,2.193014,1.504557,-0.001392,0.011149,-0.001616,0.000215,-0.000023,0.000369,-0.002401
2025-12-16 17:52:58.952,0.172943,0.136650,0.060294,-2.417043,1.366743,2.193013,1.504304,0.000113,0.008802,0.000485,0.000662,0.002946,-0.000038,-0.009760
2025-12-16 17:52:59.002,0.172892,0.136886,0.060291,-2.417062,1.366840,2.193014,1.503970,-0.000043,0.000715,-0.000121,0.000822,0.000309,0.000259,-0.004706
2025-12-16 17:52:59.052,0.172847,0.137008,0.060280,-2.417056,1.367070,2.193024,1.503581,-0.000321,0.005446,-0.000891,-0.000485,0.010432,0.000658,-0.013665
2025-12-16 17:52:59.102,0.172864,0.137430,0.060283,-2.417058,1.367476,2.193188,1.503100,-0.000687,0.008651,-0.001423,-0.001453,0.004547,0.004212,-0.010494
2025-12-16 17:52:59.152,0.172871,0.138062,0.060292,-2.417063,1.367965,2.193384,1.502272,0.000691,0.011155,-0.000181,0.001625,0.003955,0.005051,-0.016950
2025-12-16 17:52:59.202,0.172820,0.138913,0.060294,-2.417056,1.368477,2.193596,1.501110,-0.001243,0.019841,0.000384,0.000170,0.005793,0.002654,-0.023437
2025-12-16 17:52:59.252,0.172577,0.140082,0.060212,-2.417075,1.369000,2.193638,1.499567,-0.001240,0.025301,-0.005927,0.000196,0.011499,-0.000308,-0.027207
2025-12-16 17:52:59.302,0.172301,0.141360,0.060047,-2.417273,1.369575,2.193736,1.497763,-0.001934,0.027459,0.000073,-0.005335,0.012033,0.000543,-0.036143
2025-12-16 17:52:59.353,0.171956,0.142989,0.059846,-2.417493,1.370389,2.193919,1.495550,-0.004759,0.035201,-0.003703,-0.002726,0.018976,-0.000093,-0.045114
2025-12-16 17:52:59.401,0.171916,0.144298,0.059815,-2.417718,1.371397,2.194263,1.493596,0.000859,0.025775,0.001631,-0.011765,0.020284,0.006276,-0.042993
2025-12-16 17:52:59.452,0.171949,0.145390,0.059891,-2.418196,1.372519,2.194619,1.491695,0.001319,0.017568,0.000631,-0.008844,0.021747,0.015133,-0.042473
2025-12-16 17:52:59.502,0.171973,0.146258,0.060013,-2.418657,1.373634,2.195061,1.490128,0.002586,0.013328,-0.000004,-0.009280,0.018961,0.019082,-0.033471
2025-12-16 17:52:59.551,0.171993,0.146906,0.060089,-2.419001,1.374477,2.195406,1.488937,0.000826,0.012174,0.000778,-0.002752,0.017612,0.007764,-0.024245
2025-12-16 17:52:59.602,0.171984,0.147626,0.060087,-2.419022,1.375103,2.195623,1.487821,-0.002482,0.013235,0.000047,0.001950,0.013073,0.006681,-0.025311
2025-12-16 17:52:59.653,0.171974,0.148649,0.060087,-2.418837,1.375535,2.195720,1.486929,0.000556,0.027698,0.000118,0.010241,0.002585,0.008208,-0.006661
2025-12-16 17:52:59.703,0.171929,0.150056,0.060068,-2.418327,1.375833,2.195833,1.486018,-0.003874,0.031064,0.000302,0.010132,0.009253,0.000142,-0.013933
2025-12-16 17:52:59.752,0.171856,0.151463,0.060052,-2.417807,1.376045,2.195902,1.485261,-0.003556,0.030147,-0.000199,0.011528,0.005968,0.002309,-0.016066
2025-12-16 17:52:59.802,0.171773,0.152968,0.060005,-2.417095,1.376306,2.196038,1.484563,-0.003122,0.034413,-0.001630,0.014728,0.008141,0.000841,-0.011642
2025-12-16 17:52:59.852,0.171744,0.154848,0.059957,-2.415967,1.376604,2.196242,1.483839,0.001109,0.042673,-0.000219,0.026506,0.009002,0.012702,-0.016612
2025-12-16 17:52:59.901,0.171774,0.156931,0.059994,-2.414647,1.377129,2.196517,1.482990,0.000120,0.046744,0.002599,0.030461,0.017374,0.010955,-0.017842
2025-12-16 17:52:59.952,0.171886,0.159281,0.060147,-2.413133,1.377880,2.196987,1.481978,0.007094,0.046404,0.001233,0.034966,0.018609,0.010423,-0.024669
2025-12-16 17:53:00.002,0.172004,0.161734,0.060368,-2.411759,1.378783,2.197487,1.480735,0.003655,0.049500,0.005740,0.025098,0.020449,0.013483,-0.030520
2025-12-16 17:53:00.051,0.172203,0.164377,0.060544,-2.410396,1.379822,2.198077,1.479297,0.004819,0.055386,0.005762,0.030590,0.022415,0.014072,-0.034094
2025-12-16 17:53:00.103,0.172330,0.167343,0.060737,-2.409015,1.381111,2.198727,1.477486,-0.000002,0.051547,0.010017,0.020532,0.022538,0.006603,-0.037019
2025-12-16 17:53:00.152,0.172410,0.169721,0.060884,-2.408064,1.382206,2.199337,1.475762,0.002874,0.041561,0.007688,0.018524,0.026756,0.011330,-0.035384
2025-12-16 17:53:00.203,0.172469,0.171876,0.061056,-2.407381,1.383378,2.199953,1.473969,0.004753,0.041262,0.000747,0.012555,0.024406,0.012962,-0.023137
2025-12-16 17:53:00.252,0.172611,0.173787,0.061170,-2.406795,1.384387,2.200471,1.472462,0.000150,0.035509,0.008415,0.012616,0.020865,0.011839,-0.023515
2025-12-16 17:53:00.304,0.172658,0.175611,0.061333,-2.406232,1.385333,2.200913,1.470888,0.001094,0.033192,0.000876,0.010990,0.018979,0.004005,-0.030896
2025-12-16 17:53:00.352,0.172648,0.177402,0.061351,-2.405645,1.386090,2.201257,1.469444,-0.001279,0.036400,0.000561,0.009039,0.017319,0.010803,-0.022536
2025-12-16 17:53:00.401,0.172610,0.179068,0.061346,-2.405119,1.386728,2.201515,1.468033,-0.000670,0.029593,0.000741,0.012343,0.005311,0.009206,-0.023161
2025-12-16 17:53:00.452,0.172614,0.180920,0.061344,-2.404404,1.387383,2.201697,1.466751,0.000231,0.040617,0.000516,0.019897,0.013745,0.002669,-0.025237
2025-12-16 17:53:00.502,0.172619,0.182823,0.061347,-2.403682,1.388038,2.201922,1.465443,0.000809,0.034965,-0.000081,0.010058,0.014516,0.000056,-0.033934
2025-12-16 17:53:00.551,0.172561,0.184534,0.061344,-2.402983,1.388619,2.202196,1.464169,-0.000716,0.031139,0.000096,0.015080,0.014455,0.006950,-0.029928
2025-12-16 17:53:00.602,0.172373,0.186211,0.061337,-2.402311,1.389227,2.202379,1.462897,-0.006106,0.031927,0.000255,0.016111,0.011263,0.004959,-0.028630
2025-12-16 17:53:00.652,0.172377,0.187877,0.061338,-2.401631,1.389830,2.202672,1.461681,0.000860,0.038245,-0.000051,0.016318,0.011584,0.006586,-0.028762
2025-12-16 17:53:00.703,0.172398,0.189922,0.061372,-2.400670,1.390624,2.202958,1.460392,0.000542,0.040951,0.000008,0.010109,0.015079,0.005980,-0.030839
2025-12-16 17:53:00.752,0.172397,0.191949,0.061482,-2.399760,1.391446,2.203310,1.459117,-0.001007,0.044493,0.002603,0.020737,0.018474,0.009810,-0.029315
2025-12-16 17:53:00.802,0.172451,0.194483,0.061716,-2.398512,1.392602,2.203835,1.457594,0.002479,0.051542,0.006975,0.026415,0.027781,0.009193,-0.027560
2025-12-16 17:53:00.852,0.172729,0.197142,0.062005,-2.397330,1.394005,2.204449,1.455840,0.007271,0.054728,0.007650,0.021105,0.033442,0.009717,-0.030332
2025-12-16 17:53:00.902,0.172990,0.200021,0.062401,-2.396219,1.395515,2.205199,1.453809,0.008541,0.056219,0.008133,0.020565,0.031734,0.014239,-0.042258
2025-12-16 17:53:00.951,0.173120,0.202671,0.062686,-2.395392,1.397043,2.205896,1.451645,0.000718,0.052688,0.002762,0.014884,0.032921,0.006863,-0.042264
2025-12-16 17:53:01.002,0.173300,0.205382,0.062942,-2.394627,1.398739,2.206645,1.449387,0.001637,0.051309,0.008183,0.012264,0.038106,0.016226,-0.044693
2025-12-16 17:53:01.051,0.173574,0.207783,0.063314,-2.393892,1.400260,2.207359,1.447384,0.005732,0.045244,0.013879,0.011288,0.029707,0.018064,-0.032811
2025-12-16 17:53:01.101,0.173851,0.209792,0.063664,-2.393214,1.401494,2.207944,1.445762,-0.000087,0.035651,0.007071,0.012814,0.018997,0.011313,-0.026520
2025-12-16 17:53:01.151,0.173757,0.211240,0.063686,-2.392556,1.401962,2.208094,1.444638,-0.006500,0.025073,0.001597,0.012592,0.000702,0.000004,-0.013632
2025-12-16 17:53:01.202,0.173342,0.212234,0.063379,-2.391878,1.401942,2.207956,1.444090,-0.009600,0.016681,-0.010534,0.012661,0.000134,-0.002921,-0.008275
2025-12-16 17:53:01.252,0.172876,0.213034,0.062917,-2.391140,1.401544,2.207430,1.443922,-0.007684,0.014448,-0.006686,0.012826,-0.017576,-0.010959,0.001655
2025-12-16 17:53:01.302,0.172409,0.213530,0.062472,-2.390553,1.400893,2.206884,1.443905,-0.007600,0.008816,-0.008043,0.010188,-0.013763,-0.007979,0.000955
2025-12-16 17:53:01.352,0.172065,0.214005,0.062218,-2.390170,1.400523,2.206477,1.443621,-0.004396,0.007114,-0.006146,0.004644,-0.000836,-0.002172,-0.009278
2025-12-16 17:53:01.402,0.172057,0.214490,0.062191,-2.390170,1.400517,2.206455,1.443088,0.002929,0.011561,0.001542,-0.000926,-0.000664,0.000058,-0.006875
2025-12-16 17:53:01.451,0.172056,0.214986,0.062199,-2.390193,1.400596,2.206453,1.442309,-0.001962,0.009843,0.000257,-0.000666,0.001444,0.000098,-0.023556
2025-12-16 17:53:01.502,0.171939,0.215585,0.062199,-2.390318,1.400933,2.206461,1.441223,-0.004019,0.008810,0.002360,-0.001266,0.007669,0.000336,-0.023553
2025-12-16 17:53:01.552,0.171751,0.216224,0.062172,-2.390523,1.401282,2.206464,1.440089,-0.004073,0.012689,-0.001269,-0.001033,0.003117,0.000399,-0.025123
2025-12-16 17:53:01.602,0.171654,0.216929,0.062137,-2.390681,1.401644,2.206468,1.438939,-0.004451,0.014611,-0.000604,-0.002586,0.007402,-0.000699,-0.022099
2025-12-16 17:53:01.652,0.171581,0.217547,0.062128,-2.390811,1.401999,2.206467,1.437874,0.000725,0.009688,0.000702,-0.001928,0.001190,-0.000220,-0.027362
2025-12-16 17:53:01.702,0.171531,0.218140,0.062128,-2.390970,1.402343,2.206468,1.436832,-0.000118,0.009604,-0.000086,-0.001836,0.016770,-0.000362,-0.017045
2025-12-16 17:53:01.751,0.171438,0.218711,0.062120,-2.391050,1.402655,2.206473,1.436011,-0.002659,0.013049,-0.000275,0.000743,0.010761,0.000584,-0.017624
2025-12-16 17:53:01.801,0.171328,0.219314,0.062052,-2.391047,1.402925,2.206470,1.435195,-0.000889,0.011557,-0.000852,0.000828,0.005474,-0.000222,-0.009253
2025-12-16 17:53:01.852,0.171277,0.220192,0.062045,-2.391014,1.403371,2.206476,1.434196,0.001024,0.022596,0.001664,0.000253,0.006864,-0.000649,-0.021001
2025-12-16 17:53:01.902,0.171247,0.221431,0.062043,-2.390647,1.403759,2.206483,1.433239,0.000306,0.022931,0.000520,0.010761,0.001206,-0.000023,-0.021355
2025-12-16 17:53:01.953,0.171023,0.222524,0.061979,-2.390160,1.403841,2.206484,1.432409,-0.004940,0.019210,-0.001883,0.013348,0.000091,-0.000408,-0.012487
2025-12-16 17:53:02.002,0.170872,0.223638,0.061821,-2.389587,1.403873,2.206472,1.431804,-0.002560,0.025207,-0.000441,0.015063,0.000828,0.000231,-0.014168
2025-12-16 17:53:02.052,0.170714,0.224853,0.061734,-2.388965,1.403884,2.206451,1.431184,0.000152,0.025422,-0.000754,0.016170,-0.000138,-0.000767,-0.017438
2025-12-16 17:53:02.101,0.170618,0.225877,0.061678,-2.388431,1.403913,2.206429,1.430536,-0.000257,0.016223,-0.000976,0.011220,0.002521,-0.000171,-0.012515
2025-12-16 17:53:02.152,0.170467,0.226820,0.061598,-2.387919,1.404098,2.206381,1.429764,-0.006155,0.017679,-0.003352,0.012228,0.004182,-0.000409,-0.012346
2025-12-16 17:53:02.202,0.170316,0.227817,0.061496,-2.387423,1.404277,2.206327,1.428953,-0.000435,0.017415,-0.005114,0.006443,0.005395,-0.000363,-0.016265
2025-12-16 17:53:02.251,0.170245,0.228817,0.061453,-2.386937,1.404393,2.206309,1.428318,-0.000198,0.021941,0.000106,0.008951,0.009286,0.000513,-0.012408
2025-12-16 17:53:02.302,0.170195,0.229689,0.061430,-2.386460,1.404505,2.206274,1.427826,-0.000083,0.015623,-0.000853,0.005130,0.008308,0.000878,-0.005362
2025-12-16 17:53:02.352,0.170190,0.230201,0.061430,-2.386156,1.404645,2.206267,1.427525,0.000159,0.011308,-0.000303,0.005711,0.006083,0.000174,-0.007205
2025-12-16 17:53:02.402,0.170216,0.230705,0.061450,-2.386076,1.405016,2.206267,1.427129,-0.000957,0.009226,-0.001094,0.000596,0.011237,0.000475,-0.006270
2025-12-16 17:53:02.451,0.170277,0.231110,0.061526,-2.386076,1.405453,2.206312,1.426861,0.001573,0.008993,0.004012,0.000572,0.012731,0.001412,-0.008884
2025-12-16 17:53:02.502,0.170431,0.231450,0.061706,-2.386026,1.405880,2.206633,1.426603,0.003267,0.007219,0.002476,0.003646,0.005125,0.008200,-0.001210
2025-12-16 17:53:02.551,0.170591,0.231707,0.061871,-2.385936,1.406282,2.206840,1.426420,0.004923,0.008594,0.003453,0.000271,0.002781,0.011872,-0.000834
2025-12-16 17:53:02.601,0.170841,0.232006,0.062129,-2.385767,1.406791,2.207185,1.426222,0.001567,0.005307,0.004787,0.004248,0.004476,0.002916,-0.002989
2025-12-16 17:53:02.652,0.171039,0.232425,0.062359,-2.385679,1.407327,2.207426,1.425904,-0.000739,0.011295,0.003352,0.000571,0.011864,0.002689,-0.013480
2025-12-16 17:53:02.702,0.171112,0.232882,0.062452,-2.385604,1.407725,2.207565,1.425553,0.003051,0.010421,0.001273,0.000963,0.003624,0.001707,-0.007432
2025-12-16 17:53:02.751,0.171131,0.233382,0.062475,-2.385267,1.407974,2.207699,1.425283,0.000063,0.010526,0.002561,0.010081,0.001503,0.002672,-0.000760
2025-12-16 17:53:02.802,0.171259,0.233827,0.062607,-2.384817,1.408213,2.207890,1.425135,0.006375,0.010967,0.002823,0.013633,0.005916,0.001052,-0.003077
2025-12-16 17:53:02.852,0.171389,0.234297,0.062755,-2.384474,1.408429,2.208023,1.424953,0.000263,0.010995,0.004349,0.007987,0.005700,0.001368,-0.001514
2025-12-16 17:53:02.902,0.171537,0.234730,0.062889,-2.384216,1.408715,2.208246,1.424848,0.004045,0.005766,0.000592,0.002872,0.008527,0.004523,-0.003775
2025-12-16 17:53:02.952,0.171614,0.235307,0.062970,-2.383783,1.409038,2.208469,1.424599,0.006106,0.011823,0.004602,0.010479,0.008903,0.010311,-0.008632
2025-12-16 17:53:03.003,0.171788,0.236069,0.063135,-2.383199,1.409460,2.208800,1.424235,0.005178,0.014680,0.003322,0.008934,0.009135,0.012881,-0.009060
2025-12-16 17:53:03.052,0.171998,0.237115,0.063399,-2.382585,1.409991,2.209129,1.423777,0.009177,0.021090,0.001320,0.012587,0.018681,0.007371,-0.002957
2025-12-16 17:53:03.103,0.172184,0.238120,0.063576,-2.382051,1.410540,2.209397,1.423315,0.001221,0.014731,0.002395,0.010105,0.011277,0.001978,-0.008620
2025-12-16 17:53:03.151,0.172228,0.238687,0.063626,-2.381689,1.410878,2.209561,1.422944,-0.000142,0.009400,-0.000118,0.005324,0.003042,0.001264,0.000570
2025-12-16 17:53:03.202,0.172230,0.239105,0.063629,-2.381431,1.410990,2.209599,1.422754,0.000767,0.003160,0.000073,0.000900,0.000379,0.000729,-0.001543
2025-12-16 17:53:03.252,0.172235,0.239126,0.063639,-2.381440,1.411014,2.209612,1.422758,-0.000457,-0.000793,-0.001301,0.001064,0.000015,0.000046,0.001974
2025-12-16 17:53:03.302,0.172271,0.239267,0.063679,-2.381350,1.411089,2.209670,1.422736,0.001308,0.007341,0.001195,0.004992,0.000240,0.000179,-0.003377
2025-12-16 17:53:03.352,0.172433,0.239777,0.063823,-2.381015,1.411422,2.209926,1.422552,0.004917,0.009238,0.004424,0.004861,0.012369,0.001809,-0.003085
2025-12-16 17:53:03.402,0.172585,0.240278,0.064054,-2.380766,1.411853,2.210119,1.422178,0.006086,0.006368,0.009254,0.004735,0.013145,0.006267,-0.008145
2025-12-16 17:53:03.451,0.172851,0.240760,0.064289,-2.380607,1.412319,2.210457,1.421880,0.004051,0.009981,0.002999,0.001467,0.001830,0.007349,-0.003298
2025-12-16 17:53:03.502,0.173148,0.241301,0.064605,-2.380485,1.412947,2.210855,1.421457,0.004099,0.006730,0.010497,0.003761,0.020623,0.000903,-0.006347
2025-12-16 17:53:03.552,0.173450,0.241870,0.064955,-2.380466,1.413734,2.211289,1.420925,0.007881,0.014032,0.007004,0.000742,0.019341,0.007808,-0.016908
2025-12-16 17:53:03.602,0.173622,0.242440,0.065179,-2.380463,1.414456,2.211670,1.420280,0.004764,0.014551,0.000979,-0.000136,0.011264,0.003987,-0.017443
2025-12-16 17:53:03.652,0.173758,0.242961,0.065335,-2.380421,1.415107,2.211993,1.419706,0.000097,0.013088,0.000085,0.000667,0.017072,0.003017,-0.012251
2025-12-16 17:53:03.702,0.173787,0.243455,0.065393,-2.380371,1.415581,2.212098,1.419175,-0.000647,0.005840,-0.000453,-0.000425,0.005170,0.000455,-0.003714
2025-12-16 17:53:03.751,0.173771,0.243698,0.065391,-2.380371,1.415651,2.212102,1.418787,-0.002196,0.004213,-0.000696,0.000927,-0.000192,-0.000512,-0.006577
2025-12-16 17:53:03.801,0.173741,0.243979,0.065391,-2.380372,1.415682,2.212102,1.418295,-0.002339,0.008584,0.000538,0.001340,0.000479,-0.000390,-0.014032
2025-12-16 17:53:03.852,0.173721,0.244465,0.065391,-2.380375,1.415906,2.212096,1.417707,-0.000714,0.012066,0.000227,-0.000034,0.007500,-0.000372,-0.015741
2025-12-16 17:53:03.903,0.173693,0.245097,0.065392,-2.380369,1.416309,2.212097,1.416853,-0.000201,0.013453,0.000466,0.002031,0.001790,0.000174,-0.020414
2025-12-16 17:53:03.952,0.173599,0.246014,0.065391,-2.380173,1.416771,2.212106,1.415869,-0.002591,0.022298,-0.000500,0.007789,0.005477,-0.000188,-0.016452
2025-12-16 17:53:04.002,0.173515,0.247197,0.065392,-2.379768,1.417263,2.212226,1.414830,-0.001472,0.019392,0.000320,0.009975,0.011706,0.000402,-0.016694
2025-12-16 17:53:04.051,0.173370,0.248351,0.065384,-2.379329,1.417581,2.212233,1.413832,-0.001935,0.020266,0.000543,0.011698,0.001084,-0.000007,-0.013272
2025-12-16 17:53:04.103,0.173289,0.249424,0.065372,-2.378842,1.417730,2.212230,1.413033,-0.000122,0.016920,-0.000341,0.009934,0.005234,-0.000064,-0.012067
2025-12-16 17:53:04.152,0.173187,0.250341,0.065349,-2.378450,1.417836,2.212232,1.412391,-0.003313,0.018261,-0.000969,0.008426,0.000333,-0.000129,-0.010060
2025-12-16 17:53:04.202,0.172995,0.251110,0.065246,-2.378289,1.417952,2.212228,1.411731,-0.005174,0.014299,-0.002027,0.000841,0.000635,0.000466,-0.003647
2025-12-16 17:53:04.252,0.172802,0.251695,0.065099,-2.378312,1.418106,2.212218,1.411006,-0.002051,0.009965,-0.000761,0.000348,0.003149,-0.000224,-0.005216
2025-12-16 17:53:04.302,0.172519,0.252095,0.064949,-2.378335,1.418131,2.212192,1.410402,-0.006698,0.005281,-0.005212,-0.001449,-0.000022,-0.000050,-0.012385
2025-12-16 17:53:04.352,0.172139,0.252271,0.064564,-2.378463,1.418132,2.211862,1.409875,-0.015723,0.000119,-0.010826,-0.003430,0.001109,-0.003483,-0.010905
2025-12-16 17:53:04.402,0.171682,0.252316,0.064114,-2.378477,1.418093,2.211444,1.409459,-0.012585,0.004654,-0.006499,0.000294,0.000311,-0.016050,-0.007667
2025-12-16 17:53:04.452,0.171304,0.252948,0.063818,-2.378277,1.417886,2.211004,1.408956,-0.004671,0.016943,-0.002733,0.003275,-0.005235,-0.008394,-0.009266
2025-12-16 17:53:04.502,0.171057,0.254182,0.063639,-2.377660,1.417708,2.210700,1.408284,-0.008978,0.028171,-0.005183,0.012763,-0.001703,-0.003915,-0.012078
2025-12-16 17:53:04.552,0.170793,0.255828,0.063451,-2.376893,1.417672,2.210513,1.407354,-0.004575,0.029808,-0.002354,0.019554,0.000214,-0.002571,-0.017202
2025-12-16 17:53:04.608,0.170571,0.257465,0.063261,-2.376124,1.417664,2.210493,1.406400,-0.000840,0.025093,-0.000251,0.009497,-0.000216,-0.000013,-0.022905
2025-12-16 17:53:04.652,0.170428,0.258717,0.063143,-2.375588,1.417670,2.210501,1.405497,-0.001428,0.025652,-0.001231,0.011953,-0.000110,0.000313,-0.016769
2025-12-16 17:53:04.703,0.170359,0.259923,0.063091,-2.375237,1.417926,2.210590,1.404473,-0.001520,0.020105,-0.000684,0.001166,0.008963,0.002632,-0.017597
2025-12-16 17:53:04.752,0.170247,0.261131,0.062862,-2.375357,1.418439,2.211826,1.403331,-0.006349,0.031908,-0.016536,-0.007583,0.017882,0.041486,-0.025300
2025-12-16 17:53:04.802,0.170163,0.263611,0.062677,-2.375254,1.421306,2.213647,1.401371,0.019280,0.072816,0.015405,0.005256,0.094163,0.054837,-0.054799
2025-12-16 17:53:04.851,0.172192,0.268435,0.064807,-2.374253,1.427310,2.217208,1.397833,0.048117,0.110048,0.054563,0.022860,0.136373,0.087290,-0.097422
2025-12-16 17:53:04.902,0.174147,0.273045,0.066956,-2.374048,1.433108,2.220335,1.393086,0.024083,0.045777,0.031923,-0.015647,0.089441,0.039222,-0.079081
2025-12-16 17:53:04.952,0.174766,0.273039,0.067806,-2.376424,1.436418,2.221534,1.389495,0.003965,-0.022795,0.008246,-0.061174,0.051196,0.008563,-0.067363
2025-12-16 17:53:05.002,0.174725,0.270827,0.068053,-2.380110,1.437667,2.221770,1.387467,-0.001462,-0.051373,-0.000714,-0.069210,0.007350,0.000393,-0.024944
2025-12-16 17:53:05.052,0.174564,0.269014,0.068024,-2.382166,1.437802,2.221693,1.387096,-0.003349,-0.023705,-0.001147,-0.016853,0.000011,-0.005052,-0.001452
2025-12-16 17:53:05.105,0.174393,0.268916,0.067831,-2.382221,1.437747,2.221419,1.387118,-0.001681,0.011800,-0.000070,0.004604,-0.009325,-0.000564,0.003866
2025-12-16 17:53:05.151,0.174213,0.270050,0.067677,-2.381180,1.437435,2.221206,1.387172,-0.003730,0.032080,-0.009001,0.026308,-0.008218,-0.007590,0.002084
2025-12-16 17:53:05.203,0.173741,0.271523,0.067203,-2.379824,1.436880,2.220766,1.387156,-0.009117,0.031222,-0.006424,0.023455,-0.013956,-0.004308,-0.000333
2025-12-16 17:53:05.252,0.173247,0.272804,0.066715,-2.378666,1.436299,2.220373,1.386924,-0.005084,0.018768,-0.005571,0.017900,-0.008096,-0.006651,-0.001126
2025-12-16 17:53:05.302,0.173199,0.273279,0.066661,-2.378186,1.436163,2.220310,1.386897,-0.000866,0.003663,-0.001632,0.003300,-0.000273,-0.000045,-0.001793
2025-12-16 17:53:05.352,0.173154,0.273041,0.066636,-2.378444,1.436035,2.220198,1.386845,0.000554,-0.006200,0.002400,-0.006116,-0.000511,-0.000750,0.001642
2025-12-16 17:53:05.403,0.173070,0.272638,0.066596,-2.378906,1.436024,2.220152,1.386799,-0.000563,-0.004945,-0.001077,-0.008859,-0.000155,-0.001012,-0.008210
2025-12-16 17:53:05.452,0.173054,0.272422,0.066579,-2.379419,1.436046,2.220149,1.386360,-0.000127,-0.001408,-0.000164,-0.010545,0.000379,0.000208,-0.008328
2025-12-16 17:53:05.503,0.173076,0.272524,0.066599,-2.379727,1.436178,2.220162,1.385953,0.000625,0.005418,0.001103,-0.000573,0.001029,-0.000155,-0.014941
2025-12-16 17:53:05.553,0.173069,0.272517,0.066614,-2.379818,1.436320,2.220168,1.385616,-0.001021,-0.000557,-0.000768,-0.002944,0.003788,-0.000161,-0.001382
2025-12-16 17:53:05.602,0.173011,0.272258,0.066583,-2.380114,1.436325,2.220169,1.385561,-0.000510,-0.008371,0.002103,-0.013296,0.001138,-0.000712,0.000936
2025-12-16 17:53:05.652,0.173063,0.271894,0.066667,-2.380554,1.436472,2.220175,1.385497,0.001709,-0.009347,0.006336,-0.009412,0.010278,0.000603,-0.000650
2025-12-16 17:53:05.701,0.173062,0.271493,0.066704,-2.381026,1.436570,2.220183,1.385393,0.000536,-0.013831,-0.000051,-0.008621,0.000322,0.000192,0.001007
2025-12-16 17:53:05.752,0.173052,0.271003,0.066694,-2.381425,1.436567,2.220185,1.385388,-0.000223,-0.004833,-0.000271,-0.008827,0.000074,-0.000321,-0.000079
2025-12-16 17:53:05.801,0.173049,0.270759,0.066685,-2.381669,1.436562,2.220181,1.385390,0.000967,-0.004113,0.000214,-0.000410,0.000022,-0.000606,-0.000181
2025-12-16 17:53:05.852,0.173074,0.270769,0.066711,-2.381792,1.436575,2.220178,1.385391,0.001762,-0.001213,-0.001067,-0.005365,0.001701,-0.000431,0.000972
2025-12-16 17:53:05.903,0.172994,0.270322,0.066661,-2.382314,1.436572,2.220177,1.385337,-0.004874,-0.012381,-0.002261,-0.010246,0.000130,-0.002914,-0.002198
2025-12-16 17:53:05.952,0.172763,0.269794,0.066513,-2.382875,1.436559,2.220134,1.385218,-0.002770,-0.009666,0.000785,-0.014052,-0.000467,-0.000286,-0.000117
2025-12-16 17:53:06.002,0.172807,0.269272,0.066551,-2.383561,1.436566,2.220111,1.384923,-0.000205,-0.013061,0.000917,-0.013569,-0.000329,0.000335,-0.008447
2025-12-16 17:53:06.053,0.172491,0.268420,0.066369,-2.384592,1.436526,2.219743,1.384755,-0.008786,-0.024947,-0.004371,-0.021250,-0.000471,-0.007791,0.000833
2025-12-16 17:53:06.101,0.172196,0.267691,0.066082,-2.385223,1.436358,2.219494,1.384758,-0.001758,-0.011188,-0.001843,-0.013560,-0.001151,0.000057,0.001169
2025-12-16 17:53:06.152,0.172264,0.267499,0.066118,-2.385382,1.436331,2.219492,1.384761,0.002818,0.002021,0.001416,-0.001122,-0.000342,0.000100,-0.001020
2025-12-16 17:53:06.202,0.172326,0.267603,0.066177,-2.385380,1.436344,2.219500,1.384769,-0.002331,-0.000861,0.002728,-0.000235,0.000428,0.001783,0.001309
2025-12-16 17:53:06.252,0.172264,0.267602,0.066135,-2.385381,1.436346,2.219500,1.384733,-0.000436,0.001289,-0.001352,-0.000191,0.000657,-0.000494,-0.005363
2025-12-16 17:53:06.302,0.172305,0.267782,0.066160,-2.385390,1.436371,2.219496,1.384473,0.000136,0.005073,0.000669,-0.001719,0.000509,0.000283,0.000317
2025-12-16 17:53:06.352,0.172183,0.267837,0.066100,-2.385535,1.436381,2.219494,1.384133,-0.005764,-0.000565,-0.002038,0.000928,0.000527,-0.005063,-0.001514
2025-12-16 17:53:06.403,0.172067,0.267804,0.066013,-2.385528,1.436370,2.219390,1.384105,-0.000728,0.001317,0.004900,0.000973,-0.000066,-0.009728,-0.003755
2025-12-16 17:53:06.452,0.172047,0.267812,0.065992,-2.385558,1.436365,2.219345,1.384091,-0.000425,-0.001072,0.001834,-0.000401,0.000285,0.000743,-0.001368
2025-12-16 17:53:06.502,0.172034,0.267804,0.065972,-2.385569,1.436357,2.219327,1.384088,0.000678,-0.000726,-0.002003,-0.000134,-0.000053,-0.000237,-0.000153
2025-12-16 17:53:06.552,0.172022,0.267798,0.065969,-2.385576,1.436342,2.219297,1.384091,-0.000738,-0.000838,-0.000638,-0.000044,-0.000648,0.000314,0.000434
2025-12-16 17:53:06.602,0.171945,0.267749,0.065927,-2.385611,1.436251,2.219145,1.384081,-0.004063,-0.004150,-0.002735,-0.002647,-0.003902,-0.000553,-0.002444
2025-12-16 17:53:06.652,0.171904,0.267724,0.065865,-2.385647,1.436152,2.219107,1.384093,0.001291,0.001794,0.000678,-0.000086,0.000309,0.000080,0.001710
2025-12-16 17:53:06.701,0.171896,0.267713,0.065852,-2.385663,1.436145,2.219095,1.384089,0.005135,0.000534,-0.000174,-0.000203,-0.000880,-0.000128,0.000984
2025-12-16 17:53:06.752,0.171881,0.267671,0.065840,-2.385698,1.436149,2.219095,1.384084,0.000663,-0.001358,-0.000019,-0.002927,-0.000207,-0.000378,-0.000941
