timestamp,p1,p2,p3,p4,p5,p6,p7,v1,v2,v3,v4,v5,v6,v7
2025-12-16 18:12:35.758,0.207891,0.124638,0.081378,-2.560749,1.513275,2.237989,1.342605,0.000976,0.000224,0.000106,-0.000133,-0.000551,-0.000652,0.001143
2025-12-16 18:12:35.802,0.207893,0.124635,0.081379,-2.560751,1.513274,2.237992,1.342605,0.001578,0.000928,-0.000146,-0.000922,-0.000062,0.000488,0.000062
2025-12-16 18:12:35.852,0.207885,0.124633,0.081380,-2.560747,1.513274,2.237991,1.342601,-0.000221,-0.000237,0.000834,0.000154,-0.000071,0.000249,-0.001029
2025-12-16 18:12:35.903,0.207889,0.124622,0.081375,-2.560752,1.513274,2.237991,1.342616,-0.000521,-0.000703,-0.000699,-0.000897,-0.000299,0.000155,0.000475
2025-12-16 18:12:35.951,0.207892,0.124602,0.081379,-2.560750,1.513274,2.237989,1.342638,-0.000094,-0.000210,0.000177,0.000173,-0.000282,-0.000114,0.000903
2025-12-16 18:12:36.001,0.207891,0.124547,0.081377,-2.560752,1.513269,2.237986,1.342678,0.000598,-0.000669,-0.000699,-0.000978,-0.000103,-0.000071,0.003314
2025-12-16 18:12:36.052,0.207897,0.124345,0.081378,-2.560754,1.513211,2.237985,1.342933,0.000169,-0.004798,0.000325,0.000360,-0.000517,0.000093,0.004541
2025-12-16 18:12:36.102,0.207894,0.123874,0.081380,-2.560748,1.512929,2.237991,1.343423,-0.000147,-0.012519,0.000425,0.000323,-0.010260,-0.000590,0.016561
2025-12-16 18:12:36.152,0.207883,0.123365,0.081368,-2.560737,1.512510,2.237990,1.344310,0.000220,-0.010442,-0.000263,0.000753,-0.007232,-0.000434,0.022532
2025-12-16 18:12:36.203,0.207882,0.122711,0.081319,-2.560703,1.511707,2.237796,1.345499,0.000380,-0.015762,-0.004041,0.002688,-0.025095,-0.007864,0.026767
2025-12-16 18:12:36.251,0.207693,0.121877,0.081079,-2.560560,1.510553,2.237444,1.346778,-0.009024,-0.022208,-0.006410,0.001529,-0.026165,-0.012036,0.033129
2025-12-16 18:12:36.302,0.207354,0.120828,0.080743,-2.560292,1.509116,2.236972,1.348338,-0.004966,-0.022581,-0.004360,0.006043,-0.035588,-0.011008,0.038293
2025-12-16 18:12:36.352,0.207118,0.119702,0.080444,-2.560022,1.507478,2.236543,1.350100,-0.005809,-0.022225,-0.005481,0.003855,-0.033791,-0.006707,0.035144
2025-12-16 18:12:36.402,0.206868,0.118605,0.080182,-2.559868,1.506054,2.236121,1.351918,-0.001661,-0.023023,-0.003402,0.001477,-0.028846,-0.005314,0.037280
2025-12-16 18:12:36.452,0.206728,0.117441,0.079987,-2.559616,1.504657,2.235807,1.353689,-0.000572,-0.024459,-0.005780,0.009858,-0.030200,-0.001932,0.041462
2025-12-16 18:12:36.502,0.206676,0.116218,0.079874,-2.559197,1.503388,2.235576,1.355667,0.000111,-0.027464,-0.000050,0.008111,-0.019709,-0.000457,0.043131
2025-12-16 18:12:36.552,0.206709,0.114815,0.079890,-2.558760,1.502060,2.235339,1.358128,0.000864,-0.030366,0.000197,0.004990,-0.034180,-0.001689,0.054350
2025-12-16 18:12:36.602,0.206715,0.113092,0.079866,-2.558273,1.500403,2.235050,1.360992,0.000529,-0.037185,-0.003257,0.010175,-0.039976,-0.008363,0.055830
2025-12-16 18:12:36.653,0.206500,0.110959,0.079475,-2.557689,1.497713,2.234507,1.364513,-0.008372,-0.042778,-0.003563,0.009283,-0.065790,-0.014691,0.067693
2025-12-16 18:12:36.702,0.206052,0.108747,0.078976,-2.557047,1.494715,2.233660,1.368291,-0.013506,-0.051917,-0.011892,0.011003,-0.072806,-0.018340,0.081775
2025-12-16 18:12:36.752,0.205550,0.106305,0.078387,-2.556119,1.491200,2.232672,1.372617,-0.013068,-0.050197,-0.019370,0.021491,-0.071353,-0.018614,0.087696
2025-12-16 18:12:36.802,0.205038,0.103942,0.077772,-2.555142,1.487555,2.231602,1.376773,-0.013979,-0.051200,-0.006183,0.015037,-0.056919,-0.019386,0.081124
2025-12-16 18:12:36.855,0.204582,0.101703,0.077227,-2.554088,1.484422,2.230678,1.380896,-0.007110,-0.045661,-0.010126,0.022570,-0.063927,-0.016745,0.076964
2025-12-16 18:12:36.905,0.204402,0.099611,0.076770,-2.553011,1.481568,2.229949,1.384944,-0.000293,-0.041175,-0.002332,0.021238,-0.055522,-0.010129,0.082380
2025-12-16 18:12:36.955,0.204348,0.097576,0.076644,-2.551838,1.479118,2.229417,1.388965,0.000209,-0.037127,0.000559,0.025520,-0.052499,-0.014199,0.090224
2025-12-16 18:12:37.002,0.204353,0.095471,0.076610,-2.550567,1.476585,2.228949,1.393191,-0.000658,-0.048524,-0.000248,0.028546,-0.044208,-0.007979,0.088547
2025-12-16 18:12:37.052,0.204308,0.093382,0.076349,-2.549193,1.473848,2.228403,1.397475,-0.001870,-0.040179,-0.005524,0.030778,-0.059601,-0.012515,0.081783
2025-12-16 18:12:37.101,0.203966,0.091303,0.075978,-2.547724,1.470544,2.227569,1.401885,-0.011631,-0.043528,-0.008703,0.031162,-0.072761,-0.013201,0.088001
2025-12-16 18:12:37.151,0.203538,0.089140,0.075500,-2.546037,1.466948,2.226574,1.406673,-0.005985,-0.043491,-0.010563,0.036842,-0.072368,-0.024916,0.099358
2025-12-16 18:12:37.202,0.202993,0.087069,0.074880,-2.544244,1.463059,2.225426,1.411529,-0.011217,-0.039938,-0.013439,0.035627,-0.077119,-0.024029,0.096265
2025-12-16 18:12:37.252,0.202299,0.085118,0.074091,-2.542433,1.459086,2.224134,1.416161,-0.015089,-0.037145,-0.018929,0.036018,-0.078148,-0.028469,0.096623
2025-12-16 18:12:37.303,0.201503,0.083403,0.073191,-2.540641,1.455135,2.222775,1.420325,-0.013453,-0.032230,-0.023976,0.036645,-0.077884,-0.025263,0.081389
2025-12-16 18:12:37.352,0.200800,0.081782,0.072414,-2.538894,1.451436,2.221548,1.424315,-0.016207,-0.032127,-0.012372,0.030670,-0.066808,-0.029118,0.078285
2025-12-16 18:12:37.402,0.200177,0.080454,0.071755,-2.537177,1.448166,2.220411,1.427951,-0.012139,-0.021280,-0.009080,0.027967,-0.061549,-0.018576,0.073824
2025-12-16 18:12:37.452,0.199688,0.079278,0.071223,-2.535627,1.445479,2.219419,1.431348,-0.006620,-0.022877,-0.014098,0.027759,-0.054104,-0.021456,0.063388
2025-12-16 18:12:37.502,0.199295,0.078090,0.070757,-2.534071,1.442912,2.218587,1.434645,-0.007707,-0.025306,-0.006420,0.033679,-0.056896,-0.013725,0.069602
2025-12-16 18:12:37.552,0.199165,0.076954,0.070472,-2.532318,1.440572,2.217940,1.438183,-0.001705,-0.020903,-0.002279,0.035800,-0.052848,-0.011861,0.073228
2025-12-16 18:12:37.602,0.199113,0.075869,0.070357,-2.530489,1.438127,2.217367,1.441834,-0.002493,-0.023260,-0.002887,0.033174,-0.050004,-0.012736,0.083556
2025-12-16 18:12:37.652,0.198935,0.074750,0.070105,-2.528449,1.435535,2.216698,1.445779,-0.005131,-0.019517,-0.008613,0.041619,-0.055448,-0.013956,0.079716
2025-12-16 18:12:37.702,0.198589,0.073570,0.069705,-2.526304,1.432744,2.215862,1.449819,-0.005004,-0.023660,-0.013927,0.046164,-0.061725,-0.020607,0.092887
2025-12-16 18:12:37.752,0.198231,0.072470,0.069310,-2.524037,1.429590,2.214909,1.453834,-0.010497,-0.024822,-0.004928,0.038196,-0.064426,-0.023773,0.085899
2025-12-16 18:12:37.802,0.197848,0.071586,0.068864,-2.521881,1.426710,2.213883,1.457622,-0.010111,-0.020341,-0.012507,0.047291,-0.059493,-0.013001,0.073684
2025-12-16 18:12:37.851,0.197447,0.070756,0.068408,-2.519710,1.423753,2.212899,1.461263,-0.007614,-0.017532,-0.010658,0.042277,-0.061667,-0.021555,0.076488
2025-12-16 18:12:37.902,0.197053,0.069927,0.067918,-2.517495,1.420915,2.211920,1.464840,-0.001820,-0.015168,-0.009561,0.043397,-0.055844,-0.019712,0.065200
2025-12-16 18:12:37.952,0.196696,0.069215,0.067462,-2.515366,1.418275,2.211038,1.468081,-0.006784,-0.012112,-0.008792,0.042076,-0.048673,-0.010959,0.061938
2025-12-16 18:12:38.002,0.196331,0.068643,0.067025,-2.513362,1.415884,2.210200,1.471170,-0.008072,-0.008006,-0.005607,0.035788,-0.048633,-0.015902,0.058349
2025-12-16 18:12:38.052,0.196067,0.068148,0.066637,-2.511623,1.413906,2.209520,1.473687,-0.004983,-0.007641,-0.000753,0.031489,-0.037291,-0.015829,0.053323
2025-12-16 18:12:38.102,0.195798,0.067738,0.066344,-2.510086,1.412044,2.208867,1.475995,-0.004120,-0.002988,-0.005975,0.025664,-0.036074,-0.008905,0.041433
2025-12-16 18:12:38.152,0.195618,0.067475,0.066107,-2.508713,1.410376,2.208298,1.477982,-0.001788,-0.003543,-0.002631,0.025074,-0.026943,-0.009209,0.039332
2025-12-16 18:12:38.202,0.195411,0.067313,0.065870,-2.507426,1.408914,2.207729,1.479789,-0.005329,-0.009061,-0.006780,0.027549,-0.031772,-0.016267,0.044026
2025-12-16 18:12:38.252,0.194975,0.067145,0.065428,-2.506237,1.407374,2.207049,1.481370,-0.013781,-0.006523,-0.006318,0.025027,-0.036395,-0.016258,0.018817
2025-12-16 18:12:38.302,0.194479,0.067006,0.064904,-2.505056,1.405606,2.206267,1.482921,-0.005617,-0.003084,-0.006483,0.023968,-0.036342,-0.017059,0.034723
2025-12-16 18:12:38.352,0.193950,0.066875,0.064367,-2.503826,1.403745,2.205404,1.484466,-0.011667,-0.000335,-0.012335,0.023973,-0.038193,-0.012442,0.026392
2025-12-16 18:12:38.402,0.193370,0.066721,0.063781,-2.502454,1.401821,2.204464,1.486192,-0.011820,-0.005521,-0.012750,0.034935,-0.041849,-0.027026,0.032769
2025-12-16 18:12:38.452,0.192825,0.066602,0.063198,-2.501090,1.399929,2.203580,1.487835,-0.013501,-0.001768,-0.011291,0.029657,-0.034856,-0.021092,0.037993
2025-12-16 18:12:38.502,0.192236,0.066555,0.062574,-2.499653,1.397840,2.202655,1.489636,-0.014757,0.000313,-0.014383,0.029492,-0.039011,-0.015253,0.032388
2025-12-16 18:12:38.554,0.191632,0.066526,0.061927,-2.498275,1.395907,2.201691,1.491223,-0.011589,0.000095,-0.013328,0.022413,-0.032075,-0.017068,0.027753
2025-12-16 18:12:38.602,0.191118,0.066495,0.061377,-2.497143,1.394353,2.200901,1.492580,-0.011749,-0.000953,-0.007124,0.025543,-0.033359,-0.015410,0.031477
2025-12-16 18:12:38.652,0.190579,0.066461,0.060797,-2.495722,1.392351,2.200005,1.494257,-0.014634,-0.001910,-0.008638,0.031134,-0.035096,-0.022015,0.038878
2025-12-16 18:12:38.702,0.190026,0.066432,0.060216,-2.494168,1.390362,2.199073,1.496063,-0.012166,-0.000125,-0.008120,0.029446,-0.037295,-0.020764,0.029210
2025-12-16 18:12:38.752,0.189460,0.066434,0.059651,-2.492665,1.388544,2.198182,1.497617,-0.012646,0.000305,-0.012575,0.026989,-0.036661,-0.013552,0.031450
2025-12-16 18:12:38.802,0.188952,0.066452,0.059151,-2.491268,1.387074,2.197438,1.498915,-0.011555,0.001802,-0.006456,0.021375,-0.023298,-0.007626,0.016175
2025-12-16 18:12:38.852,0.188687,0.066865,0.058832,-2.490032,1.386212,2.197013,1.499658,-0.005538,0.012756,-0.003182,0.026546,-0.013366,-0.003752,0.015708
2025-12-16 18:12:38.902,0.188481,0.067765,0.058613,-2.488541,1.385491,2.196718,1.500194,-0.004473,0.017546,-0.001666,0.031664,-0.014772,-0.011567,0.004063
2025-12-16 18:12:38.951,0.188195,0.068869,0.058302,-2.486725,1.384626,2.196319,1.500732,-0.012063,0.025873,-0.006273,0.043097,-0.018344,-0.004945,0.011405
2025-12-16 18:12:39.005,0.187708,0.070649,0.057815,-2.484233,1.383555,2.195852,1.501246,-0.010547,0.038749,-0.011594,0.048959,-0.019990,-0.018352,0.004447
2025-12-16 18:12:39.052,0.187279,0.072642,0.057392,-2.481987,1.382746,2.195402,1.501444,-0.007699,0.050304,-0.011217,0.044888,-0.020459,-0.011218,0.000621
2025-12-16 18:12:39.102,0.186837,0.075186,0.056947,-2.479527,1.381994,2.194950,1.501434,-0.008149,0.058002,-0.009995,0.052111,-0.017620,-0.005986,-0.001859
2025-12-16 18:12:39.152,0.186429,0.078161,0.056542,-2.476695,1.381388,2.194617,1.501415,-0.003625,0.055379,-0.008474,0.051199,-0.015329,-0.004811,-0.001445
2025-12-16 18:12:39.203,0.186120,0.080843,0.056243,-2.473997,1.380789,2.194389,1.501341,-0.010292,0.051928,-0.002719,0.053062,-0.006792,-0.002794,-0.005232
2025-12-16 18:12:39.252,0.185919,0.083561,0.056036,-2.471423,1.380407,2.194316,1.501077,-0.005936,0.046726,-0.000273,0.048044,-0.001264,-0.001160,-0.006544
2025-12-16 18:12:39.302,0.185874,0.086070,0.056000,-2.469271,1.380354,2.194310,1.500830,0.001090,0.046465,0.000641,0.040085,-0.000171,0.000031,-0.009717
2025-12-16 18:12:39.352,0.185903,0.088536,0.056027,-2.467223,1.380351,2.194335,1.500411,0.001629,0.050714,0.001222,0.043185,-0.000272,0.004324,-0.012281
2025-12-16 18:12:39.402,0.186075,0.091144,0.056171,-2.465046,1.380406,2.194750,1.500002,0.007484,0.053773,0.002085,0.040764,0.011113,0.007400,-0.015823
2025-12-16 18:12:39.451,0.186363,0.094153,0.056431,-2.462515,1.380820,2.195295,1.499546,0.001406,0.072966,0.002490,0.060693,0.013194,0.007211,-0.008381
2025-12-16 18:12:39.502,0.186540,0.098052,0.056613,-2.459299,1.381427,2.195823,1.498812,0.001243,0.078527,0.004337,0.063843,0.009122,0.001869,-0.022943
2025-12-16 18:12:39.552,0.186564,0.102368,0.056645,-2.456098,1.381997,2.196260,1.497598,-0.000153,0.095390,0.000091,0.065613,0.010873,0.013803,-0.018784
2025-12-16 18:12:39.602,0.186580,0.106878,0.056657,-2.452970,1.382587,2.196656,1.496157,0.000472,0.087017,-0.001256,0.055894,0.010059,0.004800,-0.025176
2025-12-16 18:12:39.652,0.186578,0.110672,0.056687,-2.450305,1.383140,2.196976,1.494850,-0.000022,0.066209,0.001137,0.048273,0.010366,0.007304,-0.029275
2025-12-16 18:12:39.702,0.186605,0.113409,0.056789,-2.448519,1.383693,2.197297,1.493619,0.004446,0.037852,0.000297,0.028560,0.006801,0.003725,-0.026924
2025-12-16 18:12:39.752,0.186669,0.115011,0.056853,-2.447719,1.384275,2.197588,1.492682,0.003086,0.025908,0.000101,0.011004,0.017168,0.002476,-0.021235
2025-12-16 18:12:39.802,0.186792,0.115936,0.056968,-2.447234,1.384795,2.197968,1.492079,0.001078,0.014310,0.000475,0.008054,0.012524,0.009921,-0.003910
2025-12-16 18:12:39.852,0.186871,0.116874,0.057078,-2.446702,1.385297,2.198233,1.491510,0.004300,0.019703,0.003712,0.008141,0.008781,0.000475,-0.007333
2025-12-16 18:12:39.902,0.186957,0.118148,0.057156,-2.446066,1.385781,2.198481,1.490823,0.000074,0.033824,-0.000479,0.021045,0.011674,0.003015,-0.020562
2025-12-16 18:12:39.952,0.186963,0.120369,0.057169,-2.444598,1.386087,2.198601,1.490099,0.000598,0.053840,-0.001284,0.036273,0.004562,0.003066,-0.015522
2025-12-16 18:12:40.002,0.186940,0.123512,0.057162,-2.442237,1.386208,2.198696,1.489307,-0.000928,0.071020,-0.000662,0.052135,0.000924,0.006419,-0.015846
2025-12-16 18:12:40.051,0.186795,0.127030,0.057114,-2.439522,1.386256,2.198757,1.488375,-0.005540,0.073135,-0.000367,0.058542,-0.001197,-0.000778,-0.021310
2025-12-16 18:12:40.102,0.186588,0.130735,0.056897,-2.436672,1.386373,2.198776,1.487301,-0.012060,0.069567,-0.000982,0.054571,0.003464,0.000920,-0.015763
2025-12-16 18:12:40.151,0.186384,0.133817,0.056672,-2.434287,1.386551,2.198898,1.486350,-0.007684,0.056813,-0.006521,0.042677,0.005570,0.007872,-0.012401
2025-12-16 18:12:40.202,0.186343,0.136487,0.056631,-2.432142,1.386863,2.199113,1.485574,0.000291,0.050197,-0.000826,0.040217,0.007419,0.005221,-0.012930
2025-12-16 18:12:40.251,0.186366,0.138785,0.056644,-2.430367,1.387140,2.199231,1.484959,0.000691,0.042880,-0.000130,0.035904,0.002731,0.004640,-0.010594
2025-12-16 18:12:40.302,0.186382,0.140771,0.056666,-2.428804,1.387456,2.199470,1.484462,-0.000547,0.033011,0.000056,0.028733,0.000302,0.001713,-0.006181
2025-12-16 18:12:40.351,0.186356,0.142367,0.056659,-2.427671,1.387706,2.199674,1.483955,-0.001454,0.032978,0.000229,0.016890,0.001723,0.000411,-0.018660
2025-12-16 18:12:40.402,0.186370,0.143882,0.056653,-2.426778,1.388056,2.199877,1.483300,0.001774,0.029917,-0.000483,0.018358,0.007498,0.001590,-0.017525
2025-12-16 18:12:40.451,0.186391,0.145890,0.056681,-2.425213,1.388429,2.200030,1.482705,0.001312,0.050357,0.000169,0.037061,0.004306,0.000703,-0.011700
2025-12-16 18:12:40.501,0.186374,0.148643,0.056679,-2.422921,1.388530,2.200146,1.482152,-0.000062,0.061525,-0.000951,0.051293,0.000402,0.000338,-0.015335
2025-12-16 18:12:40.551,0.186319,0.152206,0.056650,-2.420060,1.388602,2.200303,1.481404,-0.004147,0.072532,-0.001046,0.052405,0.001103,0.000081,-0.013215
2025-12-16 18:12:40.602,0.186171,0.155860,0.056593,-2.417400,1.388856,2.200410,1.480396,-0.003493,0.071178,-0.004519,0.052882,0.006473,0.000883,-0.028339
2025-12-16 18:12:40.652,0.186093,0.159320,0.056537,-2.415099,1.389323,2.200713,1.479052,0.000965,0.064223,-0.002604,0.047059,0.009017,0.002185,-0.034486
2025-12-16 18:12:40.702,0.186022,0.162411,0.056501,-2.412998,1.389859,2.201034,1.477845,0.000108,0.058314,-0.000799,0.040854,0.014742,0.002348,-0.023743
2025-12-16 18:12:40.751,0.185949,0.165090,0.056457,-2.411128,1.390354,2.201222,1.476842,-0.001823,0.044303,-0.000375,0.031243,0.012571,0.000285,-0.018205
2025-12-16 18:12:40.802,0.185855,0.167204,0.056371,-2.409641,1.390617,2.201335,1.475998,-0.001781,0.037952,-0.000273,0.026528,0.002918,0.002586,-0.013645
2025-12-16 18:12:40.852,0.185705,0.168726,0.056269,-2.408392,1.390686,2.201371,1.475526,-0.002048,0.029141,-0.002251,0.023179,-0.000114,0.000033,-0.009970
2025-12-16 18:12:40.902,0.185598,0.169735,0.056147,-2.407442,1.390689,2.201369,1.475435,-0.001544,0.011096,-0.001365,0.015227,-0.000188,-0.000264,0.000710
2025-12-16 18:12:40.952,0.185417,0.170367,0.055987,-2.406782,1.390685,2.201354,1.475384,-0.002966,0.012266,-0.000909,0.016659,0.000166,-0.000117,-0.001521
2025-12-16 18:12:41.001,0.185240,0.171194,0.055798,-2.405770,1.390602,2.201289,1.475393,0.000018,0.018817,-0.005684,0.025339,-0.008020,-0.000776,0.001390
2025-12-16 18:12:41.052,0.185046,0.172167,0.055612,-2.404678,1.390317,2.201050,1.475412,-0.003686,0.018201,-0.004702,0.019713,-0.006972,-0.002170,-0.000437
2025-12-16 18:12:41.106,0.184966,0.173278,0.055496,-2.403473,1.389990,2.200940,1.475547,-0.000607,0.020379,-0.003361,0.028878,-0.005493,-0.000444,0.003873
2025-12-16 18:12:41.151,0.184867,0.174660,0.055396,-2.401888,1.389675,2.200793,1.475714,-0.001385,0.034200,0.000996,0.036205,-0.008734,-0.000396,0.001493
2025-12-16 18:12:41.202,0.184724,0.176858,0.055197,-2.399677,1.389432,2.200666,1.475716,-0.008576,0.054015,-0.004391,0.051055,-0.006805,-0.001798,-0.000407
2025-12-16 18:12:41.252,0.184490,0.179574,0.054945,-2.397286,1.389261,2.200554,1.475672,-0.009172,0.051709,-0.008322,0.047257,-0.001357,-0.000353,-0.000845
2025-12-16 18:12:41.302,0.184223,0.182553,0.054679,-2.394872,1.389131,2.200486,1.475149,-0.003448,0.060230,-0.001416,0.043990,-0.000474,-0.000244,-0.014076
2025-12-16 18:12:41.352,0.184032,0.185744,0.054495,-2.392501,1.389132,2.200488,1.474178,-0.003405,0.065791,-0.001903,0.042709,-0.000119,-0.000278,-0.030815
2025-12-16 18:12:41.401,0.183969,0.189180,0.054478,-2.390221,1.389230,2.200535,1.472778,0.000656,0.073432,-0.000083,0.047284,0.006025,0.005450,-0.032934
2025-12-16 18:12:41.452,0.183971,0.192913,0.054488,-2.387804,1.389743,2.200867,1.471202,-0.001425,0.075158,-0.001216,0.046116,0.013824,0.004143,-0.036383
2025-12-16 18:12:41.502,0.183978,0.196801,0.054504,-2.385181,1.390505,2.201305,1.469620,0.000259,0.077830,0.000393,0.052302,0.012659,0.007597,-0.023171
2025-12-16 18:12:41.552,0.183975,0.200987,0.054534,-2.382276,1.391348,2.201764,1.467966,-0.000702,0.086366,0.000125,0.062667,0.019924,0.002288,-0.038386
2025-12-16 18:12:41.601,0.184002,0.205280,0.054713,-2.379283,1.392317,2.202296,1.466323,-0.000004,0.087733,0.001417,0.055485,0.020013,0.012254,-0.034290
2025-12-16 18:12:41.651,0.184070,0.209741,0.054924,-2.376503,1.393550,2.202830,1.464498,0.006135,0.081358,0.009338,0.049662,0.021455,0.009103,-0.034474
2025-12-16 18:12:41.702,0.184226,0.213755,0.055177,-2.374096,1.394751,2.203375,1.462659,0.003194,0.073165,0.006624,0.041514,0.022247,0.018541,-0.040461
2025-12-16 18:12:41.752,0.184334,0.217207,0.055389,-2.372031,1.395775,2.203875,1.460969,-0.000196,0.065933,0.004859,0.037125,0.025609,0.005626,-0.031921
2025-12-16 18:12:41.805,0.184410,0.220097,0.055503,-2.370251,1.396609,2.204283,1.459590,-0.000744,0.053017,-0.002957,0.036942,0.011276,0.007458,-0.022565
2025-12-16 18:12:41.852,0.184179,0.222104,0.055293,-2.368830,1.396738,2.204250,1.458772,-0.011274,0.028197,-0.008791,0.023463,0.000238,-0.006932,-0.006715
2025-12-16 18:12:41.902,0.183829,0.223355,0.054950,-2.367613,1.396663,2.203885,1.458461,-0.003045,0.026086,-0.007668,0.021768,-0.001167,-0.001744,-0.003913
2025-12-16 18:12:41.952,0.183611,0.224184,0.054772,-2.366953,1.396420,2.203612,1.458166,-0.004245,0.009027,-0.003676,0.006957,-0.007065,-0.003363,0.001025
2025-12-16 18:12:42.003,0.183308,0.224570,0.054516,-2.366704,1.396085,2.203289,1.458016,-0.000371,0.007988,-0.005357,-0.002441,-0.000547,-0.001272,-0.012540
2025-12-16 18:12:42.052,0.183250,0.224978,0.054467,-2.366748,1.396087,2.203261,1.457603,0.000632,0.006169,-0.000802,-0.005968,-0.000194,0.000584,-0.008699
2025-12-16 18:12:42.103,0.183209,0.225109,0.054453,-2.366870,1.396118,2.203278,1.457077,-0.000082,0.002915,-0.000326,-0.000457,0.000713,0.000420,-0.012528
2025-12-16 18:12:42.152,0.183257,0.225436,0.054559,-2.366848,1.396456,2.203455,1.456574,0.003181,0.015079,0.001816,-0.000945,0.007637,0.013759,-0.012335
2025-12-16 18:12:42.202,0.183352,0.226070,0.054703,-2.366854,1.397022,2.203759,1.455838,-0.000696,0.009654,0.002505,0.000501,0.006179,0.001061,-0.016406
2025-12-16 18:12:42.252,0.183301,0.226525,0.054688,-2.366846,1.397332,2.203769,1.455104,-0.001395,0.008842,0.001612,0.001411,0.000918,0.000236,-0.013608
2025-12-16 18:12:42.304,0.183153,0.227159,0.054605,-2.366853,1.397370,2.203738,1.454194,-0.005631,0.010235,-0.005515,-0.000232,0.005249,-0.001298,-0.015160
2025-12-16 18:12:42.352,0.182797,0.227969,0.054469,-2.366846,1.397503,2.203523,1.453105,-0.004435,0.015436,-0.001755,0.000814,0.011055,-0.008106,-0.016999
2025-12-16 18:12:42.401,0.182448,0.228963,0.054188,-2.366843,1.397586,2.203351,1.452019,-0.008954,0.018052,-0.006579,-0.000440,-0.000237,-0.009782,-0.018384
2025-12-16 18:12:42.452,0.182111,0.229900,0.053952,-2.366760,1.397676,2.203205,1.450990,-0.004580,0.023096,-0.003239,0.001044,-0.000184,-0.007706,-0.022397
2025-12-16 18:12:42.503,0.182048,0.230979,0.053910,-2.366317,1.397882,2.203128,1.450100,0.000285,0.024839,0.000461,0.014646,0.000044,-0.000338,-0.017626
2025-12-16 18:12:42.553,0.181976,0.232211,0.053914,-2.365784,1.398075,2.203063,1.449178,-0.004988,0.026243,0.000234,0.008325,0.000049,-0.002887,-0.017575
2025-12-16 18:12:42.602,0.181684,0.233329,0.053776,-2.365260,1.398108,2.202841,1.448476,-0.007882,0.024263,-0.003211,0.010578,0.000164,-0.003312,-0.014840
2025-12-16 18:12:42.652,0.181239,0.234563,0.053394,-2.364705,1.398109,2.202497,1.447625,-0.008662,0.024577,-0.015523,0.011820,-0.000078,-0.003118,-0.011800
2025-12-16 18:12:42.702,0.180800,0.235538,0.053066,-2.364230,1.398107,2.202207,1.446725,-0.008691,0.016547,-0.003993,0.009466,-0.000607,-0.000996,-0.022736
2025-12-16 18:12:42.752,0.180474,0.236492,0.052901,-2.363831,1.398108,2.201975,1.445689,-0.002193,0.014536,-0.004617,0.002460,0.002978,-0.001102,-0.019418
2025-12-16 18:12:42.802,0.180351,0.237220,0.052852,-2.363819,1.398114,2.201819,1.444687,-0.003712,0.012849,-0.003098,-0.000488,0.000499,-0.005040,-0.018408
2025-12-16 18:12:42.851,0.180286,0.237670,0.052826,-2.363917,1.398281,2.201808,1.443934,-0.000807,0.008635,-0.001502,-0.004141,0.008011,-0.000044,-0.008861
2025-12-16 18:12:42.902,0.180313,0.237951,0.052874,-2.364305,1.398827,2.201823,1.443236,0.000394,0.000444,0.002234,-0.004867,0.013972,0.000032,-0.012915
2025-12-16 18:12:42.952,0.180469,0.238423,0.053131,-2.364579,1.399865,2.202226,1.442393,0.004206,0.008568,0.001247,-0.005293,0.027829,0.010528,-0.019357
2025-12-16 18:12:43.001,0.180880,0.239013,0.053558,-2.364604,1.401154,2.202871,1.441425,0.009244,0.012464,0.010985,0.000487,0.024364,0.012150,-0.018785
2025-12-16 18:12:43.052,0.181287,0.239917,0.054007,-2.364489,1.402351,2.203502,1.440446,0.009713,0.020289,0.002251,0.006623,0.023744,0.008986,-0.014454
2025-12-16 18:12:43.102,0.181391,0.241088,0.054205,-2.364056,1.403041,2.203756,1.439654,-0.004065,0.019573,-0.002112,0.005600,0.013451,-0.000235,-0.012410
2025-12-16 18:12:43.152,0.181139,0.241837,0.054031,-2.363773,1.403095,2.203712,1.439105,-0.007869,0.008281,-0.004468,0.001307,0.000588,-0.001196,-0.011914
2025-12-16 18:12:43.202,0.180658,0.242380,0.053575,-2.363616,1.402906,2.203138,1.438693,-0.010206,0.011043,-0.008158,0.007597,-0.012780,-0.007771,-0.006608
2025-12-16 18:12:43.252,0.180258,0.242909,0.053216,-2.363369,1.402494,2.202681,1.438353,-0.002608,0.013972,-0.008830,0.008502,-0.003637,-0.003559,-0.008176
2025-12-16 18:12:43.303,0.180157,0.243500,0.053144,-2.363081,1.402457,2.202584,1.437884,-0.000037,0.010897,0.000422,0.001923,-0.000556,-0.001599,-0.003243
2025-12-16 18:12:43.352,0.180170,0.244197,0.053150,-2.362868,1.402479,2.202560,1.437079,-0.000511,0.011813,-0.001066,0.001806,0.000756,0.000008,-0.013140
2025-12-16 18:12:43.402,0.180148,0.245049,0.053158,-2.362638,1.402693,2.202576,1.436246,0.000802,0.024675,-0.000362,0.002331,0.004910,0.000827,-0.018437
2025-12-16 18:12:43.452,0.180020,0.245960,0.053162,-2.362420,1.402927,2.202581,1.435362,-0.004949,0.016811,0.000787,0.005007,0.004268,0.000060,-0.018542
2025-12-16 18:12:43.502,0.179847,0.246778,0.053106,-2.362240,1.402991,2.202571,1.434624,-0.003005,0.017801,0.000807,0.005220,0.000310,0.000253,-0.016086
2025-12-16 18:12:43.552,0.179694,0.247407,0.053042,-2.362054,1.403020,2.202524,1.434006,-0.006763,0.008155,-0.002794,0.000977,0.000431,-0.005671,-0.013016
2025-12-16 18:12:43.602,0.179569,0.247941,0.052949,-2.362007,1.403070,2.202383,1.433413,-0.003675,0.013465,-0.000037,0.000199,0.002333,0.000149,-0.017165
2025-12-16 18:12:43.651,0.179523,0.248373,0.052938,-2.362047,1.403346,2.202369,1.432737,-0.000085,0.005564,0.000828,-0.004578,0.009364,0.000216,-0.016343
2025-12-16 18:12:43.702,0.179522,0.248656,0.052936,-2.362414,1.403851,2.202386,1.431754,0.000037,0.005876,0.002274,-0.009264,0.014451,0.002394,-0.018337
2025-12-16 18:12:43.752,0.179521,0.249161,0.052955,-2.362862,1.404657,2.202601,1.430412,0.000265,0.012605,0.002178,-0.011907,0.018472,0.007440,-0.036060
2025-12-16 18:12:43.801,0.179526,0.249987,0.053090,-2.363071,1.405719,2.202903,1.428876,0.000324,0.023938,0.001360,-0.001154,0.023227,0.009704,-0.034025
2025-12-16 18:12:43.852,0.179533,0.251307,0.053135,-2.363036,1.406683,2.203089,1.427243,0.000714,0.025558,-0.000892,0.002983,0.014920,-0.000467,-0.034050
2025-12-16 18:12:43.902,0.179304,0.252913,0.053150,-2.362697,1.407267,2.203119,1.425704,-0.008909,0.033271,-0.002414,0.008950,0.010290,0.000440,-0.030198
2025-12-16 18:12:43.952,0.178880,0.254595,0.053002,-2.362232,1.407515,2.203075,1.424139,-0.007445,0.033317,-0.002876,0.014512,0.003345,0.000945,-0.027913
2025-12-16 18:12:44.002,0.178437,0.256372,0.052705,-2.361902,1.407770,2.202811,1.422430,-0.011305,0.033894,-0.008956,0.005170,0.000577,-0.000439,-0.033191
2025-12-16 18:12:44.052,0.177979,0.257891,0.052434,-2.361813,1.408039,2.202599,1.420731,-0.007024,0.027243,-0.007941,0.001232,0.002237,-0.003421,-0.025423
2025-12-16 18:12:44.102,0.177555,0.258963,0.052228,-2.361830,1.408267,2.202460,1.419269,-0.009045,0.013664,-0.005913,-0.000399,-0.000077,-0.009382,-0.024104
2025-12-16 18:12:44.152,0.177177,0.259602,0.051986,-2.362046,1.408470,2.202339,1.418017,-0.004010,0.011116,-0.006000,-0.007163,0.007090,0.000668,-0.024477
2025-12-16 18:12:44.201,0.176929,0.260107,0.051848,-2.362479,1.408828,2.202325,1.416972,-0.002824,0.010055,-0.001124,-0.004628,0.004660,-0.000016,-0.017071
2025-12-16 18:12:44.252,0.176884,0.260475,0.051808,-2.362831,1.409127,2.202325,1.416210,0.000254,0.004580,-0.000134,-0.006849,0.008333,0.000426,-0.015515
2025-12-16 18:12:44.302,0.176864,0.260546,0.051798,-2.363054,1.409359,2.202351,1.415691,-0.000776,0.005163,-0.000343,0.000469,0.008405,-0.000416,-0.007562
2025-12-16 18:12:44.351,0.176852,0.260875,0.051797,-2.363058,1.409759,2.202390,1.415177,0.000050,0.007113,0.002902,0.000839,0.007891,0.003204,-0.013951
2025-12-16 18:12:44.402,0.176860,0.261334,0.051826,-2.363261,1.410377,2.202847,1.414538,-0.000794,0.012295,-0.000761,-0.006214,0.007061,0.011605,-0.016771
2025-12-16 18:12:44.452,0.176851,0.262040,0.051826,-2.363426,1.411259,2.203425,1.413627,-0.000536,0.017900,-0.001584,-0.007519,0.019631,0.016614,-0.019255
2025-12-16 18:12:44.502,0.176659,0.263678,0.051501,-2.363509,1.412734,2.205250,1.412192,-0.007644,0.045799,-0.007529,-0.000593,0.049678,0.029872,-0.038258
2025-12-16 18:12:44.552,0.177436,0.267440,0.052302,-2.363047,1.417046,2.207401,1.409378,0.037461,0.096175,0.037472,0.020418,0.111031,0.064132,-0.069886
2025-12-16 18:12:44.602,0.179953,0.273705,0.054927,-2.361650,1.423427,2.211459,1.404578,0.050121,0.136332,0.053030,0.035147,0.127275,0.081870,-0.104962
2025-12-16 18:12:44.652,0.181946,0.279863,0.057269,-2.360357,1.429793,2.214979,1.399419,0.038328,0.112315,0.043681,0.022319,0.120767,0.069579,-0.094584
2025-12-16 18:12:44.702,0.183398,0.284034,0.058952,-2.359744,1.434873,2.217520,1.395196,0.023210,0.049004,0.031753,-0.004725,0.071764,0.038991,-0.067631
2025-12-16 18:12:44.752,0.184279,0.285248,0.059924,-2.359892,1.437494,2.218933,1.393295,0.013335,0.006351,0.014881,-0.003267,0.031253,0.019120,-0.025218
2025-12-16 18:12:44.801,0.184667,0.285352,0.060351,-2.359895,1.438178,2.219406,1.392861,0.007612,-0.003355,0.001919,-0.001573,-0.000502,0.002809,0.000492
2025-12-16 18:12:44.852,0.184651,0.285035,0.060304,-2.359892,1.438115,2.219377,1.393147,-0.001076,-0.007876,-0.003571,0.000034,-0.006403,-0.000167,0.010318
2025-12-16 18:12:44.902,0.184357,0.284903,0.059950,-2.359891,1.437444,2.218903,1.393680,-0.006566,-0.000417,-0.007290,-0.001537,-0.018929,-0.013435,0.012580
2025-12-16 18:12:44.952,0.183915,0.284603,0.059496,-2.359892,1.436523,2.218355,1.394109,-0.012519,-0.008243,-0.008861,-0.001057,-0.020870,-0.009235,0.007615
2025-12-16 18:12:45.002,0.183434,0.284103,0.059004,-2.359802,1.435459,2.217700,1.394631,-0.012753,-0.008426,-0.008356,0.003522,-0.019641,-0.013481,0.012961
2025-12-16 18:12:45.052,0.183116,0.283893,0.058688,-2.359680,1.434775,2.217181,1.395026,-0.001167,-0.002308,-0.005631,0.000152,-0.007935,-0.010569,0.010178
2025-12-16 18:12:45.102,0.183158,0.283922,0.058694,-2.359685,1.434591,2.217112,1.395111,0.000629,0.002974,0.001266,-0.000382,-0.000259,-0.000280,0.000190
2025-12-16 18:12:45.152,0.183170,0.283928,0.058710,-2.359684,1.434593,2.217121,1.395106,0.001198,0.000600,-0.000946,-0.000540,-0.000659,-0.000216,-0.001684
2025-12-16 18:12:45.202,0.183169,0.283937,0.058715,-2.359686,1.434631,2.217154,1.395097,0.000082,0.000022,0.000089,-0.000971,0.003934,0.000428,-0.001390
2025-12-16 18:12:45.252,0.183217,0.283969,0.058883,-2.359685,1.434768,2.217338,1.395072,0.002604,0.000689,0.001294,-0.000635,0.000269,0.008198,0.001832
2025-12-16 18:12:45.301,0.183296,0.283961,0.058870,-2.359685,1.434783,2.217388,1.395047,0.000862,0.001154,0.000177,-0.001732,-0.000558,0.000547,-0.001626
2025-12-16 18:12:45.351,0.183325,0.283931,0.058887,-2.359770,1.434821,2.217387,1.395041,0.000486,-0.001077,-0.000093,-0.002345,0.000167,0.000014,0.000605
2025-12-16 18:12:45.401,0.183338,0.283934,0.058898,-2.359893,1.434882,2.217384,1.394949,-0.000599,-0.000125,-0.001056,-0.005437,0.003388,-0.000166,-0.006640
2025-12-16 18:12:45.452,0.183342,0.283919,0.058904,-2.359917,1.434920,2.217389,1.394820,0.000316,-0.000513,-0.001271,-0.000453,-0.000301,0.000341,0.001029
2025-12-16 18:12:45.501,0.183352,0.283917,0.058934,-2.359920,1.435016,2.217418,1.394803,-0.000553,-0.001544,-0.000355,-0.000587,0.002079,0.000227,0.000577
2025-12-16 18:12:45.552,0.183365,0.283921,0.058949,-2.359920,1.435068,2.217442,1.394786,-0.000320,0.000011,0.000920,0.000181,0.000137,0.000341,0.000946
2025-12-16 18:12:45.602,0.183353,0.283918,0.058944,-2.359918,1.435066,2.217445,1.394778,0.000504,-0.000445,-0.000550,0.000264,0.000239,0.000651,-0.000891
2025-12-16 18:12:45.651,0.183359,0.283918,0.058948,-2.359919,1.435066,2.217439,1.394781,-0.000099,-0.000113,0.000188,0.000751,-0.000064,-0.000244,-0.000716
2025-12-16 18:12:45.703,0.183359,0.283916,0.058941,-2.359971,1.435067,2.217440,1.394767,0.000508,0.000903,-0.000766,-0.004253,0.000269,0.000529,-0.000463
2025-12-16 18:12:45.753,0.183349,0.283931,0.058947,-2.360051,1.435067,2.217437,1.394531,-0.000883,-0.000907,0.000472,0.000423,0.000076,-0.000451,-0.001478
2025-12-16 18:12:45.802,0.183346,0.283931,0.058945,-2.360097,1.435084,2.217440,1.394402,-0.000522,0.000411,0.000535,-0.000282,-0.000387,-0.000140,-0.001542
