timestamp,p1,p2,p3,p4,p5,p6,p7,v1,v2,v3,v4,v5,v6,v7
2025-12-16 18:48:36.204,0.195712,0.116592,0.071020,-2.579646,1.501985,2.226236,1.328946,-0.000601,0.000513,-0.000051,0.001581,0.004362,0.000853,-0.003988
2025-12-16 18:48:36.252,0.195716,0.116864,0.071022,-2.579598,1.502149,2.226329,1.328697,-0.001037,0.009438,-0.000439,0.006183,0.004385,0.000857,-0.002895
2025-12-16 18:48:36.303,0.195730,0.117241,0.071037,-2.579566,1.502287,2.226334,1.328456,0.000764,0.005426,0.002547,0.000389,0.001669,0.000237,-0.004847
2025-12-16 18:48:36.352,0.195735,0.117313,0.071049,-2.579565,1.502387,2.226361,1.328274,0.000287,-0.000745,-0.000786,-0.000079,0.002054,0.000831,-0.001078
2025-12-16 18:48:36.402,0.195741,0.117316,0.071064,-2.579563,1.502528,2.226395,1.328148,-0.000225,-0.000896,0.000316,0.000240,0.002760,0.000774,-0.002491
2025-12-16 18:48:36.452,0.195787,0.117305,0.071148,-2.579601,1.502675,2.226427,1.328106,0.000586,-0.000020,0.001150,-0.003740,0.004128,-0.000291,-0.000532
2025-12-16 18:48:36.502,0.195823,0.117244,0.071176,-2.579744,1.502692,2.226433,1.328100,-0.000015,0.000045,0.000401,-0.001964,-0.000161,0.000223,0.000614
2025-12-16 18:48:36.552,0.195815,0.117158,0.071168,-2.579821,1.502695,2.226425,1.328094,0.000439,-0.000827,0.000368,-0.000028,0.000487,0.000379,-0.001197
2025-12-16 18:48:36.602,0.195801,0.117105,0.071162,-2.579907,1.502693,2.226416,1.328099,-0.000168,-0.000684,-0.003009,-0.003371,0.000391,0.001061,0.000056
2025-12-16 18:48:36.652,0.195583,0.116772,0.070937,-2.580138,1.502647,2.226231,1.328100,-0.005312,-0.008985,-0.002777,-0.007365,-0.004590,-0.006553,-0.000267
2025-12-16 18:48:36.703,0.195347,0.116417,0.070685,-2.580246,1.502223,2.225993,1.328108,-0.002897,-0.004488,-0.001039,0.000353,-0.006168,-0.007308,-0.000426
2025-12-16 18:48:36.752,0.195235,0.116236,0.070563,-2.580262,1.501952,2.225840,1.328144,0.000454,-0.001682,-0.001890,-0.005967,-0.003859,0.000285,-0.002507
2025-12-16 18:48:36.801,0.195155,0.116034,0.070463,-2.580384,1.501650,2.225694,1.328391,0.000567,-0.000652,-0.003261,-0.001146,-0.005285,-0.002368,0.001384
2025-12-16 18:48:36.852,0.195150,0.116001,0.070455,-2.580395,1.501602,2.225687,1.328401,0.007529,-0.000244,0.003565,-0.000097,0.000040,0.000021,0.000974
2025-12-16 18:48:36.902,0.195143,0.116005,0.070445,-2.580394,1.501594,2.225690,1.328403,-0.002798,-0.001359,-0.002148,-0.001746,0.000047,0.005290,0.000523
2025-12-16 18:48:36.952,0.195086,0.116001,0.070364,-2.580373,1.501472,2.225642,1.328460,-0.000452,-0.000421,-0.002010,-0.000617,0.000036,-0.000111,-0.000270
2025-12-16 18:48:37.003,0.195075,0.115842,0.070372,-2.580397,1.501295,2.225617,1.328796,-0.001107,-0.010359,0.001047,-0.000150,-0.010005,0.001206,0.010226
2025-12-16 18:48:37.052,0.195027,0.115306,0.070311,-2.580388,1.500916,2.225491,1.329258,-0.003018,-0.012498,-0.000938,-0.001413,-0.006847,-0.000871,0.008255
2025-12-16 18:48:37.101,0.194977,0.114588,0.070243,-2.580499,1.500460,2.225430,1.330055,0.003798,-0.022435,-0.000604,-0.006189,-0.011125,0.000221,0.017926
2025-12-16 18:48:37.153,0.195073,0.113230,0.070346,-2.581037,1.500062,2.225362,1.331291,0.005353,-0.031783,0.003869,-0.010963,-0.009843,-0.000040,0.030970
2025-12-16 18:48:37.203,0.195160,0.111440,0.070389,-2.581525,1.499455,2.225292,1.332843,0.000500,-0.040790,0.000596,-0.010981,-0.014034,-0.004680,0.030400
2025-12-16 18:48:37.252,0.195259,0.109693,0.070469,-2.581922,1.498637,2.225140,1.334605,0.004703,-0.037224,0.000447,-0.009854,-0.017533,-0.000832,0.040852
2025-12-16 18:48:37.302,0.195400,0.107992,0.070593,-2.582123,1.497783,2.225091,1.336443,0.001210,-0.033177,0.000327,-0.001815,-0.026191,-0.008071,0.032067
2025-12-16 18:48:37.352,0.195417,0.106309,0.070592,-2.582116,1.496709,2.224907,1.338466,0.000860,-0.036122,0.000638,-0.000213,-0.016967,-0.002409,0.040137
2025-12-16 18:48:37.402,0.195472,0.104456,0.070612,-2.582387,1.495640,2.224748,1.340449,0.002101,-0.040488,-0.002760,-0.013769,-0.022208,-0.007315,0.033957
2025-12-16 18:48:37.452,0.195479,0.102407,0.070602,-2.582902,1.494538,2.224513,1.342318,-0.001108,-0.039342,0.000183,-0.006512,-0.019584,-0.001589,0.042010
2025-12-16 18:48:37.502,0.195507,0.100585,0.070596,-2.583391,1.493639,2.224350,1.344038,0.005819,-0.032840,-0.001183,-0.006166,-0.017112,-0.002138,0.037101
2025-12-16 18:48:37.552,0.195635,0.099234,0.070683,-2.583687,1.493021,2.224270,1.345409,0.000928,-0.023571,0.001661,-0.000444,-0.015131,-0.000455,0.032027
2025-12-16 18:48:37.602,0.195755,0.098291,0.070790,-2.583707,1.492579,2.224279,1.346469,0.000623,-0.018562,0.004703,-0.000687,-0.007761,0.010599,0.027145
2025-12-16 18:48:37.653,0.195910,0.097632,0.070889,-2.583718,1.492413,2.224274,1.347348,0.003045,-0.012357,0.001309,0.000440,0.000794,-0.001178,0.019197
2025-12-16 18:48:37.703,0.195987,0.096897,0.070971,-2.583730,1.491991,2.224265,1.348258,-0.000045,-0.018422,0.006130,-0.000112,-0.012308,0.000196,0.013713
2025-12-16 18:48:37.752,0.196009,0.095826,0.070988,-2.583764,1.491385,2.224243,1.349397,-0.002555,-0.029154,0.000841,-0.002364,-0.018452,-0.002235,0.028657
2025-12-16 18:48:37.801,0.196016,0.094394,0.070974,-2.583854,1.490504,2.224085,1.350979,0.000731,-0.031958,0.002647,-0.000824,-0.022066,-0.000997,0.035498
2025-12-16 18:48:37.852,0.196124,0.092756,0.071040,-2.583858,1.489472,2.223945,1.353096,0.003792,-0.028813,0.000677,0.000345,-0.017369,-0.006136,0.038854
2025-12-16 18:48:37.902,0.196394,0.091047,0.071241,-2.583819,1.488438,2.223869,1.355391,0.009272,-0.036616,0.002804,0.001101,-0.021843,-0.000705,0.043329
2025-12-16 18:48:37.953,0.196632,0.089396,0.071458,-2.583452,1.487322,2.223785,1.358054,0.003938,-0.031315,0.002079,0.005397,-0.030066,-0.002241,0.053285
2025-12-16 18:48:38.002,0.196851,0.088053,0.071627,-2.582852,1.486183,2.223740,1.360685,0.001815,-0.023044,0.001936,0.007804,-0.024735,-0.001243,0.048205
2025-12-16 18:48:38.052,0.196965,0.086637,0.071683,-2.582264,1.484737,2.223548,1.363320,-0.002676,-0.035340,-0.001013,0.012894,-0.040108,-0.001750,0.057009
2025-12-16 18:48:38.102,0.196856,0.085182,0.071484,-2.581712,1.482900,2.223185,1.365841,-0.001395,-0.027349,0.004040,0.014684,-0.036797,-0.003874,0.046060
2025-12-16 18:48:38.152,0.196830,0.083977,0.071460,-2.581084,1.481529,2.222911,1.368294,0.002356,-0.020039,0.003058,0.008598,-0.019409,-0.002837,0.046419
2025-12-16 18:48:38.201,0.197052,0.083001,0.071627,-2.580403,1.480644,2.222849,1.370423,0.003637,-0.019840,-0.004460,0.010208,-0.020861,0.000078,0.050537
2025-12-16 18:48:38.251,0.197150,0.081890,0.071703,-2.579712,1.479589,2.222751,1.372686,0.002150,-0.021857,0.001951,0.011618,-0.020254,-0.003893,0.049776
2025-12-16 18:48:38.301,0.197177,0.080880,0.071725,-2.579100,1.478470,2.222612,1.374666,0.000349,-0.017182,-0.000485,0.007990,-0.028991,-0.006072,0.036663
2025-12-16 18:48:38.352,0.197157,0.079933,0.071693,-2.578542,1.477193,2.222389,1.376655,-0.000306,-0.020147,-0.001674,0.010324,-0.020014,-0.001408,0.039883
2025-12-16 18:48:38.401,0.197401,0.078906,0.071774,-2.577993,1.476446,2.222326,1.378611,0.006340,-0.021148,0.003571,0.008335,-0.016876,0.000101,0.032730
2025-12-16 18:48:38.451,0.197497,0.077493,0.071939,-2.577685,1.475480,2.222245,1.380505,-0.000262,-0.032822,-0.001163,-0.000252,-0.023766,-0.002776,0.043382
2025-12-16 18:48:38.502,0.197489,0.075866,0.071911,-2.577529,1.474202,2.222001,1.382784,0.001343,-0.026407,0.000527,0.004579,-0.017979,-0.000810,0.044445
2025-12-16 18:48:38.552,0.197861,0.074694,0.072200,-2.576996,1.473551,2.221999,1.385080,0.013719,-0.023391,0.011578,0.008226,-0.011141,0.000965,0.049498
2025-12-16 18:48:38.603,0.198307,0.073573,0.072631,-2.576517,1.473033,2.222040,1.387115,0.010062,-0.025928,0.011697,0.004840,-0.011933,0.000523,0.035692
2025-12-16 18:48:38.652,0.198865,0.072471,0.073133,-2.575800,1.472614,2.222403,1.389520,0.012658,-0.012156,0.013884,0.011682,-0.001026,0.001294,0.042271
2025-12-16 18:48:38.702,0.199643,0.071884,0.073796,-2.575063,1.472618,2.222940,1.391503,0.020438,-0.011199,0.012210,0.012355,0.000777,0.014320,0.045032
2025-12-16 18:48:38.752,0.200595,0.071229,0.074653,-2.574389,1.472810,2.223672,1.393370,0.022165,-0.012060,0.019426,0.012643,0.010976,0.017315,0.039535
2025-12-16 18:48:38.802,0.201554,0.070511,0.075567,-2.573735,1.473262,2.224378,1.395247,0.014633,-0.016409,0.018541,0.013287,0.014003,0.011691,0.043349
2025-12-16 18:48:38.852,0.202404,0.069693,0.076437,-2.573043,1.473513,2.225046,1.397153,0.015441,-0.012153,0.013705,0.018339,0.001161,0.016039,0.038968
2025-12-16 18:48:38.902,0.203001,0.069104,0.077003,-2.571861,1.473500,2.225461,1.399333,0.009524,-0.009310,0.007391,0.031737,0.000824,0.006367,0.046249
2025-12-16 18:48:38.951,0.203313,0.068609,0.077165,-2.570232,1.472676,2.225480,1.401890,0.004059,-0.005956,-0.000787,0.037372,-0.031569,-0.000154,0.064707
2025-12-16 18:48:39.002,0.203273,0.068225,0.077051,-2.567850,1.470364,2.225234,1.405251,0.000400,-0.011131,-0.003276,0.055821,-0.052697,-0.014611,0.067927
2025-12-16 18:48:39.052,0.202931,0.067874,0.076644,-2.565143,1.467440,2.224645,1.408938,-0.012527,-0.004573,-0.012087,0.056403,-0.055737,-0.013999,0.077519
2025-12-16 18:48:39.102,0.202438,0.067623,0.076137,-2.562229,1.464172,2.223830,1.412869,-0.011115,-0.000552,-0.011332,0.059838,-0.064258,-0.012014,0.080890
2025-12-16 18:48:39.152,0.201972,0.067619,0.075639,-2.559321,1.461017,2.222990,1.416667,-0.007825,-0.000592,-0.006019,0.056002,-0.056925,-0.012754,0.070772
2025-12-16 18:48:39.203,0.201608,0.067865,0.075161,-2.556190,1.458196,2.222271,1.420059,-0.006324,0.012653,-0.009650,0.062817,-0.053846,-0.012103,0.057403
2025-12-16 18:48:39.252,0.201275,0.068464,0.074729,-2.553025,1.455756,2.221661,1.422915,-0.009731,0.017669,-0.005316,0.066772,-0.041497,-0.013045,0.058329
2025-12-16 18:48:39.301,0.200964,0.069562,0.074298,-2.549684,1.453565,2.221131,1.425332,-0.001264,0.023376,-0.005181,0.067896,-0.037621,-0.010248,0.038706
2025-12-16 18:48:39.353,0.200704,0.071190,0.073991,-2.546499,1.451879,2.220727,1.427167,-0.007177,0.032816,-0.009542,0.063036,-0.033111,-0.008589,0.033714
2025-12-16 18:48:39.402,0.200621,0.072785,0.073863,-2.543760,1.450548,2.220543,1.428676,-0.002060,0.033676,-0.001475,0.048000,-0.030130,-0.000535,0.025876
2025-12-16 18:48:39.452,0.200535,0.073828,0.073775,-2.541541,1.449344,2.220274,1.430159,-0.000842,0.013157,-0.002348,0.036035,-0.018111,-0.002466,0.036011
2025-12-16 18:48:39.502,0.200506,0.074125,0.073697,-2.539913,1.448270,2.220071,1.431809,-0.001008,-0.000509,0.000127,0.032200,-0.021411,-0.009654,0.030473
2025-12-16 18:48:39.552,0.200507,0.073807,0.073696,-2.538775,1.447178,2.219815,1.433737,-0.000899,-0.010340,-0.000014,0.019326,-0.025271,-0.002152,0.042852
2025-12-16 18:48:39.602,0.200521,0.073248,0.073694,-2.537664,1.445935,2.219539,1.435997,0.001404,-0.010075,0.000537,0.023935,-0.022577,-0.000162,0.044637
2025-12-16 18:48:39.652,0.200558,0.072659,0.073703,-2.536570,1.444696,2.219308,1.438279,0.002624,-0.018707,0.001176,0.025898,-0.025594,-0.000763,0.052003
2025-12-16 18:48:39.702,0.200701,0.072133,0.073724,-2.535256,1.443473,2.219182,1.440622,0.000599,-0.011823,0.003284,0.031615,-0.020372,-0.000815,0.049050
2025-12-16 18:48:39.753,0.200765,0.071821,0.073763,-2.533507,1.442182,2.219008,1.443072,-0.000895,-0.001859,0.000469,0.031285,-0.028664,-0.000211,0.041821
2025-12-16 18:48:39.802,0.200773,0.071824,0.073763,-2.531827,1.440935,2.218787,1.445206,-0.000804,0.001404,-0.000417,0.036103,-0.029936,-0.002094,0.043878
2025-12-16 18:48:39.853,0.200776,0.071776,0.073746,-2.530209,1.439574,2.218495,1.447436,-0.000013,-0.001484,-0.001120,0.030968,-0.035873,-0.002699,0.045352
2025-12-16 18:48:39.902,0.200735,0.071572,0.073581,-2.528607,1.437917,2.218106,1.449680,-0.002218,-0.006404,-0.006493,0.030748,-0.030037,-0.011117,0.051435
2025-12-16 18:48:39.952,0.200544,0.071375,0.073379,-2.526832,1.436208,2.217635,1.452005,-0.001723,-0.001464,-0.006302,0.038353,-0.031521,-0.005445,0.048411
2025-12-16 18:48:40.002,0.200308,0.071468,0.073058,-2.524843,1.434466,2.217109,1.454281,-0.007911,0.000219,-0.006153,0.038724,-0.036816,-0.008670,0.042344
2025-12-16 18:48:40.052,0.200031,0.071728,0.072706,-2.522646,1.432529,2.216577,1.456565,-0.003062,0.008038,-0.008904,0.043967,-0.040237,-0.010066,0.048848
2025-12-16 18:48:40.104,0.199772,0.072160,0.072385,-2.520404,1.430537,2.216005,1.458793,-0.005596,0.006105,-0.007136,0.044185,-0.042549,-0.011035,0.046099
2025-12-16 18:48:40.152,0.199547,0.072372,0.072124,-2.518376,1.428725,2.215483,1.460933,-0.006463,0.002192,-0.002286,0.036435,-0.032952,-0.005432,0.041450
2025-12-16 18:48:40.201,0.199384,0.072623,0.071917,-2.516368,1.427237,2.215009,1.462889,0.000654,0.011379,-0.005081,0.041485,-0.034192,-0.011694,0.032352
2025-12-16 18:48:40.251,0.199192,0.073207,0.071701,-2.514327,1.425903,2.214596,1.464557,-0.003040,0.012339,-0.002283,0.043311,-0.027710,-0.009776,0.028308
2025-12-16 18:48:40.303,0.198984,0.073924,0.071477,-2.512170,1.424674,2.214265,1.465964,-0.002728,0.017486,-0.006038,0.038668,-0.022779,-0.008512,0.025608
2025-12-16 18:48:40.353,0.198826,0.074838,0.071282,-2.510224,1.423658,2.213985,1.467121,-0.001720,0.020729,-0.000165,0.039211,-0.015134,-0.001033,0.020237
2025-12-16 18:48:40.402,0.198761,0.075984,0.071183,-2.508337,1.422806,2.213830,1.468136,-0.001505,0.023924,-0.001890,0.034526,-0.018000,-0.003418,0.023942
2025-12-16 18:48:40.452,0.198717,0.077126,0.071115,-2.506527,1.422104,2.213662,1.469079,-0.000291,0.024585,-0.000834,0.039212,-0.014537,-0.005008,0.020191
2025-12-16 18:48:40.502,0.198708,0.078333,0.071075,-2.504667,1.421556,2.213647,1.469813,-0.000023,0.026455,-0.003172,0.037187,-0.008488,0.000138,0.017996
2025-12-16 18:48:40.552,0.198713,0.080156,0.071065,-2.502527,1.421318,2.213648,1.470191,0.000570,0.041674,-0.000552,0.046171,0.000177,0.000089,0.000991
2025-12-16 18:48:40.602,0.198737,0.082497,0.071071,-2.500264,1.421314,2.213679,1.470231,-0.000501,0.046982,0.000580,0.045752,0.000305,0.001787,0.001023
2025-12-16 18:48:40.652,0.198782,0.085172,0.071080,-2.497742,1.421314,2.213900,1.470228,0.000577,0.052603,-0.000704,0.056729,-0.000308,0.000110,-0.000387
2025-12-16 18:48:40.702,0.198829,0.087790,0.071093,-2.495311,1.421314,2.214101,1.470225,0.000750,0.053607,0.000098,0.050599,0.000100,-0.000346,-0.001607
2025-12-16 18:48:40.752,0.198833,0.090442,0.071094,-2.492813,1.421316,2.214223,1.470214,-0.000979,0.052467,0.000443,0.047360,0.000144,0.000813,0.000770
2025-12-16 18:48:40.802,0.198810,0.092841,0.071080,-2.490436,1.421236,2.214258,1.470189,0.000313,0.044122,0.000149,0.041570,-0.002580,0.002633,-0.000191
2025-12-16 18:48:40.852,0.198773,0.095058,0.071045,-2.488052,1.420856,2.214271,1.470195,-0.000945,0.041738,-0.002479,0.047917,-0.003525,0.000807,0.000434
2025-12-16 18:48:40.902,0.198741,0.097091,0.070940,-2.485479,1.420355,2.214271,1.470581,0.000349,0.040366,-0.003671,0.049056,-0.007447,0.000416,0.012063
2025-12-16 18:48:40.951,0.198699,0.099074,0.070797,-2.482858,1.419657,2.214271,1.471424,-0.001843,0.032320,-0.004483,0.051898,-0.009896,0.000404,0.018269
2025-12-16 18:48:41.001,0.198686,0.100770,0.070762,-2.480386,1.418915,2.214269,1.472499,-0.000317,0.030638,-0.001897,0.049697,-0.008733,-0.000559,0.021469
2025-12-16 18:48:41.053,0.198695,0.102398,0.070761,-2.477778,1.418074,2.214257,1.473806,-0.000047,0.033519,-0.000691,0.052519,-0.019022,0.000308,0.030999
2025-12-16 18:48:41.102,0.198698,0.104000,0.070711,-2.475140,1.417278,2.214241,1.475055,-0.000772,0.035540,-0.000537,0.049537,-0.025788,-0.000484,0.027920
2025-12-16 18:48:41.152,0.198663,0.105567,0.070492,-2.472562,1.416302,2.214161,1.476162,-0.003325,0.029538,-0.001680,0.052409,-0.020553,-0.005630,0.023236
2025-12-16 18:48:41.205,0.198379,0.107577,0.070205,-2.469735,1.415201,2.213775,1.477225,-0.006374,0.041302,-0.006147,0.050529,-0.022108,-0.001184,0.009878
2025-12-16 18:48:41.252,0.198087,0.109350,0.069920,-2.467319,1.414195,2.213480,1.477979,-0.007714,0.041280,-0.004421,0.053066,-0.025705,-0.008218,0.011376
2025-12-16 18:48:41.305,0.197768,0.111451,0.069535,-2.464630,1.413158,2.213111,1.478628,-0.002087,0.046274,-0.009595,0.057805,-0.017280,-0.007843,0.012545
2025-12-16 18:48:41.352,0.197518,0.113684,0.069242,-2.462049,1.412267,2.212806,1.479072,-0.006650,0.042507,-0.006043,0.055989,-0.019158,-0.005951,0.005047
2025-12-16 18:48:41.401,0.197247,0.116085,0.068933,-2.459278,1.411415,2.212505,1.479300,-0.008061,0.047408,-0.008086,0.056496,-0.015268,-0.006577,0.001067
2025-12-16 18:48:41.452,0.196942,0.118542,0.068561,-2.456578,1.410660,2.212216,1.479452,-0.005368,0.053543,-0.003219,0.053182,-0.012897,-0.001982,-0.001332
2025-12-16 18:48:41.502,0.196608,0.121273,0.068197,-2.453711,1.409862,2.211919,1.479650,-0.006304,0.055489,-0.005533,0.057905,-0.020440,-0.009579,0.006326
2025-12-16 18:48:41.552,0.196321,0.123788,0.067885,-2.451013,1.409141,2.211675,1.479840,-0.003394,0.047354,-0.010986,0.055282,-0.014338,-0.000778,0.001308
2025-12-16 18:48:41.602,0.196074,0.126210,0.067587,-2.448317,1.408389,2.211367,1.480246,-0.007130,0.045881,-0.004666,0.050402,-0.018035,-0.002087,0.011735
2025-12-16 18:48:41.653,0.195836,0.128427,0.067305,-2.445697,1.407569,2.211123,1.480704,-0.003515,0.044505,-0.006942,0.054435,-0.014944,-0.003023,0.002758
2025-12-16 18:48:41.702,0.195565,0.130506,0.066983,-2.443256,1.406802,2.210820,1.481198,-0.005037,0.044691,-0.008918,0.044177,-0.018563,-0.001766,0.011791
2025-12-16 18:48:41.753,0.195357,0.132684,0.066696,-2.440738,1.406043,2.210641,1.481559,-0.006040,0.046468,-0.003988,0.052609,-0.011557,-0.008491,0.000654
2025-12-16 18:48:41.802,0.195063,0.135049,0.066403,-2.438281,1.405434,2.210339,1.481618,-0.009334,0.050087,-0.003207,0.047123,-0.016679,-0.007384,0.001178
2025-12-16 18:48:41.852,0.194665,0.137358,0.066017,-2.435841,1.404710,2.210042,1.481685,-0.005467,0.047073,-0.011979,0.050555,-0.018196,-0.010029,0.005028
2025-12-16 18:48:41.902,0.194230,0.139746,0.065574,-2.433184,1.403856,2.209646,1.481883,-0.005934,0.047711,-0.008281,0.054321,-0.014042,-0.003908,0.001026
2025-12-16 18:48:41.953,0.193832,0.142055,0.065162,-2.430470,1.402953,2.209222,1.482230,-0.008583,0.042966,-0.010271,0.048196,-0.017364,-0.007502,0.004017
2025-12-16 18:48:42.002,0.193598,0.144261,0.064899,-2.427992,1.402217,2.208933,1.482548,-0.003956,0.048808,-0.002722,0.047166,-0.013914,-0.000929,0.003521
2025-12-16 18:48:42.062,0.193474,0.146363,0.064728,-2.425704,1.401631,2.208739,1.482820,-0.004789,0.041047,-0.004015,0.040552,-0.012697,-0.013616,0.004712
2025-12-16 18:48:42.103,0.193316,0.148444,0.064527,-2.423487,1.401095,2.208589,1.482991,-0.001567,0.041482,-0.008009,0.040601,-0.009018,-0.007113,-0.001712
2025-12-16 18:48:42.155,0.193105,0.150399,0.064261,-2.421357,1.400598,2.208418,1.483161,-0.002607,0.038412,-0.007705,0.037234,-0.014110,-0.001647,0.003543
2025-12-16 18:48:42.202,0.192908,0.151975,0.064027,-2.419749,1.400170,2.208253,1.483249,-0.002571,0.031330,-0.004130,0.032010,-0.008005,-0.000155,0.001169
2025-12-16 18:48:42.252,0.192653,0.153518,0.063758,-2.418143,1.399675,2.207994,1.483336,-0.005301,0.027805,-0.005087,0.028940,-0.007406,-0.000231,0.003952
2025-12-16 18:48:42.303,0.192324,0.155053,0.063410,-2.416460,1.399051,2.207624,1.483533,-0.006247,0.023309,-0.006466,0.032133,-0.015665,-0.007828,0.001751
2025-12-16 18:48:42.352,0.191921,0.156130,0.063006,-2.415087,1.398209,2.207191,1.483816,-0.009319,0.015040,-0.007279,0.024858,-0.016754,-0.015715,0.003662
2025-12-16 18:48:42.402,0.191513,0.157095,0.062591,-2.413724,1.397392,2.206715,1.484117,-0.009350,0.017826,-0.007278,0.025336,-0.014657,-0.011547,0.008623
2025-12-16 18:48:42.452,0.191234,0.158208,0.062222,-2.412315,1.396634,2.206331,1.484306,-0.007963,0.022725,-0.008684,0.026588,-0.009889,-0.005232,0.002106
2025-12-16 18:48:42.502,0.190996,0.159607,0.061984,-2.410844,1.396084,2.206041,1.484415,-0.006327,0.031303,-0.004070,0.027475,-0.012612,-0.006954,0.001781
2025-12-16 18:48:42.552,0.190779,0.160780,0.061774,-2.409642,1.395609,2.205787,1.484424,-0.003376,0.023238,-0.006812,0.023658,-0.005321,-0.007332,-0.001169
2025-12-16 18:48:42.601,0.190618,0.161833,0.061587,-2.408498,1.395348,2.205691,1.484419,0.000393,0.020816,-0.000178,0.021943,-0.000067,-0.002352,-0.002354
2025-12-16 18:48:42.652,0.190522,0.162830,0.061506,-2.407526,1.395238,2.205642,1.484421,-0.000907,0.020988,-0.000800,0.021569,-0.000066,-0.000842,-0.000200
2025-12-16 18:48:42.702,0.190429,0.164015,0.061405,-2.406535,1.395092,2.205557,1.484400,-0.005543,0.021545,-0.005026,0.020537,0.000012,-0.002406,-0.001805
2025-12-16 18:48:42.752,0.190249,0.165220,0.061249,-2.405427,1.394849,2.205386,1.484378,-0.001548,0.024746,-0.003361,0.026257,-0.005974,-0.008128,-0.000875
2025-12-16 18:48:42.803,0.189949,0.166538,0.060981,-2.404106,1.394474,2.205161,1.484316,-0.010724,0.024932,-0.007747,0.024737,-0.008963,-0.001453,-0.004244
2025-12-16 18:48:42.851,0.189659,0.167592,0.060692,-2.402984,1.394015,2.204862,1.484274,-0.008801,0.020627,-0.006664,0.024562,-0.010169,-0.011353,-0.001065
2025-12-16 18:48:42.902,0.189341,0.168463,0.060380,-2.401883,1.393335,2.204496,1.484299,-0.009085,0.010858,-0.004367,0.016671,-0.016985,-0.014456,0.001999
2025-12-16 18:48:42.952,0.188887,0.169037,0.059931,-2.400914,1.392346,2.203917,1.484540,-0.009234,0.008369,-0.008807,0.024627,-0.017848,-0.015604,0.004246
2025-12-16 18:48:43.002,0.188458,0.169574,0.059491,-2.399953,1.391307,2.203288,1.484970,-0.010657,0.008728,-0.010041,0.017897,-0.020005,-0.008250,0.010398
2025-12-16 18:48:43.052,0.187954,0.170051,0.058978,-2.399126,1.390127,2.202582,1.485275,-0.010123,0.010629,-0.010555,0.012964,-0.029345,-0.010801,0.005399
2025-12-16 18:48:43.102,0.187375,0.170482,0.058405,-2.398500,1.389044,2.201834,1.485486,-0.010209,0.008573,-0.009029,0.016462,-0.018467,-0.014938,0.009198
2025-12-16 18:48:43.152,0.186827,0.170942,0.057891,-2.397936,1.388190,2.201184,1.485531,-0.012095,0.010677,-0.008811,0.009065,-0.017603,-0.008702,0.000922
2025-12-16 18:48:43.202,0.186298,0.171554,0.057382,-2.397285,1.387502,2.200572,1.485522,-0.008297,0.013443,-0.009396,0.013781,-0.018016,-0.019536,-0.001071
2025-12-16 18:48:43.251,0.185802,0.172601,0.056916,-2.396363,1.386885,2.200056,1.485379,-0.005594,0.023332,-0.007906,0.021896,-0.011995,-0.007846,-0.007316
2025-12-16 18:48:43.301,0.185338,0.174042,0.056498,-2.395336,1.386499,2.199648,1.484830,-0.008552,0.035407,-0.005948,0.017228,-0.000186,-0.009894,-0.015827
2025-12-16 18:48:43.352,0.184871,0.175862,0.056136,-2.394116,1.386325,2.199382,1.484032,-0.010151,0.040553,-0.004532,0.024224,-0.004616,-0.009382,-0.021339
2025-12-16 18:48:43.402,0.184430,0.177949,0.055711,-2.392842,1.386148,2.199066,1.483093,-0.009063,0.037080,-0.007693,0.022385,-0.003241,-0.005496,-0.025282
2025-12-16 18:48:43.452,0.184044,0.179949,0.055371,-2.391579,1.386025,2.198853,1.482227,-0.006787,0.041036,-0.007532,0.026521,-0.002833,-0.006485,-0.014464
2025-12-16 18:48:43.502,0.183722,0.182002,0.055061,-2.390204,1.385886,2.198646,1.481441,-0.008083,0.041595,-0.006383,0.021919,-0.000143,-0.008489,-0.017202
2025-12-16 18:48:43.553,0.183332,0.183747,0.054722,-2.388885,1.385594,2.198341,1.480810,-0.006375,0.027525,-0.007310,0.027226,-0.004662,-0.010254,-0.010470
2025-12-16 18:48:43.601,0.182987,0.185291,0.054381,-2.387510,1.385243,2.198083,1.480337,-0.000359,0.029945,-0.005816,0.028293,-0.007490,-0.006980,-0.013406
2025-12-16 18:48:43.651,0.182697,0.186709,0.054093,-2.386341,1.384923,2.197801,1.479980,-0.003440,0.024551,-0.003796,0.019597,-0.007720,-0.005843,-0.009121
2025-12-16 18:48:43.701,0.182384,0.188103,0.053814,-2.385215,1.384672,2.197554,1.479582,-0.009102,0.031095,-0.005110,0.023833,-0.002227,-0.007728,-0.006102
2025-12-16 18:48:43.752,0.182133,0.189777,0.053564,-2.383935,1.384519,2.197444,1.479094,-0.006747,0.038006,-0.002995,0.028928,-0.004891,-0.001132,-0.007501
2025-12-16 18:48:43.801,0.181816,0.191650,0.053313,-2.382538,1.384409,2.197286,1.478536,-0.002073,0.040783,-0.005390,0.026984,-0.004579,-0.002832,-0.013041
2025-12-16 18:48:43.852,0.181519,0.193816,0.053074,-2.380916,1.384377,2.197245,1.477783,-0.003250,0.047234,-0.008040,0.036100,0.000156,-0.000829,-0.014493
2025-12-16 18:48:43.901,0.181236,0.196157,0.052892,-2.379376,1.384378,2.197197,1.476744,-0.008991,0.043881,-0.004678,0.026281,0.000418,-0.002381,-0.023050
2025-12-16 18:48:43.952,0.180910,0.198375,0.052648,-2.378119,1.384377,2.197107,1.475553,-0.006608,0.045192,-0.003545,0.023833,-0.000101,-0.000226,-0.022858
2025-12-16 18:48:44.002,0.180560,0.200263,0.052415,-2.377220,1.384373,2.196917,1.474305,-0.008032,0.030561,-0.002164,0.016539,-0.000292,-0.004784,-0.026508
2025-12-16 18:48:44.052,0.180092,0.201779,0.051966,-2.376593,1.384376,2.196551,1.473026,-0.010274,0.021385,-0.010158,0.014392,0.000565,-0.004544,-0.024034
2025-12-16 18:48:44.102,0.179622,0.203165,0.051518,-2.376024,1.384375,2.196230,1.471928,-0.008473,0.026725,-0.007355,0.008445,-0.000631,-0.005154,-0.027246
2025-12-16 18:48:44.151,0.179265,0.204420,0.051277,-2.375561,1.384375,2.196031,1.470891,-0.000137,0.021653,-0.005492,0.009615,-0.000098,-0.002945,-0.024452
2025-12-16 18:48:44.202,0.179097,0.205592,0.051141,-2.375095,1.384375,2.195993,1.469800,-0.006203,0.026174,-0.000860,0.008200,0.000334,0.000168,-0.025555
2025-12-16 18:48:44.253,0.179072,0.207003,0.051137,-2.374628,1.384437,2.195995,1.468612,0.000212,0.027817,0.000272,0.007477,0.008891,0.000073,-0.021728
2025-12-16 18:48:44.302,0.179037,0.208370,0.051132,-2.374347,1.384930,2.196040,1.467353,-0.001252,0.027754,-0.000851,0.005025,0.013018,-0.000185,-0.021369
2025-12-16 18:48:44.352,0.179024,0.209684,0.051138,-2.374265,1.385603,2.196299,1.465919,0.000590,0.026862,0.000343,0.002452,0.015782,0.001575,-0.028387
2025-12-16 18:48:44.401,0.179006,0.211270,0.051144,-2.374090,1.386441,2.196610,1.464240,-0.004063,0.034921,0.000221,0.007004,0.013792,0.008594,-0.031523
2025-12-16 18:48:44.451,0.178959,0.213094,0.051175,-2.373864,1.387474,2.196923,1.462316,-0.001782,0.037705,0.001392,0.000635,0.020815,0.004534,-0.036442
2025-12-16 18:48:44.503,0.178825,0.214957,0.051232,-2.373628,1.388441,2.197206,1.460304,0.001552,0.036660,0.007742,0.009254,0.025022,0.007998,-0.042065
2025-12-16 18:48:44.552,0.178740,0.217199,0.051258,-2.373143,1.389474,2.197481,1.458177,-0.003091,0.045767,-0.001149,0.005288,0.020130,0.000067,-0.043658
2025-12-16 18:48:44.603,0.178665,0.219338,0.051341,-2.372819,1.390618,2.197860,1.456004,0.000409,0.039008,-0.000029,0.005507,0.022728,0.008959,-0.043129
2025-12-16 18:48:44.652,0.178552,0.221275,0.051383,-2.372431,1.391577,2.198083,1.454082,0.000917,0.038596,-0.001070,0.007584,0.021337,0.002561,-0.034210
2025-12-16 18:48:44.702,0.178507,0.222971,0.051422,-2.372146,1.392522,2.198304,1.452288,-0.004776,0.030200,0.000089,-0.000571,0.022043,0.000646,-0.030317
2025-12-16 18:48:44.755,0.178448,0.224466,0.051450,-2.371869,1.393248,2.198449,1.450747,0.000849,0.027126,0.001689,0.002862,0.007516,0.010285,-0.032830
2025-12-16 18:48:44.802,0.178315,0.225728,0.051464,-2.371673,1.393853,2.198508,1.449471,-0.005251,0.022097,0.000086,0.006267,0.017731,0.000480,-0.027203
2025-12-16 18:48:44.852,0.178164,0.226654,0.051457,-2.371575,1.394292,2.198514,1.448424,-0.001724,0.013482,-0.002774,-0.000419,0.006390,-0.000091,-0.013754
2025-12-16 18:48:44.902,0.177950,0.227478,0.051425,-2.371410,1.394457,2.198516,1.447515,-0.003419,0.020327,0.000625,0.001874,0.004338,0.000208,-0.013476
2025-12-16 18:48:44.952,0.177757,0.228360,0.051333,-2.371159,1.394690,2.198503,1.446613,-0.001992,0.022354,-0.000940,0.003297,0.007249,-0.000135,-0.015193
2025-12-16 18:48:45.002,0.177590,0.229539,0.051298,-2.370872,1.395029,2.198494,1.445500,-0.002784,0.018481,-0.002571,0.003039,0.010127,0.000399,-0.022880
2025-12-16 18:48:45.052,0.177497,0.230489,0.051289,-2.370862,1.395443,2.198491,1.444388,-0.000392,0.020103,-0.000705,-0.000864,0.006157,-0.000217,-0.024502
2025-12-16 18:48:45.101,0.177439,0.231363,0.051288,-2.370858,1.395952,2.198496,1.443212,-0.000050,0.011580,-0.000014,-0.000058,0.009936,0.000340,-0.023875
2025-12-16 18:48:45.152,0.177448,0.232157,0.051301,-2.370853,1.396566,2.198557,1.442164,-0.000455,0.012413,-0.000775,0.001433,0.010902,0.002991,-0.023805
2025-12-16 18:48:45.202,0.177437,0.232666,0.051298,-2.370866,1.397031,2.198664,1.441430,0.001303,0.011042,-0.001203,0.000015,0.008981,-0.000098,-0.011040
2025-12-16 18:48:45.252,0.177425,0.232855,0.051305,-2.371039,1.397247,2.198698,1.441004,0.000070,-0.000332,0.001400,-0.004596,0.005659,0.005023,-0.012397
2025-12-16 18:48:45.302,0.177396,0.232848,0.051304,-2.371077,1.397290,2.198714,1.440881,-0.000163,-0.000430,0.001111,0.001575,0.000088,-0.000309,-0.006832
2025-12-16 18:48:45.352,0.177385,0.232845,0.051311,-2.371207,1.397342,2.198717,1.440812,-0.001046,-0.000119,0.000388,-0.009219,0.001555,0.000349,0.000068
2025-12-16 18:48:45.402,0.177375,0.232852,0.051314,-2.371267,1.397420,2.198724,1.440694,-0.002003,-0.000572,0.000453,0.000471,0.001714,0.000365,0.001401
2025-12-16 18:48:45.451,0.177380,0.232947,0.051314,-2.371262,1.397629,2.198791,1.440359,-0.000094,0.006443,0.002674,0.000773,0.013321,0.000231,-0.006392
2025-12-16 18:48:45.502,0.177395,0.233443,0.051457,-2.371267,1.398069,2.199004,1.439873,0.000582,0.011544,0.002173,0.000646,0.000715,0.008712,-0.014736
2025-12-16 18:48:45.552,0.177412,0.233905,0.051576,-2.371282,1.398531,2.199120,1.439292,-0.000709,0.004604,0.000240,0.000607,0.012193,0.002391,-0.005782
2025-12-16 18:48:45.601,0.177414,0.234235,0.051601,-2.371485,1.398944,2.199211,1.438635,0.000472,0.003752,-0.000154,-0.007552,0.008529,0.008552,-0.006728
2025-12-16 18:48:45.651,0.177415,0.234472,0.051634,-2.371851,1.399370,2.199344,1.437938,0.001006,-0.000282,0.001529,-0.007823,0.014306,0.007681,-0.011695
2025-12-16 18:48:45.701,0.177408,0.234781,0.051727,-2.372163,1.399878,2.199485,1.437045,-0.000080,0.002433,0.002182,-0.007548,0.014339,0.000164,-0.027693
2025-12-16 18:48:45.752,0.177447,0.235167,0.051944,-2.372565,1.400591,2.199741,1.436103,0.002125,0.010707,0.001925,-0.001726,0.017411,0.001917,-0.021444
2025-12-16 18:48:45.802,0.177451,0.235705,0.052026,-2.372785,1.401283,2.199899,1.434964,0.000802,0.008594,0.000489,-0.008553,0.011070,0.008850,-0.026782
2025-12-16 18:48:45.852,0.177453,0.236331,0.052098,-2.372871,1.402020,2.200136,1.433686,0.000031,0.016291,0.003402,-0.000356,0.014072,0.005964,-0.031007
2025-12-16 18:48:45.902,0.177464,0.237248,0.052244,-2.372920,1.402838,2.200387,1.432312,0.000884,0.014710,0.003939,-0.002032,0.013820,0.009575,-0.033202
2025-12-16 18:48:45.952,0.177499,0.238250,0.052478,-2.373304,1.403777,2.200629,1.430750,0.001400,0.019519,0.004564,-0.005911,0.022836,0.005485,-0.033159
2025-12-16 18:48:46.002,0.177568,0.239202,0.052597,-2.373761,1.404729,2.200929,1.429065,0.002200,0.018062,0.003309,-0.012690,0.024606,0.005998,-0.040557
2025-12-16 18:48:46.051,0.177590,0.240167,0.052746,-2.374118,1.405870,2.201268,1.427289,-0.000805,0.021615,0.003999,-0.006202,0.017216,0.000316,-0.036351
2025-12-16 18:48:46.102,0.177641,0.241399,0.052994,-2.374186,1.407134,2.201666,1.425500,0.002434,0.029346,0.007596,0.000734,0.022953,0.010868,-0.038849
2025-12-16 18:48:46.152,0.177901,0.242526,0.053339,-2.374525,1.408362,2.202141,1.423836,0.004908,0.018651,0.007251,-0.005409,0.022001,0.015029,-0.037823
2025-12-16 18:48:46.202,0.178069,0.243372,0.053658,-2.375086,1.409547,2.202566,1.422111,0.001099,0.012249,0.002782,-0.014214,0.016283,0.007303,-0.032821
2025-12-16 18:48:46.252,0.178067,0.243907,0.053717,-2.375646,1.410561,2.202870,1.420606,-0.001053,0.007376,-0.000856,-0.012455,0.013118,0.005777,-0.028995
2025-12-16 18:48:46.301,0.178067,0.244448,0.053733,-2.376137,1.411339,2.203061,1.419396,0.000351,0.010380,0.002874,-0.009001,0.013059,0.001109,-0.022907
2025-12-16 18:48:46.351,0.178070,0.245035,0.053873,-2.376542,1.412070,2.203213,1.418287,0.001656,0.013294,0.004225,-0.005994,0.009737,0.004372,-0.021079
2025-12-16 18:48:46.402,0.178085,0.245546,0.053995,-2.376613,1.412603,2.203328,1.417520,0.000098,0.011009,0.002444,-0.000012,0.011562,0.000577,-0.010773
2025-12-16 18:48:46.452,0.178084,0.245939,0.054004,-2.376618,1.412858,2.203400,1.417046,0.000784,0.004797,0.000552,-0.001178,0.005277,0.001809,-0.009718
2025-12-16 18:48:46.502,0.178082,0.245970,0.054005,-2.376886,1.413015,2.203443,1.416848,-0.000681,-0.002821,0.001250,-0.009843,0.003221,0.000079,-0.006893
2025-12-16 18:48:46.552,0.178087,0.245909,0.054046,-2.377367,1.413244,2.203454,1.416526,0.000443,-0.005718,-0.000685,-0.010888,0.004501,0.001688,-0.003670
2025-12-16 18:48:46.602,0.178081,0.245655,0.054069,-2.377994,1.413550,2.203528,1.416082,0.000591,-0.005696,0.000612,-0.010951,0.004208,0.001351,-0.010104
2025-12-16 18:48:46.652,0.178091,0.245693,0.054150,-2.378592,1.414114,2.203722,1.415152,0.001011,0.004601,0.001804,-0.017999,0.015246,0.006237,-0.026250
2025-12-16 18:48:46.702,0.178090,0.246173,0.054294,-2.379197,1.415023,2.203993,1.413611,0.000140,0.012614,0.003166,-0.014122,0.019445,0.012789,-0.039399
2025-12-16 18:48:46.752,0.178083,0.246946,0.054356,-2.379815,1.416156,2.204275,1.411552,-0.000295,0.011866,0.000515,-0.012151,0.020004,0.009676,-0.038394
2025-12-16 18:48:46.801,0.178057,0.247714,0.054382,-2.380533,1.417276,2.204518,1.409474,-0.000725,0.014319,0.003325,-0.013961,0.023727,0.006205,-0.047789
2025-12-16 18:48:46.852,0.178063,0.248423,0.054545,-2.381347,1.418422,2.204871,1.407556,-0.001038,0.011388,0.005994,-0.018135,0.024289,0.007554,-0.038777
2025-12-16 18:48:46.904,0.178058,0.248928,0.054657,-2.382382,1.419457,2.205129,1.405805,-0.001495,0.006066,0.001369,-0.019288,0.018363,0.008548,-0.032158
2025-12-16 18:48:46.952,0.177986,0.249091,0.054655,-2.383298,1.420078,2.205297,1.404746,-0.008075,0.000663,0.000086,-0.019658,0.009979,0.000326,-0.015863
2025-12-16 18:48:47.006,0.177781,0.249095,0.054634,-2.384075,1.420602,2.205477,1.403845,-0.001333,0.001835,-0.000888,-0.011093,0.009138,0.001283,-0.007414
2025-12-16 18:48:47.052,0.177739,0.249249,0.054608,-2.384562,1.420940,2.205800,1.403227,-0.000016,0.010345,0.000112,-0.002317,0.005630,0.010634,-0.012457
2025-12-16 18:48:47.102,0.177476,0.250044,0.054246,-2.385128,1.421230,2.206736,1.402333,-0.013568,0.034230,-0.015414,-0.010523,0.008649,0.036257,-0.027800
2025-12-16 18:48:47.153,0.177226,0.252601,0.054012,-2.385209,1.423782,2.208182,1.400146,0.013881,0.078414,0.020279,0.010352,0.079630,0.034153,-0.060227
2025-12-16 18:48:47.202,0.178907,0.257539,0.055947,-2.384715,1.429449,2.211165,1.395490,0.028891,0.109158,0.041539,0.007062,0.113622,0.061980,-0.111399
2025-12-16 18:48:47.253,0.180108,0.262652,0.057538,-2.384610,1.434914,2.213596,1.389911,0.017124,0.098014,0.026581,0.006640,0.094107,0.040155,-0.106787
2025-12-16 18:48:47.302,0.180642,0.266991,0.058351,-2.384013,1.438481,2.215120,1.385506,0.011080,0.070105,0.006965,0.010057,0.052895,0.023946,-0.073063
2025-12-16 18:48:47.352,0.180502,0.269116,0.058526,-2.384000,1.439885,2.215501,1.382684,-0.010062,0.023421,-0.001533,-0.001728,0.011768,0.000344,-0.040958
2025-12-16 18:48:47.402,0.180015,0.269475,0.058131,-2.384288,1.439951,2.215334,1.381559,-0.005367,-0.000999,-0.007280,-0.009352,0.000232,-0.013292,-0.010246
2025-12-16 18:48:47.452,0.179840,0.268854,0.057937,-2.384980,1.439936,2.215113,1.381445,-0.000793,-0.022787,-0.000657,-0.019839,0.000197,-0.002320,0.001062
2025-12-16 18:48:47.501,0.179850,0.267415,0.057931,-2.386103,1.439693,2.214809,1.381659,-0.001385,-0.030429,0.000243,-0.025314,-0.013890,-0.008899,0.014707
2025-12-16 18:48:47.552,0.179874,0.265986,0.057951,-2.386923,1.439358,2.214706,1.382377,-0.000688,-0.019691,0.004570,-0.011385,-0.009331,-0.001172,0.009102
2025-12-16 18:48:47.602,0.179845,0.265368,0.057860,-2.387079,1.438955,2.214549,1.383027,0.003940,-0.010809,-0.003037,0.000911,-0.003164,-0.005324,0.014330
2025-12-16 18:48:47.652,0.179830,0.265301,0.057821,-2.386993,1.438731,2.214481,1.383437,-0.003569,0.003487,0.001062,0.002040,-0.010176,-0.005747,0.002019
2025-12-16 18:48:47.702,0.179809,0.265316,0.057786,-2.386976,1.438680,2.214457,1.383456,0.001537,-0.000985,-0.002209,-0.002950,0.000414,-0.000336,-0.001133
2025-12-16 18:48:47.752,0.179810,0.265257,0.057771,-2.386983,1.438664,2.214443,1.383463,-0.000809,-0.001804,-0.001444,-0.003205,-0.000468,-0.000343,0.000029
2025-12-16 18:48:47.802,0.179772,0.265001,0.057742,-2.387078,1.438589,2.214346,1.383503,-0.000974,-0.006680,0.002569,-0.002438,0.000038,-0.010102,0.004811
2025-12-16 18:48:47.852,0.179727,0.264661,0.057690,-2.387106,1.438383,2.214260,1.383724,0.001752,-0.005931,-0.001608,-0.001501,-0.001173,0.000145,0.001010
2025-12-16 18:48:47.901,0.179721,0.264553,0.057671,-2.387110,1.438269,2.214213,1.383902,-0.000478,-0.001618,-0.000750,0.000573,-0.001597,0.000680,0.003549
2025-12-16 18:48:47.952,0.179672,0.264516,0.057632,-2.387165,1.438134,2.214079,1.383968,-0.003320,0.001150,-0.000475,-0.002235,-0.000610,-0.002168,-0.000144
2025-12-16 18:48:48.002,0.179636,0.264468,0.057578,-2.387200,1.438063,2.214038,1.384050,0.000324,0.000680,-0.001058,0.001884,-0.002850,0.000816,-0.000886
2025-12-16 18:48:48.052,0.179580,0.264422,0.057532,-2.387203,1.437935,2.213976,1.384088,-0.000019,-0.000930,0.000630,0.001447,-0.006283,0.000745,0.004649
2025-12-16 18:48:48.102,0.179499,0.264430,0.057451,-2.387207,1.437783,2.213869,1.384140,-0.002883,0.001771,-0.002672,0.000149,-0.001621,0.001005,-0.000463
2025-12-16 18:48:48.153,0.179506,0.264441,0.057440,-2.387197,1.437769,2.213861,1.384232,0.001848,-0.000274,0.003338,-0.000361,0.000174,-0.000401,-0.000022
2025-12-16 18:48:48.203,0.179508,0.264611,0.057445,-2.386974,1.437774,2.213877,1.384258,-0.002018,0.007714,-0.000925,0.005105,0.000184,0.000217,-0.000356
2025-12-16 18:48:48.252,0.179539,0.264766,0.057467,-2.386756,1.437777,2.213888,1.384303,-0.001876,0.000318,0.004319,0.000839,0.000543,-0.000359,0.000862
2025-12-16 18:48:48.302,0.179536,0.264749,0.057464,-2.386763,1.437778,2.213891,1.384307,-0.001692,-0.002752,-0.000854,0.000109,0.000328,-0.000317,0.000546
2025-12-16 18:48:48.352,0.179498,0.264540,0.057414,-2.386907,1.437759,2.213891,1.384334,0.000940,-0.006074,-0.000027,-0.001749,-0.006773,0.000234,0.004305
2025-12-16 18:48:48.403,0.179498,0.264408,0.057389,-2.386922,1.437508,2.213852,1.384570,-0.002252,-0.001240,-0.000321,-0.000062,-0.006659,-0.005139,0.002319
2025-12-16 18:48:48.451,0.179401,0.264434,0.057289,-2.386913,1.437253,2.213642,1.384743,-0.000067,0.002152,-0.000644,-0.001132,-0.002432,-0.000414,0.007706
2025-12-16 18:48:48.502,0.179410,0.264523,0.057283,-2.386670,1.437218,2.213651,1.384918,0.000241,0.003478,-0.004326,0.003027,0.000551,-0.000332,0.003853
2025-12-16 18:48:48.555,0.179477,0.264729,0.057340,-2.386269,1.437226,2.213677,1.385036,0.001583,0.003086,0.001437,0.001429,-0.000339,0.003246,-0.001500
2025-12-16 18:48:48.604,0.179515,0.264758,0.057359,-2.386248,1.437243,2.213722,1.385039,0.001588,0.000213,0.001087,-0.000481,0.000046,-0.000391,-0.000819
2025-12-16 18:48:48.651,0.179503,0.264733,0.057356,-2.386244,1.437245,2.213749,1.385042,-0.000608,0.000961,0.002328,-0.000289,0.000130,0.000916,0.001227
2025-12-16 18:48:48.701,0.179514,0.264654,0.057359,-2.386271,1.437241,2.213740,1.385204,-0.000153,-0.008008,0.000590,-0.000124,0.000212,0.000273,0.001315
