timestamp,p1,p2,p3,p4,p5,p6,p7,v1,v2,v3,v4,v5,v6,v7
2025-12-16 18:24:01.702,0.120574,0.347240,0.008427,-2.155557,1.260831,2.121382,1.543813,0.000663,0.003196,0.000514,0.000062,-0.000421,0.000111,-0.012824
2025-12-16 18:24:01.752,0.120566,0.347289,0.008426,-2.155612,1.260865,2.121388,1.543737,-0.000582,-0.001137,0.000687,-0.001108,0.000072,0.005180,0.000674
2025-12-16 18:24:01.802,0.120575,0.347288,0.008450,-2.155882,1.261075,2.121565,1.543456,0.000117,-0.000321,0.000937,-0.008357,0.001287,0.001696,-0.002330
2025-12-16 18:24:01.852,0.120537,0.347323,0.008464,-2.156238,1.261176,2.121586,1.543121,0.000254,0.005079,-0.001276,-0.006915,-0.000595,0.000113,-0.008127
2025-12-16 18:24:01.902,0.120135,0.347678,0.008365,-2.156301,1.261179,2.121574,1.542559,-0.004166,0.005270,-0.001610,0.000092,-0.000357,0.000647,-0.015855
2025-12-16 18:24:01.952,0.120051,0.348097,0.008324,-2.156301,1.261191,2.121566,1.542067,0.002120,0.009501,-0.000882,-0.000092,0.000337,0.000126,-0.010353
2025-12-16 18:24:02.002,0.119983,0.348239,0.008296,-2.156422,1.261252,2.121566,1.541589,-0.000069,-0.002407,0.001252,-0.002096,0.004501,-0.000597,-0.007327
2025-12-16 18:24:02.052,0.119986,0.348132,0.008292,-2.156456,1.261346,2.121572,1.541472,0.001274,0.002703,-0.000600,-0.000397,0.000939,-0.000103,-0.005322
2025-12-16 18:24:02.102,0.119984,0.348009,0.008302,-2.156888,1.261477,2.121571,1.541328,0.000650,-0.007604,0.001158,-0.011173,0.001091,0.000536,-0.002372
2025-12-16 18:24:02.152,0.119961,0.347713,0.008289,-2.157406,1.261523,2.121590,1.541148,-0.002081,-0.008749,0.003355,-0.013824,-0.000219,0.000381,-0.004224
2025-12-16 18:24:02.202,0.119971,0.347279,0.008304,-2.157974,1.261672,2.121635,1.540995,0.000208,-0.007774,-0.000746,-0.008282,0.008203,0.002613,-0.006556
2025-12-16 18:24:02.252,0.120141,0.346671,0.008416,-2.158702,1.261990,2.121984,1.540974,0.008101,-0.018689,0.004413,-0.017936,0.006535,0.001673,-0.001257
2025-12-16 18:24:02.302,0.120254,0.345470,0.008519,-2.160149,1.262148,2.122188,1.540974,-0.004770,-0.027688,-0.001411,-0.032403,0.000091,-0.000167,-0.000559
2025-12-16 18:24:02.352,0.120154,0.343500,0.008412,-2.162074,1.262148,2.122165,1.540972,-0.002106,-0.047681,-0.002108,-0.043380,0.000141,-0.000846,-0.001404
2025-12-16 18:24:02.404,0.120104,0.340835,0.008341,-2.164642,1.262148,2.122041,1.540980,0.001249,-0.064107,-0.000434,-0.063441,-0.002066,-0.011875,0.001322
2025-12-16 18:24:02.452,0.120069,0.337238,0.008254,-2.168077,1.262129,2.121780,1.540995,-0.000996,-0.081660,-0.001599,-0.077039,-0.003394,-0.002888,-0.000192
2025-12-16 18:24:02.502,0.120064,0.332941,0.008216,-2.172091,1.262114,2.121686,1.541155,-0.001382,-0.095733,-0.000458,-0.086669,0.000101,-0.002287,0.010322
2025-12-16 18:24:02.552,0.120222,0.327575,0.008239,-2.177176,1.262110,2.121682,1.541310,0.002492,-0.109255,0.001997,-0.105258,-0.000468,-0.000273,0.002433
2025-12-16 18:24:02.602,0.120298,0.322034,0.008252,-2.182858,1.262112,2.121689,1.541317,0.000402,-0.118926,-0.000133,-0.120273,-0.000617,0.000264,0.001295
2025-12-16 18:24:02.652,0.120269,0.316247,0.008142,-2.188800,1.262115,2.121692,1.541308,-0.001750,-0.114354,-0.001560,-0.116785,0.000055,0.001218,-0.000980
2025-12-16 18:24:02.702,0.120247,0.310779,0.008058,-2.194572,1.262116,2.121675,1.541276,0.000918,-0.108798,0.000458,-0.110922,0.000112,-0.000047,-0.003330
2025-12-16 18:24:02.752,0.120321,0.305415,0.008099,-2.200164,1.262159,2.121674,1.540883,0.005287,-0.103796,0.004346,-0.108363,0.003245,0.000157,-0.015576
2025-12-16 18:24:02.802,0.120550,0.300252,0.008240,-2.205716,1.262649,2.121914,1.540356,0.004070,-0.098812,0.007390,-0.113920,0.011891,0.013156,-0.016528
2025-12-16 18:24:02.852,0.120977,0.295642,0.008573,-2.211282,1.263595,2.122556,1.539549,0.014243,-0.085794,0.007015,-0.111732,0.018289,0.017374,-0.021458
2025-12-16 18:24:02.902,0.121604,0.291570,0.009159,-2.216659,1.264906,2.123601,1.538609,0.014112,-0.075373,0.014309,-0.106232,0.036894,0.025661,-0.022271
2025-12-16 18:24:02.952,0.122430,0.287715,0.009932,-2.221970,1.266782,2.125153,1.537440,0.017596,-0.078671,0.017914,-0.106796,0.043402,0.035372,-0.020403
2025-12-16 18:24:03.002,0.123360,0.284188,0.010841,-2.226982,1.268918,2.126954,1.536184,0.024469,-0.071718,0.017769,-0.103207,0.047078,0.038542,-0.028286
2025-12-16 18:24:03.051,0.124674,0.280716,0.012108,-2.232112,1.271532,2.129228,1.534964,0.032710,-0.065701,0.031087,-0.105421,0.053097,0.053701,-0.027855
2025-12-16 18:24:03.101,0.126493,0.277078,0.013783,-2.237570,1.274783,2.132032,1.533787,0.037643,-0.071411,0.033093,-0.107833,0.063407,0.051688,-0.012710
2025-12-16 18:24:03.152,0.128281,0.273124,0.015514,-2.243092,1.277950,2.134733,1.532875,0.032700,-0.080678,0.032914,-0.115977,0.060932,0.047337,-0.015679
2025-12-16 18:24:03.202,0.129993,0.268576,0.017096,-2.248907,1.280840,2.137304,1.532155,0.037384,-0.095796,0.029320,-0.122649,0.047493,0.047718,-0.015501
2025-12-16 18:24:03.252,0.131454,0.263119,0.018441,-2.255233,1.283264,2.139359,1.531577,0.026019,-0.122269,0.022381,-0.139116,0.039144,0.033911,-0.001082
2025-12-16 18:24:03.301,0.132412,0.257122,0.019335,-2.261817,1.284709,2.140567,1.531367,0.015408,-0.119545,0.016313,-0.129931,0.023705,0.021286,0.000451
2025-12-16 18:24:03.352,0.133000,0.250780,0.019864,-2.268097,1.285427,2.141203,1.531396,0.008039,-0.129936,0.012034,-0.121656,0.008943,0.011692,0.006267
2025-12-16 18:24:03.402,0.133531,0.244377,0.020295,-2.274022,1.285889,2.141661,1.531856,0.013818,-0.126019,0.008130,-0.116742,0.005514,0.008337,0.012342
2025-12-16 18:24:03.452,0.134086,0.238339,0.020755,-2.279627,1.286330,2.142030,1.532392,0.010872,-0.111680,0.010479,-0.105852,0.009131,0.008088,0.001866
2025-12-16 18:24:03.502,0.134805,0.233232,0.021302,-2.285002,1.287251,2.142724,1.532475,0.012442,-0.094075,0.014708,-0.103554,0.020084,0.019487,-0.000698
2025-12-16 18:24:03.552,0.135615,0.229191,0.021946,-2.289732,1.288673,2.143802,1.532440,0.018645,-0.074811,0.013278,-0.094563,0.027683,0.030280,-0.001795
2025-12-16 18:24:03.602,0.136512,0.225969,0.022790,-2.294074,1.290601,2.145293,1.531658,0.019078,-0.050204,0.020859,-0.074536,0.037933,0.036544,-0.017179
2025-12-16 18:24:03.652,0.137461,0.223892,0.023751,-2.297500,1.292773,2.146956,1.530556,0.023479,-0.036511,0.022863,-0.065237,0.050825,0.031635,-0.029746
2025-12-16 18:24:03.702,0.138620,0.222393,0.024853,-2.300505,1.295201,2.148799,1.529243,0.022479,-0.025331,0.023670,-0.054350,0.055096,0.036031,-0.031282
2025-12-16 18:24:03.752,0.139734,0.221123,0.026003,-2.303198,1.297569,2.150608,1.527973,0.021010,-0.022881,0.020376,-0.050036,0.050976,0.034789,-0.027486
2025-12-16 18:24:03.802,0.140927,0.219858,0.027232,-2.306169,1.300248,2.152593,1.526504,0.028898,-0.027411,0.027956,-0.060320,0.056573,0.040291,-0.023157
2025-12-16 18:24:03.852,0.142248,0.218403,0.028544,-2.309509,1.303062,2.154766,1.525013,0.028200,-0.029388,0.026084,-0.074091,0.061082,0.054067,-0.023573
2025-12-16 18:24:03.903,0.143884,0.216612,0.030217,-2.313404,1.306414,2.157469,1.523285,0.031876,-0.039477,0.034800,-0.078757,0.068171,0.054377,-0.040855
2025-12-16 18:24:03.952,0.145528,0.214681,0.031916,-2.317335,1.309986,2.160024,1.521594,0.030212,-0.043763,0.040036,-0.087858,0.076733,0.052688,-0.030191
2025-12-16 18:24:04.003,0.147208,0.212537,0.033589,-2.321357,1.313395,2.162655,1.520025,0.033122,-0.041783,0.032676,-0.088653,0.070150,0.046527,-0.025076
2025-12-16 18:24:04.051,0.148892,0.210592,0.035239,-2.325153,1.316983,2.165129,1.518509,0.037775,-0.036882,0.037684,-0.077398,0.059165,0.048549,-0.024734
2025-12-16 18:24:04.102,0.150498,0.208817,0.036925,-2.328678,1.320351,2.167565,1.517109,0.035886,-0.033192,0.032246,-0.065828,0.061390,0.043424,-0.027991
2025-12-16 18:24:04.151,0.152016,0.207557,0.038393,-2.331504,1.323357,2.169788,1.515786,0.027126,-0.018837,0.025657,-0.052017,0.055627,0.040492,-0.024993
2025-12-16 18:24:04.201,0.153439,0.206591,0.039832,-2.334092,1.326097,2.171831,1.514572,0.026193,-0.021359,0.025624,-0.048150,0.050957,0.029324,-0.020424
2025-12-16 18:24:04.252,0.154599,0.205477,0.041071,-2.336498,1.328541,2.173601,1.513564,0.025604,-0.024861,0.020854,-0.048950,0.049331,0.031161,-0.019932
2025-12-16 18:24:04.302,0.155646,0.203898,0.042107,-2.339051,1.330628,2.175234,1.512702,0.022952,-0.037456,0.020948,-0.058479,0.048991,0.026006,-0.013917
2025-12-16 18:24:04.352,0.156701,0.201783,0.043178,-2.341985,1.332742,2.176794,1.512016,0.020281,-0.048778,0.021903,-0.062011,0.038828,0.026718,-0.006697
2025-12-16 18:24:04.401,0.157804,0.199295,0.044270,-2.345218,1.334913,2.178248,1.511410,0.020557,-0.049072,0.024385,-0.069001,0.038841,0.019662,-0.012422
2025-12-16 18:24:04.451,0.158819,0.196669,0.045325,-2.348521,1.336825,2.179594,1.510871,0.020727,-0.056269,0.017859,-0.070543,0.037239,0.025478,-0.014653
2025-12-16 18:24:04.501,0.159808,0.194040,0.046283,-2.351875,1.338712,2.180924,1.510352,0.019188,-0.044205,0.012494,-0.065832,0.034788,0.022201,-0.013301
2025-12-16 18:24:04.552,0.160775,0.191858,0.047196,-2.354725,1.340469,2.182199,1.509853,0.021788,-0.039983,0.019764,-0.052399,0.029746,0.029120,-0.010803
2025-12-16 18:24:04.602,0.161867,0.190311,0.048253,-2.357065,1.342483,2.183625,1.509250,0.025300,-0.025375,0.022465,-0.045157,0.043136,0.023075,-0.010531
2025-12-16 18:24:04.652,0.163078,0.189369,0.049475,-2.359252,1.344803,2.185270,1.508279,0.023857,-0.016311,0.030387,-0.052904,0.053885,0.037588,-0.028227
2025-12-16 18:24:04.702,0.164359,0.188715,0.050772,-2.361599,1.347609,2.187162,1.506757,0.026156,-0.016177,0.026827,-0.049222,0.051462,0.042939,-0.031162
2025-12-16 18:24:04.751,0.165653,0.188115,0.052114,-2.363904,1.350562,2.189121,1.505015,0.025454,-0.010805,0.031362,-0.045921,0.058591,0.046696,-0.030730
2025-12-16 18:24:04.802,0.167023,0.187359,0.053561,-2.366515,1.354034,2.191234,1.503150,0.024391,-0.016337,0.026786,-0.049339,0.066140,0.040399,-0.038254
2025-12-16 18:24:04.852,0.168255,0.186628,0.054856,-2.369077,1.357187,2.193216,1.501334,0.023810,-0.018346,0.028162,-0.053432,0.055261,0.038119,-0.034629
2025-12-16 18:24:04.902,0.169427,0.185835,0.056076,-2.371738,1.360189,2.195155,1.499511,0.025491,-0.018034,0.024695,-0.048779,0.053952,0.037405,-0.034241
2025-12-16 18:24:04.952,0.170441,0.185004,0.057156,-2.374129,1.362705,2.196750,1.498083,0.019046,-0.015142,0.021358,-0.045609,0.053376,0.029580,-0.030180
2025-12-16 18:24:05.002,0.171274,0.183968,0.058053,-2.376434,1.364805,2.197970,1.496812,0.013243,-0.019567,0.020292,-0.040347,0.036086,0.019629,-0.025967
2025-12-16 18:24:05.052,0.171889,0.182762,0.058727,-2.378453,1.366411,2.198899,1.495895,0.012087,-0.019777,0.009151,-0.040865,0.027231,0.012048,-0.019818
2025-12-16 18:24:05.102,0.172355,0.181562,0.059223,-2.380373,1.367528,2.199529,1.495142,0.005361,-0.022124,0.008798,-0.038743,0.018828,0.014611,-0.011254
2025-12-16 18:24:05.152,0.172527,0.180483,0.059511,-2.382157,1.368217,2.199778,1.494438,0.003342,-0.020486,0.003773,-0.038600,0.014856,-0.000648,-0.012532
2025-12-16 18:24:05.202,0.172570,0.179822,0.059559,-2.383471,1.368788,2.199925,1.493695,-0.000350,-0.008614,-0.000713,-0.022302,0.015527,0.000592,-0.021280
2025-12-16 18:24:05.252,0.172516,0.179528,0.059533,-2.384360,1.369170,2.200063,1.492847,-0.001001,-0.001538,-0.000373,-0.008893,0.001031,-0.000372,-0.020958
2025-12-16 18:24:05.301,0.172537,0.179600,0.059569,-2.384843,1.369584,2.200140,1.492073,0.002421,0.007709,0.001902,-0.005872,0.012720,0.005262,-0.016250
2025-12-16 18:24:05.352,0.172534,0.179931,0.059613,-2.385142,1.370090,2.200299,1.491193,-0.000372,0.003425,-0.000621,-0.012853,0.006614,-0.000398,-0.019489
2025-12-16 18:24:05.401,0.172349,0.180321,0.059555,-2.385365,1.370210,2.200317,1.490405,-0.002745,0.010270,-0.000363,-0.000944,-0.000846,0.000114,-0.020596
2025-12-16 18:24:05.452,0.172205,0.180901,0.059481,-2.385399,1.370445,2.200315,1.489518,-0.001118,0.009203,-0.000048,-0.001354,0.001421,-0.000166,-0.017174
2025-12-16 18:24:05.502,0.172038,0.181471,0.059391,-2.385378,1.370573,2.200311,1.488710,-0.006055,0.012251,-0.002271,-0.000175,0.003887,0.000558,-0.021869
2025-12-16 18:24:05.552,0.171730,0.182506,0.059157,-2.385201,1.370739,2.200281,1.487564,-0.006379,0.017824,-0.006046,0.006202,-0.000103,0.000187,-0.028621
2025-12-16 18:24:05.602,0.171309,0.183988,0.058786,-2.384775,1.370902,2.200225,1.486142,-0.004394,0.030704,-0.010411,0.010993,0.001913,-0.006550,-0.032288
2025-12-16 18:24:05.652,0.170886,0.185642,0.058414,-2.384278,1.371093,2.200074,1.484708,-0.012369,0.035273,-0.007264,0.010184,0.005125,-0.000026,-0.027098
2025-12-16 18:24:05.702,0.170480,0.187336,0.058127,-2.383847,1.371276,2.199883,1.483153,-0.007385,0.030224,-0.010869,0.008557,0.000031,-0.002116,-0.030471
2025-12-16 18:24:05.752,0.170097,0.188679,0.057847,-2.383388,1.371366,2.199719,1.481870,-0.010818,0.027792,-0.006295,0.007905,0.003313,0.000482,-0.022423
2025-12-16 18:24:05.802,0.169778,0.190251,0.057600,-2.382859,1.371496,2.199596,1.480660,-0.006790,0.029257,-0.000984,0.010739,0.003280,-0.015110,-0.020879
2025-12-16 18:24:05.852,0.169489,0.191628,0.057343,-2.382309,1.371554,2.199459,1.479662,-0.005530,0.028672,-0.005670,0.011796,0.003424,-0.000486,-0.023342
2025-12-16 18:24:05.904,0.169216,0.192989,0.057105,-2.381648,1.371584,2.199273,1.478836,-0.005050,0.026948,-0.005253,0.014683,0.000703,-0.007621,-0.008070
2025-12-16 18:24:05.951,0.169003,0.194248,0.056953,-2.380941,1.371587,2.199194,1.478162,-0.007922,0.025222,-0.006240,0.014685,-0.000118,-0.003506,-0.011292
2025-12-16 18:24:06.002,0.168758,0.195501,0.056740,-2.380180,1.371588,2.198970,1.477561,-0.004189,0.022374,-0.005865,0.017355,0.000437,-0.004936,-0.005420
2025-12-16 18:24:06.052,0.168507,0.196626,0.056547,-2.379416,1.371587,2.198854,1.477040,-0.005282,0.023068,-0.004526,0.014659,0.000098,-0.008911,-0.005696
2025-12-16 18:24:06.102,0.168255,0.197875,0.056320,-2.378554,1.371587,2.198722,1.476514,-0.002972,0.024421,-0.007641,0.017612,-0.000548,-0.001155,-0.008753
2025-12-16 18:24:06.153,0.167971,0.199179,0.056135,-2.377816,1.371587,2.198593,1.475941,-0.003569,0.023496,-0.007558,0.010294,-0.000268,-0.000253,-0.012679
2025-12-16 18:24:06.202,0.167717,0.200315,0.055935,-2.377209,1.371588,2.198451,1.475302,-0.005139,0.022204,-0.004141,0.012154,-0.000164,-0.000858,-0.005411
2025-12-16 18:24:06.252,0.167485,0.201564,0.055706,-2.376498,1.371585,2.198354,1.474528,-0.003001,0.025829,-0.007916,0.008738,-0.000892,-0.000765,-0.018383
2025-12-16 18:24:06.302,0.167256,0.203057,0.055532,-2.375614,1.371587,2.198241,1.473798,-0.010278,0.030364,-0.005898,0.018642,0.000338,-0.003828,-0.007288
2025-12-16 18:24:06.352,0.167024,0.204616,0.055306,-2.374592,1.371588,2.198049,1.473188,-0.003171,0.030260,-0.008667,0.025677,0.000937,-0.000378,-0.015099
2025-12-16 18:24:06.402,0.166776,0.206055,0.055076,-2.373467,1.371570,2.197866,1.472737,-0.002277,0.030735,-0.007794,0.024722,-0.000218,-0.008002,-0.014645
2025-12-16 18:24:06.452,0.166598,0.207237,0.054864,-2.372551,1.371554,2.197771,1.472365,-0.003138,0.018089,-0.003610,0.018922,-0.000113,-0.000154,-0.009599
2025-12-16 18:24:06.501,0.166426,0.208314,0.054728,-2.371863,1.371549,2.197666,1.471881,-0.003155,0.024803,-0.003865,0.012747,-0.000274,-0.001377,-0.004710
2025-12-16 18:24:06.552,0.166286,0.209263,0.054637,-2.371257,1.371549,2.197607,1.471331,-0.000740,0.021222,-0.001006,0.010311,0.000513,-0.000060,-0.013521
2025-12-16 18:24:06.602,0.166201,0.210065,0.054560,-2.370703,1.371546,2.197598,1.470823,-0.002387,0.011498,-0.001749,0.012073,-0.000985,-0.000324,-0.008983
2025-12-16 18:24:06.652,0.166142,0.211118,0.054526,-2.370067,1.371546,2.197599,1.470352,0.000619,0.020685,-0.000575,0.012815,-0.000348,0.000239,-0.012153
2025-12-16 18:24:06.701,0.166103,0.212556,0.054521,-2.369370,1.371561,2.197609,1.469660,-0.000846,0.036756,0.000758,0.015822,-0.000278,0.000536,-0.014134
2025-12-16 18:24:06.751,0.166033,0.214223,0.054512,-2.368469,1.371685,2.197635,1.468648,-0.002644,0.035919,-0.000760,0.015002,0.003045,0.000156,-0.023771
2025-12-16 18:24:06.802,0.165899,0.215888,0.054480,-2.367625,1.372087,2.197661,1.467545,-0.001919,0.034607,0.000964,0.012705,0.010275,0.000770,-0.019236
2025-12-16 18:24:06.852,0.165886,0.217634,0.054476,-2.366803,1.372582,2.197924,1.466464,0.000498,0.031007,-0.000456,0.013568,0.015354,0.000657,-0.018936
2025-12-16 18:24:06.902,0.165896,0.219221,0.054499,-2.366113,1.373203,2.198120,1.465415,0.000726,0.033673,0.002447,0.015068,0.013117,0.009812,-0.016873
2025-12-16 18:24:06.952,0.165906,0.220765,0.054594,-2.365477,1.373907,2.198445,1.464406,0.000406,0.028183,0.000205,0.009327,0.018672,0.004909,-0.014609
2025-12-16 18:24:07.002,0.165917,0.221965,0.054691,-2.365070,1.374682,2.198730,1.463330,0.000410,0.021063,0.001044,0.008771,0.014730,0.003990,-0.026724
2025-12-16 18:24:07.052,0.165952,0.223039,0.054867,-2.364800,1.375449,2.199079,1.462254,0.004778,0.022852,0.002319,0.003851,0.019137,0.006994,-0.017877
2025-12-16 18:24:07.102,0.166100,0.224089,0.055031,-2.364777,1.376265,2.199457,1.461090,-0.000346,0.021574,0.002635,-0.000719,0.011047,0.007479,-0.029754
2025-12-16 18:24:07.151,0.166115,0.225395,0.055172,-2.364734,1.377108,2.199754,1.459804,0.001008,0.029163,0.002581,0.001718,0.014877,0.007485,-0.017364
2025-12-16 18:24:07.202,0.166143,0.226987,0.055335,-2.364439,1.378124,2.200147,1.458263,0.000228,0.031316,0.005648,0.007232,0.017920,0.013230,-0.035049
2025-12-16 18:24:07.252,0.166197,0.228761,0.055502,-2.363985,1.379142,2.200582,1.456583,0.000778,0.037558,0.001829,0.008321,0.015808,0.006494,-0.026773
2025-12-16 18:24:07.302,0.166236,0.230583,0.055643,-2.363643,1.380162,2.201004,1.454852,-0.001068,0.032078,0.003851,0.000628,0.013067,0.006101,-0.032919
2025-12-16 18:24:07.355,0.166283,0.231984,0.055827,-2.363645,1.381161,2.201382,1.453243,0.001592,0.025365,0.000945,-0.000034,0.024601,0.003231,-0.032638
2025-12-16 18:24:07.402,0.166320,0.233081,0.055992,-2.363711,1.382105,2.201728,1.451666,0.002312,0.017814,0.003571,-0.005224,0.023040,0.009139,-0.025366
2025-12-16 18:24:07.455,0.166345,0.233843,0.056058,-2.363898,1.382862,2.201924,1.450347,-0.003908,0.015484,0.000051,-0.004146,0.015534,0.006571,-0.022175
2025-12-16 18:24:07.502,0.166322,0.234354,0.056057,-2.364025,1.383256,2.201967,1.449473,0.000177,0.008970,-0.000362,-0.002939,0.006249,0.000052,-0.009120
2025-12-16 18:24:07.552,0.166321,0.234840,0.056058,-2.364053,1.383500,2.201975,1.448726,-0.000597,0.012779,0.000256,-0.000000,0.005749,-0.000489,-0.011034
2025-12-16 18:24:07.602,0.166303,0.235313,0.056061,-2.364072,1.383667,2.201976,1.448127,-0.000553,0.008231,0.001132,-0.000939,0.000032,-0.000099,-0.006789
2025-12-16 18:24:07.652,0.166223,0.235732,0.056068,-2.364085,1.383863,2.201977,1.447563,-0.000594,0.006666,0.000493,-0.000139,0.003944,-0.000375,-0.011035
2025-12-16 18:24:07.703,0.166114,0.236243,0.056057,-2.364083,1.384119,2.201983,1.446904,-0.001372,0.009675,-0.000208,0.000258,0.001630,0.000195,-0.012977
2025-12-16 18:24:07.753,0.165985,0.236950,0.056045,-2.364045,1.384323,2.201985,1.446062,-0.009551,0.011443,-0.000037,0.001134,0.001794,0.001884,-0.019775
2025-12-16 18:24:07.802,0.165897,0.237929,0.056029,-2.363846,1.384677,2.201987,1.445144,-0.002710,0.020342,-0.001006,0.005707,0.006876,-0.000002,-0.017532
2025-12-16 18:24:07.852,0.165782,0.239061,0.055975,-2.363706,1.384992,2.201985,1.443995,0.000706,0.021961,-0.006350,0.002102,0.011687,-0.000339,-0.022870
2025-12-16 18:24:07.902,0.165580,0.240185,0.055901,-2.363402,1.385344,2.201977,1.442864,-0.008277,0.020455,0.000358,0.008083,0.006054,-0.000468,-0.027296
2025-12-16 18:24:07.952,0.165412,0.241157,0.055791,-2.363171,1.385628,2.201977,1.441807,-0.005510,0.017514,-0.000367,-0.000272,0.008731,0.000017,-0.014159
2025-12-16 18:24:08.003,0.165284,0.241953,0.055757,-2.363163,1.385891,2.201969,1.440957,-0.002253,0.014825,0.000394,0.001413,0.002148,0.000001,-0.017162
2025-12-16 18:24:08.052,0.165240,0.242596,0.055753,-2.363157,1.386085,2.201962,1.440232,0.000123,0.010817,0.000573,0.000088,0.004280,0.000184,-0.014981
2025-12-16 18:24:08.102,0.165183,0.243146,0.055750,-2.363090,1.386290,2.201953,1.439633,-0.000563,0.012211,0.000530,0.002518,0.006467,-0.000429,-0.016437
2025-12-16 18:24:08.152,0.165103,0.243675,0.055726,-2.362938,1.386462,2.201949,1.439084,-0.000108,0.009426,-0.001285,0.002830,0.000333,-0.000252,-0.011025
2025-12-16 18:24:08.202,0.165027,0.244191,0.055679,-2.362777,1.386617,2.201950,1.438600,-0.002811,0.007939,-0.000761,0.000749,0.001345,0.000284,-0.015638
2025-12-16 18:24:08.252,0.164992,0.244614,0.055666,-2.362779,1.386801,2.201951,1.438164,-0.002417,0.004700,-0.000620,0.000495,0.002125,0.000522,-0.007765
2025-12-16 18:24:08.302,0.164943,0.245053,0.055663,-2.362780,1.387010,2.201947,1.437698,-0.001512,0.010859,-0.000142,0.000140,0.005002,0.000132,-0.009860
2025-12-16 18:24:08.352,0.164881,0.245503,0.055651,-2.362776,1.387303,2.201944,1.437089,0.000084,0.007308,-0.000963,0.000550,0.009571,-0.000700,-0.020442
2025-12-16 18:24:08.402,0.164804,0.245986,0.055655,-2.362786,1.387664,2.201952,1.436337,0.000263,0.008392,0.001089,0.000143,0.005985,0.000122,-0.016261
2025-12-16 18:24:08.452,0.164677,0.246538,0.055641,-2.362801,1.388059,2.201959,1.435369,-0.001304,0.012723,0.000141,0.000834,0.007274,-0.000047,-0.018584
2025-12-16 18:24:08.502,0.164574,0.247104,0.055630,-2.362881,1.388499,2.202010,1.434351,-0.000813,0.011954,0.000358,-0.002209,0.010913,0.000012,-0.021930
2025-12-16 18:24:08.552,0.164525,0.247728,0.055620,-2.362991,1.388969,2.202096,1.433331,0.000875,0.013384,-0.001190,-0.001765,0.005126,0.000889,-0.021174
2025-12-16 18:24:08.602,0.164485,0.248350,0.055625,-2.363029,1.389428,2.202211,1.432333,0.000611,0.009648,0.001082,-0.001346,0.011005,0.002639,-0.017109
2025-12-16 18:24:08.652,0.164467,0.248873,0.055627,-2.363115,1.389880,2.202307,1.431553,-0.000292,0.010658,0.000451,-0.001690,0.005367,0.000518,-0.017394
2025-12-16 18:24:08.702,0.164475,0.249422,0.055689,-2.363156,1.390382,2.202520,1.430837,0.000442,0.009557,0.004262,0.000205,0.002765,0.005948,-0.014673
2025-12-16 18:24:08.752,0.164510,0.249925,0.055901,-2.363163,1.390982,2.202849,1.430246,-0.000139,0.011338,0.001176,-0.000125,0.017110,0.004503,-0.009414
2025-12-16 18:24:08.802,0.164713,0.250407,0.056063,-2.363166,1.391599,2.203213,1.429772,0.002151,0.009989,0.005369,-0.000166,0.013265,0.013079,-0.013298
2025-12-16 18:24:08.852,0.164972,0.250888,0.056353,-2.363169,1.392269,2.203650,1.429363,0.006678,0.008573,0.005873,-0.000515,0.005733,0.010417,-0.009393
2025-12-16 18:24:08.902,0.165138,0.251281,0.056585,-2.363172,1.392873,2.203993,1.428996,0.007664,0.010037,0.003263,0.000058,0.011799,0.002798,-0.014935
2025-12-16 18:24:08.955,0.165200,0.251589,0.056634,-2.363174,1.393406,2.204220,1.428617,-0.000004,0.006838,-0.000860,-0.000046,0.006116,0.001715,-0.002638
2025-12-16 18:24:09.002,0.165232,0.251829,0.056709,-2.363170,1.393745,2.204352,1.428296,0.002016,0.008445,0.002599,0.000818,0.006536,0.001536,-0.004106
2025-12-16 18:24:09.052,0.165353,0.252163,0.056846,-2.363167,1.394143,2.204594,1.427925,0.006897,0.009908,0.003362,-0.000986,0.005243,0.005964,-0.009476
2025-12-16 18:24:09.103,0.165471,0.252746,0.057057,-2.363159,1.394679,2.204850,1.427300,0.002289,0.015096,0.003887,0.001062,0.009105,0.011635,-0.016198
2025-12-16 18:24:09.152,0.165554,0.253562,0.057244,-2.363119,1.395370,2.205151,1.426288,0.004183,0.020920,0.002453,0.002908,0.019907,0.014637,-0.028051
2025-12-16 18:24:09.202,0.165707,0.255094,0.057517,-2.362827,1.396472,2.205623,1.424825,0.001381,0.039510,0.001041,0.009736,0.024250,0.012988,-0.037722
2025-12-16 18:24:09.252,0.165936,0.257168,0.057867,-2.362389,1.397927,2.206167,1.422998,0.003139,0.047099,0.001078,0.007907,0.032648,0.009208,-0.037031
2025-12-16 18:24:09.302,0.166050,0.259362,0.058175,-2.361965,1.399296,2.206706,1.420903,0.004886,0.043526,0.003605,0.009789,0.031269,0.008885,-0.045964
2025-12-16 18:24:09.352,0.166023,0.261321,0.058219,-2.361578,1.400470,2.207114,1.419012,-0.001099,0.035328,0.000240,0.006561,0.021234,0.013107,-0.040399
2025-12-16 18:24:09.402,0.165859,0.262686,0.058208,-2.361551,1.401110,2.207181,1.417325,-0.007036,0.018515,-0.002150,-0.000299,0.013910,0.000299,-0.029330
2025-12-16 18:24:09.451,0.165591,0.263550,0.058123,-2.361569,1.401484,2.207185,1.416063,-0.002766,0.016959,-0.009059,-0.003183,0.003190,0.000038,-0.016207
2025-12-16 18:24:09.502,0.165346,0.264194,0.057901,-2.361619,1.401594,2.207187,1.415166,-0.006192,0.014806,-0.005230,-0.001238,0.001097,-0.000376,-0.017735
2025-12-16 18:24:09.552,0.165258,0.264771,0.057792,-2.361709,1.401872,2.207217,1.414505,0.000414,0.010930,0.000959,-0.004324,0.000826,0.003121,-0.012714
2025-12-16 18:24:09.602,0.165029,0.265420,0.057376,-2.361998,1.402013,2.208380,1.413840,-0.015362,0.021335,-0.023462,-0.007824,0.012529,0.038926,-0.016506
2025-12-16 18:24:09.652,0.164698,0.267576,0.056980,-2.361999,1.404466,2.209957,1.412198,0.019569,0.072630,0.018246,0.015794,0.094576,0.041986,-0.046514
2025-12-16 18:24:09.704,0.167252,0.273138,0.059644,-2.360718,1.411088,2.214085,1.408061,0.052745,0.124851,0.060380,0.018710,0.132323,0.085030,-0.105272
2025-12-16 18:24:09.752,0.169523,0.278750,0.062164,-2.359917,1.417816,2.217889,1.403047,0.046342,0.116420,0.056917,0.023540,0.145044,0.079634,-0.098510
2025-12-16 18:24:09.802,0.171590,0.284485,0.064605,-2.358972,1.424383,2.221588,1.397495,0.031395,0.104313,0.043255,0.010819,0.115265,0.063661,-0.118331
2025-12-16 18:24:09.852,0.172731,0.288041,0.066122,-2.359151,1.428935,2.223767,1.392949,0.011812,0.046543,0.018120,-0.011757,0.062001,0.026899,-0.073717
2025-12-16 18:24:09.901,0.172980,0.289695,0.066639,-2.359502,1.431139,2.224641,1.389921,0.000759,0.022932,0.000379,-0.002981,0.013103,0.010091,-0.044433
2025-12-16 18:24:09.952,0.172798,0.290272,0.066563,-2.359705,1.431485,2.224664,1.388822,-0.003366,0.007705,0.001901,-0.000058,0.000626,-0.001050,-0.007857
2025-12-16 18:24:10.002,0.172433,0.290645,0.066291,-2.359729,1.431481,2.224385,1.388340,-0.004848,-0.000684,-0.005844,-0.000568,0.000247,-0.008418,-0.001435
2025-12-16 18:24:10.051,0.172305,0.290510,0.066125,-2.359833,1.431463,2.224182,1.388331,-0.001407,0.000727,-0.005928,-0.001304,-0.000737,-0.004282,-0.000096
2025-12-16 18:24:10.101,0.172196,0.290462,0.066039,-2.359963,1.431412,2.223964,1.388330,-0.000687,-0.002617,-0.000889,-0.003450,0.000083,-0.000606,-0.001533
2025-12-16 18:24:10.154,0.172188,0.290425,0.066032,-2.360137,1.431398,2.223906,1.388336,0.000056,0.002172,-0.000214,-0.000529,0.000203,0.000414,0.001518
2025-12-16 18:24:10.202,0.172185,0.290391,0.066027,-2.360127,1.431394,2.223906,1.388329,-0.002407,-0.001126,-0.003690,0.001031,0.000452,-0.000060,-0.002485
2025-12-16 18:24:10.252,0.172039,0.290313,0.065903,-2.360133,1.431333,2.223791,1.388338,-0.008458,-0.001595,-0.006374,0.001018,-0.002440,-0.005219,0.000318
2025-12-16 18:24:10.302,0.171857,0.289877,0.065762,-2.360437,1.431115,2.223583,1.388341,-0.004854,-0.010012,-0.004659,-0.010023,-0.010835,-0.008849,-0.000017
2025-12-16 18:24:10.352,0.171499,0.289456,0.065382,-2.360765,1.430610,2.223188,1.388363,-0.009137,-0.009417,-0.010670,-0.007505,-0.013139,-0.008179,0.000071
2025-12-16 18:24:10.402,0.171024,0.288955,0.064891,-2.360961,1.429911,2.222688,1.388518,-0.010180,-0.011529,-0.006601,-0.008462,-0.009172,-0.003624,0.008190
2025-12-16 18:24:10.452,0.170700,0.288449,0.064549,-2.361354,1.429331,2.222249,1.388578,-0.004317,-0.013434,-0.003304,-0.012047,-0.010055,-0.005189,0.001800
2025-12-16 18:24:10.502,0.170398,0.288065,0.064268,-2.361686,1.428806,2.221816,1.388596,-0.006783,-0.005658,-0.002812,-0.001199,-0.013851,-0.011281,-0.000864
2025-12-16 18:24:10.552,0.170103,0.287735,0.063982,-2.361726,1.428320,2.221393,1.388773,-0.005379,-0.005279,-0.007132,0.001818,-0.007703,-0.004916,0.000075
2025-12-16 18:24:10.603,0.169825,0.287598,0.063718,-2.361755,1.427865,2.221052,1.388788,-0.007156,-0.000278,-0.005792,-0.003192,-0.006278,-0.005384,0.002106
2025-12-16 18:24:10.653,0.169693,0.287561,0.063562,-2.361855,1.427562,2.220885,1.388823,-0.002499,0.006681,-0.004496,0.001218,-0.009296,-0.001073,-0.002064
2025-12-16 18:24:10.702,0.169707,0.287556,0.063565,-2.361886,1.427529,2.220839,1.388839,0.000857,-0.002471,-0.000284,0.001094,-0.000106,-0.000370,0.001771
2025-12-16 18:24:10.752,0.169681,0.287730,0.063566,-2.361881,1.427530,2.220832,1.388785,-0.004263,0.003924,0.000043,-0.000300,-0.000117,0.000246,-0.002241
2025-12-16 18:24:10.802,0.169640,0.288098,0.063562,-2.361891,1.427529,2.220831,1.388339,-0.002432,0.006477,0.000328,-0.000244,0.005221,0.000352,-0.009100
2025-12-16 18:24:10.852,0.169572,0.288537,0.063558,-2.361888,1.427533,2.220839,1.387823,-0.003314,0.012303,0.001091,0.000938,0.004295,0.000268,-0.009542
2025-12-16 18:24:10.902,0.169510,0.289044,0.063556,-2.361894,1.427647,2.220852,1.387065,-0.000154,0.012621,0.001641,-0.000071,0.014165,0.000527,-0.021316
2025-12-16 18:24:10.952,0.169385,0.289788,0.063553,-2.361891,1.427971,2.220882,1.385942,-0.002368,0.013991,0.000750,-0.000560,0.001476,0.000354,-0.021029
2025-12-16 18:24:11.002,0.169255,0.290771,0.063537,-2.361905,1.428473,2.220950,1.384703,-0.000576,0.017164,0.001503,-0.000994,0.008963,0.011080,-0.019962
2025-12-16 18:24:11.052,0.169163,0.291390,0.063535,-2.362176,1.428936,2.221125,1.383572,-0.004216,0.008237,-0.000241,-0.011709,0.007136,0.003829,-0.018739
2025-12-16 18:24:11.101,0.169024,0.291780,0.063479,-2.362701,1.429337,2.221139,1.382551,0.000117,0.001851,-0.000175,-0.014310,0.010340,0.001338,-0.021171
2025-12-16 18:24:11.152,0.169085,0.291722,0.063526,-2.363239,1.429853,2.221354,1.381916,-0.001406,-0.005102,-0.001047,-0.016158,0.006482,0.000055,-0.005565
2025-12-16 18:24:11.202,0.169091,0.291194,0.063557,-2.363943,1.430105,2.221383,1.381670,-0.002009,-0.013577,-0.000315,-0.012246,0.000339,-0.000265,0.000934
2025-12-16 18:24:11.252,0.169047,0.290617,0.063539,-2.364620,1.430107,2.221373,1.381657,-0.001113,-0.010401,-0.000821,-0.010572,0.000387,-0.000401,-0.001008
2025-12-16 18:24:11.305,0.169046,0.290085,0.063530,-2.365142,1.430109,2.221354,1.381668,-0.004461,-0.008356,0.001414,-0.007108,-0.000002,0.000240,-0.002760
2025-12-16 18:24:11.351,0.168930,0.289700,0.063444,-2.365468,1.430097,2.221265,1.381689,-0.002531,-0.011471,0.000537,-0.007006,0.001023,-0.003562,0.000957
2025-12-16 18:24:11.401,0.168670,0.289389,0.063246,-2.365597,1.429987,2.220994,1.381720,-0.002549,-0.006008,-0.005697,-0.001395,-0.005226,-0.008137,0.003776
2025-12-16 18:24:11.452,0.168401,0.289120,0.062983,-2.365642,1.429740,2.220750,1.381817,-0.002268,-0.004800,-0.001558,-0.000650,-0.002482,-0.004597,0.003511
2025-12-16 18:24:11.502,0.168216,0.288910,0.062803,-2.365773,1.429474,2.220526,1.381881,-0.000862,-0.001815,-0.002977,0.000418,-0.006550,-0.005334,-0.000927
2025-12-16 18:24:11.552,0.168116,0.288802,0.062696,-2.365863,1.429222,2.220276,1.381958,-0.000868,-0.001711,-0.000981,-0.001971,-0.001985,-0.002170,-0.000289
2025-12-16 18:24:11.602,0.168050,0.288719,0.062668,-2.365902,1.429125,2.220219,1.382016,-0.002401,-0.002213,0.000404,-0.000118,-0.002048,-0.001510,-0.000987
2025-12-16 18:24:11.652,0.168038,0.288590,0.062651,-2.365929,1.429064,2.220196,1.382100,-0.000743,-0.002056,-0.000972,0.000048,-0.001553,-0.000185,-0.000965
2025-12-16 18:24:11.703,0.167992,0.288391,0.062593,-2.366017,1.428912,2.220040,1.382175,0.000144,0.000264,-0.001823,0.000053,-0.003400,-0.003933,0.001441
2025-12-16 18:24:11.752,0.167830,0.288191,0.062441,-2.366104,1.428685,2.219892,1.382274,-0.000567,-0.002692,-0.004624,-0.000116,-0.000759,-0.009616,0.006020
2025-12-16 18:24:11.801,0.167642,0.288075,0.062273,-2.366130,1.428506,2.219742,1.382342,-0.001641,-0.004078,-0.002749,0.001912,-0.000968,-0.002919,-0.000676
2025-12-16 18:24:11.852,0.167576,0.287981,0.062201,-2.366191,1.428382,2.219637,1.382435,-0.001373,-0.002633,-0.000474,-0.000210,-0.002162,-0.003034,0.000418
