timestamp,p1,p2,p3,p4,p5,p6,p7,v1,v2,v3,v4,v5,v6,v7
2025-12-16 17:35:27.852,0.178705,0.137790,0.074890,-2.328119,1.320125,2.186656,1.611544,-0.001225,-0.000256,-0.000880,-0.000337,-0.000143,-0.000128,-0.001040
2025-12-16 17:35:27.902,0.178713,0.137775,0.074898,-2.328161,1.320164,2.186663,1.611528,0.000237,-0.000205,-0.000366,-0.004584,0.008751,0.000151,-0.000414
2025-12-16 17:35:27.951,0.178730,0.137762,0.074918,-2.328308,1.320356,2.186789,1.611400,-0.000455,0.001425,-0.000793,-0.005031,0.008729,-0.000005,-0.003389
2025-12-16 17:35:28.002,0.178752,0.137774,0.074935,-2.328414,1.320418,2.186825,1.611274,0.000260,0.001114,-0.000946,0.000471,-0.000081,-0.000254,-0.003799
2025-12-16 17:35:28.052,0.178769,0.137793,0.074979,-2.328425,1.320581,2.186909,1.611002,0.003362,0.000705,-0.000232,-0.000929,0.008273,0.011708,-0.003780
2025-12-16 17:35:28.102,0.178823,0.137746,0.075037,-2.328533,1.320717,2.187049,1.610937,0.000297,-0.002251,0.001979,-0.011002,0.009843,0.001192,0.000430
2025-12-16 17:35:28.151,0.179017,0.137596,0.075251,-2.329158,1.321161,2.187382,1.610608,0.005157,-0.005183,0.010186,-0.017894,0.010121,0.007732,-0.007039
2025-12-16 17:35:28.202,0.179333,0.137185,0.075601,-2.330115,1.321890,2.187893,1.610119,0.008694,-0.010638,0.008449,-0.024861,0.014091,0.014040,-0.009347
2025-12-16 17:35:28.252,0.179694,0.136705,0.076006,-2.331173,1.322780,2.188474,1.609561,0.003204,-0.005365,0.004523,-0.022231,0.018417,0.012103,-0.010632
2025-12-16 17:35:28.302,0.179966,0.136235,0.076285,-2.332083,1.323487,2.188973,1.609058,0.004362,-0.012715,0.003391,-0.016510,0.014460,0.015578,-0.004764
2025-12-16 17:35:28.352,0.180033,0.135755,0.076358,-2.332622,1.323823,2.189111,1.609003,-0.000229,-0.010676,-0.000359,-0.010698,0.000040,-0.000607,-0.001611
2025-12-16 17:35:28.402,0.180028,0.135675,0.076356,-2.332644,1.323827,2.189112,1.609022,0.000316,0.003314,-0.000168,-0.001035,0.000120,0.000249,0.001110
2025-12-16 17:35:28.452,0.180026,0.135772,0.076351,-2.332626,1.323817,2.189098,1.609037,0.000977,0.004676,0.000027,-0.001032,-0.001235,-0.000596,0.000468
2025-12-16 17:35:28.502,0.180058,0.135766,0.076406,-2.332741,1.323831,2.189110,1.609026,0.001393,-0.002270,0.003369,-0.007332,-0.000495,-0.000860,0.000388
2025-12-16 17:35:28.553,0.180306,0.135244,0.076660,-2.333469,1.324330,2.189516,1.608764,0.007702,-0.014334,0.006814,-0.024931,0.020348,0.013894,-0.009065
2025-12-16 17:35:28.603,0.180723,0.134730,0.077078,-2.334606,1.325286,2.190140,1.608216,0.003610,-0.007946,0.009870,-0.026985,0.027367,0.014880,-0.016213
2025-12-16 17:35:28.652,0.181124,0.134263,0.077527,-2.335850,1.326309,2.190817,1.607485,0.008487,-0.009117,0.007520,-0.018855,0.011123,0.010643,-0.012270
2025-12-16 17:35:28.702,0.181441,0.133786,0.077847,-2.336731,1.327033,2.191348,1.607011,0.004096,-0.010681,0.003096,-0.015641,0.013216,0.013772,-0.011643
2025-12-16 17:35:28.752,0.181714,0.133321,0.078114,-2.337587,1.327734,2.191803,1.606649,0.004958,-0.007884,0.006050,-0.015191,0.012311,0.006235,-0.010660
2025-12-16 17:35:28.802,0.182028,0.132924,0.078405,-2.338473,1.328475,2.192284,1.606198,0.007451,-0.009431,0.005415,-0.017097,0.015876,0.005031,-0.011231
2025-12-16 17:35:28.852,0.182322,0.132540,0.078721,-2.339346,1.329210,2.192775,1.605705,0.005871,-0.003476,0.007497,-0.014103,0.013099,0.016351,-0.002779
2025-12-16 17:35:28.902,0.182577,0.132202,0.079019,-2.340135,1.329895,2.193219,1.605228,0.008861,-0.009408,0.004920,-0.014176,0.012650,0.007392,-0.014607
2025-12-16 17:35:28.952,0.182860,0.131763,0.079298,-2.340893,1.330552,2.193683,1.604825,0.004021,-0.007741,0.001669,-0.013650,0.013889,0.015951,-0.003120
2025-12-16 17:35:29.002,0.183139,0.131345,0.079579,-2.341631,1.331177,2.194125,1.604444,0.003982,-0.010473,0.002762,-0.019377,0.011385,0.009275,-0.010720
2025-12-16 17:35:29.051,0.183385,0.130966,0.079856,-2.342364,1.331810,2.194557,1.604106,0.005614,-0.004027,0.009350,-0.011257,0.014129,0.004699,-0.005728
2025-12-16 17:35:29.101,0.183475,0.130930,0.079922,-2.342789,1.332138,2.194682,1.603956,0.000282,0.003900,0.000121,-0.009167,0.000356,0.000339,0.001038
2025-12-16 17:35:29.153,0.183467,0.130955,0.079918,-2.342772,1.332139,2.194680,1.603957,0.000647,-0.000958,0.001279,0.002415,-0.000134,0.000536,0.000518
2025-12-16 17:35:29.202,0.183432,0.131057,0.079835,-2.342347,1.332019,2.194614,1.603998,-0.000592,0.000733,-0.000680,0.013491,-0.002191,0.000803,0.001468
2025-12-16 17:35:29.252,0.183215,0.131478,0.079641,-2.341785,1.331574,2.194170,1.604280,-0.002089,0.005767,-0.003095,0.011953,-0.004249,-0.012491,-0.000428
2025-12-16 17:35:29.303,0.183074,0.131907,0.079509,-2.341306,1.331309,2.194013,1.604343,-0.003436,0.001792,0.000269,0.008645,-0.009017,-0.000326,0.000349
2025-12-16 17:35:29.352,0.182956,0.132069,0.079354,-2.340870,1.330978,2.193736,1.604573,-0.008221,0.000301,-0.002280,0.013403,-0.011160,-0.005809,0.003589
2025-12-16 17:35:29.402,0.182756,0.132165,0.079176,-2.340359,1.330601,2.193440,1.604817,-0.006777,0.007020,-0.001867,0.012131,-0.013586,-0.002179,0.002764
2025-12-16 17:35:29.451,0.182601,0.132590,0.079007,-2.339865,1.330282,2.193214,1.604978,-0.001378,0.003552,-0.004482,0.004365,-0.006538,-0.000705,0.000764
2025-12-16 17:35:29.502,0.182512,0.132919,0.078921,-2.339585,1.330075,2.193039,1.605103,-0.001579,0.001431,-0.000531,0.002136,-0.004456,-0.000669,0.001236
2025-12-16 17:35:29.551,0.182482,0.132890,0.078878,-2.339566,1.330002,2.193010,1.605128,0.000595,-0.000800,-0.000499,-0.000951,-0.001119,-0.000618,0.001184
2025-12-16 17:35:29.601,0.182473,0.132901,0.078876,-2.339558,1.329988,2.193000,1.605130,0.000087,-0.000629,0.000505,0.000125,-0.000528,-0.000563,-0.001399
2025-12-16 17:35:29.652,0.182469,0.132899,0.078869,-2.339550,1.329984,2.192995,1.605131,0.000064,0.000725,-0.000376,0.000002,0.000421,-0.000359,0.000132
2025-12-16 17:35:29.702,0.182469,0.132899,0.078874,-2.339563,1.329982,2.192994,1.605129,0.000004,-0.000425,0.004027,0.000546,-0.000324,0.000122,-0.006404
2025-12-16 17:35:29.752,0.182481,0.132902,0.078879,-2.339973,1.330133,2.193021,1.604664,0.000403,0.002992,-0.000796,-0.012524,0.013251,0.000137,-0.020647
2025-12-16 17:35:29.802,0.182492,0.132890,0.078935,-2.340728,1.330711,2.193340,1.603601,-0.000206,0.000005,0.003175,-0.017124,0.016368,0.006201,-0.023854
2025-12-16 17:35:29.851,0.182518,0.133061,0.079082,-2.341467,1.331439,2.193727,1.602342,-0.000625,0.012372,0.002224,-0.011548,0.014695,0.008935,-0.030721
2025-12-16 17:35:29.901,0.182513,0.133681,0.079108,-2.341948,1.332086,2.193913,1.601104,-0.001088,0.016077,-0.000016,-0.007267,0.003565,-0.000578,-0.015089
2025-12-16 17:35:29.951,0.182491,0.134673,0.079098,-2.342032,1.332662,2.194218,1.599655,-0.000165,0.020405,-0.002971,-0.001168,0.016294,0.007723,-0.035255
2025-12-16 17:35:30.003,0.182313,0.135776,0.079072,-2.342272,1.333415,2.194393,1.597856,-0.003801,0.019345,0.000575,-0.012261,0.018072,0.002161,-0.040032
2025-12-16 17:35:30.052,0.182149,0.136939,0.079037,-2.342970,1.334489,2.194749,1.595527,-0.003380,0.023491,-0.002215,-0.021910,0.019959,0.003636,-0.049363
2025-12-16 17:35:30.102,0.181960,0.138165,0.078906,-2.343952,1.335780,2.195172,1.592960,-0.001522,0.021848,-0.001816,-0.019576,0.028004,0.003101,-0.045932
2025-12-16 17:35:30.152,0.181761,0.139486,0.078889,-2.344851,1.337172,2.195647,1.590209,-0.000051,0.028269,-0.000460,-0.019218,0.031701,0.007530,-0.057737
2025-12-16 17:35:30.202,0.181589,0.141049,0.078874,-2.345570,1.338495,2.196126,1.587356,-0.009299,0.032463,-0.002038,-0.011145,0.027223,0.013331,-0.053017
2025-12-16 17:35:30.252,0.181271,0.142961,0.078702,-2.346034,1.339596,2.196376,1.584541,-0.009704,0.035749,-0.005104,-0.011931,0.014642,0.000102,-0.051533
2025-12-16 17:35:30.302,0.180781,0.144841,0.078279,-2.346451,1.340407,2.196409,1.581855,-0.009141,0.033212,-0.008361,-0.006729,0.016083,-0.000021,-0.059532
2025-12-16 17:35:30.352,0.180220,0.146540,0.077793,-2.346898,1.341059,2.196404,1.579120,-0.012065,0.033814,-0.010568,-0.011272,0.016265,0.000416,-0.055836
2025-12-16 17:35:30.401,0.179648,0.147685,0.077309,-2.347555,1.341546,2.196274,1.576656,-0.008405,0.017086,-0.006455,-0.013389,0.010967,-0.014752,-0.055010
2025-12-16 17:35:30.452,0.178914,0.148173,0.076737,-2.348781,1.341868,2.195807,1.574174,-0.013227,0.004596,-0.015076,-0.031519,0.001022,-0.004724,-0.048010
2025-12-16 17:35:30.502,0.178170,0.148035,0.076167,-2.350472,1.341977,2.195298,1.572150,-0.013808,-0.011844,-0.014142,-0.036256,0.001665,-0.008106,-0.030196
2025-12-16 17:35:30.552,0.177428,0.147378,0.075573,-2.352591,1.341999,2.194685,1.570446,-0.014562,-0.011802,-0.010541,-0.044759,0.000275,-0.010595,-0.029060
2025-12-16 17:35:30.602,0.176807,0.146719,0.075070,-2.354549,1.342053,2.194147,1.568960,-0.014437,-0.014654,-0.005195,-0.043434,0.003117,-0.008573,-0.025081
2025-12-16 17:35:30.652,0.176171,0.146087,0.074558,-2.356367,1.342117,2.193623,1.567424,-0.014478,-0.014830,-0.010517,-0.039427,-0.000460,-0.009256,-0.034560
2025-12-16 17:35:30.702,0.175565,0.145305,0.074064,-2.358323,1.342263,2.193141,1.565810,-0.013616,-0.013474,-0.008186,-0.041302,0.000377,-0.012088,-0.034553
2025-12-16 17:35:30.752,0.175019,0.144510,0.073614,-2.360329,1.342487,2.192723,1.564182,-0.008851,-0.017686,-0.011365,-0.045826,0.005032,-0.008475,-0.038168
2025-12-16 17:35:30.801,0.174459,0.143650,0.073173,-2.362560,1.342817,2.192348,1.562378,-0.011744,-0.014143,-0.007346,-0.047436,0.008181,-0.014454,-0.038073
2025-12-16 17:35:30.852,0.173853,0.142782,0.072724,-2.364977,1.343156,2.191942,1.560354,-0.015083,-0.020117,-0.008854,-0.050770,0.005048,-0.005754,-0.037053
2025-12-16 17:35:30.902,0.173255,0.141937,0.072294,-2.367560,1.343645,2.191648,1.558084,-0.015112,-0.016288,-0.006023,-0.050638,0.012593,-0.013106,-0.050878
2025-12-16 17:35:30.952,0.172569,0.141020,0.071800,-2.370431,1.344178,2.191244,1.555663,-0.012030,-0.016984,-0.005874,-0.054153,0.012396,-0.009138,-0.045413
2025-12-16 17:35:31.001,0.171963,0.140200,0.071358,-2.372904,1.344730,2.191042,1.553417,-0.011010,-0.018961,-0.004994,-0.049238,0.011553,-0.004043,-0.049941
2025-12-16 17:35:31.052,0.171423,0.139550,0.071100,-2.375270,1.345422,2.190890,1.551234,-0.009901,-0.014356,-0.001440,-0.044119,0.016296,-0.001251,-0.041882
2025-12-16 17:35:31.101,0.171258,0.139002,0.071048,-2.377211,1.346360,2.190924,1.549392,-0.000731,-0.006399,-0.001329,-0.038132,0.026112,0.003401,-0.043668
2025-12-16 17:35:31.152,0.171243,0.138802,0.071090,-2.378995,1.347618,2.191313,1.547306,0.002932,-0.002979,0.005100,-0.026808,0.029638,0.007665,-0.033261
2025-12-16 17:35:31.201,0.171636,0.138815,0.071532,-2.380412,1.349418,2.192216,1.545699,0.012829,0.002740,0.013580,-0.031209,0.033520,0.023579,-0.044393
2025-12-16 17:35:31.251,0.172256,0.139013,0.072240,-2.381877,1.351679,2.193427,1.543894,0.011625,0.002516,0.013967,-0.025349,0.050141,0.019702,-0.029365
2025-12-16 17:35:31.302,0.172801,0.139143,0.072809,-2.383426,1.353833,2.194661,1.542025,0.009369,0.009703,0.005177,-0.024844,0.042346,0.018770,-0.046581
2025-12-16 17:35:31.353,0.173224,0.139546,0.073279,-2.384870,1.355682,2.195565,1.540047,0.004430,0.007981,0.011554,-0.024199,0.034224,0.014437,-0.037439
2025-12-16 17:35:31.402,0.173556,0.140517,0.073750,-2.385842,1.357457,2.196472,1.537668,0.001821,0.027136,0.009213,-0.014743,0.031525,0.012759,-0.047889
2025-12-16 17:35:31.451,0.173530,0.142206,0.073853,-2.386324,1.359051,2.197046,1.535045,-0.000885,0.037452,-0.001743,-0.007977,0.031554,0.012243,-0.060146
2025-12-16 17:35:31.502,0.172967,0.145074,0.073386,-2.386536,1.360180,2.197257,1.531158,-0.019200,0.066208,-0.014518,-0.002217,0.017491,0.000916,-0.089024
2025-12-16 17:35:31.552,0.171941,0.148453,0.072621,-2.386457,1.360852,2.197038,1.527076,-0.023758,0.071044,-0.014828,0.002824,0.014181,-0.010810,-0.074034
2025-12-16 17:35:31.602,0.170627,0.153001,0.071572,-2.386019,1.361502,2.196526,1.521784,-0.032344,0.096974,-0.025107,0.004760,0.003319,-0.017811,-0.108560
2025-12-16 17:35:31.652,0.169367,0.157167,0.070522,-2.385288,1.361843,2.195930,1.517919,-0.020733,0.082348,-0.020681,0.022225,0.002162,-0.016608,-0.072258
2025-12-16 17:35:31.703,0.168265,0.161661,0.069668,-2.384371,1.362554,2.195661,1.513413,-0.020763,0.074874,-0.016111,0.010838,0.012481,-0.009018,-0.079580
2025-12-16 17:35:31.753,0.167536,0.164326,0.069086,-2.383810,1.363091,2.195531,1.510844,-0.009926,0.043729,-0.011130,0.014804,0.012541,-0.000053,-0.045894
2025-12-16 17:35:31.802,0.167038,0.166111,0.068752,-2.383877,1.364032,2.195554,1.508121,-0.011417,0.026646,-0.002768,-0.009458,0.017001,0.001173,-0.038123
2025-12-16 17:35:31.852,0.167079,0.166254,0.068811,-2.384389,1.364781,2.195898,1.507251,0.005347,-0.000152,0.008900,-0.011253,0.021898,0.010242,-0.018169
2025-12-16 17:35:31.902,0.167311,0.166399,0.069109,-2.385224,1.365968,2.196389,1.506020,0.007084,-0.001242,0.006749,-0.019406,0.018823,0.007214,-0.008306
2025-12-16 17:35:31.952,0.167523,0.166421,0.069373,-2.385939,1.366914,2.196842,1.505190,-0.000596,0.011023,0.002138,-0.009441,0.018344,0.007646,-0.019396
2025-12-16 17:35:32.002,0.167551,0.167064,0.069445,-2.385995,1.367477,2.197024,1.504464,-0.001608,0.010146,0.001895,0.002145,0.005978,0.003687,-0.006283
2025-12-16 17:35:32.053,0.167414,0.167854,0.069401,-2.385973,1.367771,2.197055,1.503558,-0.005362,0.015914,0.001625,-0.000180,0.000181,0.000227,-0.016519
2025-12-16 17:35:32.102,0.167200,0.168626,0.069176,-2.385852,1.367794,2.197022,1.502796,-0.004435,0.015387,-0.005718,0.003881,0.000307,0.000150,-0.020278
2025-12-16 17:35:32.152,0.166816,0.169448,0.068855,-2.385872,1.367813,2.196849,1.501521,-0.011737,0.015335,-0.003388,-0.001499,0.000252,-0.010549,-0.021008
2025-12-16 17:35:32.202,0.166364,0.170025,0.068435,-2.386068,1.367835,2.196656,1.500379,-0.011226,0.010570,-0.007612,-0.005604,0.007112,-0.001884,-0.025247
2025-12-16 17:35:32.252,0.166017,0.170599,0.068213,-2.386507,1.368184,2.196617,1.498953,-0.009023,0.008662,-0.005859,-0.015258,0.003811,-0.002905,-0.035466
2025-12-16 17:35:32.301,0.165786,0.170988,0.068038,-2.387217,1.368564,2.196547,1.497662,-0.007864,0.004494,-0.001125,-0.015463,0.006641,-0.000986,-0.023848
2025-12-16 17:35:32.351,0.165727,0.171321,0.068022,-2.387933,1.369089,2.196559,1.496460,-0.000881,0.003832,-0.000275,-0.019259,0.014490,0.000098,-0.021054
2025-12-16 17:35:32.402,0.165739,0.171823,0.068030,-2.388481,1.369769,2.196719,1.495249,-0.000899,0.011986,0.000386,-0.006533,0.018554,0.006058,-0.026485
2025-12-16 17:35:32.451,0.165764,0.172640,0.068132,-2.388555,1.370487,2.197002,1.494250,0.000196,0.015982,0.000087,0.001788,0.009739,0.011719,-0.022545
2025-12-16 17:35:32.502,0.165664,0.173805,0.068105,-2.388647,1.371271,2.197260,1.492557,-0.006147,0.022892,-0.003574,-0.002045,0.016813,0.000957,-0.037470
2025-12-16 17:35:32.552,0.165314,0.175079,0.067908,-2.388673,1.371833,2.197267,1.490854,-0.002557,0.027549,-0.008053,0.001866,0.009556,0.000591,-0.033421
2025-12-16 17:35:32.602,0.165069,0.176932,0.067761,-2.388453,1.372430,2.197343,1.488984,-0.006807,0.040303,0.000208,0.004130,0.009858,0.001193,-0.035619
2025-12-16 17:35:32.652,0.164860,0.178608,0.067617,-2.388210,1.372965,2.197367,1.487439,-0.007543,0.029669,-0.001777,0.001306,0.012638,0.005177,-0.034769
2025-12-16 17:35:32.702,0.164850,0.179986,0.067616,-2.388024,1.373580,2.197621,1.486069,-0.000320,0.025199,0.000296,-0.001652,0.012786,0.000181,-0.027168
2025-12-16 17:35:32.752,0.164859,0.180837,0.067642,-2.388145,1.374349,2.197898,1.484901,0.000090,0.012265,-0.000331,-0.004775,0.018965,0.010086,-0.021951
2025-12-16 17:35:32.802,0.164901,0.181421,0.067813,-2.388626,1.375416,2.198363,1.483622,-0.001616,0.010963,-0.000158,-0.012756,0.023678,0.006482,-0.026511
2025-12-16 17:35:32.852,0.165016,0.181671,0.067969,-2.389249,1.376353,2.198807,1.482520,0.002222,0.001576,0.003645,-0.017663,0.017516,0.000860,-0.020263
2025-12-16 17:35:32.902,0.165143,0.181767,0.068233,-2.390095,1.377461,2.199269,1.481254,0.006892,0.003745,0.000877,-0.019191,0.032885,0.006914,-0.032383
2025-12-16 17:35:32.952,0.165171,0.182382,0.068360,-2.390945,1.378610,2.199682,1.479348,0.001034,0.018091,-0.000840,-0.013646,0.020396,0.006344,-0.034881
2025-12-16 17:35:33.002,0.165156,0.183423,0.068383,-2.391248,1.379461,2.200017,1.477765,-0.001653,0.028947,0.000437,0.004926,0.009056,0.012841,-0.035985
2025-12-16 17:35:33.052,0.164965,0.185144,0.068281,-2.391022,1.380033,2.200083,1.476136,-0.000470,0.036140,-0.006801,0.013345,0.006193,-0.000160,-0.024323
2025-12-16 17:35:33.102,0.164832,0.187074,0.068181,-2.390322,1.380368,2.200095,1.475008,-0.003715,0.042331,-0.002391,0.015655,0.003153,0.000012,-0.030378
2025-12-16 17:35:33.152,0.164647,0.189035,0.067991,-2.389307,1.380439,2.200106,1.474094,-0.005811,0.034973,-0.007974,0.025060,0.000123,-0.004024,-0.012670
2025-12-16 17:35:33.202,0.164257,0.190678,0.067701,-2.388374,1.380441,2.200077,1.473200,-0.011320,0.037303,-0.006132,0.018204,-0.000354,-0.000557,-0.025669
2025-12-16 17:35:33.252,0.163743,0.192143,0.067244,-2.387816,1.380438,2.199847,1.471995,-0.011387,0.027153,-0.006999,0.012003,-0.000352,-0.010630,-0.021461
2025-12-16 17:35:33.302,0.163173,0.193810,0.066794,-2.387326,1.380442,2.199686,1.470204,-0.008412,0.039719,-0.006193,0.005422,0.000167,-0.007647,-0.039024
2025-12-16 17:35:33.352,0.162746,0.195679,0.066566,-2.386682,1.380608,2.199586,1.468726,-0.004475,0.040223,-0.003564,0.020678,0.007223,-0.000746,-0.024211
2025-12-16 17:35:33.402,0.162370,0.197850,0.066317,-2.385917,1.380872,2.199503,1.466989,-0.011122,0.043515,-0.004821,0.017924,0.002789,-0.007470,-0.032191
2025-12-16 17:35:33.452,0.161968,0.199775,0.065971,-2.385080,1.380954,2.199339,1.465723,-0.006326,0.038271,-0.008542,0.018563,0.016241,-0.000215,-0.023300
2025-12-16 17:35:33.502,0.161519,0.201968,0.065629,-2.384206,1.381265,2.199302,1.463973,-0.013301,0.044014,-0.007081,0.016078,0.010127,-0.008238,-0.031686
2025-12-16 17:35:33.552,0.161266,0.203955,0.065486,-2.383526,1.381726,2.199277,1.462433,-0.000032,0.040580,-0.002153,0.018630,0.004186,0.000663,-0.034933
2025-12-16 17:35:33.602,0.161356,0.206617,0.065675,-2.382739,1.382951,2.199664,1.460303,0.003298,0.051741,0.007345,0.012326,0.026625,0.010623,-0.031202
2025-12-16 17:35:33.652,0.161817,0.209273,0.066149,-2.381827,1.384845,2.200663,1.458444,0.014860,0.063631,0.011535,0.017067,0.041594,0.026789,-0.050204
2025-12-16 17:35:33.702,0.162508,0.212373,0.066947,-2.380889,1.387601,2.202208,1.456041,0.014879,0.057382,0.020997,0.014690,0.063241,0.031600,-0.039605
2025-12-16 17:35:33.752,0.163223,0.215259,0.067798,-2.380368,1.390488,2.203759,1.453198,0.013272,0.056462,0.014927,0.004205,0.056519,0.024279,-0.061529
2025-12-16 17:35:33.802,0.163633,0.217906,0.068346,-2.380093,1.392865,2.204831,1.450220,0.008402,0.047596,0.011584,0.001376,0.038651,0.026078,-0.056384
2025-12-16 17:35:33.852,0.163662,0.220257,0.068611,-2.379722,1.394280,2.205349,1.447736,0.000038,0.048905,0.001451,0.013545,0.031200,0.006886,-0.043843
2025-12-16 17:35:33.901,0.163537,0.222652,0.068608,-2.378968,1.395026,2.205421,1.445768,-0.005433,0.046311,-0.000773,0.014855,0.011884,-0.000131,-0.030936
2025-12-16 17:35:33.952,0.163117,0.224866,0.068304,-2.377904,1.395100,2.205363,1.444236,-0.013344,0.042456,-0.007833,0.023431,0.000055,-0.005207,-0.021421
2025-12-16 17:35:34.002,0.162653,0.226799,0.067868,-2.376921,1.395099,2.205019,1.442970,-0.009850,0.039048,-0.009097,0.015731,-0.000448,-0.001163,-0.020832
2025-12-16 17:35:34.052,0.162406,0.228381,0.067762,-2.376254,1.395107,2.204856,1.441746,-0.001965,0.031845,-0.001698,0.009379,0.000204,-0.002964,-0.021759
2025-12-16 17:35:34.103,0.162322,0.229446,0.067756,-2.376203,1.395403,2.204812,1.440276,-0.000495,0.013257,0.000639,-0.005910,0.010600,0.000172,-0.034055
2025-12-16 17:35:34.152,0.162281,0.229918,0.067752,-2.376602,1.396036,2.204818,1.438931,-0.000280,0.007658,-0.000700,-0.009184,0.017689,0.000866,-0.027761
2025-12-16 17:35:34.202,0.162299,0.230448,0.067851,-2.377211,1.397255,2.205011,1.437347,-0.000746,0.008183,0.010581,-0.010548,0.024769,0.010253,-0.034992
2025-12-16 17:35:34.252,0.162328,0.231013,0.068090,-2.377968,1.398615,2.205436,1.435478,0.003078,0.015196,0.002119,-0.012938,0.019846,0.003490,-0.036182
2025-12-16 17:35:34.302,0.162351,0.231535,0.068255,-2.378651,1.399716,2.205745,1.433814,0.001968,0.011946,0.000844,-0.009328,0.021368,0.009569,-0.035052
2025-12-16 17:35:34.353,0.162380,0.232110,0.068432,-2.379273,1.400791,2.206010,1.432231,0.000745,0.009359,0.003237,-0.014815,0.015051,0.000355,-0.034933
2025-12-16 17:35:34.402,0.162349,0.232687,0.068435,-2.379950,1.401517,2.206057,1.430567,-0.002324,0.013620,-0.000600,-0.012943,0.016473,0.000153,-0.036585
2025-12-16 17:35:34.451,0.162240,0.233315,0.068431,-2.380676,1.402196,2.206072,1.428798,-0.000258,0.011559,-0.000511,-0.013479,0.018113,-0.000921,-0.036810
2025-12-16 17:35:34.501,0.162241,0.233994,0.068574,-2.381542,1.403326,2.206283,1.426743,-0.000976,0.016864,0.006572,-0.021199,0.026198,0.017114,-0.040832
2025-12-16 17:35:34.552,0.162299,0.234682,0.068978,-2.382557,1.404850,2.206753,1.424521,0.000531,0.011401,0.004715,-0.021452,0.032311,0.016173,-0.044884
2025-12-16 17:35:34.602,0.162391,0.235397,0.069253,-2.383572,1.406419,2.207243,1.422310,0.000628,0.012672,0.002464,-0.020033,0.031209,0.008645,-0.047660
2025-12-16 17:35:34.652,0.162431,0.236089,0.069427,-2.384452,1.407788,2.207701,1.420308,-0.000276,0.010622,0.002555,-0.009544,0.027568,0.005986,-0.031581
2025-12-16 17:35:34.702,0.162436,0.236728,0.069524,-2.385144,1.408803,2.207984,1.418665,-0.000837,0.014261,0.000402,-0.011040,0.018291,0.004262,-0.032803
2025-12-16 17:35:34.751,0.162437,0.237411,0.069659,-2.385733,1.409662,2.208225,1.417140,0.000871,0.014201,0.005528,-0.012839,0.018347,0.005678,-0.028743
2025-12-16 17:35:34.802,0.162502,0.237978,0.069826,-2.386209,1.410423,2.208431,1.416048,0.000601,0.012754,-0.000360,-0.008008,0.013904,0.009082,-0.014884
2025-12-16 17:35:34.852,0.162540,0.238536,0.069879,-2.386321,1.410930,2.208552,1.415331,-0.000277,0.004439,0.000238,0.001891,0.007106,0.000014,-0.015736
2025-12-16 17:35:34.902,0.162515,0.238909,0.069869,-2.386319,1.411011,2.208574,1.414870,0.000793,0.006363,0.000038,0.000043,0.000139,0.000086,-0.012348
2025-12-16 17:35:34.953,0.162516,0.239252,0.069870,-2.386338,1.411175,2.208580,1.414473,0.000904,0.004473,-0.000592,0.001328,0.010108,0.000255,-0.004111
2025-12-16 17:35:35.002,0.162532,0.239763,0.070014,-2.386354,1.411750,2.208830,1.413797,0.000135,0.017107,0.005602,-0.001763,0.013108,0.009391,-0.020757
2025-12-16 17:35:35.052,0.162658,0.240386,0.070258,-2.386775,1.412930,2.209281,1.412283,0.002304,0.016293,0.008913,-0.011721,0.019514,0.008150,-0.040361
2025-12-16 17:35:35.103,0.162772,0.241267,0.070601,-2.387503,1.414514,2.209795,1.410057,0.004768,0.021262,0.011473,-0.016047,0.036349,0.012271,-0.046433
2025-12-16 17:35:35.152,0.162917,0.242616,0.070978,-2.388482,1.416530,2.210421,1.407138,0.000744,0.035424,0.004453,-0.024333,0.043473,0.017191,-0.054101
2025-12-16 17:35:35.202,0.162975,0.244034,0.071232,-2.389606,1.418523,2.211050,1.404033,0.001196,0.027128,0.000825,-0.025085,0.030009,0.010878,-0.061409
2025-12-16 17:35:35.252,0.162811,0.245382,0.071233,-2.390618,1.420035,2.211439,1.400990,-0.012177,0.022119,0.000891,-0.013495,0.019140,0.000309,-0.049201
2025-12-16 17:35:35.303,0.162419,0.246539,0.071054,-2.391240,1.420762,2.211446,1.398815,-0.007495,0.024419,-0.005756,-0.011411,0.012431,0.000618,-0.041492
2025-12-16 17:35:35.352,0.161990,0.247433,0.070680,-2.391799,1.421110,2.211466,1.397121,-0.007785,0.015228,-0.006186,-0.011630,0.002043,0.001687,-0.038061
2025-12-16 17:35:35.401,0.161386,0.248593,0.069996,-2.392549,1.421423,2.212533,1.395460,-0.017232,0.034241,-0.018487,-0.017522,0.014511,0.038307,-0.041316
2025-12-16 17:35:35.453,0.161272,0.251444,0.069857,-2.393161,1.424813,2.214332,1.392572,0.023466,0.085166,0.024295,0.000422,0.112121,0.060471,-0.078547
2025-12-16 17:35:35.502,0.163834,0.256935,0.072665,-2.393069,1.432615,2.218650,1.386781,0.062204,0.128717,0.068698,0.005937,0.183787,0.104291,-0.139131
2025-12-16 17:35:35.552,0.167014,0.263733,0.076175,-2.393178,1.442490,2.223871,1.379430,0.066757,0.130987,0.074248,-0.000294,0.194296,0.100390,-0.144909
2025-12-16 17:35:35.602,0.170364,0.270274,0.079886,-2.393179,1.452613,2.229197,1.371739,0.062021,0.125280,0.077906,-0.009084,0.200508,0.094147,-0.169201
2025-12-16 17:35:35.652,0.173077,0.275123,0.083045,-2.393838,1.461062,2.233305,1.364912,0.045651,0.065265,0.048696,-0.024303,0.137639,0.067346,-0.100638
2025-12-16 17:35:35.702,0.174325,0.277303,0.084536,-2.394864,1.465423,2.235302,1.360622,0.003552,0.020577,0.004099,-0.026075,0.032509,0.010942,-0.063772
2025-12-16 17:35:35.751,0.173499,0.277112,0.083886,-2.396073,1.465440,2.234827,1.359431,-0.028540,-0.015957,-0.024435,-0.014065,-0.026054,-0.036879,-0.000747
2025-12-16 17:35:35.802,0.171668,0.276095,0.082140,-2.396421,1.461869,2.232366,1.359998,-0.041769,-0.023953,-0.042013,0.000854,-0.101587,-0.059605,0.034474
2025-12-16 17:35:35.852,0.169443,0.274724,0.079754,-2.395896,1.456394,2.229178,1.362721,-0.045138,-0.035360,-0.046059,0.017883,-0.115784,-0.067711,0.059099
2025-12-16 17:35:35.902,0.167105,0.273214,0.077238,-2.394752,1.450285,2.225903,1.366083,-0.045304,-0.029822,-0.051456,0.025358,-0.122756,-0.069775,0.067849
2025-12-16 17:35:35.952,0.164888,0.271734,0.074782,-2.393534,1.444757,2.222916,1.369336,-0.043311,-0.032555,-0.050260,0.022013,-0.105164,-0.056434,0.062764
2025-12-16 17:35:36.002,0.163095,0.270441,0.072871,-2.392546,1.440317,2.220465,1.371962,-0.031347,-0.020157,-0.032833,0.022998,-0.074015,-0.051996,0.039343
2025-12-16 17:35:36.053,0.161980,0.269867,0.071677,-2.391721,1.437560,2.218948,1.373497,-0.013050,-0.004982,-0.012961,0.012421,-0.034224,-0.017516,0.020659
2025-12-16 17:35:36.101,0.161647,0.269719,0.071330,-2.391425,1.436852,2.218516,1.373947,-0.002405,-0.000086,0.000163,0.000906,-0.000120,-0.001192,0.002028
2025-12-16 17:35:36.152,0.161851,0.269976,0.071602,-2.391550,1.437091,2.218705,1.373757,0.004047,0.010025,0.007235,-0.002464,0.012786,0.012630,-0.012396
2025-12-16 17:35:36.202,0.162309,0.270484,0.072089,-2.391860,1.438475,2.219440,1.372628,0.008095,0.010597,0.008229,-0.003963,0.024647,0.016937,-0.024993
2025-12-16 17:35:36.252,0.162889,0.270944,0.072718,-2.392274,1.440265,2.220369,1.371384,0.011974,0.011326,0.012999,-0.003909,0.034541,0.018420,-0.030383
2025-12-16 17:35:36.302,0.163084,0.271469,0.073023,-2.392598,1.441215,2.220882,1.370298,-0.000034,0.007047,0.002748,-0.002708,0.015716,0.006665,-0.019117
2025-12-16 17:35:36.352,0.162911,0.271950,0.072959,-2.392582,1.441425,2.220879,1.369496,-0.003177,0.009427,0.001586,0.000811,0.000029,-0.000373,-0.019599
2025-12-16 17:35:36.402,0.162581,0.272517,0.072629,-2.392588,1.441426,2.220667,1.368639,-0.010429,0.011213,-0.007670,-0.000744,-0.004285,-0.007856,-0.014885
2025-12-16 17:35:36.452,0.162162,0.273236,0.072297,-2.392530,1.441419,2.220389,1.367762,-0.010781,0.012810,-0.010302,0.006381,-0.000505,-0.009527,-0.015940
2025-12-16 17:35:36.502,0.161798,0.274224,0.072028,-2.392265,1.441406,2.220206,1.366785,-0.009941,0.019639,-0.003996,0.008135,0.000004,-0.002076,-0.014827
2025-12-16 17:35:36.552,0.161626,0.275295,0.071912,-2.392083,1.441421,2.220172,1.365635,-0.000721,0.014882,-0.001970,-0.001343,0.000260,-0.000125,-0.019337
2025-12-16 17:35:36.602,0.161572,0.276340,0.071911,-2.391862,1.441642,2.220165,1.364646,-0.006180,0.020088,-0.000567,0.007433,0.008719,-0.000324,-0.021075
2025-12-16 17:35:36.652,0.161449,0.277121,0.071866,-2.391708,1.441819,2.220150,1.363967,-0.000065,0.009281,0.001833,0.000177,0.003698,0.000533,-0.010999
2025-12-16 17:35:36.702,0.161395,0.277360,0.071809,-2.391777,1.441924,2.220156,1.363611,0.000098,-0.000055,-0.001404,-0.001092,0.005025,0.000118,-0.006900
2025-12-16 17:35:36.752,0.161386,0.277263,0.071798,-2.391897,1.441955,2.220150,1.363621,0.004557,-0.003514,-0.000143,-0.002208,-0.000102,-0.000612,0.001149
2025-12-16 17:35:36.802,0.161385,0.277028,0.071795,-2.392073,1.441959,2.220148,1.363614,-0.000004,-0.007801,-0.000531,-0.007947,0.000055,0.000115,-0.000444
2025-12-16 17:35:36.852,0.161387,0.276636,0.071800,-2.392060,1.441956,2.220152,1.363811,0.000344,-0.006217,0.000826,-0.000705,-0.000298,-0.000587,0.006324
2025-12-16 17:35:36.902,0.161404,0.276688,0.071796,-2.392030,1.441945,2.220150,1.364104,0.000310,-0.003583,0.001142,-0.000129,0.000084,-0.000485,0.010124
2025-12-16 17:35:36.951,0.161407,0.276564,0.071806,-2.392015,1.441929,2.220148,1.364368,-0.000014,-0.002168,0.001098,0.000534,-0.000290,0.000233,-0.001620
2025-12-16 17:35:37.001,0.161417,0.276492,0.071809,-2.392016,1.441919,2.220143,1.364492,-0.000343,-0.002925,0.000905,-0.000400,0.000052,0.000412,0.003116
2025-12-16 17:35:37.061,0.161416,0.276516,0.071808,-2.392010,1.441920,2.220143,1.364504,-0.000204,0.000230,0.000768,0.000455,-0.000205,0.000600,0.000416
2025-12-16 17:35:37.101,0.161413,0.276491,0.071804,-2.392012,1.441913,2.220138,1.364505,-0.001136,0.000172,-0.000677,-0.000981,-0.000657,-0.000061,0.000730
2025-12-16 17:35:37.152,0.161417,0.276493,0.071808,-2.392019,1.441915,2.220136,1.364505,-0.000620,-0.002386,0.000567,-0.001593,0.000354,-0.000436,0.001461
2025-12-16 17:35:37.202,0.161413,0.276416,0.071809,-2.392017,1.441911,2.220136,1.364504,-0.001305,-0.001194,0.000104,0.000109,-0.000373,-0.000400,0.000648
2025-12-16 17:35:37.252,0.161411,0.276311,0.071805,-2.392037,1.441912,2.220139,1.364501,-0.001022,-0.006825,-0.000091,0.000485,-0.000110,0.000179,-0.000038
2025-12-16 17:35:37.302,0.161412,0.276189,0.071806,-2.392058,1.441912,2.220139,1.364507,0.000901,-0.000902,-0.000242,-0.000521,-0.000129,0.000203,-0.000024
2025-12-16 17:35:37.351,0.161412,0.276168,0.071802,-2.392061,1.441913,2.220138,1.364500,0.000454,0.000216,-0.000340,0.000919,0.000276,-0.000245,0.000230
2025-12-16 17:35:37.404,0.161413,0.276176,0.071808,-2.392070,1.441912,2.220139,1.364500,-0.000262,-0.002318,0.001318,0.000298,-0.000115,0.000152,-0.000518
2025-12-16 17:35:37.452,0.161415,0.276171,0.071805,-2.392070,1.441911,2.220139,1.364507,0.000743,0.000371,0.000043,-0.000564,-0.000594,0.000044,0.001868
2025-12-16 17:35:37.502,0.161415,0.276163,0.071807,-2.392068,1.441912,2.220136,1.364502,-0.000077,-0.000797,0.000319,-0.000336,0.000108,-0.000792,-0.001491
2025-12-16 17:35:37.552,0.161415,0.276166,0.071806,-2.392078,1.441915,2.220142,1.364508,0.000754,-0.000042,-0.000548,0.000680,-0.000149,-0.000200,0.000905
