timestamp,p1,p2,p3,p4,p5,p6,p7,v1,v2,v3,v4,v5,v6,v7
2025-12-16 17:59:49.403,0.187855,0.112970,0.063610,-2.397760,1.344761,2.199743,1.563343,-0.000662,-0.000651,0.000552,-0.005324,0.009260,0.004453,-0.004133
2025-12-16 17:59:49.452,0.188070,0.112739,0.063815,-2.398135,1.345121,2.200013,1.563177,0.002959,-0.010795,0.008059,-0.011744,0.008844,0.006827,-0.004785
2025-12-16 17:59:49.502,0.188284,0.112529,0.064044,-2.398411,1.345498,2.200301,1.563071,0.001591,-0.001856,0.001031,-0.003812,0.008028,0.002341,-0.007560
2025-12-16 17:59:49.552,0.188402,0.112544,0.064172,-2.398617,1.345853,2.200513,1.562849,0.001384,-0.001217,0.001524,-0.001187,0.007104,0.003445,-0.003143
2025-12-16 17:59:49.602,0.188485,0.112530,0.064287,-2.398878,1.346105,2.200699,1.562715,0.003754,-0.000977,0.002058,-0.005999,0.008163,0.001428,-0.001653
2025-12-16 17:59:49.652,0.188643,0.112529,0.064436,-2.399030,1.346364,2.200925,1.562553,0.003022,0.001103,0.002845,-0.004786,0.000778,0.005028,-0.007849
2025-12-16 17:59:49.702,0.188897,0.112399,0.064674,-2.399301,1.346780,2.201271,1.562416,0.003441,-0.002519,0.009019,-0.010782,0.017122,0.004113,-0.009681
2025-12-16 17:59:49.751,0.189149,0.112157,0.064958,-2.399757,1.347256,2.201596,1.562152,0.003890,-0.001473,0.002063,-0.009397,0.008356,0.003478,-0.002144
2025-12-16 17:59:49.802,0.189315,0.112109,0.065152,-2.400173,1.347765,2.201883,1.561887,0.000454,0.001716,0.000593,-0.003931,0.010549,0.000698,-0.010805
2025-12-16 17:59:49.851,0.189386,0.112114,0.065218,-2.400402,1.348080,2.202040,1.561761,0.000196,0.000527,-0.000054,0.000333,0.007302,0.001324,-0.005917
2025-12-16 17:59:49.902,0.189432,0.112092,0.065262,-2.400393,1.348227,2.202127,1.561650,0.002807,0.000728,0.001815,-0.000501,0.000958,0.002533,-0.009784
2025-12-16 17:59:49.952,0.189485,0.112086,0.065322,-2.400431,1.348277,2.202169,1.561595,0.001664,-0.000946,0.003032,-0.001876,-0.000137,0.000531,0.000352
2025-12-16 17:59:50.001,0.189546,0.112034,0.065366,-2.400569,1.348416,2.202281,1.561533,0.000812,-0.004901,0.000596,-0.007761,0.003811,0.011817,-0.006747
2025-12-16 17:59:50.052,0.189602,0.111860,0.065430,-2.401075,1.348733,2.202365,1.561179,0.000018,-0.009916,0.001915,-0.010293,0.010887,0.004464,-0.009898
2025-12-16 17:59:50.102,0.189560,0.111808,0.065411,-2.401648,1.348953,2.202416,1.560480,0.001095,-0.000306,-0.000066,-0.013895,0.002685,0.000190,-0.016157
2025-12-16 17:59:50.152,0.189565,0.111873,0.065438,-2.402063,1.349277,2.202475,1.559800,0.002162,0.000627,-0.002089,-0.006139,0.008634,0.002087,-0.010741
2025-12-16 17:59:50.202,0.189568,0.112364,0.065472,-2.402127,1.349771,2.202695,1.558955,-0.002680,0.007471,0.001849,-0.001095,0.004308,0.001549,-0.024962
2025-12-16 17:59:50.252,0.189369,0.112958,0.065354,-2.402227,1.350058,2.202699,1.557845,-0.005965,0.017343,-0.000116,0.002234,0.003849,-0.000028,-0.016887
2025-12-16 17:59:50.302,0.189151,0.113762,0.065211,-2.402301,1.350438,2.202711,1.556531,-0.006285,0.024783,-0.002802,-0.005640,0.011619,0.000129,-0.037355
2025-12-16 17:59:50.352,0.188947,0.115048,0.065103,-2.402925,1.351496,2.202928,1.554139,-0.004345,0.024155,-0.001539,-0.016765,0.029471,0.003177,-0.040061
2025-12-16 17:59:50.402,0.188831,0.116341,0.065058,-2.403904,1.353073,2.203388,1.551241,-0.001537,0.035775,0.000241,-0.024395,0.034805,0.010596,-0.072664
2025-12-16 17:59:50.452,0.188831,0.118102,0.065093,-2.405280,1.355502,2.204135,1.547280,-0.001020,0.035476,0.000001,-0.028566,0.049307,0.015227,-0.082848
2025-12-16 17:59:50.502,0.188885,0.119801,0.065404,-2.406865,1.358101,2.205159,1.543313,0.004980,0.040262,0.006613,-0.027863,0.056939,0.018691,-0.078696
2025-12-16 17:59:50.551,0.189179,0.122054,0.065754,-2.408070,1.360930,2.206391,1.539312,0.010837,0.046083,0.008999,-0.019759,0.056494,0.019277,-0.082452
2025-12-16 17:59:50.602,0.189592,0.124296,0.066279,-2.408741,1.363480,2.207646,1.536070,0.009074,0.046331,0.007804,-0.006472,0.042238,0.020834,-0.058586
2025-12-16 17:59:50.655,0.189688,0.126661,0.066535,-2.409191,1.365478,2.208535,1.532943,-0.000209,0.038240,0.001945,-0.011553,0.044360,0.011997,-0.063817
2025-12-16 17:59:50.702,0.189593,0.128292,0.066558,-2.409625,1.366780,2.209042,1.530574,-0.009281,0.035279,-0.000793,-0.008799,0.020627,0.008948,-0.055502
2025-12-16 17:59:50.751,0.189064,0.129603,0.066171,-2.410375,1.367570,2.209079,1.527790,-0.014090,0.015033,-0.010473,-0.014951,0.018210,0.000305,-0.048484
2025-12-16 17:59:50.806,0.188703,0.130258,0.065850,-2.411060,1.368127,2.209074,1.525905,-0.006194,0.011468,-0.005117,-0.012019,0.005379,-0.000022,-0.031655
2025-12-16 17:59:50.852,0.188435,0.131124,0.065670,-2.411645,1.368711,2.209069,1.523995,-0.001401,0.020144,-0.002988,-0.007526,0.007160,-0.000768,-0.033756
2025-12-16 17:59:50.902,0.188326,0.131758,0.065625,-2.412081,1.369232,2.209077,1.522837,-0.002764,0.015583,-0.001187,-0.009899,0.008193,-0.000903,-0.026119
2025-12-16 17:59:50.952,0.188255,0.132624,0.065595,-2.412558,1.369870,2.209196,1.521348,-0.001839,0.017793,0.000795,-0.009940,0.017890,0.005791,-0.027075
2025-12-16 17:59:51.002,0.188280,0.133252,0.065618,-2.412981,1.370575,2.209470,1.520248,0.000841,0.014501,0.001316,-0.008087,0.012512,0.007164,-0.022483
2025-12-16 17:59:51.052,0.188260,0.134049,0.065625,-2.413393,1.371470,2.209782,1.518686,-0.000476,0.018382,-0.000147,-0.006301,0.016310,0.013089,-0.028483
2025-12-16 17:59:51.102,0.188269,0.134985,0.065640,-2.413549,1.372319,2.210106,1.517314,0.000277,0.019406,0.000794,-0.002168,0.016984,0.010926,-0.028189
2025-12-16 17:59:51.152,0.188208,0.136405,0.065645,-2.413541,1.373314,2.210422,1.515507,-0.001651,0.036343,-0.000300,0.001849,0.019271,0.006280,-0.039050
2025-12-16 17:59:51.202,0.187946,0.138298,0.065630,-2.413502,1.374091,2.210545,1.513612,-0.006675,0.042155,-0.001114,-0.000492,0.016483,0.000601,-0.044550
2025-12-16 17:59:51.252,0.187649,0.140584,0.065429,-2.413107,1.374852,2.210665,1.511435,-0.003933,0.046850,-0.006344,0.011132,0.016248,0.004991,-0.042375
2025-12-16 17:59:51.302,0.187239,0.142996,0.065164,-2.412537,1.375523,2.210721,1.509315,-0.009786,0.046882,-0.001934,0.010666,0.018713,0.001042,-0.044414
2025-12-16 17:59:51.352,0.186893,0.145450,0.064907,-2.411874,1.376193,2.210799,1.507101,-0.004213,0.050995,-0.003468,0.015613,0.016728,0.000422,-0.039728
2025-12-16 17:59:51.402,0.186609,0.147869,0.064701,-2.411121,1.376791,2.210848,1.505099,-0.007376,0.053010,-0.001795,0.018104,0.016228,0.004246,-0.038340
2025-12-16 17:59:51.452,0.186338,0.150402,0.064520,-2.410165,1.377434,2.210953,1.503212,-0.003220,0.045305,-0.004448,0.019610,0.011308,0.000120,-0.037072
2025-12-16 17:59:51.501,0.186066,0.152436,0.064297,-2.409316,1.377857,2.210990,1.501781,-0.008540,0.038338,-0.005593,0.014314,0.010192,-0.000422,-0.028311
2025-12-16 17:59:51.552,0.185689,0.154334,0.063964,-2.408368,1.377960,2.210983,1.500543,-0.013462,0.037718,-0.006305,0.023681,0.000605,-0.006026,-0.023907
2025-12-16 17:59:51.603,0.185187,0.156270,0.063516,-2.407207,1.377969,2.210905,1.499534,-0.013899,0.043491,-0.008943,0.023082,0.000664,-0.008347,-0.021444
2025-12-16 17:59:51.652,0.184591,0.158255,0.062954,-2.405950,1.377947,2.210439,1.498519,-0.017048,0.040763,-0.009056,0.028622,-0.002042,-0.014086,-0.016272
2025-12-16 17:59:51.702,0.184043,0.160517,0.062430,-2.404554,1.377804,2.209997,1.497455,-0.008033,0.044097,-0.011653,0.027208,-0.000299,-0.003247,-0.026636
2025-12-16 17:59:51.752,0.183584,0.162609,0.062110,-2.403499,1.377793,2.209848,1.496130,-0.010642,0.038895,-0.001667,0.019224,-0.000652,-0.001677,-0.022521
2025-12-16 17:59:51.803,0.183171,0.164613,0.061768,-2.402677,1.377791,2.209798,1.494640,-0.012141,0.032446,-0.011061,0.008841,-0.000405,-0.002995,-0.026995
2025-12-16 17:59:51.852,0.182724,0.166275,0.061367,-2.401916,1.377791,2.209613,1.493485,-0.006778,0.032967,-0.008180,0.020717,-0.000248,0.000570,-0.019940
2025-12-16 17:59:51.902,0.182307,0.168087,0.061039,-2.401061,1.377791,2.209452,1.492161,-0.008282,0.043571,-0.010024,0.013746,-0.000237,-0.002755,-0.026226
2025-12-16 17:59:51.952,0.181931,0.170033,0.060711,-2.400076,1.377794,2.209256,1.490976,-0.013176,0.033059,-0.004626,0.022631,0.000578,0.000883,-0.023907
2025-12-16 17:59:52.002,0.181613,0.172142,0.060496,-2.398948,1.377823,2.209206,1.489591,-0.008687,0.049097,-0.004043,0.020346,-0.000579,-0.000108,-0.031894
2025-12-16 17:59:52.052,0.181306,0.174406,0.060258,-2.397810,1.377934,2.209173,1.488253,-0.008683,0.040201,-0.006774,0.024276,0.002075,-0.000969,-0.027950
2025-12-16 17:59:52.102,0.180924,0.176748,0.059988,-2.396552,1.378036,2.209078,1.486888,-0.009796,0.051217,-0.005005,0.033552,0.001901,-0.002678,-0.028731
2025-12-16 17:59:52.152,0.180449,0.179967,0.059621,-2.394564,1.378151,2.208965,1.485398,-0.006825,0.069337,-0.007455,0.044433,0.005452,-0.000755,-0.028320
2025-12-16 17:59:52.202,0.180005,0.183658,0.059241,-2.392391,1.378454,2.208943,1.483572,-0.010153,0.074858,-0.009193,0.044406,0.005494,-0.000608,-0.041740
2025-12-16 17:59:52.251,0.179556,0.187424,0.058862,-2.390374,1.378894,2.208942,1.481480,-0.004253,0.077047,-0.005887,0.041990,0.008964,0.000312,-0.050393
2025-12-16 17:59:52.302,0.179172,0.191504,0.058597,-2.388292,1.379594,2.208975,1.478983,-0.002580,0.081382,-0.006607,0.036877,0.016794,0.001238,-0.048557
2025-12-16 17:59:52.352,0.178946,0.195284,0.058434,-2.386260,1.380431,2.209172,1.476906,-0.003085,0.070440,-0.002313,0.045816,0.013757,0.008597,-0.035628
2025-12-16 17:59:52.402,0.178864,0.198699,0.058407,-2.384301,1.381281,2.209482,1.475075,-0.000891,0.062986,0.000077,0.039676,0.010036,0.008356,-0.034396
2025-12-16 17:59:52.454,0.178858,0.201556,0.058410,-2.382631,1.382047,2.209817,1.473577,0.000653,0.061014,0.000507,0.035722,0.018388,0.006837,-0.024874
2025-12-16 17:59:52.501,0.178870,0.204303,0.058462,-2.381008,1.382913,2.210216,1.472214,-0.000360,0.050042,0.003338,0.024888,0.021333,0.003440,-0.034045
2025-12-16 17:59:52.552,0.178931,0.206587,0.058701,-2.379977,1.383906,2.210695,1.470795,-0.000552,0.041867,0.004881,0.017510,0.022200,0.007365,-0.023979
2025-12-16 17:59:52.602,0.179141,0.208263,0.058910,-2.379288,1.384816,2.211204,1.469664,0.001445,0.032398,0.009831,0.013180,0.017414,0.009660,-0.012224
2025-12-16 17:59:52.652,0.179334,0.209712,0.059100,-2.378377,1.385504,2.211626,1.468951,0.007164,0.033369,0.002847,0.017371,0.016111,0.009926,-0.010005
2025-12-16 17:59:52.702,0.179439,0.211312,0.059221,-2.376970,1.385896,2.211837,1.468548,0.000806,0.038384,-0.000999,0.027895,0.008929,-0.000364,-0.002208
2025-12-16 17:59:52.752,0.179232,0.213370,0.059066,-2.375226,1.385903,2.211831,1.468164,-0.011893,0.043130,-0.006667,0.034936,0.001206,0.000184,-0.009933
2025-12-16 17:59:52.802,0.178746,0.215483,0.058585,-2.373332,1.385835,2.211455,1.467762,-0.012951,0.049867,-0.011602,0.041224,-0.008639,-0.010799,-0.008714
2025-12-16 17:59:52.852,0.178215,0.218468,0.058085,-2.370941,1.385387,2.210928,1.466934,-0.010332,0.063200,-0.011335,0.048221,-0.012605,-0.008886,-0.021148
2025-12-16 17:59:52.902,0.177526,0.221516,0.057499,-2.368527,1.384627,2.210229,1.466063,-0.016595,0.059067,-0.016916,0.048237,-0.019282,-0.013192,-0.014486
2025-12-16 17:59:52.952,0.176750,0.224644,0.056880,-2.366030,1.383981,2.209605,1.465064,-0.015820,0.066922,-0.011878,0.050548,-0.010094,-0.013614,-0.019458
2025-12-16 17:59:53.002,0.176030,0.227433,0.056291,-2.363814,1.383365,2.208925,1.464259,-0.018043,0.051618,-0.008062,0.042113,-0.008859,-0.011583,-0.011660
2025-12-16 17:59:53.053,0.175366,0.230119,0.055699,-2.361659,1.382743,2.208292,1.463471,-0.017014,0.051711,-0.014276,0.038354,-0.008008,-0.014896,-0.016009
2025-12-16 17:59:53.101,0.174800,0.232403,0.055170,-2.359763,1.382129,2.207652,1.462843,-0.008643,0.045142,-0.006125,0.038451,-0.015767,-0.010063,-0.011361
2025-12-16 17:59:53.152,0.174302,0.234474,0.054704,-2.358054,1.381628,2.207093,1.462284,-0.011393,0.039372,-0.010935,0.031890,-0.012853,-0.016676,-0.009845
2025-12-16 17:59:53.202,0.173782,0.236267,0.054237,-2.356465,1.381102,2.206567,1.461749,-0.010520,0.036948,-0.009693,0.033817,-0.011200,-0.009304,-0.014092
2025-12-16 17:59:53.253,0.173263,0.238030,0.053759,-2.354863,1.380535,2.206049,1.461230,-0.011055,0.036163,-0.008088,0.026908,-0.008000,-0.019332,-0.004167
2025-12-16 17:59:53.302,0.172817,0.239408,0.053460,-2.353688,1.380040,2.205579,1.460897,-0.005578,0.023940,-0.005470,0.021930,-0.008638,-0.001100,-0.003149
2025-12-16 17:59:53.353,0.172600,0.240153,0.053245,-2.352817,1.379573,2.205300,1.460886,-0.002540,0.010483,0.000212,0.012655,-0.017429,-0.003478,-0.003012
2025-12-16 17:59:53.402,0.172502,0.240655,0.053161,-2.352242,1.379231,2.205099,1.460896,-0.000317,0.013233,-0.000121,0.011168,-0.003317,-0.001519,0.000342
2025-12-16 17:59:53.451,0.172399,0.241182,0.053086,-2.351777,1.379131,2.204995,1.460894,-0.003017,0.012189,-0.000024,0.008778,-0.000362,-0.001807,-0.000259
2025-12-16 17:59:53.501,0.172318,0.241782,0.053024,-2.351314,1.379112,2.204945,1.460732,-0.005987,0.013675,-0.000873,0.011583,0.000267,-0.000950,-0.010567
2025-12-16 17:59:53.552,0.172202,0.242311,0.052939,-2.350903,1.379086,2.204866,1.460491,-0.003086,0.010021,-0.001075,0.006973,-0.000395,0.000520,0.000712
2025-12-16 17:59:53.602,0.172137,0.242935,0.052911,-2.350677,1.379085,2.204833,1.460019,0.000454,0.013327,-0.000187,0.004097,-0.000349,-0.000306,-0.011622
2025-12-16 17:59:53.652,0.172121,0.243612,0.052911,-2.350243,1.379083,2.204830,1.459613,-0.005473,0.013137,0.000913,0.011485,-0.000423,-0.000228,-0.003908
2025-12-16 17:59:53.702,0.171970,0.244220,0.052837,-2.349804,1.379085,2.204803,1.459243,-0.002835,0.017181,-0.006430,0.008443,-0.000150,0.000457,-0.006208
2025-12-16 17:59:53.752,0.171793,0.244992,0.052650,-2.349241,1.379089,2.204572,1.459019,-0.001660,0.016355,-0.005992,0.011614,0.000478,-0.005681,-0.010253
2025-12-16 17:59:53.802,0.171641,0.245933,0.052532,-2.348626,1.379051,2.204378,1.458752,-0.003407,0.020448,-0.000188,0.012625,-0.000254,-0.001992,-0.005292
2025-12-16 17:59:53.852,0.171492,0.246816,0.052394,-2.348017,1.378862,2.204189,1.458480,-0.006079,0.013604,-0.002309,0.014137,-0.000398,-0.006537,-0.008761
2025-12-16 17:59:53.901,0.171405,0.247710,0.052326,-2.347402,1.378828,2.204121,1.458122,-0.000559,0.014464,0.000083,0.013637,0.000479,0.000733,-0.001698
2025-12-16 17:59:53.953,0.171413,0.248415,0.052331,-2.346968,1.378831,2.204121,1.457636,-0.000522,0.009897,0.000668,0.010408,0.002255,0.000117,-0.011570
2025-12-16 17:59:54.002,0.171416,0.248981,0.052348,-2.346946,1.379002,2.204159,1.456933,-0.001114,0.006701,0.002603,-0.000667,0.008996,0.000474,-0.007020
2025-12-16 17:59:54.051,0.171477,0.249464,0.052482,-2.346948,1.379462,2.204518,1.456346,-0.000593,0.003967,0.002290,-0.003436,0.003099,0.008779,-0.013665
2025-12-16 17:59:54.102,0.171657,0.249765,0.052709,-2.347150,1.380032,2.204925,1.455816,0.003376,0.001459,0.004435,-0.008610,0.014859,0.002222,-0.004039
2025-12-16 17:59:54.152,0.171931,0.249811,0.053018,-2.347597,1.380816,2.205421,1.455205,0.005572,0.000420,0.009728,-0.008379,0.020268,0.008878,-0.013210
2025-12-16 17:59:54.202,0.172254,0.250242,0.053382,-2.347866,1.381781,2.206004,1.454369,0.006178,0.009936,0.007414,-0.005361,0.020515,0.012801,-0.018211
2025-12-16 17:59:54.252,0.172692,0.250636,0.053832,-2.348359,1.382877,2.206648,1.453414,0.008563,0.006226,0.014159,-0.005990,0.023066,0.011760,-0.014345
2025-12-16 17:59:54.302,0.173113,0.250853,0.054281,-2.348888,1.384004,2.207396,1.452542,0.006529,0.003104,0.008391,-0.011078,0.021001,0.014985,-0.018498
2025-12-16 17:59:54.352,0.173395,0.250899,0.054648,-2.349364,1.384879,2.207971,1.451868,0.004376,0.001453,0.003301,-0.010601,0.015186,0.007029,-0.013260
2025-12-16 17:59:54.402,0.173471,0.250919,0.054728,-2.349684,1.385401,2.208229,1.451361,-0.001729,0.000300,-0.001105,-0.001283,0.009145,0.000179,-0.011831
2025-12-16 17:59:54.452,0.173457,0.250918,0.054723,-2.349742,1.385484,2.208226,1.451179,0.000405,0.000257,-0.000064,-0.000406,0.000204,0.000117,0.000011
2025-12-16 17:59:54.502,0.173439,0.250924,0.054719,-2.349769,1.385483,2.208224,1.451084,0.001087,0.001236,0.000737,0.000381,-0.000253,-0.003792,-0.000071
2025-12-16 17:59:54.552,0.173439,0.250996,0.054721,-2.349805,1.385485,2.208220,1.450844,-0.000359,-0.000264,0.001035,-0.000538,-0.000541,-0.000701,-0.003985
2025-12-16 17:59:54.602,0.173453,0.251229,0.054729,-2.349897,1.385699,2.208219,1.450469,-0.000092,0.006342,0.001865,-0.006411,0.004623,-0.000017,-0.000096
2025-12-16 17:59:54.652,0.173463,0.251328,0.054870,-2.350386,1.386173,2.208337,1.449946,0.000668,0.000948,0.005599,-0.008529,0.008078,0.007613,-0.015619
2025-12-16 17:59:54.702,0.173553,0.251537,0.055035,-2.350824,1.386756,2.208665,1.449182,0.005515,0.005469,0.002704,-0.008568,0.016524,0.005992,-0.021940
2025-12-16 17:59:54.752,0.173589,0.251926,0.055112,-2.351175,1.387351,2.208831,1.448341,0.000226,0.007514,0.002253,-0.002585,0.011326,0.000172,-0.018311
2025-12-16 17:59:54.802,0.173589,0.252383,0.055129,-2.351201,1.387797,2.208893,1.447656,0.000563,0.010450,0.000702,0.001405,0.005137,0.000299,-0.008507
2025-12-16 17:59:54.852,0.173603,0.252791,0.055180,-2.351162,1.387934,2.208900,1.447142,0.000460,0.004086,0.000696,0.001287,0.000222,-0.000005,-0.015095
2025-12-16 17:59:54.902,0.173522,0.253167,0.055167,-2.351178,1.387969,2.208903,1.446641,-0.002851,0.007810,0.000067,-0.003403,0.001878,0.000705,-0.008957
2025-12-16 17:59:54.951,0.173364,0.253239,0.055163,-2.351569,1.388203,2.208894,1.445873,-0.000366,0.000635,-0.000011,-0.006972,0.006955,-0.002752,-0.013594
2025-12-16 17:59:55.002,0.173241,0.253237,0.055135,-2.352093,1.388498,2.208892,1.444999,-0.000568,-0.000849,0.000431,-0.010756,0.011151,-0.000355,-0.017291
2025-12-16 17:59:55.052,0.173074,0.253256,0.055097,-2.352712,1.388910,2.208891,1.443998,-0.004130,0.000133,0.000925,-0.013051,0.001256,0.000301,-0.018616
2025-12-16 17:59:55.102,0.173035,0.253440,0.055079,-2.353349,1.389416,2.208897,1.442856,-0.000771,0.001448,0.000515,-0.020159,0.011043,-0.000310,-0.016901
2025-12-16 17:59:55.152,0.173060,0.253487,0.055125,-2.354065,1.390091,2.209053,1.441879,-0.000634,0.002178,0.000611,-0.009871,0.008752,0.004516,-0.015207
2025-12-16 17:59:55.202,0.173086,0.253534,0.055218,-2.354616,1.390767,2.209253,1.441070,-0.000363,-0.000600,0.000023,-0.006823,0.016742,0.008641,-0.014934
2025-12-16 17:59:55.252,0.173089,0.253551,0.055308,-2.355172,1.391304,2.209436,1.440373,-0.000832,-0.000389,0.008322,-0.008417,0.013235,0.002810,-0.005695
2025-12-16 17:59:55.302,0.173155,0.253775,0.055444,-2.355339,1.391689,2.209623,1.440011,0.004856,0.011352,0.001588,0.000689,0.004623,0.004242,-0.005436
2025-12-16 17:59:55.352,0.173318,0.254181,0.055635,-2.355404,1.392076,2.209845,1.439681,-0.000359,0.007866,0.000438,-0.002864,0.006980,0.002873,-0.005564
2025-12-16 17:59:55.402,0.173429,0.254541,0.055792,-2.355516,1.392558,2.210094,1.439247,-0.001411,0.009685,0.006941,-0.006316,0.012638,0.005524,-0.005229
2025-12-16 17:59:55.452,0.173497,0.254595,0.055912,-2.355962,1.393126,2.210307,1.438694,0.000130,-0.000359,0.001279,-0.012851,0.007773,0.002546,-0.013007
2025-12-16 17:59:55.502,0.173491,0.254599,0.055981,-2.356493,1.393719,2.210469,1.437891,-0.000570,0.001287,-0.001044,-0.011966,0.010782,0.002448,-0.016610
2025-12-16 17:59:55.552,0.173473,0.254588,0.055985,-2.357181,1.394296,2.210554,1.436828,-0.001164,0.000880,-0.000626,-0.013142,0.011804,0.000250,-0.023391
2025-12-16 17:59:55.602,0.173471,0.254703,0.056035,-2.357935,1.394899,2.210695,1.435730,0.000136,0.005658,0.002059,-0.015199,0.014188,0.002397,-0.016985
2025-12-16 17:59:55.652,0.173477,0.254869,0.056125,-2.358610,1.395476,2.210836,1.434738,-0.000638,0.000963,0.000351,-0.013865,0.006264,0.000328,-0.021523
2025-12-16 17:59:55.701,0.173415,0.254864,0.056123,-2.359219,1.395838,2.210849,1.433973,-0.004575,-0.001400,-0.000160,-0.011979,0.000536,0.000025,-0.018638
2025-12-16 17:59:55.752,0.173235,0.255054,0.056121,-2.359665,1.396112,2.210846,1.433258,-0.000344,0.008317,-0.000189,-0.008710,0.010904,-0.000835,-0.019905
2025-12-16 17:59:55.802,0.173245,0.255628,0.056130,-2.359963,1.396472,2.210844,1.432378,0.000737,0.011609,0.000610,-0.004175,0.008894,-0.000102,-0.022544
2025-12-16 17:59:55.852,0.173241,0.256437,0.056211,-2.359975,1.397180,2.211088,1.431143,0.000031,0.015812,0.002282,-0.000470,0.018727,0.008805,-0.029537
2025-12-16 17:59:55.902,0.173260,0.257318,0.056413,-2.360166,1.398256,2.211478,1.429532,-0.000178,0.021924,0.005189,-0.009276,0.020116,0.006981,-0.035007
2025-12-16 17:59:55.951,0.173282,0.258214,0.056714,-2.360797,1.399616,2.211883,1.427582,-0.000052,0.020435,0.009061,-0.013429,0.033310,0.011582,-0.040644
2025-12-16 17:59:56.002,0.173417,0.258752,0.056961,-2.361777,1.401088,2.212389,1.425627,0.000941,0.011480,0.008526,-0.023617,0.026516,0.011589,-0.039898
2025-12-16 17:59:56.052,0.173564,0.259203,0.057332,-2.362949,1.402494,2.212941,1.423849,0.007103,0.007806,0.006961,-0.019320,0.026086,0.007255,-0.034446
2025-12-16 17:59:56.102,0.173635,0.259487,0.057460,-2.363803,1.403366,2.213205,1.422615,0.000422,0.002533,0.001167,-0.012096,0.009933,0.000392,-0.027654
2025-12-16 17:59:56.152,0.173449,0.259444,0.057426,-2.364366,1.403624,2.213217,1.421850,-0.006343,0.000509,-0.001480,-0.005385,-0.000265,-0.000663,-0.012058
2025-12-16 17:59:56.202,0.173243,0.259459,0.057292,-2.364844,1.403629,2.213197,1.421309,-0.003959,0.002877,-0.002145,-0.005396,-0.000536,0.000507,-0.016086
2025-12-16 17:59:56.252,0.173111,0.259480,0.057214,-2.365165,1.403630,2.213148,1.420807,-0.002931,0.000368,-0.000471,-0.007045,-0.000028,-0.000556,-0.008404
2025-12-16 17:59:56.302,0.173082,0.259497,0.057202,-2.365433,1.403745,2.213133,1.420320,0.000298,-0.000474,0.001165,-0.004757,0.006494,-0.000031,-0.010509
2025-12-16 17:59:56.353,0.173039,0.259714,0.057199,-2.365634,1.403966,2.213130,1.419777,-0.000635,0.003322,-0.000830,-0.005574,0.004540,-0.000070,-0.007657
2025-12-16 17:59:56.403,0.172942,0.259848,0.057184,-2.365908,1.404143,2.213131,1.419310,-0.003492,0.000369,0.000089,-0.005418,0.007720,-0.000149,-0.004180
2025-12-16 17:59:56.452,0.172900,0.259943,0.057174,-2.366298,1.404450,2.213130,1.418772,0.000250,0.004366,0.005053,-0.008439,0.011766,0.000496,-0.005696
2025-12-16 17:59:56.502,0.172909,0.260321,0.057176,-2.366708,1.405000,2.213140,1.417906,-0.000057,0.010361,-0.000461,-0.009961,0.012122,-0.000244,-0.011660
2025-12-16 17:59:56.552,0.172911,0.260783,0.057202,-2.367172,1.405761,2.213221,1.416732,-0.000340,0.004103,0.001195,-0.009394,0.020499,-0.000480,-0.023304
2025-12-16 17:59:56.603,0.172910,0.261310,0.057230,-2.367693,1.406714,2.213543,1.415187,0.000067,0.010080,0.000090,-0.011873,0.019790,0.009481,-0.034988
2025-12-16 17:59:56.652,0.172809,0.261846,0.057249,-2.368170,1.407480,2.213674,1.413791,-0.007091,0.009014,0.002282,-0.006887,0.012916,0.000260,-0.019215
2025-12-16 17:59:56.702,0.172416,0.262422,0.057220,-2.368395,1.407780,2.213674,1.412687,-0.005639,0.008974,-0.001173,-0.000772,0.000904,0.000386,-0.015441
2025-12-16 17:59:56.751,0.172130,0.262852,0.057040,-2.368486,1.407786,2.213646,1.411981,-0.003172,0.008872,-0.001908,-0.006065,-0.000426,-0.001966,-0.017159
2025-12-16 17:59:56.802,0.172014,0.263269,0.056969,-2.368790,1.407809,2.213604,1.411300,0.001428,0.004235,-0.000833,-0.010068,-0.000360,-0.000899,-0.008887
2025-12-16 17:59:56.852,0.171951,0.263369,0.056959,-2.369186,1.407903,2.213561,1.410775,-0.002270,0.003375,0.000018,-0.003682,0.002434,-0.004675,-0.009792
2025-12-16 17:59:56.902,0.171835,0.263470,0.056838,-2.369267,1.407974,2.213476,1.410316,0.000293,0.001135,-0.004542,0.000122,-0.000275,-0.000108,-0.007471
2025-12-16 17:59:56.953,0.171696,0.263608,0.056720,-2.369385,1.408115,2.213484,1.409919,-0.000994,0.003443,-0.001157,-0.002647,0.004445,0.000736,-0.008249
2025-12-16 17:59:57.002,0.171652,0.263998,0.056682,-2.369509,1.408324,2.213489,1.409480,0.000262,0.009025,-0.000387,-0.006778,0.011808,0.000185,-0.006955
2025-12-16 17:59:57.053,0.171641,0.264536,0.056678,-2.369928,1.408811,2.213564,1.408620,-0.002020,0.010924,-0.000575,-0.010635,0.015120,0.009550,-0.025116
2025-12-16 17:59:57.102,0.171518,0.265192,0.056624,-2.370440,1.409533,2.214165,1.407231,-0.004680,0.016973,-0.001129,-0.008933,0.014464,0.015660,-0.031718
2025-12-16 17:59:57.152,0.171028,0.266978,0.056067,-2.371032,1.411498,2.216107,1.405021,-0.005595,0.053590,-0.004382,-0.006735,0.076192,0.035389,-0.054724
2025-12-16 17:59:57.202,0.172366,0.271762,0.057562,-2.370705,1.417837,2.219240,1.400721,0.056652,0.126494,0.056876,0.015333,0.161270,0.091397,-0.110554
2025-12-16 17:59:57.251,0.175592,0.279031,0.061049,-2.370060,1.426759,2.224562,1.393865,0.066836,0.152263,0.071461,0.009974,0.200609,0.104252,-0.158450
2025-12-16 17:59:57.302,0.178534,0.286572,0.064449,-2.369319,1.436347,2.229411,1.386203,0.054349,0.147906,0.055108,0.021216,0.171635,0.085411,-0.148249
2025-12-16 17:59:57.351,0.180505,0.292533,0.066960,-2.369357,1.443778,2.232944,1.379148,0.024021,0.080420,0.037897,-0.018996,0.123853,0.057313,-0.123444
2025-12-16 17:59:57.401,0.181068,0.294428,0.067927,-2.371006,1.447854,2.234426,1.374176,0.000071,0.017754,0.003440,-0.036944,0.046336,0.016893,-0.084747
2025-12-16 17:59:57.452,0.180299,0.294683,0.067474,-2.372801,1.448532,2.234319,1.370923,-0.023060,-0.000856,-0.012055,-0.035120,-0.002925,-0.006748,-0.040282
2025-12-16 17:59:57.502,0.179088,0.294156,0.066406,-2.374159,1.447739,2.232905,1.370026,-0.028507,0.001035,-0.023350,-0.013875,-0.040389,-0.027261,-0.015973
2025-12-16 17:59:57.552,0.177736,0.293816,0.065138,-2.374724,1.445647,2.231190,1.369739,-0.028044,-0.018979,-0.024312,-0.008695,-0.046670,-0.027283,-0.001511
2025-12-16 17:59:57.603,0.176329,0.292946,0.063787,-2.375005,1.443051,2.229474,1.370208,-0.027904,-0.015179,-0.028800,-0.001687,-0.058570,-0.033366,0.025109
2025-12-16 17:59:57.652,0.175133,0.291924,0.062549,-2.374951,1.440568,2.228019,1.371587,-0.017253,-0.023987,-0.024001,0.002674,-0.047634,-0.027200,0.031851
2025-12-16 17:59:57.702,0.174261,0.291030,0.061609,-2.374843,1.438345,2.226755,1.372861,-0.016692,-0.015477,-0.021282,0.002267,-0.044046,-0.028444,0.027406
2025-12-16 17:59:57.752,0.173536,0.290342,0.060820,-2.374489,1.436429,2.225721,1.374160,-0.010393,-0.008542,-0.008956,0.008130,-0.036222,-0.015382,0.020822
2025-12-16 17:59:57.802,0.172888,0.289799,0.060137,-2.374305,1.434912,2.224857,1.374998,-0.009088,-0.013218,-0.008621,-0.000766,-0.024258,-0.014647,0.019248
2025-12-16 17:59:57.853,0.172509,0.289323,0.059781,-2.374315,1.434193,2.224380,1.375575,-0.002175,-0.010711,-0.003182,-0.000594,-0.005900,-0.003115,0.009571
2025-12-16 17:59:57.903,0.172463,0.289218,0.059725,-2.374276,1.434030,2.224294,1.375619,0.000265,0.000554,-0.000570,-0.000273,-0.000359,0.000161,0.000488
2025-12-16 17:59:57.952,0.172466,0.289258,0.059725,-2.374288,1.434027,2.224293,1.375623,-0.001163,0.000838,0.000069,-0.000665,0.000107,-0.000012,-0.000341
2025-12-16 17:59:58.001,0.172479,0.289247,0.059731,-2.374290,1.434026,2.224302,1.375620,-0.000380,0.001226,0.000214,0.000194,0.000137,0.000274,0.000525
2025-12-16 17:59:58.052,0.172493,0.289270,0.059735,-2.374277,1.434028,2.224311,1.375621,-0.000953,0.000442,0.002099,0.001276,0.000038,-0.000306,0.001127
2025-12-16 17:59:58.102,0.172668,0.289285,0.059760,-2.373922,1.434032,2.224361,1.375690,-0.000138,-0.001004,0.000659,0.010929,0.000218,0.004850,0.014110
2025-12-16 17:59:58.152,0.172904,0.289375,0.059938,-2.373388,1.434033,2.224502,1.376261,0.010857,0.007422,0.000788,0.010248,-0.000175,-0.001158,0.011285
2025-12-16 17:59:58.201,0.173125,0.289827,0.060124,-2.372818,1.434033,2.224666,1.376696,0.000035,0.011767,0.004199,0.007468,-0.000003,0.000084,0.003251
2025-12-16 17:59:58.252,0.173060,0.290454,0.060079,-2.372307,1.434035,2.224675,1.376696,0.000477,0.009244,-0.000395,0.010696,-0.000266,0.000516,-0.001792
2025-12-16 17:59:58.302,0.173067,0.290919,0.060074,-2.371835,1.434042,2.224725,1.376685,0.003983,0.009439,0.002350,0.006599,0.000074,-0.000659,-0.001129
2025-12-16 17:59:58.352,0.173413,0.291096,0.060349,-2.371682,1.434283,2.225097,1.376680,0.009167,0.000391,0.009408,0.001318,0.010416,0.018208,-0.002109
2025-12-16 17:59:58.402,0.173749,0.291137,0.060703,-2.371742,1.434757,2.225514,1.376499,0.009238,-0.000590,0.005964,-0.003862,0.007191,0.003892,-0.002563
2025-12-16 17:59:58.451,0.173970,0.291176,0.060951,-2.371978,1.435379,2.225868,1.376184,0.003929,0.005864,0.004285,-0.002018,0.003791,0.003198,-0.010481
2025-12-16 17:59:58.502,0.174096,0.291636,0.061181,-2.372016,1.436049,2.226212,1.375617,0.000335,0.006672,0.001717,-0.000524,0.012082,-0.000323,-0.014571
2025-12-16 17:59:58.552,0.174082,0.291665,0.061176,-2.372137,1.436232,2.226218,1.375342,-0.000281,-0.001052,-0.000898,0.001658,-0.000167,-0.000068,-0.000345
2025-12-16 17:59:58.602,0.174062,0.291631,0.061165,-2.372105,1.436221,2.226192,1.375345,0.000710,0.001519,0.000001,-0.000117,0.000766,-0.001266,-0.000601
2025-12-16 17:59:58.652,0.174037,0.291639,0.061116,-2.372096,1.436085,2.226148,1.375377,0.000206,0.003124,-0.005306,0.000196,-0.000115,-0.000151,-0.000901
2025-12-16 17:59:58.702,0.173869,0.291866,0.060987,-2.371761,1.435935,2.225910,1.375397,-0.001560,0.006085,-0.000511,0.008875,-0.002145,-0.000419,-0.001206
2025-12-16 17:59:58.751,0.173740,0.292385,0.060824,-2.371271,1.435709,2.225803,1.375396,-0.000247,0.011949,-0.003590,0.008692,-0.003297,-0.009724,-0.002322
2025-12-16 17:59:58.802,0.173520,0.292810,0.060646,-2.370804,1.435412,2.225585,1.375396,-0.002903,0.004828,-0.002461,0.007979,-0.005740,-0.005770,-0.000738
2025-12-16 17:59:58.855,0.173216,0.292918,0.060334,-2.370521,1.434997,2.225278,1.375465,-0.010327,-0.007655,-0.003987,0.001300,-0.014428,-0.009982,0.005952
2025-12-16 17:59:58.903,0.172994,0.292823,0.060061,-2.370440,1.434499,2.224959,1.375812,-0.003783,-0.002688,-0.004192,-0.001334,-0.007883,-0.012625,0.009758
2025-12-16 17:59:58.952,0.172657,0.292513,0.059777,-2.370434,1.433879,2.224538,1.376240,-0.005197,-0.008264,-0.008224,0.000179,-0.010179,-0.006146,0.007846
2025-12-16 17:59:59.001,0.172346,0.292240,0.059418,-2.370378,1.433118,2.224115,1.376640,-0.006929,-0.002544,-0.004175,0.001321,-0.019655,-0.011767,0.004753
