timestamp,p1,p2,p3,p4,p5,p6,p7,v1,v2,v3,v4,v5,v6,v7
2025-12-16 17:49:39.653,0.248195,-0.090061,0.127969,-2.636099,1.488540,2.250823,1.520635,-0.004179,-0.000344,-0.001177,-0.001483,-0.006906,-0.002222,0.001315
2025-12-16 17:49:39.702,0.248045,-0.090239,0.127808,-2.636095,1.488184,2.250620,1.520740,-0.007186,-0.000665,-0.004895,0.000093,-0.011216,-0.001246,0.007174
2025-12-16 17:49:39.752,0.247964,-0.090383,0.127705,-2.636083,1.487913,2.250510,1.520868,-0.003837,-0.000309,0.000708,0.000167,-0.005767,-0.000866,0.007781
2025-12-16 17:49:39.802,0.247954,-0.090394,0.127698,-2.636068,1.487730,2.250439,1.521055,-0.000209,-0.001968,0.000220,0.000555,-0.001692,0.000589,0.009844
2025-12-16 17:49:39.851,0.247775,-0.090566,0.127542,-2.636055,1.487322,2.250153,1.521291,-0.012734,-0.003929,-0.003269,-0.001602,-0.017151,-0.011778,0.003523
2025-12-16 17:49:39.901,0.247323,-0.090927,0.127068,-2.636054,1.486661,2.249697,1.521407,-0.011387,-0.004878,-0.012973,-0.000455,-0.017493,-0.005253,0.004067
2025-12-16 17:49:39.951,0.246811,-0.091398,0.126551,-2.636053,1.485574,2.249157,1.521799,-0.012775,-0.009642,-0.010949,0.000447,-0.019202,-0.013077,0.005903
2025-12-16 17:49:40.002,0.246379,-0.091785,0.126133,-2.636004,1.484548,2.248562,1.522293,-0.004051,-0.006574,-0.008831,0.007653,-0.014701,-0.005988,0.008465
2025-12-16 17:49:40.052,0.245867,-0.092211,0.125642,-2.635929,1.483267,2.247929,1.522820,-0.009150,-0.006586,-0.019074,0.000391,-0.023197,-0.017096,0.007860
2025-12-16 17:49:40.103,0.245136,-0.092717,0.124898,-2.635892,1.481443,2.246999,1.523494,-0.014210,-0.011351,-0.015883,0.008320,-0.037964,-0.023165,0.017930
2025-12-16 17:49:40.151,0.244253,-0.093288,0.124005,-2.635561,1.479260,2.245833,1.524643,-0.018785,-0.014396,-0.020213,0.002998,-0.048679,-0.022803,0.025349
2025-12-16 17:49:40.202,0.243270,-0.094174,0.122985,-2.635072,1.476560,2.244598,1.526358,-0.018083,-0.019010,-0.017997,0.013404,-0.055596,-0.028170,0.031127
2025-12-16 17:49:40.252,0.242265,-0.095191,0.122028,-2.634497,1.473692,2.243302,1.528426,-0.018918,-0.023340,-0.019793,0.014730,-0.059400,-0.032108,0.053383
2025-12-16 17:49:40.302,0.241240,-0.096455,0.121084,-2.633572,1.470346,2.241933,1.531140,-0.019685,-0.027906,-0.018508,0.016354,-0.070934,-0.030248,0.052028
2025-12-16 17:49:40.352,0.240218,-0.097694,0.120071,-2.632516,1.466865,2.240485,1.533859,-0.021957,-0.029306,-0.014616,0.021327,-0.064325,-0.034111,0.055740
2025-12-16 17:49:40.402,0.239053,-0.098822,0.118952,-2.631499,1.463355,2.238863,1.536439,-0.024695,-0.023837,-0.024718,0.018375,-0.063859,-0.030717,0.043744
2025-12-16 17:49:40.452,0.237924,-0.099779,0.117869,-2.630676,1.460330,2.237461,1.538560,-0.024621,-0.016729,-0.019024,0.015984,-0.064347,-0.033558,0.040767
2025-12-16 17:49:40.502,0.236910,-0.100717,0.116876,-2.629802,1.457475,2.236157,1.540581,-0.015923,-0.021048,-0.023216,0.023277,-0.051983,-0.024302,0.037248
2025-12-16 17:49:40.552,0.236092,-0.101467,0.116012,-2.629115,1.455097,2.235016,1.542143,-0.015782,-0.012722,-0.013967,0.010953,-0.042288,-0.021483,0.031262
2025-12-16 17:49:40.601,0.235399,-0.101990,0.115351,-2.628532,1.453178,2.234067,1.543406,-0.014344,-0.003056,-0.007161,0.013550,-0.034239,-0.018683,0.022204
2025-12-16 17:49:40.652,0.234836,-0.102079,0.114801,-2.627622,1.451563,2.233358,1.544471,-0.009396,0.010998,-0.011908,0.023330,-0.035841,-0.014266,0.020173
2025-12-16 17:49:40.702,0.234324,-0.101538,0.114302,-2.626148,1.450245,2.232863,1.545385,-0.011581,0.010142,-0.012286,0.032492,-0.027131,-0.018978,0.021197
2025-12-16 17:49:40.752,0.233724,-0.100840,0.113745,-2.624369,1.448616,2.232314,1.546309,-0.009935,0.018852,-0.012256,0.035677,-0.036535,-0.011292,0.014983
2025-12-16 17:49:40.802,0.232908,-0.099629,0.113026,-2.622336,1.446823,2.231548,1.547080,-0.022171,0.025233,-0.018326,0.043345,-0.042210,-0.016150,0.012818
2025-12-16 17:49:40.852,0.232046,-0.097806,0.112145,-2.620053,1.444909,2.230714,1.547651,-0.020130,0.045260,-0.016428,0.051032,-0.037645,-0.017649,0.010424
2025-12-16 17:49:40.902,0.230888,-0.095469,0.110999,-2.617348,1.442653,2.229616,1.547822,-0.030520,0.048172,-0.025861,0.056896,-0.039319,-0.022092,0.002793
2025-12-16 17:49:40.952,0.229503,-0.092897,0.109652,-2.614425,1.440292,2.228457,1.547886,-0.028060,0.054544,-0.025960,0.054282,-0.042213,-0.029794,-0.001402
2025-12-16 17:49:41.002,0.228021,-0.090254,0.108268,-2.611485,1.437739,2.227157,1.548031,-0.028552,0.056430,-0.029219,0.061134,-0.050805,-0.022113,0.007219
2025-12-16 17:49:41.052,0.226662,-0.087396,0.106907,-2.608364,1.435194,2.225885,1.548199,-0.030915,0.059955,-0.020868,0.060870,-0.046327,-0.024681,0.003322
2025-12-16 17:49:41.102,0.225372,-0.084029,0.105643,-2.604866,1.432897,2.224801,1.548244,-0.026744,0.071996,-0.021176,0.071092,-0.041601,-0.024745,0.002039
2025-12-16 17:49:41.152,0.224043,-0.079909,0.104378,-2.601003,1.430650,2.223810,1.548207,-0.025726,0.085873,-0.026969,0.082444,-0.042837,-0.013990,-0.001717
2025-12-16 17:49:41.202,0.222737,-0.075201,0.103017,-2.596909,1.428642,2.222907,1.547436,-0.024078,0.096935,-0.024871,0.080472,-0.029307,-0.011846,-0.025259
2025-12-16 17:49:41.252,0.221540,-0.069573,0.101830,-2.592180,1.427186,2.222257,1.546297,-0.021337,0.120758,-0.023066,0.093741,-0.025636,-0.016294,-0.028524
2025-12-16 17:49:41.302,0.220679,-0.063609,0.100994,-2.587056,1.426262,2.221912,1.545036,-0.013811,0.114343,-0.013559,0.096646,-0.015434,-0.003180,-0.026503
2025-12-16 17:49:41.352,0.220047,-0.058182,0.100411,-2.582393,1.425549,2.221829,1.544030,-0.010212,0.109565,-0.009630,0.093837,-0.016580,-0.001325,-0.014446
2025-12-16 17:49:41.402,0.219448,-0.053127,0.099835,-2.577991,1.424760,2.221704,1.543388,-0.011870,0.090109,-0.012021,0.081338,-0.012594,-0.001418,-0.007864
2025-12-16 17:49:41.452,0.218958,-0.049070,0.099346,-2.574155,1.423930,2.221547,1.543186,-0.012296,0.072291,-0.006233,0.075036,-0.019785,-0.004395,-0.004304
2025-12-16 17:49:41.502,0.218478,-0.045741,0.098873,-2.570678,1.422994,2.221342,1.543182,-0.011264,0.061352,-0.006514,0.064888,-0.013474,-0.003940,0.000609
2025-12-16 17:49:41.552,0.218019,-0.042836,0.098436,-2.567577,1.422024,2.221066,1.543187,-0.008224,0.052212,-0.011669,0.061175,-0.016208,-0.000838,-0.001677
2025-12-16 17:49:41.601,0.217624,-0.039836,0.098056,-2.564437,1.421215,2.220902,1.543208,-0.003209,0.060304,-0.005795,0.061305,-0.018068,0.000481,0.000765
2025-12-16 17:49:41.652,0.217344,-0.036594,0.097773,-2.561263,1.420615,2.220872,1.543204,-0.008129,0.065194,-0.005544,0.063053,-0.012764,0.000128,0.000850
2025-12-16 17:49:41.702,0.217000,-0.033069,0.097442,-2.558202,1.420078,2.220746,1.542931,-0.008023,0.073692,-0.009848,0.064104,-0.018049,-0.000766,-0.004912
2025-12-16 17:49:41.752,0.216641,-0.029077,0.097090,-2.554857,1.419691,2.220742,1.542242,-0.003952,0.081207,-0.004046,0.073666,-0.001173,-0.000365,-0.014996
2025-12-16 17:49:41.802,0.216237,-0.024662,0.096738,-2.551320,1.419480,2.220739,1.541249,-0.005746,0.091416,-0.009114,0.069518,-0.010343,-0.000142,-0.020817
2025-12-16 17:49:41.851,0.215788,-0.020202,0.096298,-2.547744,1.419190,2.220741,1.540102,-0.007402,0.090051,-0.012151,0.062118,-0.000784,0.000089,-0.024531
2025-12-16 17:49:41.902,0.215288,-0.015547,0.095809,-2.544086,1.418851,2.220741,1.538898,-0.008238,0.092456,-0.011354,0.076782,-0.008762,0.000177,-0.024082
2025-12-16 17:49:41.952,0.214796,-0.010770,0.095324,-2.540251,1.418478,2.220729,1.537667,-0.007466,0.100659,-0.012131,0.079660,-0.016687,0.000041,-0.027091
2025-12-16 17:49:42.002,0.214270,-0.006009,0.094803,-2.536303,1.418062,2.220667,1.536457,-0.010750,0.094383,-0.011508,0.078671,-0.005794,-0.000856,-0.029451
2025-12-16 17:49:42.052,0.213730,-0.001402,0.094251,-2.532643,1.417573,2.220436,1.535406,-0.011030,0.089330,-0.014764,0.070112,-0.013688,-0.001251,-0.019820
2025-12-16 17:49:42.102,0.213157,0.002361,0.093694,-2.529487,1.416805,2.220077,1.534700,-0.013538,0.069472,-0.011518,0.063163,-0.019301,-0.009446,-0.008983
2025-12-16 17:49:42.152,0.212478,0.005088,0.093020,-2.526769,1.415670,2.219585,1.534453,-0.016641,0.051518,-0.015719,0.050294,-0.022650,-0.010450,-0.001313
2025-12-16 17:49:42.201,0.211837,0.007299,0.092409,-2.524315,1.414452,2.219019,1.534457,-0.013425,0.042800,-0.012704,0.049230,-0.031627,-0.012163,0.000016
2025-12-16 17:49:42.252,0.211254,0.009378,0.091833,-2.521990,1.413237,2.218433,1.534493,-0.011618,0.039154,-0.008996,0.043494,-0.020365,-0.014056,0.004002
2025-12-16 17:49:42.302,0.210682,0.011729,0.091247,-2.519425,1.412013,2.217931,1.534710,-0.014263,0.047981,-0.010681,0.053677,-0.026602,-0.007526,0.007163
2025-12-16 17:49:42.352,0.210059,0.014241,0.090572,-2.516651,1.410595,2.217334,1.534851,-0.011693,0.060645,-0.015941,0.062476,-0.026687,-0.009871,0.001134
2025-12-16 17:49:42.401,0.209279,0.017479,0.089770,-2.513229,1.409080,2.216652,1.534922,-0.019805,0.070610,-0.011815,0.075826,-0.028942,-0.014666,-0.000253
2025-12-16 17:49:42.451,0.208483,0.021549,0.088979,-2.508977,1.407646,2.216034,1.534942,-0.016019,0.082247,-0.016776,0.085792,-0.019754,-0.009170,-0.002017
2025-12-16 17:49:42.502,0.207687,0.026299,0.088192,-2.504421,1.406243,2.215455,1.534940,-0.017273,0.095762,-0.016627,0.087508,-0.025969,-0.007043,0.000595
2025-12-16 17:49:42.552,0.206870,0.031055,0.087399,-2.499966,1.404941,2.214887,1.534749,-0.016749,0.095874,-0.019494,0.090799,-0.028750,-0.010307,-0.008829
2025-12-16 17:49:42.602,0.206096,0.035614,0.086592,-2.495737,1.403757,2.214338,1.534311,-0.016673,0.086981,-0.016573,0.085364,-0.019774,-0.013656,-0.001090
2025-12-16 17:49:42.652,0.205413,0.039822,0.085865,-2.491722,1.402608,2.213796,1.533954,-0.013300,0.075373,-0.014045,0.070016,-0.024690,-0.010679,-0.002506
2025-12-16 17:49:42.702,0.204794,0.043154,0.085227,-2.488398,1.401529,2.213280,1.533817,-0.016593,0.059868,-0.012925,0.059658,-0.027236,-0.006279,-0.005864
2025-12-16 17:49:42.752,0.204210,0.046021,0.084636,-2.485441,1.400549,2.212797,1.533734,-0.009571,0.056816,-0.005001,0.059314,-0.016709,-0.012745,0.000585
2025-12-16 17:49:42.802,0.203741,0.048537,0.084143,-2.482904,1.399708,2.212401,1.533735,-0.009848,0.049482,-0.008538,0.044688,-0.015257,-0.010263,0.001111
2025-12-16 17:49:42.852,0.203291,0.050950,0.083710,-2.480464,1.398988,2.212078,1.533733,-0.005871,0.051498,-0.010196,0.045050,-0.011767,-0.003197,-0.000618
2025-12-16 17:49:42.902,0.202982,0.053779,0.083391,-2.477617,1.398358,2.211971,1.533739,-0.006390,0.072270,-0.008788,0.066452,-0.011700,-0.002579,0.001674
2025-12-16 17:49:42.952,0.202739,0.057580,0.083148,-2.474034,1.397858,2.211936,1.533487,-0.003282,0.084159,-0.002685,0.074805,-0.002978,-0.000058,-0.011916
2025-12-16 17:49:43.002,0.202469,0.062238,0.082907,-2.469951,1.397567,2.211932,1.532963,-0.003584,0.098957,-0.008826,0.088315,0.000058,0.000017,-0.011038
2025-12-16 17:49:43.052,0.202302,0.067338,0.082701,-2.465492,1.397489,2.211968,1.532279,-0.005027,0.104865,-0.002182,0.097452,-0.000274,-0.000597,-0.019995
2025-12-16 17:49:43.102,0.202227,0.072359,0.082590,-2.461039,1.397447,2.212249,1.531580,0.001218,0.095461,-0.002162,0.084907,0.000240,0.006811,-0.015278
2025-12-16 17:49:43.152,0.202208,0.076612,0.082545,-2.457106,1.397440,2.212520,1.531044,0.000102,0.075203,-0.001044,0.068515,0.000295,0.003279,-0.003695
2025-12-16 17:49:43.202,0.202212,0.079644,0.082548,-2.454230,1.397401,2.212684,1.530972,-0.001158,0.049501,-0.000046,0.054097,-0.003746,0.002866,-0.001935
2025-12-16 17:49:43.252,0.202219,0.082022,0.082546,-2.451713,1.397212,2.212896,1.530984,-0.000356,0.046957,-0.000548,0.049746,-0.009258,0.000781,0.000892
2025-12-16 17:49:43.302,0.202220,0.084252,0.082513,-2.449167,1.396778,2.212914,1.531223,0.000130,0.048576,-0.001906,0.054424,-0.002718,0.000002,0.013205
2025-12-16 17:49:43.352,0.202073,0.086882,0.082280,-2.446309,1.396130,2.212897,1.531553,-0.005766,0.057116,-0.006488,0.061887,-0.010999,-0.000489,0.011409
2025-12-16 17:49:43.402,0.201603,0.090051,0.081782,-2.442861,1.395042,2.212601,1.531853,-0.011547,0.068446,-0.011514,0.072161,-0.023240,-0.006326,0.002986
2025-12-16 17:49:43.452,0.201039,0.093871,0.081172,-2.438872,1.393775,2.212192,1.531960,-0.012523,0.081604,-0.011177,0.086745,-0.028818,-0.011670,0.001320
2025-12-16 17:49:43.502,0.200463,0.098291,0.080544,-2.434390,1.392487,2.211712,1.531978,-0.014598,0.085600,-0.017162,0.090886,-0.025617,-0.011777,-0.001164
2025-12-16 17:49:43.552,0.199799,0.102859,0.079837,-2.429820,1.391214,2.211185,1.531955,-0.012728,0.095559,-0.016562,0.091019,-0.026478,-0.009875,-0.001149
2025-12-16 17:49:43.602,0.199051,0.107815,0.079079,-2.425141,1.389961,2.210605,1.531661,-0.017948,0.097761,-0.011667,0.091766,-0.019396,-0.014386,-0.004835
2025-12-16 17:49:43.652,0.198300,0.112545,0.078346,-2.420767,1.388922,2.210035,1.531242,-0.013629,0.090702,-0.013155,0.083383,-0.013271,-0.014497,-0.005575
2025-12-16 17:49:43.702,0.197582,0.116884,0.077616,-2.416913,1.387991,2.209506,1.530664,-0.014119,0.079336,-0.011100,0.071896,-0.017999,-0.010254,-0.016830
2025-12-16 17:49:43.753,0.196966,0.120790,0.076966,-2.413436,1.387256,2.209026,1.529936,-0.010228,0.080921,-0.015037,0.068908,-0.018202,-0.011553,-0.012248
2025-12-16 17:49:43.802,0.196441,0.124274,0.076426,-2.410401,1.386609,2.208618,1.529277,-0.011638,0.067533,-0.011300,0.061070,-0.015720,-0.002631,-0.015009
2025-12-16 17:49:43.852,0.195926,0.127435,0.075905,-2.407597,1.386040,2.208278,1.528661,-0.010687,0.059476,-0.011410,0.055882,-0.014304,-0.002079,-0.008989
2025-12-16 17:49:43.902,0.195422,0.130441,0.075398,-2.404950,1.385459,2.207909,1.528127,-0.011167,0.052137,-0.008367,0.052216,-0.013026,-0.003257,-0.012428
2025-12-16 17:49:43.952,0.195012,0.132686,0.074971,-2.402982,1.384945,2.207583,1.527722,-0.010921,0.041626,-0.007147,0.034910,-0.009302,-0.005490,-0.009977
2025-12-16 17:49:44.002,0.194646,0.134671,0.074594,-2.401229,1.384466,2.207338,1.527375,-0.006586,0.035494,-0.009341,0.034997,-0.005935,-0.001536,-0.000345
2025-12-16 17:49:44.052,0.194358,0.136503,0.074316,-2.399503,1.384041,2.207084,1.527126,-0.007146,0.037219,-0.002654,0.038942,-0.008838,-0.003882,-0.004674
2025-12-16 17:49:44.103,0.194042,0.138752,0.074042,-2.397497,1.383594,2.206773,1.526798,-0.003441,0.038264,-0.009261,0.035409,-0.008247,-0.005755,-0.004340
2025-12-16 17:49:44.152,0.193741,0.140688,0.073765,-2.395778,1.383200,2.206547,1.526541,-0.006142,0.036426,-0.004882,0.035371,-0.008628,-0.004654,0.000966
2025-12-16 17:49:44.203,0.193394,0.143044,0.073380,-2.393719,1.382848,2.206374,1.526131,-0.003144,0.050281,-0.005691,0.043799,-0.001774,-0.000939,-0.002784
2025-12-16 17:49:44.255,0.193152,0.144990,0.073142,-2.392002,1.382565,2.206235,1.525802,-0.004421,0.038127,-0.006194,0.032938,-0.003502,-0.005677,-0.012338
2025-12-16 17:49:44.301,0.192977,0.147014,0.072966,-2.390276,1.382310,2.206113,1.525468,-0.003464,0.041431,-0.004673,0.032976,-0.002127,-0.000593,-0.013959
2025-12-16 17:49:44.352,0.192794,0.148958,0.072782,-2.388546,1.382039,2.205965,1.525171,-0.002131,0.037021,-0.003855,0.037463,-0.007142,-0.001211,-0.009326
2025-12-16 17:49:44.402,0.192567,0.151031,0.072518,-2.386720,1.381770,2.205860,1.524861,-0.004598,0.041138,-0.001996,0.031985,-0.009217,-0.003190,-0.008776
2025-12-16 17:49:44.452,0.192281,0.153004,0.072250,-2.385082,1.381598,2.205707,1.524484,-0.003142,0.037353,-0.006817,0.031056,-0.003511,-0.004440,-0.009272
2025-12-16 17:49:44.502,0.192031,0.154961,0.071990,-2.383488,1.381351,2.205586,1.524011,-0.001221,0.031576,-0.003840,0.033042,-0.001785,-0.002236,-0.007914
2025-12-16 17:49:44.551,0.191850,0.156298,0.071825,-2.382446,1.381235,2.205471,1.523574,-0.003990,0.021029,-0.002754,0.014745,-0.000376,-0.003077,-0.007206
2025-12-16 17:49:44.601,0.191762,0.156989,0.071776,-2.381963,1.381227,2.205444,1.523096,-0.001938,0.010122,-0.001205,0.009192,-0.000320,0.000003,-0.010370
2025-12-16 17:49:44.652,0.191716,0.157205,0.071734,-2.381882,1.381226,2.205435,1.522797,-0.000801,0.001324,-0.000728,-0.000519,-0.000019,0.000454,-0.003991
2025-12-16 17:49:44.702,0.191706,0.157175,0.071734,-2.382090,1.381226,2.205435,1.522560,-0.001831,0.000063,-0.002740,-0.002547,-0.000415,-0.000559,-0.008196
2025-12-16 17:49:44.752,0.191710,0.157200,0.071736,-2.382256,1.381229,2.205433,1.522198,0.000554,-0.000306,-0.000008,-0.000339,0.000145,-0.000023,-0.006567
2025-12-16 17:49:44.802,0.191636,0.157232,0.071725,-2.382325,1.381231,2.205434,1.521756,-0.005764,0.001289,-0.004354,-0.000799,0.000371,-0.000024,-0.007174
2025-12-16 17:49:44.852,0.191510,0.157513,0.071650,-2.382422,1.381252,2.205436,1.521253,-0.000451,0.010797,-0.001527,-0.004916,0.000372,0.000431,-0.008960
2025-12-16 17:49:44.902,0.191398,0.157807,0.071555,-2.382707,1.381300,2.205417,1.520732,-0.003439,0.005449,-0.001855,-0.008577,0.002487,0.000158,-0.009294
2025-12-16 17:49:44.952,0.191283,0.158102,0.071448,-2.382950,1.381405,2.205374,1.520181,-0.006553,0.004391,-0.000856,-0.002262,0.004131,-0.000016,-0.006880
2025-12-16 17:49:45.003,0.191110,0.158522,0.071327,-2.383033,1.381548,2.205316,1.519483,-0.004257,0.008503,-0.006128,-0.001461,0.000642,0.000111,-0.014864
2025-12-16 17:49:45.052,0.190840,0.159182,0.071116,-2.383014,1.381689,2.205214,1.518520,-0.006269,0.022361,-0.003177,-0.000378,0.001366,-0.000371,-0.023146
2025-12-16 17:49:45.102,0.190450,0.160534,0.070805,-2.382708,1.381899,2.205058,1.517176,-0.009226,0.037683,-0.009039,0.004518,0.015733,0.000917,-0.030228
2025-12-16 17:49:45.152,0.189996,0.162456,0.070413,-2.382145,1.382031,2.204874,1.515543,-0.013476,0.041937,-0.007611,0.009743,0.004047,-0.000299,-0.034340
2025-12-16 17:49:45.202,0.189519,0.164704,0.070016,-2.381503,1.382225,2.204649,1.513819,-0.006998,0.051015,-0.007917,0.015881,-0.000421,-0.000877,-0.032329
2025-12-16 17:49:45.253,0.189072,0.167042,0.069695,-2.380653,1.382424,2.204460,1.512062,-0.007330,0.049901,-0.010034,0.019945,0.000533,-0.009521,-0.033215
2025-12-16 17:49:45.302,0.188614,0.169308,0.069344,-2.379705,1.382606,2.204289,1.510330,-0.008547,0.039491,-0.007546,0.023627,0.008537,-0.002589,-0.038521
2025-12-16 17:49:45.352,0.188164,0.171493,0.068980,-2.378768,1.382783,2.204122,1.508587,-0.011240,0.045002,-0.008172,0.013993,0.006378,-0.000467,-0.035770
2025-12-16 17:49:45.402,0.187693,0.173659,0.068565,-2.377905,1.382933,2.203937,1.506960,-0.008659,0.042504,-0.011081,0.018767,0.009856,-0.004475,-0.032600
2025-12-16 17:49:45.452,0.187231,0.175851,0.068233,-2.376961,1.383144,2.203825,1.505378,-0.008903,0.047461,-0.003531,0.024201,0.001678,-0.000874,-0.029166
2025-12-16 17:49:45.503,0.186792,0.178024,0.067918,-2.376090,1.383328,2.203646,1.503819,-0.002525,0.040376,-0.003828,0.020032,0.011538,-0.001089,-0.026999
2025-12-16 17:49:45.552,0.186457,0.179777,0.067690,-2.375344,1.383468,2.203574,1.502555,-0.006348,0.033257,-0.004143,0.010312,0.005430,-0.001713,-0.023310
2025-12-16 17:49:45.602,0.186188,0.181355,0.067459,-2.374787,1.383674,2.203504,1.501311,-0.005191,0.028824,-0.002579,0.011666,0.003293,-0.000404,-0.024251
2025-12-16 17:49:45.652,0.185932,0.182569,0.067271,-2.374273,1.383850,2.203440,1.500322,-0.004114,0.020986,-0.002120,0.011632,0.003483,-0.005959,-0.013664
2025-12-16 17:49:45.702,0.185767,0.183384,0.067149,-2.373814,1.383930,2.203400,1.499634,-0.000033,0.013787,0.000122,0.007040,0.000793,-0.000542,-0.006820
2025-12-16 17:49:45.753,0.185654,0.183969,0.067074,-2.373630,1.384040,2.203380,1.499012,0.001196,0.011848,-0.001457,0.001378,0.000023,-0.002335,-0.011614
2025-12-16 17:49:45.802,0.185576,0.184454,0.067040,-2.373646,1.384199,2.203371,1.498540,-0.000687,0.012849,-0.000541,0.000680,0.010051,0.000398,-0.010999
2025-12-16 17:49:45.852,0.185563,0.184891,0.067027,-2.373650,1.384395,2.203370,1.498145,-0.000317,0.010449,-0.000673,-0.000237,0.000271,-0.000914,-0.005375
2025-12-16 17:49:45.901,0.185557,0.185346,0.067025,-2.373639,1.384665,2.203385,1.497764,0.000020,0.005530,-0.001182,0.003062,0.002267,-0.000616,-0.005014
2025-12-16 17:49:45.952,0.185556,0.186024,0.067025,-2.373339,1.384996,2.203445,1.497319,0.000223,0.017556,-0.000239,0.011291,0.008773,0.000448,-0.004345
2025-12-16 17:49:46.002,0.185559,0.186776,0.067034,-2.373005,1.385501,2.203727,1.496607,-0.000660,0.015965,-0.001157,0.003251,0.013001,0.000660,-0.020144
2025-12-16 17:49:46.052,0.185646,0.187775,0.067231,-2.372762,1.386320,2.204164,1.495648,-0.000174,0.021052,0.007876,0.006326,0.016953,0.002646,-0.019774
2025-12-16 17:49:46.103,0.185783,0.188946,0.067401,-2.372744,1.387314,2.204626,1.494385,0.000280,0.019204,0.005467,-0.000357,0.019282,0.006001,-0.020768
2025-12-16 17:49:46.152,0.185896,0.190089,0.067570,-2.372715,1.388177,2.205032,1.493263,0.000722,0.022888,0.004940,0.000973,0.015702,0.014127,-0.020285
2025-12-16 17:49:46.202,0.185999,0.191275,0.067724,-2.372689,1.389030,2.205415,1.491987,0.002193,0.023464,0.006275,-0.000208,0.018160,0.007329,-0.031117
2025-12-16 17:49:46.255,0.186032,0.192488,0.067805,-2.372489,1.389881,2.205794,1.490655,-0.000043,0.028209,0.006288,0.010595,0.021176,0.003677,-0.017882
2025-12-16 17:49:46.302,0.186055,0.193591,0.067891,-2.372260,1.390666,2.206098,1.489462,-0.000106,0.025765,0.002330,0.002139,0.019028,0.003389,-0.025292
2025-12-16 17:49:46.352,0.186102,0.194853,0.068017,-2.372224,1.391562,2.206461,1.488122,0.002582,0.026743,0.001559,0.002200,0.022240,0.002524,-0.028595
2025-12-16 17:49:46.401,0.186144,0.196454,0.068099,-2.371805,1.392454,2.206825,1.486696,0.000021,0.031094,0.003130,0.007896,0.018125,0.011791,-0.025607
2025-12-16 17:49:46.452,0.186149,0.198341,0.068143,-2.371200,1.393314,2.207100,1.485187,-0.000752,0.041314,0.000205,0.013598,0.016842,0.007120,-0.034156
2025-12-16 17:49:46.502,0.186119,0.200164,0.068135,-2.370674,1.394036,2.207319,1.483716,-0.000664,0.031868,-0.000122,0.007950,0.015943,0.003957,-0.030516
2025-12-16 17:49:46.552,0.186108,0.201635,0.068134,-2.370271,1.394736,2.207508,1.482236,0.000508,0.024905,0.000124,0.005635,0.017215,0.000265,-0.020740
2025-12-16 17:49:46.602,0.186120,0.202766,0.068168,-2.370191,1.395457,2.207761,1.480939,0.000148,0.016727,-0.000224,0.000368,0.013129,0.003707,-0.018157
2025-12-16 17:49:46.653,0.186107,0.203609,0.068183,-2.370194,1.396078,2.207935,1.479886,-0.000674,0.009535,0.000829,0.000680,0.013902,0.002600,-0.018167
2025-12-16 17:49:46.702,0.185992,0.204167,0.068180,-2.370194,1.396358,2.207956,1.479184,-0.002465,0.012916,-0.000209,-0.000433,0.003219,-0.000413,-0.011286
2025-12-16 17:49:46.752,0.185902,0.204696,0.068165,-2.370191,1.396499,2.207958,1.478592,0.001177,0.010246,0.000141,-0.000102,0.004300,-0.000267,-0.018646
2025-12-16 17:49:46.801,0.185858,0.205266,0.068161,-2.370181,1.396663,2.207960,1.478060,0.000652,0.013376,-0.000189,0.002597,0.000712,0.000522,-0.010181
2025-12-16 17:49:46.852,0.185690,0.205934,0.068110,-2.370145,1.396877,2.207962,1.477384,-0.001058,0.011286,-0.000091,-0.000894,0.002906,0.000700,-0.017406
2025-12-16 17:49:46.902,0.185480,0.206749,0.067937,-2.370074,1.397204,2.207959,1.476426,-0.005496,0.017012,-0.004111,-0.000614,0.007157,0.000079,-0.026934
2025-12-16 17:49:46.952,0.185249,0.207716,0.067791,-2.369860,1.397467,2.207954,1.475447,-0.002393,0.020029,-0.004385,0.004984,0.008989,-0.000491,-0.020771
2025-12-16 17:49:47.002,0.185025,0.208683,0.067657,-2.369652,1.397679,2.207945,1.474380,-0.007949,0.021894,-0.006168,0.002287,0.000071,-0.000236,-0.019734
2025-12-16 17:49:47.052,0.184791,0.209717,0.067522,-2.369446,1.397938,2.207931,1.473215,-0.004741,0.020187,-0.002636,0.004189,0.000737,0.000306,-0.022370
2025-12-16 17:49:47.103,0.184534,0.210777,0.067318,-2.369349,1.398180,2.207907,1.472047,0.000098,0.018463,-0.009854,-0.000226,0.005287,0.000496,-0.022627
2025-12-16 17:49:47.153,0.184257,0.211775,0.067144,-2.369345,1.398449,2.207877,1.470867,-0.003979,0.017914,-0.002745,-0.000084,0.003623,0.000689,-0.026963
2025-12-16 17:49:47.202,0.183949,0.212663,0.066888,-2.369357,1.398728,2.207659,1.469570,-0.004369,0.016161,-0.005191,0.000328,0.011342,-0.002750,-0.018476
2025-12-16 17:49:47.251,0.183621,0.213363,0.066709,-2.369396,1.399113,2.207642,1.468175,-0.011481,0.014705,-0.003749,-0.001133,0.010403,0.000364,-0.029979
2025-12-16 17:49:47.302,0.183401,0.214062,0.066588,-2.369558,1.399484,2.207615,1.466840,-0.006300,0.015781,-0.004576,-0.004990,0.006832,0.000150,-0.023808
2025-12-16 17:49:47.352,0.183148,0.214884,0.066443,-2.369647,1.399834,2.207538,1.465554,-0.003297,0.016263,-0.007744,-0.001077,0.000945,-0.000084,-0.017006
2025-12-16 17:49:47.402,0.182878,0.215544,0.066281,-2.369756,1.400087,2.207419,1.464578,-0.004063,0.011824,-0.003250,-0.000899,0.001714,-0.001725,-0.013814
2025-12-16 17:49:47.452,0.182585,0.216099,0.066012,-2.369806,1.400118,2.207171,1.463837,-0.007616,0.012335,-0.006520,-0.000134,0.000333,-0.000673,-0.014983
2025-12-16 17:49:47.502,0.182180,0.216616,0.065655,-2.369809,1.400117,2.206823,1.463222,-0.009413,0.011526,-0.011198,-0.000040,0.000697,-0.010843,-0.014245
2025-12-16 17:49:47.552,0.181735,0.217044,0.065280,-2.369805,1.400076,2.206412,1.462817,-0.010180,0.009923,-0.006552,0.001557,-0.001471,-0.005003,-0.001377
2025-12-16 17:49:47.602,0.181484,0.217233,0.065096,-2.369806,1.399861,2.206161,1.462687,0.001289,-0.001308,-0.004542,-0.000318,-0.000380,-0.000076,-0.000766
2025-12-16 17:49:47.651,0.181391,0.217239,0.065028,-2.369788,1.399707,2.205953,1.462543,-0.001370,-0.000283,0.001080,0.000586,-0.004477,-0.000321,-0.002123
2025-12-16 17:49:47.704,0.181398,0.217241,0.065024,-2.369788,1.399674,2.205945,1.462518,-0.000438,-0.001375,-0.002739,0.000443,-0.000688,-0.000130,-0.001342
2025-12-16 17:49:47.752,0.181393,0.217297,0.065031,-2.369785,1.399675,2.205946,1.462368,0.000761,0.005214,0.000304,-0.001540,0.000118,0.000181,-0.006744
2025-12-16 17:49:47.802,0.181393,0.217450,0.065031,-2.369788,1.399680,2.205955,1.462085,-0.000785,0.006942,0.000255,-0.000777,0.003439,0.000186,-0.011941
2025-12-16 17:49:47.852,0.181409,0.217807,0.065059,-2.369802,1.399808,2.205974,1.461611,-0.000249,0.008514,-0.000094,-0.002454,0.006366,0.001113,-0.013681
2025-12-16 17:49:47.902,0.181400,0.218208,0.065061,-2.369998,1.400147,2.206040,1.460975,-0.000657,0.006292,0.001016,-0.004665,0.006907,0.003203,-0.010775
2025-12-16 17:49:47.952,0.181359,0.218759,0.065052,-2.370063,1.400402,2.206205,1.460064,-0.001548,0.013008,0.000501,-0.001539,0.007577,-0.000611,-0.013585
2025-12-16 17:49:48.002,0.181299,0.219621,0.065052,-2.370020,1.400904,2.206206,1.458961,0.000063,0.026178,-0.000853,-0.001005,0.012076,-0.000147,-0.019623
2025-12-16 17:49:48.052,0.181187,0.221119,0.065060,-2.369680,1.401417,2.206259,1.457627,-0.002721,0.038595,0.000420,0.006424,0.006062,0.003702,-0.027464
2025-12-16 17:49:48.102,0.180936,0.222742,0.065056,-2.369326,1.401963,2.206300,1.456138,-0.006746,0.028269,-0.000624,0.006088,0.013805,0.000465,-0.030777
2025-12-16 17:49:48.151,0.180690,0.224305,0.064980,-2.369023,1.402499,2.206330,1.454550,0.000156,0.037213,0.000385,0.008007,0.004051,0.000319,-0.031916
2025-12-16 17:49:48.202,0.180587,0.226261,0.064954,-2.368488,1.403176,2.206421,1.452865,-0.000386,0.041743,0.000467,0.013967,0.019788,0.006816,-0.033339
2025-12-16 17:49:48.253,0.180553,0.228460,0.064956,-2.367847,1.403955,2.206500,1.450981,-0.001178,0.048646,-0.000330,0.015710,0.013271,0.000393,-0.031243
2025-12-16 17:49:48.302,0.180380,0.230836,0.064961,-2.366975,1.404648,2.206520,1.449150,-0.003656,0.047781,-0.000727,0.018638,0.014536,0.002452,-0.038688
2025-12-16 17:49:48.352,0.180149,0.233170,0.064935,-2.365881,1.405183,2.206530,1.447519,-0.001867,0.046566,-0.001720,0.022503,0.004566,0.000328,-0.024885
2025-12-16 17:49:48.402,0.180028,0.235170,0.064824,-2.364837,1.405503,2.206528,1.446284,-0.005914,0.035979,-0.003153,0.019011,0.006312,0.000743,-0.017820
2025-12-16 17:49:48.452,0.179940,0.236407,0.064800,-2.364072,1.405676,2.206522,1.445505,-0.003103,0.019863,-0.004085,0.010664,0.000301,-0.000315,-0.015788
2025-12-16 17:49:48.502,0.179878,0.236877,0.064757,-2.363649,1.405687,2.206517,1.445155,-0.000001,0.004153,0.000770,0.006182,-0.000048,-0.000309,-0.002368
2025-12-16 17:49:48.552,0.179871,0.236866,0.064734,-2.363642,1.405694,2.206511,1.445157,0.000311,-0.000314,-0.000306,-0.001511,0.000114,0.000148,-0.000050
2025-12-16 17:49:48.602,0.179848,0.236869,0.064711,-2.363656,1.405693,2.206511,1.445160,-0.000075,-0.000991,-0.000837,-0.000885,-0.000507,0.000116,0.000399
2025-12-16 17:49:48.651,0.179848,0.236879,0.064711,-2.363651,1.405704,2.206512,1.445153,0.000229,0.000410,0.000783,0.000593,0.002352,-0.000427,-0.000027
2025-12-16 17:49:48.704,0.179823,0.236972,0.064696,-2.363650,1.405787,2.206516,1.444863,-0.000258,0.002055,-0.000171,0.000611,0.001834,0.000338,-0.007130
2025-12-16 17:49:48.752,0.179834,0.237374,0.064704,-2.363657,1.406116,2.206512,1.444448,0.000438,0.012555,-0.000243,-0.000218,0.005921,-0.000051,-0.011460
2025-12-16 17:49:48.802,0.179816,0.237758,0.064705,-2.363698,1.406365,2.206526,1.443989,-0.000363,0.011493,-0.000068,0.000603,0.004810,0.000225,-0.012630
2025-12-16 17:49:48.853,0.179767,0.238005,0.064697,-2.363731,1.406535,2.206550,1.443516,-0.001367,0.002379,0.000104,-0.002183,0.003869,0.000629,-0.005390
2025-12-16 17:49:48.903,0.179770,0.238205,0.064709,-2.363762,1.406842,2.206600,1.443065,0.000459,0.002632,0.000014,-0.000339,0.000345,0.002013,-0.010297
2025-12-16 17:49:48.952,0.179777,0.238333,0.064743,-2.363901,1.407288,2.206810,1.442631,0.000342,-0.000937,0.000567,-0.005105,0.006350,0.000919,-0.005304
2025-12-16 17:49:49.005,0.179927,0.238377,0.065014,-2.364268,1.407901,2.207239,1.442179,0.007287,0.003216,0.006033,-0.005817,0.016997,0.012142,-0.017224
2025-12-16 17:49:49.053,0.180447,0.238754,0.065566,-2.364745,1.409353,2.208045,1.441367,0.009782,0.009464,0.010419,-0.007951,0.041934,0.018578,-0.025025
2025-12-16 17:49:49.104,0.181112,0.239327,0.066344,-2.365248,1.411532,2.209237,1.440036,0.009794,0.014926,0.014398,-0.009285,0.031282,0.018310,-0.020950
2025-12-16 17:49:49.154,0.181673,0.239805,0.066939,-2.365735,1.413307,2.210193,1.438732,0.010135,0.011254,0.010579,-0.006097,0.024670,0.016615,-0.023538
2025-12-16 17:49:49.202,0.181883,0.240251,0.067232,-2.365960,1.414027,2.210600,1.438015,-0.001169,0.009501,0.001088,-0.000508,0.012393,0.000065,-0.011991
2025-12-16 17:49:49.252,0.181788,0.240460,0.067097,-2.365942,1.414096,2.210580,1.437711,-0.001255,-0.000584,-0.003417,0.001703,0.001048,-0.000133,0.000778
2025-12-16 17:49:49.302,0.181541,0.240494,0.066886,-2.365849,1.414016,2.210254,1.437708,-0.003971,0.000978,-0.003596,0.004440,-0.001684,-0.007140,-0.001200
2025-12-16 17:49:49.352,0.181563,0.240657,0.066874,-2.365680,1.413893,2.210168,1.437715,0.000336,0.007625,0.000245,0.002327,0.000202,-0.000669,0.001940
2025-12-16 17:49:49.404,0.181592,0.241112,0.066955,-2.365633,1.413889,2.210180,1.437673,0.000091,0.012003,0.000970,0.000245,-0.000577,0.000934,0.000004
2025-12-16 17:49:49.452,0.181593,0.241547,0.066965,-2.365629,1.413978,2.210224,1.437184,-0.000046,0.007103,0.001715,0.001111,-0.000540,0.002341,-0.015226
2025-12-16 17:49:49.503,0.181590,0.242178,0.066982,-2.365464,1.414234,2.210371,1.436533,-0.001182,0.013313,0.000527,0.010922,0.010902,0.000105,-0.014974
2025-12-16 17:49:49.553,0.181558,0.243078,0.066972,-2.365010,1.414406,2.210372,1.435701,0.000520,0.015512,0.000481,0.011757,0.001828,0.000770,-0.011770
2025-12-16 17:49:49.603,0.181507,0.244182,0.066974,-2.364567,1.414728,2.210365,1.434815,-0.006424,0.022199,-0.000558,0.005170,0.003693,-0.000706,-0.016829
2025-12-16 17:49:49.651,0.181376,0.245430,0.066972,-2.364112,1.415016,2.210363,1.433900,-0.001396,0.024816,0.000993,0.007407,0.006879,0.000054,-0.011966
2025-12-16 17:49:49.702,0.181258,0.246755,0.066943,-2.363581,1.415261,2.210364,1.433081,-0.001583,0.027458,-0.001013,0.010045,0.005449,-0.000080,-0.013797
2025-12-16 17:49:49.752,0.181191,0.248018,0.066910,-2.363016,1.415444,2.210362,1.432327,-0.001704,0.016746,0.000009,0.014240,-0.000580,-0.000183,-0.016146
2025-12-16 17:49:49.803,0.181102,0.249104,0.066881,-2.362430,1.415630,2.210364,1.431719,-0.001607,0.025463,0.000375,0.011881,0.000778,-0.000440,-0.011645
2025-12-16 17:49:49.852,0.181032,0.249982,0.066839,-2.361915,1.415755,2.210370,1.431164,-0.002507,0.015457,-0.000700,0.012023,0.000429,0.000382,-0.012057
2025-12-16 17:49:49.902,0.180986,0.250526,0.066814,-2.361692,1.415949,2.210375,1.430664,-0.002169,0.004926,-0.000427,-0.000904,0.002950,-0.001044,-0.012228
2025-12-16 17:49:49.952,0.180940,0.250968,0.066803,-2.361688,1.416034,2.210378,1.430329,-0.000677,0.003365,-0.000185,-0.002627,0.005594,0.000073,-0.000790
2025-12-16 17:49:50.002,0.180877,0.251175,0.066763,-2.361696,1.416069,2.210379,1.430144,-0.005036,0.004171,0.000897,-0.000033,0.001120,-0.000240,-0.002393
2025-12-16 17:49:50.051,0.180781,0.251277,0.066682,-2.361700,1.416127,2.210383,1.429814,-0.001295,-0.000339,-0.000801,-0.001429,0.001715,0.000545,0.000068
2025-12-16 17:49:50.102,0.180765,0.251382,0.066664,-2.361698,1.416243,2.210382,1.429567,0.000604,0.000052,-0.000040,-0.000252,0.002560,0.000526,-0.004573
2025-12-16 17:49:50.152,0.180723,0.251537,0.066649,-2.361696,1.416283,2.210382,1.429374,-0.002657,0.004361,-0.000747,0.000876,0.000446,0.000635,-0.007234
2025-12-16 17:49:50.202,0.180621,0.251715,0.066613,-2.361695,1.416293,2.210368,1.429125,-0.004257,0.003916,-0.000352,0.002032,0.000096,-0.001490,-0.003884
2025-12-16 17:49:50.253,0.180498,0.251994,0.066476,-2.361698,1.416295,2.210353,1.428782,-0.001341,0.005714,-0.004528,-0.000758,0.000187,0.000599,-0.010925
2025-12-16 17:49:50.303,0.180388,0.252445,0.066402,-2.361698,1.416316,2.210341,1.428346,-0.003371,0.006771,-0.001007,-0.000958,-0.000675,-0.000456,-0.009667
2025-12-16 17:49:50.352,0.180342,0.252916,0.066393,-2.361696,1.416602,2.210341,1.427768,-0.000446,0.011387,-0.000003,0.000503,0.001142,-0.000170,-0.005550
2025-12-16 17:49:50.402,0.180208,0.253489,0.066368,-2.361696,1.416933,2.210338,1.426824,-0.004823,0.006330,0.000120,0.000082,0.005566,-0.000393,-0.022885
2025-12-16 17:49:50.452,0.180095,0.254091,0.066267,-2.361691,1.417310,2.210343,1.425869,-0.000361,0.013706,-0.004439,0.000172,0.010671,-0.000426,-0.022882
2025-12-16 17:49:50.503,0.179967,0.254847,0.066216,-2.361711,1.417712,2.210351,1.424873,-0.005157,0.018743,-0.004080,-0.000477,0.005439,0.000326,-0.020614
2025-12-16 17:49:50.551,0.179863,0.255535,0.066171,-2.361742,1.418080,2.210357,1.423968,-0.001035,0.006552,-0.000122,-0.000545,0.006930,0.000684,-0.015311
2025-12-16 17:49:50.602,0.179807,0.256024,0.066113,-2.361813,1.418277,2.210386,1.423380,-0.000789,0.010018,-0.001389,-0.000961,0.001927,0.000104,-0.010619
2025-12-16 17:49:50.652,0.179722,0.256340,0.065923,-2.361970,1.418323,2.210659,1.423141,-0.000848,0.002479,-0.001657,-0.005551,0.003602,0.010108,-0.001409
2025-12-16 17:49:50.702,0.179082,0.256825,0.065089,-2.362419,1.418418,2.211917,1.422957,-0.013734,0.017152,-0.017515,-0.009876,0.020541,0.012574,-0.008458
2025-12-16 17:49:50.751,0.179530,0.259261,0.065582,-2.361957,1.421505,2.213326,1.421423,0.030910,0.077048,0.032670,0.023313,0.084320,0.050923,-0.050818
2025-12-16 17:49:50.803,0.181388,0.264050,0.067580,-2.361023,1.426348,2.216637,1.417604,0.037320,0.108122,0.032708,0.013996,0.110895,0.058722,-0.089061
2025-12-16 17:49:50.852,0.183170,0.269381,0.069541,-2.359939,1.432153,2.219799,1.413152,0.033983,0.101719,0.045214,0.022666,0.126841,0.063700,-0.093086
2025-12-16 17:49:50.902,0.184620,0.274304,0.071224,-2.359031,1.437362,2.222473,1.408200,0.025770,0.084127,0.028985,0.010043,0.089265,0.044536,-0.094954
2025-12-16 17:49:50.952,0.185450,0.277564,0.072277,-2.358743,1.441013,2.224119,1.404448,0.005970,0.057231,0.009718,0.002932,0.051982,0.020192,-0.067754
2025-12-16 17:49:51.002,0.185131,0.279150,0.072150,-2.359004,1.441814,2.224255,1.401872,-0.019550,0.011024,-0.011541,-0.008221,-0.004704,-0.010300,-0.024743
2025-12-16 17:49:51.052,0.183894,0.279253,0.070985,-2.359085,1.440742,2.222915,1.401157,-0.030311,0.000256,-0.030225,0.009856,-0.050111,-0.035224,0.000142
2025-12-16 17:49:51.102,0.182366,0.279415,0.069529,-2.358508,1.438053,2.220927,1.401182,-0.031989,0.000810,-0.026656,0.014121,-0.055297,-0.038253,0.003223
2025-12-16 17:49:51.152,0.180934,0.279393,0.068138,-2.357842,1.435161,2.219040,1.401931,-0.026767,0.000052,-0.030057,0.015640,-0.056445,-0.043369,0.022884
2025-12-16 17:49:51.202,0.179686,0.279241,0.066853,-2.357220,1.432651,2.217420,1.402932,-0.019744,-0.008498,-0.023673,0.010616,-0.049800,-0.028802,0.020349
2025-12-16 17:49:51.252,0.178861,0.279004,0.065940,-2.356704,1.430717,2.216334,1.403762,-0.012314,-0.008830,-0.012407,0.010574,-0.030751,-0.017563,0.015093
2025-12-16 17:49:51.302,0.178396,0.278680,0.065461,-2.356398,1.429777,2.215763,1.404377,-0.008128,-0.001710,-0.006417,0.001907,-0.012896,-0.008014,0.012710
2025-12-16 17:49:51.351,0.178375,0.278712,0.065421,-2.356418,1.429658,2.215679,1.404411,0.000427,0.001084,-0.000084,-0.009187,-0.000072,-0.000415,-0.000182
2025-12-16 17:49:51.402,0.178384,0.278435,0.065470,-2.356810,1.429671,2.215677,1.404397,-0.000927,-0.004192,0.001281,-0.003412,-0.000132,-0.000674,0.000471
2025-12-16 17:49:51.452,0.178386,0.278088,0.065503,-2.357215,1.429758,2.215691,1.404164,-0.000372,-0.011500,0.000587,-0.008355,0.008933,-0.000635,-0.011522
2025-12-16 17:49:51.502,0.178404,0.277989,0.065593,-2.357558,1.430058,2.215738,1.403895,-0.000167,0.002353,0.004326,-0.003620,0.011295,0.002491,-0.006643
2025-12-16 17:49:51.551,0.178518,0.278229,0.065731,-2.357608,1.430447,2.215955,1.403480,0.004319,0.002145,0.002486,0.000677,0.004371,-0.000421,-0.008369
2025-12-16 17:49:51.602,0.178572,0.278271,0.065778,-2.357649,1.430688,2.216029,1.403189,-0.000379,-0.000046,-0.000247,-0.000437,0.009262,-0.000138,-0.007722
2025-12-16 17:49:51.652,0.178568,0.278345,0.065778,-2.357638,1.430718,2.216070,1.403118,0.000306,0.001734,0.000015,0.000586,0.002955,0.000591,0.000620
2025-12-16 17:49:51.702,0.178565,0.278347,0.065776,-2.357641,1.430719,2.216071,1.403100,-0.001111,0.000492,-0.001087,-0.000745,0.000353,0.000291,-0.001384
2025-12-16 17:49:51.752,0.178570,0.278350,0.065780,-2.357645,1.430722,2.216071,1.403107,-0.001152,0.000010,-0.000241,0.000157,0.000149,0.000828,0.000989
2025-12-16 17:49:51.802,0.178570,0.278347,0.065780,-2.357640,1.430725,2.216069,1.403086,0.000693,-0.000691,0.000293,-0.002211,-0.000094,-0.000145,-0.002465
2025-12-16 17:49:51.852,0.178568,0.278333,0.065781,-2.357657,1.430734,2.216070,1.403075,0.000747,-0.000671,-0.000043,0.000664,-0.000237,0.000276,0.000170
2025-12-16 17:49:51.902,0.178570,0.278324,0.065782,-2.357733,1.430754,2.216069,1.403053,0.000275,-0.000564,0.000670,-0.004104,-0.000174,-0.000032,-0.002103
2025-12-16 17:49:51.952,0.178574,0.278323,0.065788,-2.357913,1.430773,2.216067,1.403045,0.000693,0.000933,0.001885,-0.005317,-0.000438,-0.000355,0.001491
2025-12-16 17:49:52.002,0.178572,0.278315,0.065801,-2.357987,1.430789,2.216068,1.403025,-0.000788,-0.000784,-0.000049,0.000056,0.000708,-0.000129,-0.001329
2025-12-16 17:49:52.052,0.178575,0.278311,0.065799,-2.357989,1.430797,2.216069,1.403016,0.000112,-0.000504,-0.000683,-0.000196,-0.000086,0.000205,-0.001381
2025-12-16 17:49:52.102,0.178573,0.278308,0.065801,-2.357987,1.430797,2.216073,1.403019,0.000402,-0.000140,-0.000209,0.000138,-0.000269,0.000632,-0.000201
2025-12-16 17:49:52.151,0.178570,0.278312,0.065802,-2.357986,1.430800,2.216070,1.403014,-0.000899,0.000692,0.000697,0.000754,-0.000062,0.000005,-0.001940
2025-12-16 17:49:52.201,0.178571,0.278288,0.065802,-2.357986,1.430799,2.216072,1.403017,-0.000311,-0.000476,-0.002726,0.000006,0.000084,-0.000352,0.000615
2025-12-16 17:49:52.252,0.178571,0.278257,0.065801,-2.358001,1.430799,2.216069,1.403013,-0.000107,0.002539,0.000080,-0.002870,0.000480,0.000090,-0.001626
2025-12-16 17:49:52.302,0.178571,0.277974,0.065805,-2.358244,1.430801,2.216068,1.403015,-0.001028,-0.009752,0.000638,-0.008609,0.000071,-0.000166,-0.000436
