timestamp,p1,p2,p3,p4,p5,p6,p7,v1,v2,v3,v4,v5,v6,v7
2025-12-16 17:34:25.852,0.153897,0.068521,0.052055,-2.437666,1.320521,2.162415,1.553203,0.000541,0.000767,-0.000188,-0.002467,-0.000114,0.000299,0.000499
2025-12-16 17:34:25.902,0.153951,0.068464,0.052072,-2.437706,1.320553,2.162467,1.553206,-0.000618,-0.001907,0.003766,-0.002207,0.000469,-0.000045,0.000689
2025-12-16 17:34:25.959,0.153986,0.068187,0.052110,-2.437998,1.320624,2.162488,1.553194,0.002759,-0.004719,0.000448,-0.003754,0.002399,-0.000350,-0.001355
2025-12-16 17:34:26.002,0.154007,0.068086,0.052138,-2.438068,1.320664,2.162539,1.553201,-0.000262,0.000462,0.000230,0.000556,0.000914,0.000282,0.000341
2025-12-16 17:34:26.052,0.154009,0.068089,0.052138,-2.438076,1.320677,2.162544,1.553205,0.000390,-0.000556,0.000598,0.000812,-0.000405,0.000010,0.000525
2025-12-16 17:34:26.102,0.154009,0.068095,0.052136,-2.438084,1.320683,2.162552,1.553195,-0.000106,0.000583,0.000768,-0.001605,0.000063,0.000605,-0.006390
2025-12-16 17:34:26.152,0.154012,0.068087,0.052132,-2.438077,1.320688,2.162550,1.553196,0.002050,0.000082,-0.001429,0.000225,-0.000138,-0.000357,-0.000217
2025-12-16 17:34:26.202,0.154047,0.068093,0.052166,-2.438076,1.320705,2.162606,1.553204,0.002409,-0.001007,0.000903,-0.002207,0.000529,0.006925,0.000593
2025-12-16 17:34:26.252,0.154079,0.068088,0.052187,-2.438099,1.320849,2.162711,1.553198,0.000145,-0.000328,-0.001404,-0.001410,0.002147,-0.000429,-0.002590
2025-12-16 17:34:26.303,0.154126,0.068055,0.052282,-2.438339,1.320998,2.162757,1.553195,-0.000041,-0.000342,0.002517,-0.008215,0.002217,0.000780,-0.002058
2025-12-16 17:34:26.352,0.154154,0.068070,0.052310,-2.438490,1.321049,2.162773,1.553176,-0.000564,-0.000528,-0.000370,0.000132,-0.000092,0.000547,-0.001351
2025-12-16 17:34:26.402,0.154172,0.068008,0.052325,-2.438535,1.321129,2.162825,1.553013,0.000117,-0.002149,0.002459,-0.001145,0.005187,0.005768,0.000706
2025-12-16 17:34:26.452,0.154413,0.067807,0.052573,-2.439075,1.321649,2.163213,1.552737,0.009244,-0.003728,0.009272,-0.011567,0.004795,0.005543,-0.012884
2025-12-16 17:34:26.502,0.154897,0.067364,0.053050,-2.439910,1.322591,2.163863,1.552350,0.011486,-0.013122,0.011809,-0.018549,0.026690,0.015249,-0.000465
2025-12-16 17:34:26.551,0.155521,0.066864,0.053642,-2.440780,1.323841,2.164658,1.552090,0.014693,-0.006558,0.011750,-0.017246,0.025821,0.017289,-0.007146
2025-12-16 17:34:26.603,0.156094,0.066402,0.054200,-2.441474,1.324812,2.165440,1.551990,0.009034,-0.012763,0.009267,-0.006193,0.014191,0.015247,0.000377
2025-12-16 17:34:26.652,0.156463,0.066042,0.054523,-2.441958,1.325339,2.165921,1.551957,0.010296,-0.003989,0.007744,-0.005419,0.007134,0.007761,-0.001059
2025-12-16 17:34:26.702,0.156789,0.065994,0.054890,-2.442471,1.325916,2.166349,1.551708,0.009371,0.000346,0.006502,-0.011211,0.017145,0.004579,-0.005852
2025-12-16 17:34:26.752,0.157276,0.065537,0.055389,-2.443526,1.327015,2.166963,1.551189,0.010569,-0.010683,0.006200,-0.028427,0.026673,0.012940,-0.017009
2025-12-16 17:34:26.803,0.157901,0.064895,0.056054,-2.445089,1.328827,2.168041,1.550264,0.015708,-0.012884,0.013870,-0.032382,0.042981,0.030199,-0.016922
2025-12-16 17:34:26.852,0.158642,0.064230,0.056846,-2.447010,1.330794,2.169327,1.549093,0.013908,-0.012747,0.019424,-0.040791,0.042539,0.019191,-0.027852
2025-12-16 17:34:26.902,0.159442,0.063530,0.057654,-2.448953,1.332754,2.170568,1.547990,0.012536,-0.013818,0.014140,-0.033783,0.037488,0.028658,-0.020016
2025-12-16 17:34:26.952,0.160232,0.062981,0.058407,-2.450531,1.334482,2.171625,1.547012,0.017848,-0.011234,0.014839,-0.026413,0.028435,0.016393,-0.012171
2025-12-16 17:34:27.002,0.160851,0.062464,0.059006,-2.451774,1.335844,2.172492,1.546238,0.010014,-0.011787,0.014801,-0.024206,0.027550,0.018405,-0.018652
2025-12-16 17:34:27.052,0.161386,0.061949,0.059519,-2.452949,1.337073,2.173316,1.545562,0.012349,-0.008328,0.008293,-0.024583,0.022954,0.015803,-0.014067
2025-12-16 17:34:27.102,0.161949,0.061651,0.060062,-2.454045,1.338425,2.174167,1.544681,0.012867,0.000924,0.012860,-0.018934,0.037837,0.019561,-0.020404
2025-12-16 17:34:27.152,0.162582,0.061678,0.060688,-2.455173,1.340130,2.175221,1.543529,0.016794,-0.001708,0.015341,-0.025114,0.039243,0.020755,-0.028469
2025-12-16 17:34:27.202,0.163345,0.061764,0.061473,-2.456308,1.342187,2.176539,1.542094,0.013999,0.005743,0.016016,-0.026663,0.040088,0.024765,-0.031829
2025-12-16 17:34:27.252,0.164235,0.062096,0.062354,-2.457465,1.344450,2.177957,1.540421,0.022107,0.012129,0.020864,-0.020418,0.041060,0.033275,-0.035822
2025-12-16 17:34:27.302,0.165243,0.062751,0.063339,-2.458466,1.346899,2.179529,1.538685,0.025804,0.014888,0.019944,-0.017288,0.051449,0.031180,-0.034831
2025-12-16 17:34:27.352,0.166174,0.063609,0.064321,-2.459290,1.349466,2.181101,1.536887,0.014966,0.014560,0.019257,-0.018992,0.046049,0.035971,-0.033562
2025-12-16 17:34:27.402,0.167088,0.064511,0.065284,-2.460021,1.351983,2.182709,1.535119,0.018607,0.018920,0.021530,-0.012639,0.053639,0.031655,-0.038636
2025-12-16 17:34:27.453,0.167988,0.065783,0.066192,-2.460477,1.354547,2.184233,1.533386,0.015102,0.024557,0.014539,-0.008456,0.051776,0.028774,-0.028453
2025-12-16 17:34:27.502,0.168798,0.067350,0.066958,-2.460546,1.356624,2.185533,1.531821,0.012216,0.028527,0.015174,0.000979,0.037778,0.022143,-0.031019
2025-12-16 17:34:27.552,0.169362,0.068963,0.067514,-2.460495,1.358247,2.186528,1.530449,0.012482,0.030757,0.011787,0.005916,0.036269,0.020037,-0.023759
2025-12-16 17:34:27.602,0.169853,0.070408,0.068023,-2.460077,1.359462,2.187373,1.529352,0.004390,0.028292,0.014095,0.005738,0.022863,0.015369,-0.020710
2025-12-16 17:34:27.652,0.170237,0.071675,0.068441,-2.459799,1.360522,2.188079,1.528378,0.008851,0.020574,0.007196,0.004004,0.018371,0.010113,-0.016207
2025-12-16 17:34:27.702,0.170521,0.072727,0.068772,-2.459803,1.361494,2.188664,1.527438,0.008797,0.025048,0.003380,-0.000711,0.021320,0.008137,-0.020001
2025-12-16 17:34:27.755,0.170713,0.073601,0.068980,-2.459798,1.362395,2.189207,1.526464,0.000710,0.018852,0.001207,0.000715,0.015241,0.012592,-0.019635
2025-12-16 17:34:27.802,0.170938,0.074401,0.069201,-2.459801,1.363354,2.189777,1.525459,0.006670,0.013884,0.006558,-0.000809,0.015494,0.013183,-0.021779
2025-12-16 17:34:27.852,0.171271,0.075256,0.069548,-2.459820,1.364387,2.190356,1.524464,0.004673,0.017153,0.008395,-0.000379,0.023454,0.012229,-0.022776
2025-12-16 17:34:27.902,0.171589,0.076102,0.069919,-2.459812,1.365336,2.190914,1.523547,0.007704,0.019153,0.008494,-0.000286,0.019429,0.006615,-0.013511
2025-12-16 17:34:27.951,0.171850,0.077069,0.070204,-2.459817,1.366343,2.191446,1.522563,0.006535,0.016974,0.001512,0.000426,0.023009,0.009333,-0.018678
2025-12-16 17:34:28.002,0.172081,0.077972,0.070460,-2.459820,1.367384,2.192032,1.521503,0.008090,0.017591,0.005124,-0.001503,0.025906,0.018876,-0.019010
2025-12-16 17:34:28.052,0.172361,0.078868,0.070758,-2.459813,1.368529,2.192678,1.520393,0.008388,0.015398,0.002859,0.001044,0.023028,0.009079,-0.017482
2025-12-16 17:34:28.102,0.172724,0.079696,0.071128,-2.459837,1.369516,2.193278,1.519389,0.005933,0.010820,0.008783,-0.003104,0.020035,0.021066,-0.013699
2025-12-16 17:34:28.152,0.173110,0.080347,0.071508,-2.460042,1.370493,2.193880,1.518546,0.009567,0.009521,0.007474,-0.008361,0.019812,0.008940,-0.017256
2025-12-16 17:34:28.202,0.173479,0.080869,0.071870,-2.460397,1.371565,2.194508,1.517745,0.010716,0.009731,0.009025,-0.009212,0.026219,0.009913,-0.012813
2025-12-16 17:34:28.252,0.173842,0.081512,0.072247,-2.460553,1.372725,2.195215,1.516859,0.009732,0.014199,0.009180,-0.000130,0.026888,0.017899,-0.019207
2025-12-16 17:34:28.302,0.174144,0.082277,0.072548,-2.460528,1.373896,2.195869,1.515771,0.006427,0.021794,0.003362,-0.000579,0.019862,0.012671,-0.023181
2025-12-16 17:34:28.352,0.174372,0.083713,0.072813,-2.460350,1.374999,2.196460,1.514450,0.001872,0.036551,0.004825,0.010572,0.020828,0.009354,-0.025095
2025-12-16 17:34:28.402,0.174487,0.085730,0.072930,-2.459806,1.375962,2.196973,1.513061,0.000024,0.043054,0.002739,0.010461,0.014316,0.008160,-0.026796
2025-12-16 17:34:28.451,0.174502,0.087470,0.072958,-2.459251,1.376584,2.197270,1.511894,0.000962,0.030338,0.000342,0.018243,0.007386,0.006839,-0.022494
2025-12-16 17:34:28.502,0.174497,0.088878,0.072954,-2.458690,1.377067,2.197473,1.510934,-0.000556,0.029352,-0.000751,0.006436,0.004567,0.003197,-0.016766
2025-12-16 17:34:28.552,0.174500,0.089946,0.072972,-2.458237,1.377442,2.197596,1.510206,0.002656,0.014288,0.000105,0.004217,0.010252,0.002244,-0.007748
2025-12-16 17:34:28.602,0.174677,0.090410,0.073174,-2.458284,1.378036,2.198003,1.509611,0.004109,0.010378,0.006884,-0.000681,0.012772,0.021556,-0.013792
2025-12-16 17:34:28.652,0.175075,0.090743,0.073567,-2.458690,1.379025,2.198585,1.508879,0.005236,0.006115,0.009569,-0.012170,0.021021,0.014340,-0.018687
2025-12-16 17:34:28.702,0.175489,0.091173,0.073999,-2.458986,1.380110,2.199173,1.508069,0.007821,0.012042,0.010512,-0.000356,0.021551,0.015495,-0.023215
2025-12-16 17:34:28.751,0.175746,0.091817,0.074291,-2.458923,1.381037,2.199733,1.507145,0.000006,0.014334,0.007367,0.004098,0.010087,0.012205,-0.019223
2025-12-16 17:34:28.802,0.175840,0.093146,0.074415,-2.458489,1.381864,2.200212,1.506016,0.001125,0.028700,-0.001175,0.004078,0.011631,0.006444,-0.029705
2025-12-16 17:34:28.853,0.175863,0.094875,0.074440,-2.457984,1.382547,2.200564,1.504848,0.000065,0.039289,0.001453,0.011003,0.013930,0.004098,-0.028832
2025-12-16 17:34:28.902,0.175888,0.096970,0.074482,-2.457238,1.383244,2.200938,1.503539,-0.000007,0.049354,0.001341,0.014910,0.011804,0.005393,-0.024447
2025-12-16 17:34:28.951,0.175917,0.099541,0.074551,-2.456051,1.383934,2.201232,1.502087,0.000623,0.052381,-0.000030,0.019428,0.009367,0.002535,-0.033164
2025-12-16 17:34:29.002,0.175899,0.101856,0.074551,-2.455100,1.384567,2.201490,1.500561,-0.000298,0.038432,-0.000053,0.010906,0.013818,0.006934,-0.024307
2025-12-16 17:34:29.053,0.175779,0.103597,0.074491,-2.454476,1.384969,2.201603,1.499277,0.000024,0.027082,-0.000199,0.010470,0.004717,0.004730,-0.024077
2025-12-16 17:34:29.103,0.175592,0.104803,0.074332,-2.453919,1.385158,2.201606,1.498308,-0.006977,0.022730,-0.002567,0.004098,0.002741,-0.000013,-0.017184
2025-12-16 17:34:29.152,0.175424,0.105695,0.074167,-2.453404,1.385177,2.201603,1.497695,-0.000198,0.013872,-0.003684,0.008192,0.000012,0.000492,-0.007278
2025-12-16 17:34:29.202,0.175271,0.106548,0.074039,-2.452934,1.385181,2.201590,1.497183,-0.000156,0.013232,-0.003389,0.011569,-0.000421,-0.002531,-0.004357
2025-12-16 17:34:29.252,0.175245,0.107205,0.074004,-2.452604,1.385209,2.201593,1.496818,0.001556,0.008281,-0.000778,0.009156,-0.000672,-0.000327,-0.016310
2025-12-16 17:34:29.302,0.175264,0.107777,0.074018,-2.452571,1.385586,2.201608,1.496390,0.000174,0.010198,0.000032,0.000681,0.010968,-0.000187,-0.013419
2025-12-16 17:34:29.351,0.175300,0.108573,0.074088,-2.452367,1.386176,2.201941,1.495731,0.000222,0.020339,0.005655,0.007897,0.012503,0.006741,-0.012997
2025-12-16 17:34:29.402,0.175431,0.109274,0.074174,-2.452118,1.386796,2.202318,1.495021,0.003247,0.013668,0.001313,0.002977,0.016404,0.003143,-0.018773
2025-12-16 17:34:29.452,0.175486,0.109918,0.074289,-2.452094,1.387348,2.202524,1.494383,0.001394,0.013212,0.007315,0.000463,0.015393,0.006374,-0.011696
2025-12-16 17:34:29.501,0.175595,0.110665,0.074387,-2.451907,1.387845,2.202786,1.493823,0.001564,0.020353,-0.000296,0.008139,0.008174,0.003162,-0.008168
2025-12-16 17:34:29.553,0.175618,0.111778,0.074423,-2.451413,1.388315,2.203016,1.493135,-0.000308,0.025236,-0.000722,0.010450,0.012044,0.000194,-0.009966
2025-12-16 17:34:29.602,0.175617,0.112933,0.074425,-2.450894,1.388716,2.203209,1.492329,-0.000666,0.024080,-0.000317,0.012633,0.003083,0.001219,-0.023335
2025-12-16 17:34:29.651,0.175593,0.114249,0.074415,-2.450313,1.388930,2.203275,1.491556,0.001101,0.024865,-0.002090,0.011418,0.005908,0.000582,-0.011237
2025-12-16 17:34:29.703,0.175582,0.115420,0.074411,-2.449737,1.389067,2.203318,1.490894,0.000422,0.023191,0.000119,0.012630,0.008246,0.000378,-0.014432
2025-12-16 17:34:29.751,0.175583,0.116489,0.074410,-2.449236,1.389431,2.203477,1.490193,0.000725,0.017169,0.000315,0.009981,0.005366,0.010755,-0.016021
2025-12-16 17:34:29.802,0.175576,0.117306,0.074409,-2.448900,1.389865,2.203680,1.489423,-0.000249,0.010815,0.000204,0.001950,0.001236,0.003331,-0.024865
2025-12-16 17:34:29.852,0.175575,0.117811,0.074409,-2.448887,1.390264,2.203839,1.488850,0.001153,0.007413,0.000408,-0.000093,0.009477,-0.000315,-0.010996
2025-12-16 17:34:29.901,0.175572,0.118252,0.074411,-2.448885,1.390376,2.203858,1.488520,0.000048,0.007890,0.001793,0.001293,0.000156,0.000246,0.001281
2025-12-16 17:34:29.952,0.175559,0.118579,0.074410,-2.448738,1.390383,2.203858,1.488491,0.000162,0.005343,0.001090,0.005672,-0.000588,0.000053,-0.001003
2025-12-16 17:34:30.001,0.175456,0.118990,0.074407,-2.448360,1.390386,2.203860,1.488365,-0.002892,0.010860,0.000588,0.009112,-0.000230,0.000031,-0.006900
2025-12-16 17:34:30.052,0.175377,0.119542,0.074259,-2.447974,1.390386,2.203855,1.487944,-0.006017,0.012061,-0.003583,0.009448,-0.000083,-0.000323,-0.006159
2025-12-16 17:34:30.101,0.175201,0.120120,0.074133,-2.447601,1.390388,2.203843,1.487491,-0.001691,0.007384,-0.004421,0.004362,0.000313,0.000266,-0.015872
2025-12-16 17:34:30.152,0.175029,0.120664,0.073997,-2.447455,1.390386,2.203817,1.487050,-0.002257,0.008517,-0.001362,-0.000667,0.000021,-0.000635,-0.007775
2025-12-16 17:34:30.202,0.174886,0.121161,0.073915,-2.447453,1.390385,2.203660,1.486590,-0.004885,0.008208,-0.000960,0.000009,-0.000538,-0.006942,-0.005751
2025-12-16 17:34:30.251,0.174773,0.121583,0.073808,-2.447442,1.390386,2.203611,1.486125,-0.003839,0.005173,-0.000901,0.002245,-0.000028,-0.000594,-0.009311
2025-12-16 17:34:30.302,0.174684,0.122032,0.073751,-2.447345,1.390385,2.203582,1.485785,0.000391,0.014595,-0.000638,0.004181,-0.000453,-0.001386,-0.008333
2025-12-16 17:34:30.351,0.174562,0.122562,0.073631,-2.446882,1.390385,2.203564,1.485402,-0.003190,0.012136,-0.008346,0.010370,-0.000240,-0.000145,-0.004552
2025-12-16 17:34:30.402,0.174275,0.123170,0.073369,-2.446412,1.390386,2.203350,1.484988,-0.000829,0.010584,-0.004511,0.008454,-0.000201,-0.000762,-0.012628
2025-12-16 17:34:30.452,0.174022,0.123756,0.073151,-2.446241,1.390384,2.203299,1.484493,-0.002544,0.012363,-0.001287,0.000408,-0.000287,-0.000417,-0.016404
2025-12-16 17:34:30.502,0.173794,0.124356,0.072952,-2.446241,1.390383,2.203119,1.483829,-0.003764,0.016932,-0.003009,0.000604,-0.000397,-0.004920,-0.015404
2025-12-16 17:34:30.552,0.173476,0.124986,0.072706,-2.446245,1.390383,2.202933,1.482921,-0.007715,0.014012,-0.004046,-0.001249,-0.000426,-0.001465,-0.015009
2025-12-16 17:34:30.603,0.173107,0.125838,0.072378,-2.446230,1.390384,2.202742,1.481866,-0.006655,0.017569,-0.008179,-0.001050,-0.000296,-0.002757,-0.018002
2025-12-16 17:34:30.652,0.172670,0.126971,0.071982,-2.445971,1.390386,2.202485,1.480774,-0.008749,0.030652,-0.007823,0.011217,-0.000037,-0.010295,-0.029086
2025-12-16 17:34:30.702,0.172193,0.128608,0.071558,-2.445415,1.390386,2.202217,1.479397,-0.007137,0.032582,-0.000481,0.012746,0.000746,-0.002862,-0.032356
2025-12-16 17:34:30.751,0.171736,0.130317,0.071156,-2.444799,1.390377,2.201911,1.478236,-0.007604,0.032481,-0.010879,0.016187,-0.000198,-0.003930,-0.020999
2025-12-16 17:34:30.802,0.171312,0.132189,0.070781,-2.444052,1.390379,2.201743,1.476749,-0.008610,0.035193,-0.007717,0.016435,0.000315,-0.002487,-0.029450
2025-12-16 17:34:30.852,0.171045,0.134123,0.070545,-2.443302,1.390381,2.201711,1.475351,-0.003027,0.038017,-0.000800,0.015999,-0.000100,-0.000730,-0.027022
2025-12-16 17:34:30.902,0.170974,0.136082,0.070464,-2.442615,1.390742,2.201756,1.473797,0.000407,0.041837,0.006327,0.012597,0.017988,0.005048,-0.029480
2025-12-16 17:34:30.951,0.171164,0.137967,0.070707,-2.441844,1.391920,2.202294,1.472580,0.008848,0.037064,0.005269,0.009676,0.031194,0.012895,-0.026912
2025-12-16 17:34:31.002,0.171681,0.139603,0.071249,-2.441195,1.393523,2.203118,1.471507,0.014192,0.027619,0.012438,0.012794,0.035167,0.019385,-0.015803
2025-12-16 17:34:31.052,0.172236,0.140920,0.071820,-2.440687,1.395260,2.204053,1.470476,0.010150,0.025644,0.011367,0.007729,0.029830,0.019160,-0.025266
2025-12-16 17:34:31.102,0.172755,0.142202,0.072350,-2.440275,1.396762,2.205014,1.469361,0.008593,0.024231,0.012725,0.005989,0.033308,0.018854,-0.025974
2025-12-16 17:34:31.152,0.173174,0.143433,0.072756,-2.439952,1.397991,2.205721,1.468287,0.008147,0.022997,0.008962,0.006212,0.014338,0.015443,-0.022549
2025-12-16 17:34:31.202,0.173296,0.144678,0.072917,-2.439402,1.398628,2.206069,1.467511,-0.001217,0.030253,0.000193,0.020255,0.011847,0.001353,-0.017538
2025-12-16 17:34:31.251,0.173184,0.146291,0.072786,-2.438371,1.398734,2.206098,1.466968,-0.005690,0.033803,-0.001572,0.025748,0.000533,0.000895,-0.010869
2025-12-16 17:34:31.302,0.172970,0.147747,0.072586,-2.437195,1.398732,2.206089,1.466645,-0.004249,0.027352,-0.008779,0.028467,-0.000155,0.000091,-0.013037
2025-12-16 17:34:31.352,0.172776,0.149282,0.072444,-2.435841,1.398721,2.206072,1.466233,-0.001128,0.030674,-0.004470,0.028931,0.000850,0.000791,-0.011364
2025-12-16 17:34:31.402,0.172641,0.150917,0.072323,-2.434498,1.398703,2.206028,1.465819,-0.002663,0.030154,-0.001299,0.022289,0.000585,-0.000485,-0.008347
2025-12-16 17:34:31.452,0.172456,0.152546,0.072159,-2.433171,1.398675,2.205878,1.465387,-0.002788,0.034482,-0.001465,0.025803,-0.000453,-0.000819,-0.009287
2025-12-16 17:34:31.502,0.172325,0.154448,0.072025,-2.431605,1.398649,2.205879,1.464978,-0.009971,0.042398,-0.000314,0.032743,-0.003128,0.000262,-0.003663
2025-12-16 17:34:31.551,0.172216,0.156602,0.071931,-2.429813,1.398600,2.205872,1.464551,0.000119,0.047863,0.000797,0.036683,-0.000143,0.000072,-0.015314
2025-12-16 17:34:31.602,0.172147,0.158824,0.071876,-2.428165,1.398600,2.205870,1.463860,-0.000198,0.041444,-0.000011,0.028713,0.000170,0.003988,-0.015428
2025-12-16 17:34:31.652,0.172141,0.161106,0.071871,-2.426637,1.398616,2.205885,1.462995,0.000218,0.042104,-0.001228,0.027887,0.002724,0.003066,-0.015599
2025-12-16 17:34:31.702,0.172124,0.162864,0.071863,-2.425536,1.398716,2.206054,1.462198,-0.000675,0.031466,0.000150,0.019146,0.003360,0.000053,-0.015433
2025-12-16 17:34:31.752,0.172154,0.164375,0.071884,-2.424620,1.399170,2.206264,1.461440,0.000721,0.028318,-0.000152,0.013870,0.014182,0.003992,-0.016998
2025-12-16 17:34:31.801,0.172190,0.165449,0.071919,-2.423816,1.399522,2.206471,1.461054,0.000352,0.016480,-0.000035,0.010142,0.004207,0.000663,-0.005949
2025-12-16 17:34:31.852,0.172148,0.166461,0.071887,-2.422882,1.399538,2.206523,1.460904,-0.002226,0.023651,-0.003010,0.021414,0.000257,-0.000188,-0.000528
2025-12-16 17:34:31.902,0.172107,0.167769,0.071824,-2.421540,1.399534,2.206517,1.460901,-0.000928,0.028891,-0.002307,0.028116,-0.000007,-0.000136,0.000764
2025-12-16 17:34:31.952,0.171926,0.169471,0.071663,-2.420070,1.399498,2.206505,1.460820,-0.004759,0.034460,-0.007174,0.031621,-0.001116,-0.000339,-0.000015
2025-12-16 17:34:32.002,0.171632,0.171186,0.071350,-2.418677,1.399438,2.206484,1.460301,-0.004944,0.029107,-0.006405,0.026344,0.000260,-0.000678,-0.013030
2025-12-16 17:34:32.052,0.171500,0.173079,0.071192,-2.417306,1.399431,2.206483,1.459743,-0.002570,0.042171,-0.005527,0.031845,0.000221,0.000374,-0.012619
2025-12-16 17:34:32.102,0.171466,0.175024,0.071157,-2.415866,1.399428,2.206480,1.459180,-0.000567,0.039023,0.000329,0.024419,-0.000516,-0.000976,-0.005079
2025-12-16 17:34:32.152,0.171475,0.176973,0.071157,-2.414463,1.399439,2.206490,1.458530,0.002826,0.038885,-0.000953,0.023323,0.000202,-0.000418,-0.017578
2025-12-16 17:34:32.202,0.171515,0.178737,0.071218,-2.413371,1.399624,2.206701,1.457751,0.000369,0.030120,0.005028,0.017122,0.017170,0.012698,-0.017330
2025-12-16 17:34:32.252,0.171546,0.180215,0.071319,-2.412561,1.400208,2.207106,1.456974,0.001603,0.036585,0.003600,0.014338,0.014445,0.007860,-0.019133
2025-12-16 17:34:32.302,0.171687,0.181641,0.071492,-2.411908,1.400908,2.207542,1.456141,0.000228,0.030349,0.006130,0.013256,0.013817,0.013409,-0.018808
2025-12-16 17:34:32.352,0.171987,0.183144,0.071794,-2.411184,1.401786,2.208025,1.455206,0.005509,0.036546,0.008495,0.018546,0.021385,0.014407,-0.013783
2025-12-16 17:34:32.402,0.172224,0.184991,0.072077,-2.410075,1.402576,2.208526,1.454267,0.003245,0.043429,0.002628,0.022145,0.012913,0.014183,-0.020391
2025-12-16 17:34:32.454,0.172337,0.187176,0.072190,-2.408751,1.403358,2.208962,1.453226,0.001094,0.045812,-0.000069,0.026329,0.010532,0.007256,-0.017818
2025-12-16 17:34:32.503,0.172266,0.188971,0.072151,-2.407797,1.403911,2.209197,1.452099,-0.000593,0.036465,-0.000944,0.022308,0.005873,0.000206,-0.027387
2025-12-16 17:34:32.552,0.172096,0.190474,0.072058,-2.407144,1.404179,2.209229,1.451107,-0.003077,0.024775,-0.004888,0.012142,0.007049,-0.000389,-0.014605
2025-12-16 17:34:32.602,0.171921,0.191691,0.071977,-2.406628,1.404422,2.209225,1.450115,-0.004513,0.023108,0.002625,0.011052,0.001024,-0.000653,-0.017389
2025-12-16 17:34:32.652,0.171805,0.192646,0.071851,-2.406083,1.404480,2.209231,1.449466,-0.000806,0.018207,0.000136,0.011383,0.000141,0.000266,-0.005636
2025-12-16 17:34:32.702,0.171716,0.193606,0.071753,-2.405498,1.404534,2.209234,1.448983,-0.000036,0.016618,-0.000110,0.008699,0.001181,-0.000314,-0.010794
2025-12-16 17:34:32.752,0.171735,0.194474,0.071753,-2.405010,1.404739,2.209276,1.448636,0.000791,0.017397,0.001295,0.007106,0.008654,0.001083,-0.006626
2025-12-16 17:34:32.802,0.171925,0.195106,0.071961,-2.404783,1.405372,2.209711,1.448145,0.009395,0.008265,0.005324,-0.000682,0.018904,0.015556,-0.011616
2025-12-16 17:34:32.852,0.172203,0.195540,0.072256,-2.404851,1.406217,2.210184,1.447520,0.004309,0.006448,0.004671,-0.005906,0.016861,0.010428,-0.017951
2025-12-16 17:34:32.902,0.172478,0.195804,0.072537,-2.404984,1.407108,2.210616,1.446982,0.005558,0.003770,0.007401,-0.004890,0.015174,0.008366,-0.007142
2025-12-16 17:34:32.952,0.172641,0.195836,0.072732,-2.405070,1.407615,2.210885,1.446573,-0.000840,0.001199,0.003872,0.000124,0.000894,0.001617,-0.001861
2025-12-16 17:34:33.002,0.172595,0.195877,0.072697,-2.405056,1.407643,2.210881,1.446479,0.001331,0.002273,-0.001266,-0.000411,0.000443,-0.001135,-0.000952
2025-12-16 17:34:33.052,0.172607,0.196056,0.072682,-2.405050,1.407645,2.210874,1.446423,0.005254,0.002232,0.000395,0.000326,0.000734,-0.000263,-0.006793
2025-12-16 17:34:33.103,0.172522,0.196165,0.072659,-2.405050,1.407643,2.210866,1.446277,-0.005083,0.001282,-0.003395,-0.001026,-0.000643,0.000991,-0.000697
2025-12-16 17:34:33.151,0.172396,0.196264,0.072547,-2.405055,1.407645,2.210835,1.445911,0.000101,0.002122,-0.002224,-0.003478,0.000126,-0.001441,-0.012569
2025-12-16 17:34:33.202,0.172252,0.196528,0.072466,-2.405086,1.407642,2.210742,1.445400,-0.003916,0.008359,-0.002826,-0.001474,-0.000236,-0.004613,-0.010835
2025-12-16 17:34:33.251,0.172097,0.197049,0.072359,-2.405158,1.407666,2.210655,1.444688,-0.002842,0.009821,-0.003456,0.000268,-0.000041,-0.000161,-0.014252
2025-12-16 17:34:33.302,0.171852,0.197723,0.072199,-2.405144,1.407713,2.210518,1.443862,-0.001152,0.020851,-0.001645,-0.001135,0.001640,-0.002971,-0.023438
2025-12-16 17:34:33.355,0.171583,0.198720,0.071965,-2.405014,1.407748,2.210357,1.442902,-0.006654,0.021625,-0.003562,0.007281,0.001033,0.000448,-0.019505
2025-12-16 17:34:33.402,0.171371,0.199504,0.071810,-2.405000,1.407845,2.210174,1.441972,-0.004665,0.013946,-0.001604,0.000231,0.000417,-0.000623,-0.020102
2025-12-16 17:34:33.451,0.171241,0.200032,0.071735,-2.404999,1.407996,2.210146,1.441149,-0.000309,0.005933,-0.001201,-0.001079,0.006400,-0.001151,-0.020356
2025-12-16 17:34:33.502,0.171087,0.200522,0.071638,-2.405004,1.408153,2.210049,1.440391,-0.001299,0.009888,-0.002066,-0.000455,0.004821,-0.000933,-0.011957
2025-12-16 17:34:33.552,0.171023,0.200762,0.071575,-2.405091,1.408244,2.210001,1.439895,0.001043,0.000010,0.000698,-0.002910,0.000004,-0.002952,-0.006756
2025-12-16 17:34:33.602,0.170960,0.200843,0.071552,-2.405187,1.408331,2.209943,1.439474,-0.000148,0.000784,-0.000840,-0.002179,0.005811,-0.001056,-0.006226
2025-12-16 17:34:33.652,0.170892,0.201022,0.071518,-2.405216,1.408523,2.209939,1.439058,-0.002531,0.008515,-0.000882,-0.000493,0.007257,-0.000718,-0.005206
2025-12-16 17:34:33.702,0.170904,0.201501,0.071528,-2.405436,1.408937,2.209936,1.438477,0.000209,0.010860,0.000511,-0.005889,0.009787,0.002781,-0.013872
2025-12-16 17:34:33.752,0.170901,0.202028,0.071531,-2.405658,1.409350,2.209944,1.437676,-0.001700,0.008224,0.000446,-0.003824,0.008898,0.001267,-0.014443
2025-12-16 17:34:33.803,0.170779,0.202519,0.071525,-2.405714,1.409711,2.209956,1.436764,-0.002338,0.008730,-0.000809,-0.004817,0.009177,-0.000443,-0.014445
2025-12-16 17:34:33.852,0.170674,0.203003,0.071522,-2.405877,1.410040,2.209954,1.435929,-0.003992,0.011546,-0.000500,-0.000275,0.011753,-0.000432,-0.020686
2025-12-16 17:34:33.903,0.170616,0.203457,0.071511,-2.406065,1.410323,2.209955,1.435188,-0.003871,0.010023,-0.002279,-0.002683,0.000022,-0.000301,-0.014260
2025-12-16 17:34:33.952,0.170599,0.203852,0.071496,-2.406112,1.410572,2.209957,1.434568,0.001100,0.004938,-0.000156,-0.001152,0.010774,0.000522,-0.015102
2025-12-16 17:34:34.002,0.170634,0.204194,0.071577,-2.406210,1.411094,2.210068,1.433967,0.000248,0.004869,0.004444,-0.000415,0.014404,0.007224,-0.012021
2025-12-16 17:34:34.051,0.170847,0.204444,0.071807,-2.406568,1.411940,2.210469,1.433305,0.006190,0.008643,0.000701,-0.002348,0.022053,0.004144,-0.014121
2025-12-16 17:34:34.102,0.171170,0.204895,0.072206,-2.406900,1.412996,2.210942,1.432453,0.006828,0.008231,0.005078,-0.003968,0.021655,0.015395,-0.016974
2025-12-16 17:34:34.151,0.171458,0.205400,0.072585,-2.407251,1.414184,2.211457,1.431425,0.004881,0.013133,0.011116,-0.005063,0.021568,0.004491,-0.019881
2025-12-16 17:34:34.202,0.171506,0.205972,0.072658,-2.407250,1.414969,2.211708,1.430375,-0.001737,0.009783,0.000082,-0.000166,0.014037,0.001013,-0.015180
2025-12-16 17:34:34.252,0.171290,0.206567,0.072564,-2.407203,1.415127,2.211693,1.429591,-0.002549,0.010874,-0.002464,0.001272,-0.004759,0.000377,-0.015557
2025-12-16 17:34:34.302,0.170969,0.207549,0.072288,-2.406923,1.415127,2.211488,1.428645,-0.009160,0.019222,-0.004251,0.005014,0.000094,-0.012906,-0.023479
2025-12-16 17:34:34.352,0.170768,0.208622,0.072102,-2.406650,1.415131,2.211371,1.427601,-0.003197,0.024225,-0.008076,0.007317,0.000027,0.000446,-0.020374
2025-12-16 17:34:34.402,0.170668,0.209566,0.072100,-2.406290,1.415155,2.211235,1.426704,-0.005320,0.017667,0.000004,0.006179,0.002365,-0.002306,-0.012234
2025-12-16 17:34:34.452,0.170531,0.210256,0.072051,-2.406229,1.415254,2.211099,1.425923,-0.006305,0.010664,-0.000103,0.001131,0.006149,-0.003309,-0.013392
2025-12-16 17:34:34.502,0.170410,0.210836,0.071933,-2.406251,1.415392,2.211052,1.425228,-0.003396,0.009697,0.000375,-0.000512,0.001800,-0.000021,-0.007714
2025-12-16 17:34:34.552,0.170244,0.211274,0.071836,-2.406260,1.415540,2.211019,1.424687,-0.002349,0.010940,0.000726,0.000319,0.004829,-0.000730,-0.011425
2025-12-16 17:34:34.602,0.170256,0.211431,0.071838,-2.406448,1.415751,2.211012,1.424273,0.000052,-0.001064,0.000605,-0.003627,0.001162,0.000362,-0.005082
2025-12-16 17:34:34.652,0.170263,0.211438,0.071852,-2.406451,1.415946,2.211013,1.424126,-0.000562,-0.000135,0.000190,-0.001011,0.000147,-0.000407,0.000347
2025-12-16 17:34:34.702,0.170254,0.211450,0.071850,-2.406458,1.416021,2.211025,1.424076,0.000211,0.000479,0.000864,-0.001164,0.000314,0.000375,-0.004921
2025-12-16 17:34:34.752,0.170300,0.211582,0.071885,-2.406437,1.416307,2.211048,1.423853,0.000472,0.005559,0.005787,0.000303,0.010173,0.001422,-0.005018
2025-12-16 17:34:34.802,0.170487,0.211931,0.072083,-2.406558,1.416812,2.211305,1.423421,0.007298,0.008275,0.003135,-0.000498,0.007562,0.004004,-0.004978
2025-12-16 17:34:34.852,0.170631,0.212174,0.072338,-2.406938,1.417415,2.211472,1.422844,0.002524,0.004492,0.003994,-0.006031,0.018905,0.004987,-0.012968
2025-12-16 17:34:34.902,0.170740,0.212482,0.072454,-2.407041,1.418029,2.211681,1.422143,0.000331,0.009084,0.002251,0.001033,0.012725,0.000574,-0.016432
2025-12-16 17:34:34.951,0.170741,0.212898,0.072479,-2.407043,1.418532,2.211790,1.421498,-0.000407,0.010499,0.001822,0.001098,0.012702,0.000734,-0.010821
2025-12-16 17:34:35.002,0.170708,0.213178,0.072471,-2.407122,1.418727,2.211826,1.420869,0.000022,0.003122,0.000160,-0.003215,0.000492,0.000294,-0.009935
2025-12-16 17:34:35.051,0.170681,0.213557,0.072472,-2.407167,1.418857,2.211825,1.420277,-0.000348,0.009154,0.001254,0.000044,0.005653,-0.000149,-0.015812
2025-12-16 17:34:35.101,0.170563,0.213942,0.072456,-2.407269,1.418991,2.211819,1.419704,-0.002009,0.009876,-0.001552,-0.001039,0.002074,0.000428,-0.011300
2025-12-16 17:34:35.151,0.170491,0.214420,0.072428,-2.407273,1.419269,2.211819,1.419044,0.000779,0.011659,-0.000239,0.000578,0.009837,0.000105,-0.017749
2025-12-16 17:34:35.202,0.170529,0.215027,0.072460,-2.407242,1.419732,2.211830,1.418313,-0.001006,0.015864,-0.001025,0.002272,0.010194,-0.000061,-0.016107
2025-12-16 17:34:35.252,0.170720,0.216017,0.072663,-2.406979,1.420571,2.212291,1.417497,0.003888,0.024050,0.007295,0.005290,0.018062,0.010736,-0.017395
2025-12-16 17:34:35.302,0.170977,0.217075,0.073022,-2.406861,1.421555,2.212831,1.416518,0.003760,0.022798,0.009352,-0.001517,0.024850,0.010955,-0.020889
2025-12-16 17:34:35.351,0.171240,0.217891,0.073347,-2.406898,1.422534,2.213317,1.415534,0.002688,0.010905,0.005865,-0.000007,0.026493,0.004164,-0.015712
2025-12-16 17:34:35.401,0.171360,0.218384,0.073518,-2.407028,1.423377,2.213712,1.414637,0.000642,0.006277,0.001219,-0.006018,0.012901,0.008278,-0.019591
2025-12-16 17:34:35.452,0.171304,0.218740,0.073498,-2.407165,1.423732,2.213738,1.414009,0.000248,0.004287,0.000614,-0.001598,0.000288,0.000357,-0.017108
2025-12-16 17:34:35.502,0.171142,0.218801,0.073426,-2.407255,1.423732,2.213705,1.413653,-0.004920,0.000848,-0.001124,-0.002524,0.000627,-0.003087,-0.001137
2025-12-16 17:34:35.552,0.170875,0.218893,0.073188,-2.407280,1.423733,2.213388,1.413252,-0.003038,0.005445,-0.004637,-0.002329,0.000210,-0.011029,-0.005873
2025-12-16 17:34:35.603,0.170664,0.219247,0.073020,-2.407551,1.423728,2.213313,1.412591,-0.002202,0.012035,0.000918,-0.011566,0.003125,-0.000086,-0.018792
2025-12-16 17:34:35.654,0.170584,0.219775,0.073013,-2.408061,1.423759,2.213286,1.411373,-0.004003,0.006064,-0.000705,-0.010372,0.000295,-0.000726,-0.033152
2025-12-16 17:34:35.702,0.170544,0.220278,0.073016,-2.408500,1.424285,2.213283,1.410064,-0.001178,0.009808,0.000547,-0.005357,0.016876,-0.000033,-0.024949
2025-12-16 17:34:35.752,0.170356,0.220817,0.073014,-2.408890,1.424891,2.213283,1.408731,-0.007556,0.005216,-0.000503,-0.002730,0.008428,0.000159,-0.024030
2025-12-16 17:34:35.802,0.170229,0.221289,0.072873,-2.408928,1.425083,2.213283,1.407965,-0.000414,0.009445,-0.000776,-0.000041,0.001356,0.000385,-0.008984
2025-12-16 17:34:35.851,0.170142,0.221639,0.072843,-2.408938,1.425162,2.213282,1.407467,0.000584,0.004074,-0.001596,-0.000280,0.001114,0.000520,-0.003273
2025-12-16 17:34:35.902,0.170138,0.221648,0.072841,-2.408933,1.425191,2.213279,1.407390,0.000262,0.000556,-0.000086,0.000369,-0.000159,-0.000276,-0.003741
2025-12-16 17:34:35.952,0.170135,0.221661,0.072840,-2.408978,1.425271,2.213282,1.407319,-0.000272,-0.000532,-0.000038,0.000878,0.001922,0.000291,-0.008510
2025-12-16 17:34:36.002,0.170158,0.221727,0.072858,-2.409151,1.425624,2.213284,1.406917,0.000184,0.003356,0.001775,-0.011836,0.009421,-0.000057,-0.009013
2025-12-16 17:34:36.052,0.170179,0.222098,0.072909,-2.409471,1.426168,2.213320,1.406253,0.000562,0.007533,0.000976,-0.004752,0.013533,-0.000285,-0.018232
2025-12-16 17:34:36.102,0.170173,0.222545,0.072985,-2.409851,1.426811,2.213501,1.405330,-0.000139,0.009129,0.001412,-0.008750,0.009146,0.000170,-0.019435
2025-12-16 17:34:36.152,0.170294,0.223031,0.073186,-2.410297,1.427684,2.213773,1.404116,0.010702,0.008939,0.003192,-0.010051,0.018303,0.004744,-0.024401
2025-12-16 17:34:36.202,0.170620,0.223624,0.073577,-2.410759,1.428934,2.214263,1.402734,0.006696,0.011107,0.011504,-0.005298,0.031699,0.012843,-0.026628
2025-12-16 17:34:36.252,0.170882,0.224280,0.073978,-2.411253,1.430437,2.214851,1.401195,0.002083,0.015131,0.005938,-0.009656,0.033060,0.013171,-0.034406
2025-12-16 17:34:36.304,0.171005,0.225178,0.074182,-2.411656,1.431803,2.215380,1.399657,-0.001467,0.018293,0.003246,-0.008691,0.024235,0.008794,-0.026782
2025-12-16 17:34:36.352,0.170931,0.225963,0.074164,-2.411825,1.432538,2.215600,1.398419,-0.002275,0.014361,-0.001440,-0.004475,0.015980,0.000312,-0.022087
2025-12-16 17:34:36.402,0.170664,0.226448,0.073963,-2.411878,1.432608,2.215587,1.397641,-0.005673,0.012690,-0.009819,0.000395,-0.000191,-0.000279,-0.015601
2025-12-16 17:34:36.452,0.170488,0.226969,0.073883,-2.412013,1.432656,2.215571,1.396915,-0.000942,0.011137,-0.000022,-0.003406,0.003989,-0.000641,-0.009754
2025-12-16 17:34:36.501,0.170500,0.227446,0.073884,-2.412440,1.433073,2.215576,1.396047,0.000042,0.010032,-0.000100,-0.010656,0.011080,-0.000072,-0.022360
2025-12-16 17:34:36.551,0.170435,0.228016,0.073865,-2.412968,1.433711,2.215629,1.394861,-0.006373,0.009172,-0.000652,-0.008742,0.018223,0.005767,-0.026724
2025-12-16 17:34:36.601,0.170340,0.228895,0.073818,-2.413469,1.434598,2.216258,1.393337,-0.002651,0.025472,-0.002463,-0.008654,0.019147,0.020135,-0.041561
2025-12-16 17:34:36.652,0.169987,0.230684,0.073318,-2.414586,1.436533,2.218277,1.391012,-0.002214,0.051728,-0.003589,-0.025966,0.085723,0.037114,-0.067506
2025-12-16 17:34:36.702,0.171390,0.234204,0.074745,-2.415177,1.442902,2.221447,1.387187,0.055636,0.083097,0.058823,-0.010277,0.157725,0.076999,-0.095392
2025-12-16 17:34:36.751,0.175094,0.238594,0.078703,-2.416095,1.452201,2.226742,1.381422,0.077731,0.075250,0.077577,-0.030826,0.191027,0.102243,-0.124607
2025-12-16 17:34:36.801,0.178452,0.240332,0.082304,-2.418417,1.460584,2.231159,1.376797,0.064638,0.004788,0.065445,-0.052903,0.142942,0.074650,-0.079056
2025-12-16 17:34:36.852,0.180993,0.239440,0.085108,-2.421576,1.466437,2.234240,1.374130,0.037255,-0.040308,0.041365,-0.074031,0.087050,0.044710,-0.029220
2025-12-16 17:34:36.902,0.182394,0.236494,0.086554,-2.424921,1.468771,2.235550,1.373850,0.017560,-0.068440,0.021743,-0.058611,0.020829,0.014725,0.001154
2025-12-16 17:34:36.952,0.182658,0.233767,0.086805,-2.426632,1.468903,2.235723,1.375038,-0.006023,-0.038264,-0.004934,-0.011548,-0.009215,-0.005646,0.035147
2025-12-16 17:34:37.002,0.182032,0.232337,0.086030,-2.426446,1.466586,2.234619,1.377333,-0.020402,-0.020825,-0.019743,0.015882,-0.058652,-0.036913,0.054598
2025-12-16 17:34:37.051,0.180645,0.231930,0.084613,-2.425413,1.462755,2.232583,1.379370,-0.026036,-0.002917,-0.030998,0.027185,-0.081058,-0.042676,0.041465
2025-12-16 17:34:37.102,0.179312,0.232096,0.083121,-2.423713,1.459439,2.230920,1.381142,-0.021080,0.008960,-0.026660,0.030380,-0.051587,-0.025911,0.023341
2025-12-16 17:34:37.152,0.178447,0.232624,0.082165,-2.422267,1.457352,2.229866,1.382188,-0.015377,0.006805,-0.013107,0.020942,-0.020259,-0.017866,0.011652
2025-12-16 17:34:37.203,0.178116,0.233034,0.081783,-2.421539,1.456625,2.229400,1.382544,-0.000406,0.008211,0.000280,0.008368,-0.008702,-0.001840,0.000030
2025-12-16 17:34:37.253,0.178160,0.233030,0.081811,-2.421487,1.456606,2.229411,1.382556,-0.001194,-0.001092,0.001477,0.000473,-0.000042,-0.001249,0.000747
2025-12-16 17:34:37.302,0.178201,0.233074,0.081894,-2.421496,1.456621,2.229550,1.382544,-0.000932,-0.000074,0.003505,0.000181,0.000304,0.015825,-0.001497
2025-12-16 17:34:37.352,0.178305,0.233038,0.081982,-2.421615,1.456821,2.229665,1.382476,0.001567,0.001559,0.002211,-0.001288,0.006165,-0.000252,-0.005878
2025-12-16 17:34:37.402,0.178359,0.233136,0.082053,-2.421627,1.456962,2.229756,1.382281,-0.000115,-0.000219,0.000617,0.000814,0.000595,0.000236,-0.002127
2025-12-16 17:34:37.452,0.178350,0.233117,0.082050,-2.421610,1.456972,2.229770,1.382275,0.000439,0.000729,-0.000363,0.001335,-0.000177,0.000360,-0.001786
2025-12-16 17:34:37.501,0.178355,0.233135,0.082049,-2.421611,1.456974,2.229766,1.382273,0.000559,0.000745,-0.001215,-0.000338,0.000361,-0.000197,-0.000261
2025-12-16 17:34:37.552,0.178350,0.233142,0.082051,-2.421609,1.456973,2.229762,1.382272,-0.000156,0.000623,0.000345,0.001626,-0.000058,0.000185,-0.000486
2025-12-16 17:34:37.602,0.178354,0.233143,0.082052,-2.421614,1.456973,2.229768,1.382237,-0.000259,0.000707,0.000188,-0.000767,0.000401,0.000078,0.000395
2025-12-16 17:34:37.651,0.178347,0.233193,0.082051,-2.421615,1.456975,2.229764,1.382095,-0.000654,0.002041,-0.000211,-0.000496,-0.000244,-0.000421,-0.000888
2025-12-16 17:34:37.703,0.178345,0.233294,0.082053,-2.421613,1.457003,2.229765,1.381922,0.000308,0.004005,0.000136,0.000615,0.005301,0.000245,-0.012186
2025-12-16 17:34:37.752,0.178354,0.233572,0.082055,-2.421663,1.457181,2.229766,1.381617,0.001131,0.009284,0.001672,0.000023,0.007369,-0.000548,-0.004456
2025-12-16 17:34:37.802,0.178363,0.234019,0.082172,-2.421642,1.457514,2.229892,1.381279,-0.001833,0.010090,0.002321,0.000915,0.004247,0.006654,-0.009572
2025-12-16 17:34:37.852,0.178591,0.234377,0.082313,-2.421643,1.457931,2.230216,1.381028,0.000860,0.001746,0.005161,-0.000409,0.005220,0.001311,0.000741
2025-12-16 17:34:37.902,0.178773,0.234338,0.082507,-2.421667,1.458373,2.230482,1.380756,0.006957,0.000583,0.003512,0.001772,0.011957,0.009850,-0.006720
2025-12-16 17:34:37.952,0.178823,0.234377,0.082622,-2.421944,1.458850,2.230609,1.380290,0.001839,0.001970,0.000722,-0.006096,0.014962,0.000206,-0.006032
2025-12-16 17:34:38.002,0.178874,0.234789,0.082712,-2.421998,1.459345,2.230768,1.379697,0.000064,0.013459,0.000382,-0.000993,0.006357,0.004502,-0.004503
2025-12-16 17:34:38.052,0.178904,0.235141,0.082795,-2.422190,1.459752,2.230836,1.379043,0.000185,0.008000,0.004193,-0.003669,0.009139,-0.000076,-0.007043
2025-12-16 17:34:38.103,0.178907,0.235338,0.082816,-2.422335,1.459933,2.230862,1.378472,-0.001835,0.003994,0.000377,-0.000679,0.002951,-0.000033,-0.012623
2025-12-16 17:34:38.151,0.178853,0.235502,0.082775,-2.422395,1.459996,2.230870,1.377950,-0.000045,0.001301,-0.003091,0.000712,0.001843,0.000225,-0.014102
2025-12-16 17:34:38.202,0.178878,0.235497,0.082776,-2.422392,1.460022,2.230864,1.377884,-0.000010,-0.000092,-0.000459,-0.001026,-0.000144,-0.000539,-0.000663
2025-12-16 17:34:38.251,0.178856,0.235488,0.082769,-2.422396,1.460025,2.230859,1.377879,0.000742,-0.002628,0.001170,-0.000351,0.000655,0.000681,-0.000844
2025-12-16 17:34:38.303,0.178746,0.235455,0.082722,-2.422398,1.460022,2.230803,1.377903,-0.002580,0.000699,-0.001353,-0.000681,-0.000744,-0.001074,0.001579
2025-12-16 17:34:38.352,0.178640,0.235400,0.082543,-2.422388,1.459868,2.230618,1.378143,-0.002377,0.000716,-0.001052,0.002377,-0.002541,-0.000465,0.000391
2025-12-16 17:34:38.404,0.178618,0.235399,0.082535,-2.422395,1.459835,2.230612,1.378176,0.000628,-0.001097,0.001082,-0.000103,-0.000483,-0.000024,0.001752
2025-12-16 17:34:38.452,0.178615,0.235399,0.082538,-2.422393,1.459837,2.230619,1.378180,0.000216,0.001038,-0.000545,-0.001070,0.000264,0.008800,0.002078
2025-12-16 17:34:38.502,0.178619,0.235401,0.082541,-2.422390,1.459838,2.230620,1.378177,-0.000657,0.000120,0.000215,0.001151,0.000386,-0.000050,0.000112
2025-12-16 17:34:38.552,0.178618,0.235395,0.082540,-2.422400,1.459837,2.230620,1.378169,0.000159,-0.001147,0.000575,-0.000869,0.000124,0.000109,-0.002661
2025-12-16 17:34:38.602,0.178620,0.235402,0.082540,-2.422410,1.459837,2.230625,1.378151,0.000537,-0.004264,-0.000339,-0.000384,0.000115,0.000161,-0.001527
2025-12-16 17:34:38.651,0.178622,0.235401,0.082537,-2.422412,1.459835,2.230626,1.378150,0.000475,0.001292,-0.000139,-0.000848,-0.000663,0.000163,0.001314
2025-12-16 17:34:38.701,0.178616,0.235404,0.082540,-2.422413,1.459838,2.230623,1.378145,-0.000552,0.000383,0.000069,-0.000450,0.000027,-0.000360,0.000139
2025-12-16 17:34:38.752,0.178619,0.235400,0.082538,-2.422416,1.459835,2.230626,1.378137,0.000511,-0.000688,0.000281,-0.000201,-0.000070,0.000388,-0.001711
2025-12-16 17:34:38.801,0.178632,0.235413,0.082552,-2.422428,1.459849,2.230635,1.378117,-0.000566,0.000663,-0.000332,0.000919,0.000622,0.002974,-0.000255
2025-12-16 17:34:38.852,0.178650,0.235407,0.082573,-2.422472,1.459916,2.230653,1.377904,-0.000284,-0.000441,0.000965,-0.000438,0.000091,-0.000599,0.000892
2025-12-16 17:34:38.903,0.178643,0.235473,0.082570,-2.422562,1.459972,2.230667,1.377636,0.001152,0.007751,-0.000093,0.000956,0.004630,0.000449,-0.011811
2025-12-16 17:34:38.952,0.178640,0.235549,0.082574,-2.422641,1.460028,2.230675,1.377433,0.000471,0.001714,0.000478,-0.001873,0.002088,0.003341,-0.001911
2025-12-16 17:34:39.002,0.178635,0.235587,0.082576,-2.422733,1.460100,2.230675,1.377183,0.000661,0.000773,0.001496,-0.003344,0.000191,-0.000826,-0.000714
