timestamp,ee_pose_cmd
2025-12-16 17:42:14.633,0.009364246028825138,-0.5767937950220091,-0.8168243237206081,0.0,-0.9999460188063216,-0.006225453048858172,-0.007067539100168641,0.0,-0.0010086081962684622,0.8168621398710185,-0.5768320614831038,0.0,0.46812045137612346,0.24325408767290152,0.21273230432708884,1.0
2025-12-16 17:42:14.682,0.009364243884005346,-0.5767938475643464,-0.8168242866428537,0.0,-0.9999460188404381,-0.006225440902740582,-0.00706754497214157,0.0,-0.0010085942856681636,0.8168621028622483,-0.5768321139162008,0.0,0.4681410833315277,0.24323269850113186,0.21272808203796983,1.0
2025-12-16 17:42:14.732,0.009364241825399564,-0.5767938338447308,-0.8168242963544491,0.0,-0.9999460188446793,-0.006225451774736435,-0.007067534795434493,0.0,-0.0010086091937504876,0.8168621124671223,-0.5768321002885022,0.0,0.4681188185134648,0.24322721008134976,0.2127235048102723,1.0
2025-12-16 17:42:14.782,0.00936423504448357,-0.5767938512636143,-0.8168242841319836,0.0,-0.9999460188921085,-0.006225461030482102,-0.007067519931992103,0.0,-0.0010086251283181,0.8168621000967107,-0.5768321177785977,0.0,0.4680953729823026,0.24319811514318868,0.21270860726622146,1.0
2025-12-16 17:42:14.832,0.009364220156154015,-0.576793875720859,-0.8168242670323805,0.0,-0.9999460190005061,-0.006225477781532364,-0.0070674898400606275,0.0,-0.0010086558891116272,0.8168620826992264,-0.5768321423616923,0.0,0.4680425433175242,0.24314052999017813,0.21268255300499667,1.0
2025-12-16 17:42:14.882,0.009364208889152832,-0.5767939153726119,-0.8168242391617802,0.0,-0.9999460190804829,-0.006225492304876831,-0.007067465731451016,0.0,-0.0010086812045718727,0.8168620545895283,-0.5768321821240575,0.0,0.46799185180991043,0.24308027683162567,0.2126561018220469,1.0
2025-12-16 17:42:14.932,0.0093641877957309,-0.5767939771308833,-0.8168241957934846,0.0,-0.9999460192114032,-0.006225534614687982,-0.007067409938450094,0.0,-0.001008747240124401,0.816862010658134,-0.5768322442205848,0.0,0.46787563474615707,0.24297105054025991,0.21260592089742963,1.0
2025-12-16 17:42:14.982,0.009364128815579463,-0.5767940562580516,-0.8168241405946063,0.0,-0.9999460196604509,-0.006225584905698076,-0.00706730210273629,0.0,-0.001008849617138646,0.8168619544013211,-0.5768323237077687,0.0,0.46762100764409026,0.24272655079765595,0.2124847730350719,1.0
2025-12-16 17:42:15.032,0.00936402952315007,-0.5767941201219803,-0.816824096635872,0.0,-0.9999460205274884,-0.006225579021865297,-0.007067184608514843,0.0,-0.0010089118572420672,0.8168619093503605,-0.5768323873963284,0.0,0.4672712341136981,0.24236679272191525,0.2123152829350553,1.0
2025-12-16 17:42:15.082,0.009363913772858062,-0.5767941983098971,-0.8168240427510113,0.0,-0.9999460216131482,-0.006225511532678671,-0.0070670904481409235,0.0,-0.0010089101535434716,0.81686185465441,-0.576832464855143,0.0,0.46679338267950776,0.24192262397304712,0.21211814793136743,1.0
2025-12-16 17:42:15.132,0.009363778464807682,-0.5767942849008649,-0.8168239831565733,0.0,-0.9999460229839312,-0.006225350251894913,-0.007067038564269806,0.0,-0.0010088073569205142,0.8168617947396606,-0.5768325498811742,0.0,0.46624219017085383,0.2414421528746893,0.21184911128047304,1.0
2025-12-16 17:42:15.182,0.009363645613486384,-0.576794305244798,-0.8168239703138028,0.0,-0.9999460243881267,-0.0062251441028357436,-0.007067021472109444,0.0,-0.0010086486013096583,0.8168617819454072,-0.5768325682769423,0.0,0.46574670400610857,0.24102840652286858,0.21161486730433665,1.0
2025-12-16 17:42:15.232,0.009363494197579866,-0.576794291497413,-0.8168239817571578,0.0,-0.9999460259738188,-0.006224920712004935,-0.007066993880337388,0.0,-0.0010084822102843962,0.8168617933551804,-0.5768325524103076,0.0,0.46522168335551806,0.24070982301830118,0.21138879617477857,1.0
2025-12-16 17:42:15.282,0.009363217454636762,-0.5767943722946587,-0.8168239278751057,0.0,-0.9999460286924969,-0.006224658648901606,-0.0070668400305347965,0.0,-0.0010083559817357594,0.8168617382993884,-0.5768326305963593,0.0,0.4645292455239985,0.24051129801759435,0.2111129305904643,1.0
2025-12-16 17:42:15.332,0.009362727592308415,-0.5767948519258693,-0.8168235948018734,0.0,-0.9999460331325506,-0.0062244990882999,-0.007066352296888347,0.0,-0.001008501511185508,0.8168614008360796,-0.5768331082287315,0.0,0.46367609137409677,0.24045712734721902,0.21081598225478002,1.0
2025-12-16 17:42:15.383,0.009362110559596596,-0.5767955229729079,-0.8168231280182312,0.0,-0.9999460386782122,-0.0062243364834566476,-0.007065710742794291,0.0,-0.0010087310943889644,0.8168609282318828,-0.5768337770881019,0.0,0.4627297579496072,0.24046711783278218,0.21054393053693596,1.0
2025-12-16 17:42:15.432,0.009361528308571098,-0.5767962643263261,-0.8168226111880907,0.0,-0.9999460439455254,-0.006224155921259589,-0.0070651243420877105,0.0,-0.001008913389237188,0.8168604061184157,-0.576834516139447,0.0,0.4617942111427686,0.24044110697377818,0.21031310483915697,1.0
2025-12-16 17:42:15.482,0.009361056487891399,-0.5767970118203166,-0.8168220887548233,0.0,-0.9999460482369036,-0.006223991977363005,-0.0070646613842797355,0.0,-0.0010090379784759348,0.8168598795412446,-0.5768352616113386,0.0,0.46080645223167216,0.24030868998110175,0.21012374114349847,1.0
2025-12-16 17:42:15.533,0.009360745897216293,-0.5767978115217287,-0.8168215276063678,0.0,-0.9999460510895489,-0.006223864178402873,-0.00706437019941482,0.0,-0.0010090924031716264,0.8168593158223876,-0.5768360598009653,0.0,0.4598126868989941,0.2400374913598678,0.20995423952421224,1.0
2025-12-16 17:42:15.582,0.009360531849780316,-0.5767984655999886,-0.8168210681821304,0.0,-0.9999460530959562,-0.006223744186771982,-0.007064191908873789,0.0,-0.001009089749093863,0.8168588548719319,-0.5768367125584108,0.0,0.4588882708850635,0.239725689687357,0.20983311150197378,1.0
2025-12-16 17:42:15.632,0.009360316334450034,-0.57679903470941,-0.8168206687747441,0.0,-0.9999460551678088,-0.006223580719871454,-0.007064042650577597,0.0,-0.0010090358108460222,0.8168584542511647,-0.5768372799716835,0.0,0.4579143376083965,0.23938671510718512,0.20973113938029092,1.0
2025-12-16 17:42:15.683,0.009360012623095193,-0.5767995254568054,-0.8168203257128878,0.0,-0.9999460580673243,-0.006223363957182656,-0.007063823177564489,0.0,-0.0010089797437924854,0.8168581093698578,-0.5768377684553762,0.0,0.4568390550808879,0.23905255085193985,0.20962790882334809,1.0
2025-12-16 17:42:15.732,0.009359617119689035,-0.5768001016751549,-0.8168199233467021,0.0,-0.9999460617383259,-0.0062231659069831346,-0.0070634779899627475,0.0,-0.0010090105029039592,0.8168577039915289,-0.5768383424560929,0.0,0.45576645102930546,0.23882269116556767,0.20952956391269278,1.0
2025-12-16 17:42:15.782,0.009359100310834426,-0.5768008836022543,-0.8168193771074721,0.0,-0.999946066368858,-0.006223041871413856,-0.007062931722891798,0.0,-0.0010092153570586424,0.8168571527904223,-0.5768391226498842,0.0,0.4546191937739671,0.23867908521215955,0.20941543142786548,1.0
2025-12-16 17:42:15.832,0.009358396421545056,-0.576801897989437,-0.8168186688570532,0.0,-0.9999460726267276,-0.006222911642823591,-0.007062160453896876,0.0,-0.0010095422876099732,0.8168564374866119,-0.5768401350123363,0.0,0.45344241600330154,0.23865979093848477,0.20923928639736214,1.0
2025-12-16 17:42:15.883,0.009357523291039034,-0.5768032239635132,-0.8168177425132018,0.0,-0.9999460803620922,-0.0062227719511627234,-0.007061188210242316,0.0,-0.0010099738577687275,0.8168555022291116,-0.5768414586615915,0.0,0.45211323127734226,0.2386879047831798,0.20900759006600897,1.0
2025-12-16 17:42:15.933,0.009356635487457453,-0.5768049588159222,-0.816816527599023,0.0,-0.9999460883553444,-0.006222529063046347,-0.007060270257826535,0.0,-0.001010285137986193,0.8168542790280161,-0.5768431902671295,0.0,0.45070741258140284,0.23860973672475144,0.2086531704071546,1.0
2025-12-16 17:42:15.982,0.009355780056093915,-0.5768067485690969,-0.8168152735385747,0.0,-0.9999460961117159,-0.0062222512545681815,-0.007059416510740727,0.0,-0.0010105302320088788,0.8168530173193609,-0.5768449765100724,0.0,0.4492758765863976,0.23846211952508356,0.20827442620372202,1.0
2025-12-16 17:42:16.032,0.009355016162872813,-0.5768088089091958,-0.8168138273428993,0.0,-0.9999461032634775,-0.0062218244548839525,-0.007058779628797035,0.0,-0.0010105254317564487,0.8168515656646684,-0.5768470321580338,0.0,0.4477911673220879,0.2381358892040528,0.20779277562792506,1.0
2025-12-16 17:42:16.082,0.009354329911629659,-0.5768110210706104,-0.816812273037442,0.0,-0.9999461098537715,-0.0062213100110338655,-0.007058299459828499,0.0,-0.0010103569054386123,0.8168500074602604,-0.5768492389620501,0.0,0.44632610738614065,0.23769203157875218,0.20722543532823648,1.0
2025-12-16 17:42:16.132,0.009353639005337843,-0.5768135088129138,-0.816810524166713,0.0,-0.9999461168019618,-0.006220540628516492,-0.00705799321156933,0.0,-0.001009876665091108,0.8168482565842646,-0.5768517191309811,0.0,0.44488340728667025,0.2371769070606533,0.20655211677353633,1.0
2025-12-16 17:42:16.182,0.00935287793786286,-0.576816146828835,-0.8168086699668557,0.0,-0.9999461243835872,-0.006219749954093096,-0.0070576158836243566,0.0,-0.0010094183221697373,0.8168463997405934,-0.5768543492992677,0.0,0.4435015411278242,0.23669354300696732,0.20582244670180133,1.0
2025-12-16 17:42:16.232,0.009351942849834755,-0.576819196344041,-0.8168065271501914,0.0,-0.9999461334618134,-0.006218967795044605,-0.007057018884915201,0.0,-0.001009088953436974,0.8168442522305932,-0.5768573908145125,0.0,0.44217415409592215,0.2363239327520922,0.20501721807111692,1.0
2025-12-16 17:42:16.282,0.009351045609892493,-0.576821936333731,-0.8168046024670866,0.0,-0.99994614187252,-0.006218457880609317,-0.007056276430096696,0.0,-0.0010090694111280236,0.8168423212093219,-0.5768601252125949,0.0,0.4409385106664604,0.23605906140932123,0.20432616355464386,1.0
2025-12-16 17:42:16.332,0.009350380526192902,-0.5768247036498004,-0.8168026558138408,0.0,-0.9999461482938596,-0.006217934560604756,-0.007055827611470595,0.0,-0.0010088692156466302,0.816840370978699,-0.5768628871077484,0.0,0.43981070455775373,0.23563853149032998,0.20358152322908385,1.0
2025-12-16 17:42:16.382,0.009350012348991655,-0.5768263335574593,-0.8168015089879184,0.0,-0.9999461518827795,-0.006217617849953321,-0.00705559808247832,0.0,-0.0010087242902494782,0.8168392223799626,-0.5768645137785857,0.0,0.4389272844069974,0.2352855797757622,0.20312399523662053,1.0
2025-12-16 17:42:16.432,0.009349891777524771,-0.5768279392665757,-0.8168003764117845,0.0,-0.9999461534802613,-0.0062171814119059655,-0.007055756269156063,0.0,-0.0010082581808549549,0.8168380917761963,-0.5768661155232323,0.0,0.43814157943729726,0.23470505581492487,0.20259854241570666,1.0
2025-12-16 17:42:16.482,0.009349753492026337,-0.5768287865287249,-0.8167997796538914,0.0,-0.9999461551429139,-0.0062168094364397734,-0.007055848392889964,0.0,-0.0010078915164677957,0.8168374962826511,-0.5768669593774471,0.0,0.4374334369973474,0.23430516246107227,0.20227529349650492,1.0
2025-12-16 17:42:16.532,0.009349547224015566,-0.5768299645473497,-0.8167989500900559,0.0,-0.9999461578289379,-0.0062160865672474365,-0.007056104601077895,0.0,-0.0010071398054766962,0.8168366698815492,-0.5768681308637472,0.0,0.4365752463866419,0.23373035965533326,0.20173122656270318,1.0
2025-12-16 17:42:16.582,0.009349042389664568,-0.5768309286574069,-0.8167982750054251,0.0,-0.9999461627546504,-0.006215636870752753,-0.007055802700592084,0.0,-0.001006935636516212,0.8168359924588927,-0.5768690904393471,0.0,0.43561005800442587,0.2334972662887678,0.20134359372347627,1.0
2025-12-16 17:42:16.632,0.009348306122248611,-0.5768324036533299,-0.8167972417738536,0.0,-0.9999461693475564,-0.006215460541287001,-0.007055023643901071,0.0,-0.001007224172321331,0.8168349521701682,-0.5768705629624601,0.0,0.43450100053535234,0.23338785470934448,0.2009226758824269,1.0
2025-12-16 17:42:16.683,0.009347412552510164,-0.5768334880909718,-0.816796486155875,0.0,-0.9999461770357502,-0.006215493691917746,-0.007053904660704681,0.0,-0.0010078843820844946,0.8168341860940521,-0.5768716465533211,0.0,0.4333261422081156,0.2335055176477641,0.20066026701432696,1.0
2025-12-16 17:42:16.732,0.009346547257218741,-0.5768338400909374,-0.8167962474702731,0.0,-0.999946184274446,-0.00621568582250997,-0.007052709120592592,0.0,-0.001008726991324941,0.81683393605114,-0.5768719991341746,0.0,0.43206582354285106,0.23380762223563284,0.200710336967923,1.0
2025-12-16 17:42:16.783,0.009345386621095162,-0.5768358943080921,-0.816794810027521,0.0,-0.9999461940509712,-0.006215901031240102,-0.0070511331398138526,0.0,-0.0010097884529286713,0.8168324837294196,-0.576874053716847,0.0,0.4305635968286456,0.23410290436344272,0.20044669715747304,1.0
2025-12-16 17:42:16.832,0.009343735729538977,-0.5768387041821621,-0.8167928445213444,0.0,-0.9999462079924362,-0.006216174199100606,-0.0070489148868953435,0.0,-0.0010112591467488633,0.8168304973106177,-0.5768768638264384,0.0,0.4287195622195533,0.2346481090458278,0.2002261412389283,1.0
2025-12-16 17:42:16.883,0.00934154199286322,-0.5768441947231883,-0.8167889920343934,0.0,-0.9999462266044935,-0.006216476590540105,-0.00704600734053851,0.0,-0.001013120723739517,0.8168266175338958,-0.5768823541022327,0.0,0.42660541825995035,0.23505466841702355,0.19937005455129883,1.0
2025-12-16 17:42:16.932,0.009339438400355074,-0.5768479600554318,-0.8167863568715269,0.0,-0.9999462443590376,-0.006216821946731236,-0.007043182401934693,0.0,-0.0010149894900282751,0.816823955757885,-0.5768861196946726,0.0,0.4248586355744302,0.23567941056821043,0.19879803847674388,1.0
2025-12-16 17:42:16.982,0.009337561937927615,-0.5768522226159578,-0.8167833679142181,0.0,-0.9999462602352724,-0.00621710132626548,-0.007040681344854416,0.0,-0.001016611850349398,0.8168209433006525,-0.576890382209461,0.0,0.4233254426659577,0.23604701074445686,0.19788362139589896,1.0
2025-12-16 17:42:17.032,0.009335946410814257,-0.5768550300022642,-0.8167814036612916,0.0,-0.9999462738513051,-0.006217372571932796,-0.007038507682816464,0.0,-0.0010180553365662522,0.8168189585687903,-0.5768931898418708,0.0,0.42208636403386623,0.2365459001408203,0.1973133229536474,1.0
2025-12-16 17:42:17.083,0.009334460417754256,-0.5768590531623339,-0.816778579257912,0.0,-0.9999462867513357,-0.006217330016787454,-0.0070367123634668205,0.0,-0.0010190103656312877,0.8168161175814148,-0.5768972106685026,0.0,0.4208399775016335,0.23664422676253855,0.19641266407967575,1.0
2025-12-16 17:42:17.132,0.009333056931534361,-0.5768623689458017,-0.8167762534768984,0.0,-0.9999462987628426,-0.006217421303213329,-0.007034924593688146,0.0,-0.0010200784515272789,0.8168137751296547,-0.5769005253927183,0.0,0.419683186119224,0.23681864975684908,0.19567336773702576,1.0
2025-12-16 17:42:17.182,0.009331930209868285,-0.5768664481403162,-0.816773385333865,0.0,-0.999946308755118,-0.0062172253823087565,-0.007033677328981083,0.0,-0.0010205914143049395,0.8168108956808413,-0.5769046013772353,0.0,0.4184382304184467,0.23661710279331793,0.1947045543172557,1.0
2025-12-16 17:42:17.232,0.009330911195905423,-0.5768700678974901,-0.8167708404206211,0.0,-0.9999463176624791,-0.006217150285638608,-0.007032477286306989,0.0,-0.001021181075082905,0.8168083397653937,-0.5769082191119427,0.0,0.41731126436092775,0.23643731627053693,0.19375565192806402,1.0
2025-12-16 17:42:17.282,0.009330336684063068,-0.576872696732005,-0.8167689902804306,0.0,-0.9999463227036941,-0.0062170970704059116,-0.00703180749062809,0.0,-0.001021494013577041,0.8168064835166319,-0.5769108466957216,0.0,0.41645646949364357,0.23611351289664387,0.19294833159019226,1.0
2025-12-16 17:42:17.332,0.009330045300505933,-0.5768749636048727,-0.8167673925431744,0.0,-0.9999463255925769,-0.006216812465706758,-0.007031648304516074,0.0,-0.0010213275115146785,0.8168048846597333,-0.5769131106900881,0.0,0.4157877697552584,0.2356043268329036,0.19215400839933014,1.0
2025-12-16 17:42:17.382,0.00932989972501832,-0.5768765874057804,-0.8167662473286895,0.0,-0.9999463275257998,-0.006216282524786585,-0.007031841895708979,0.0,-0.0010207644470099145,0.8168037418462566,-0.5769147297009302,0.0,0.41516041758222405,0.23501483283367022,0.1914615288179649,1.0
2025-12-16 17:42:17.432,0.009329659152660754,-0.5768781902842722,-0.8167651179718969,0.0,-0.9999463305253695,-0.006215553193216529,-0.007032060050873402,0.0,-0.0010200245996343131,0.8168026153219806,-0.5769163259546299,0.0,0.4144869053992203,0.23447051565866175,0.19071587110826285,1.0
2025-12-16 17:42:17.482,0.009329401275202253,-0.5768794631931697,-0.8167642218651688,0.0,-0.9999463334948935,-0.006214963996631533,-0.007032158548256613,0.0,-0.0010194720122165754,0.8168017207770364,-0.5769175934329691,0.0,0.41391122201076286,0.23408570296875605,0.19011005335931644,1.0
2025-12-16 17:42:17.532,0.009329195545089788,-0.5768807058101229,-0.8167633465549884,0.0,-0.9999463358138448,-0.006214535830879757,-0.007032207198363262,0.0,-0.0010190800509693617,0.8168008463981702,-0.5769188320717937,0.0,0.4134900483823055,0.2337800689900786,0.1895817674991928,1.0
2025-12-16 17:42:17.583,0.009329078608959944,-0.5768811056413468,-0.8167630654893336,0.0,-0.9999463369545404,-0.006214431950174683,-0.007032136797713504,0.0,-0.0010190312585227647,0.8168005647947623,-0.5769192308514696,0.0,0.41330664559056357,0.233710989608477,0.18939549971821115,1.0
2025-12-16 17:42:17.632,0.009329076655025689,-0.5768810314694413,-0.8167631178993862,0.0,-0.9999463369569261,-0.006214442883521334,-0.007032126796446521,0.0,-0.0010190468056033995,0.8168006170979152,-0.5769191567733498,0.0,0.41332697550722414,0.23373953332643893,0.18942547917099767,1.0
2025-12-16 17:42:17.682,0.00932910259918185,-0.5768806618237744,-0.8167633786842223,0.0,-0.9999463367105506,-0.006214458138368543,-0.007032148349211405,0.0,-0.0010190510519400254,0.816800878056061,-0.576918787301819,0.0,0.41346068487604254,0.2338544195390177,0.18957974866065117,1.0
2025-12-16 17:42:17.732,0.009329141441078909,-0.5768804851602808,-0.8167635030181134,0.0,-0.9999463364141005,-0.006214426180939661,-0.00703221874437176,0.0,-0.0010189863544302817,0.8168010030734256,-0.57691861041663,0.0,0.4135685953674404,0.23390646983731053,0.1896822313147235,1.0
2025-12-16 17:42:17.782,0.009329133942107232,-0.5768805631381603,-0.8167634480279452,0.0,-0.9999463364785677,-0.0062144269309040425,-0.00703220891472905,0.0,-0.001018991747517607,0.816800947993366,-0.5769186883894104,0.0,0.4135646923475228,0.2338894776271709,0.18964115541652293,1.0
2025-12-16 17:42:17.832,0.00932909266347652,-0.5768809209867003,-0.8167631957506538,0.0,-0.9999463368647143,-0.006214405367307145,-0.0070321730623025954,0.0,-0.0010189907335019755,0.8168006954153897,-0.5769190459907011,0.0,0.4135671246128354,0.23383572500768623,0.18946428001641866,1.0
2025-12-16 17:42:17.882,0.009328979640627722,-0.5768816628836335,-0.8167626730383112,0.0,-0.9999463380140823,-0.006214270457779594,-0.007032128846431119,0.0,-0.0010188975844736838,0.8168001724525042,-0.5769197865641911,0.0,0.4137536943842626,0.23384208433952372,0.1891603130127116,1.0
2025-12-16 17:42:17.932,0.009328959443755865,-0.5768825752373541,-0.8167620288703581,0.0,-0.999946338466942,-0.006214054649609182,-0.007032255155766712,0.0,-0.0010186380310798807,0.8167995297129302,-0.5769206970089543,0.0,0.41407794861579955,0.2338256288389513,0.18887784932473128,1.0
2025-12-16 17:42:17.983,0.009328987437256919,-0.5768844961341741,-0.8167606718094499,0.0,-0.9999463387103351,-0.006213682660084913,-0.007032549239343227,0.0,-0.0010181426017845765,0.8167981758379311,-0.5769226146836947,0.0,0.4144690668244094,0.23367593879499915,0.18833746928730877,1.0
2025-12-16 17:42:18.032,0.009328929629260152,-0.5768869562543609,-0.8167589348619088,0.0,-0.9999463398146563,-0.006213217095663956,-0.007032803552094837,0.0,-0.001017587533730741,0.816796441818104,-0.5769250706538033,0.0,0.4148995366184909,0.23351501703389832,0.18762348160291456,1.0
2025-12-16 17:42:18.083,0.009328600310921911,-0.5768900201961488,-0.816756774514625,0.0,-0.9999463435144378,-0.006212549650617183,-0.007032867136013035,0.0,-0.0010169707298566344,0.8167942828441174,-0.5769281283519625,0.0,0.41545370568547674,0.23343400657459684,0.18666139460506903,1.0
2025-12-16 17:42:18.132,0.009328293308938786,-0.5768936865726065,-0.816754188380946,0.0,-0.9999463472441461,-0.006211708496914174,-0.007033079826603843,0.0,-0.0010161191461695604,0.816791699670658,-0.5769317869999872,0.0,0.4160830428244712,0.2333355118132737,0.1856146249377791,1.0
2025-12-16 17:42:18.182,0.009328089984314359,-0.5768969445326937,-0.8167518895155951,0.0,-0.9999463499706974,-0.006210951949523243,-0.007033360318396294,0.0,-0.0010153022106970775,0.8167894042978245,-0.5769350381006735,0.0,0.41689946283731916,0.2333263069941755,0.18472708644710945,1.0
2025-12-16 17:42:18.232,0.00932805658786205,-0.576900280015292,-0.8167495339330042,0.0,-0.999946351248121,-0.0062101840091438945,-0.007033856790566953,0.0,-0.0010143504724306777,0.8167870542359312,-0.5769383668345424,0.0,0.4178402053654879,0.23325679166298216,0.18385282152673346,1.0
2025-12-16 17:42:18.282,0.009328170455848554,-0.5769028448441064,-0.8167477209934116,0.0,-0.9999463512030045,-0.006209452382114005,-0.00703450908876936,0.0,-0.0010133472863914036,0.8167852482076603,-0.5769409254313894,0.0,0.4189165773681276,0.23323154312097152,0.18321231097563342,1.0
2025-12-16 17:42:18.332,0.009328406326586396,-0.5769054109596762,-0.8167459057393931,0.0,-0.9999463501097234,-0.006208717740949311,-0.007035312890284726,0.0,-0.0010122542096426721,0.816783441280728,-0.5769434854394552,0.0,0.42010983398305674,0.233148398875575,0.18265128685201867,1.0
2025-12-16 17:42:18.382,0.009328675551483595,-0.5769080106149337,-0.8167440664014542,0.0,-0.9999463487760955,-0.006207944420987088,-0.007036184806365663,0.0,-0.0010110898580446095,0.8167816109449004,-0.5769460786932795,0.0,0.42137702713905173,0.23302695245337474,0.1822701829052303,1.0
2025-12-16 17:42:18.432,0.00932894605806093,-0.5769109129613754,-0.8167420132286122,0.0,-0.9999463473709689,-0.006207221452201583,-0.007037022275756228,0.0,-0.001009983045094128,0.8167795664112653,-0.576948975063891,0.0,0.42260678177031336,0.23284059676868152,0.18206565073522005,1.0
2025-12-16 17:42:18.482,0.009329114773249216,-0.5769138386593307,-0.8167399447082968,0.0,-0.9999463469089264,-0.0062064442458025565,-0.007037773406792898,0.0,-0.0010088814825192506,0.8167775057795296,-0.5769518941911231,0.0,0.4239183960717875,0.2327122244955332,0.18192456506608173,1.0
2025-12-16 17:42:18.532,0.009329249047779648,-0.576916487180956,-0.8167380723537984,0.0,-0.9999463466797647,-0.006205715454312986,-0.007038448600392849,0.0,-0.0010078664405415553,0.8167756405464554,-0.5769545365236032,0.0,0.42513128639030423,0.2326564400385591,0.1818596726333609,1.0
2025-12-16 17:42:18.582,0.009329361326195471,-0.5769189254009645,-0.8167363487886713,0.0,-0.9999463465911457,-0.006205023778970148,-0.0070390709707407175,0.0,-0.0010069145913482165,0.816773923564951,-0.5769569688523757,0.0,0.42626068743948486,0.2326033293351662,0.1817655285076388,1.0
2025-12-16 17:42:18.633,0.009329434535352404,-0.5769207033694064,-0.8167350920440534,0.0,-0.999946346824693,-0.006204337510614111,-0.007039642690767419,0.0,-0.0010060039238699789,0.816772672903578,-0.5769587409460488,0.0,0.4272997349713466,0.23266006475932957,0.18173373135242574,1.0
2025-12-16 17:42:18.682,0.009329491516564007,-0.5769221809464788,-0.8167340476686453,0.0,-0.9999463470747509,-0.006203748227219062,-0.0070401264905950965,0.0,-0.001005226624968104,0.8167716336831605,-0.5769602134722754,0.0,0.428237245624796,0.2327412829581448,0.18166362293826938,1.0
2025-12-16 17:42:18.732,0.009329568542453363,-0.5769236330237265,-0.8167330210728133,0.0,-0.9999463471972216,-0.006203121469841279,-0.007040661344793602,0.0,-0.0010043895538283051,0.816770612755009,-0.5769616602005988,0.0,0.4291898243338079,0.23288055015266698,0.18161716163846583,1.0
2025-12-16 17:42:18.782,0.009329662184268093,-0.5769251040009469,-0.816731980932688,0.0,-0.9999463471868998,-0.006202485791890283,-0.007041222818933451,0.0,-0.0010035296214652976,0.8167695785400125,-0.5769631257713699,0.0,0.4301884909224545,0.23305942838133978,0.18153751317429484,1.0
2025-12-16 17:42:18.832,0.009329752285145586,-0.5769263929856684,-0.8167310693857875,0.0,-0.9999463471705085,-0.006201877749941398,-0.007041760713046567,0.0,-0.0010027079436986063,0.8167686726640303,-0.5769644095881633,0.0,0.43116583938507036,0.23325291761584976,0.18142953937729664,1.0
2025-12-16 17:42:18.882,0.009329843605441202,-0.576927460224596,-0.8167303144602284,0.0,-0.9999463470528972,-0.006201341183307772,-0.0070422499460732185,0.0,-0.0010019752501918553,0.8167679228760057,-0.576965472282712,0.0,0.4321158196347186,0.23344170899494202,0.18121546138222303,1.0
2025-12-16 17:42:18.932,0.009329944407921703,-0.5769283946088,-0.8167296532713052,0.0,-0.9999463468328952,-0.006200819852495159,-0.007042740227513224,0.0,-0.0010012559122991446,0.8167672668144186,-0.5769664022688864,0.0,0.4330850600999238,0.23366351303384217,0.18091120156736448,1.0
2025-12-16 17:42:18.982,0.00933005264257166,-0.5769293728212873,-0.816728961035992,0.0,-0.9999463465047407,-0.0062003344366165294,-0.0070432141741862365,0.0,-0.0010005748305002284,0.8167665795192164,-0.5769673764005103,0.0,0.43407189304731214,0.23386873751706141,0.1804966483641227,1.0
2025-12-16 17:42:19.032,0.009330170072093816,-0.5769304745500113,-0.816728181442965,0.0,-0.9999463459867177,-0.006199940012864701,-0.007043634917871111,0.0,-0.0009999973490858083,0.8167658042826991,-0.5769684748404695,0.0,0.43505213260269016,0.23403986379437372,0.17999430235105263,1.0
2025-12-16 17:42:19.082,0.009330293059952892,-0.5769317559709117,-0.8167272748506347,0.0,-0.999946345259356,-0.006199678748645571,-0.007043968134453631,0.0,-0.0009995770694732017,0.8167649011028554,-0.5769697541224541,0.0,0.4359799051411574,0.2341244454226865,0.17939151329627148,1.0
2025-12-16 17:42:19.132,0.009330413412892157,-0.57693306753128,-0.8167263469949406,0.0,-0.9999463444459278,-0.006199506516270104,-0.0070442351883800505,0.0,-0.0009992673335534061,0.816763975954271,-0.5769710643075328,0.0,0.4368231883266177,0.23416865739172743,0.17881218301912488,1.0
2025-12-16 17:42:19.182,0.009330530609457686,-0.5769343204370624,-0.8167254606056918,0.0,-0.9999463436781416,-0.006199318630087017,-0.007044509524920602,0.0,-0.000998941280741908,0.816763092353765,-0.576972315700704,0.0,0.43764461973259106,0.2342124376076392,0.17827907534733956,1.0
2025-12-16 17:42:19.232,0.009330640202706637,-0.5769356809362952,-0.816724498296206,0.0,-0.9999463430630793,-0.006199060300786249,-0.00704482415470282,0.0,-0.0009985332181562168,0.8167621332828392,-0.5769736740672643,0.0,0.43844366759999437,0.23421407579520112,0.17785290299659148,1.0
2025-12-16 17:42:19.282,0.009330727062972048,-0.5769370738496805,-0.816723513345522,0.0,-0.9999463427831062,-0.006198688362366649,-0.00704519116030648,0.0,-0.0009980017793341008,0.8167611521737995,-0.576975063839137,0.0,0.439253316576798,0.2342029909716473,0.17755065250977156,1.0
2025-12-16 17:42:19.332,0.009330822179124638,-0.5769383765343367,-0.8167225920351378,0.0,-0.9999463426017275,-0.006198176347183358,-0.007045667364149128,0.0,-0.0009972939624884956,0.8167602358605571,-0.5769763621863202,0.0,0.44016294218191304,0.23429125441689602,0.1773358330960705,1.0
2025-12-16 17:42:19.382,0.009330917589510674,-0.5769400159425465,-0.8167214328535528,0.0,-0.9999463424769779,-0.006197618327861246,-0.007046175926345704,0.0,-0.0009965260559450066,0.8167590820346521,-0.5769779968506011,0.0,0.4411453988878821,0.2343460495092034,0.17714515083769355,1.0
2025-12-16 17:42:19.433,0.009330991023469683,-0.5769417996570675,-0.8167201719782563,0.0,-0.9999463424711876,-0.006197119014241395,-0.007046615898863638,0.0,-0.000995844021981875,0.8167578258209044,-0.5769797762963562,0.0,0.4420843045024564,0.2343133205771628,0.1769049085419033,1.0
2025-12-16 17:42:19.482,0.009331044810136324,-0.5769434066758868,-0.8167190361422844,0.0,-0.9999463425475603,-0.00619668948927525,-0.007046982782688004,0.0,-0.0009952631754239366,0.8167566938888836,-0.5769813796292842,0.0,0.4429760631531503,0.2342668506716351,0.17659101109742373,1.0
2025-12-16 17:42:19.532,0.009331130180053741,-0.5769450810050223,-0.8167178523914361,0.0,-0.9999463423612173,-0.006196252209095187,-0.007047393716304676,0.0,-0.000994649808651285,0.8167555144627306,-0.5769830502419273,0.0,0.4439406147907046,0.23423675907116914,0.17618504744948482,1.0
2025-12-16 17:42:19.582,0.009331262360651243,-0.5769472308712073,-0.8167163321704857,0.0,-0.9999463417723925,-0.006195817511963048,-0.00704785943222637,0.0,-0.0009940015077848224,0.8167539990905193,-0.5769851964571072,0.0,0.44501077301338066,0.2341699340988226,0.17571086864592952,1.0
2025-12-16 17:42:19.632,0.009331419393478396,-0.5769495325618337,-0.8167147044041713,0.0,-0.9999463409126026,-0.006195430212054798,-0.007048321870688812,0.0,-0.0009933920715314206,0.8167523761000499,-0.5769874949313153,0.0,0.4460832971281078,0.23406946232044468,0.17519200592534678,1.0
2025-12-16 17:42:19.682,0.009331557528190234,-0.5769516139832723,-0.8167132324490668,0.0,-0.9999463400122062,-0.0061952082582878805,-0.00704864469513119,0.0,-0.0009930007474124025,0.8167509074463603,-0.5769895745462502,0.0,0.4470023881867298,0.23388351346370134,0.17458535197989689,1.0
2025-12-16 17:42:19.732,0.009331685155032519,-0.5769531936481523,-0.8167121150641599,0.0,-0.9999463391646797,-0.006195012954519608,-0.007048936576333363,0.0,-0.0009926547750771315,0.8167497930311106,-0.5769911526359269,0.0,0.4478095910211288,0.23376872817028063,0.1740514212341494,1.0
2025-12-16 17:42:19.782,0.009331793911824201,-0.5769542611459295,-0.816711359703751,0.0,-0.999946338371841,-0.006194902156919056,-0.007049146417947296,0.0,-0.0009924310079049974,0.816749039774031,-0.5769922192793355,0.0,0.4484885295529232,0.23369268987576472,0.17346993313574455,1.0
2025-12-16 17:42:19.832,0.009331916918917387,-0.5769551923752929,-0.816710700443563,0.0,-0.9999463374239728,-0.006194816498309757,-0.007049356150932546,0.0,-0.000992229390761082,0.8167483825867388,-0.5769931498924249,0.0,0.44903011519490166,0.23365923535942928,0.17305240862202498,1.0
2025-12-16 17:42:19.882,0.009332049599607888,-0.5769563503525298,-0.8167098808875571,0.0,-0.9999463364674837,-0.006194671100651122,-0.007049619594093854,0.0,-0.0009919454023909987,0.8167475656715877,-0.5769943067430164,0.0,0.4495928790617481,0.23363039090891488,0.172764673936034,1.0
2025-12-16 17:42:19.932,0.009332150892892146,-0.5769575305546067,-0.8167090459871561,0.0,-0.9999463358839503,-0.006194441787981649,-0.007049903857922885,0.0,-0.0009915806135703264,0.8167467336902673,-0.57699548505527,0.0,0.45016739358752184,0.23361986134939253,0.17261031383442368,1.0
2025-12-16 17:42:19.982,0.009332236488012674,-0.5769585861809654,-0.8167082992693301,0.0,-0.9999463354362061,-0.0061942110552512504,-0.007050170091107563,0.0,-0.0009912264923302731,0.8167459897205017,-0.5769965387638984,0.0,0.4507103504043484,0.23362471986659292,0.17248524464462583,1.0
2025-12-16 17:42:20.032,0.00933232242406919,-0.5769594643705864,-0.8167076778949661,0.0,-0.9999463350123197,-0.006193956590722468,-0.007050453771935643,0.0,-0.0009908449492012947,0.81674537127465,-0.5769974148362546,0.0,0.45123929793792866,0.23369289235644133,0.17242579111026782,1.0
2025-12-16 17:42:20.082,0.009332406144301612,-0.5769601456703888,-0.8167071956367042,0.0,-0.9999463345818044,-0.006193721541315132,-0.007050721317099263,0.0,-0.0009904908223848658,0.8167448917685372,-0.5769980941891674,0.0,0.45168341689968555,0.2337956959612002,0.17243775079508467,1.0
2025-12-16 17:42:20.132,0.009332491669053674,-0.5769607783788386,-0.8167067476842224,0.0,-0.9999463340432033,-0.006193562266767352,-0.007050937612448397,0.0,-0.000990228707263569,0.8167444460132194,-0.576998725608356,0.0,0.4520553886138741,0.233854515622485,0.17237417254271506,1.0
2025-12-16 17:42:20.182,0.009332569827061274,-0.5769615585199955,-0.8167061956614562,0.0,-0.9999463336401805,-0.0061933448185365015,-0.0070511857674745515,0.0,-0.0009898990139739878,0.8167438965473596,-0.5769995039448284,0.0,0.4525083157001084,0.23391251576478875,0.17231264777506983,1.0
2025-12-16 17:42:20.232,0.009332689677249617,-0.5769626530052009,-0.8167054210924504,0.0,-0.9999463330127063,-0.006193018127774575,-0.007051561679482634,0.0,-0.000989402792522894,0.8167431258459776,-0.5770005957236575,0.0,0.4532107283985074,0.23401364401721328,0.17214605755635642,1.0
2025-12-16 17:42:20.282,0.009332874228484488,-0.5769639423649252,-0.8167045081120632,0.0,-0.9999463319229389,-0.006192613297330531,-0.0070520717252017156,0.0,-0.0009887631292662055,0.8167422180686592,-0.5770018817748874,0.0,0.4541105377963014,0.23418318321936016,0.17186381947838159,1.0
2025-12-16 17:42:20.332,0.009333116652754578,-0.576965598899672,-0.816703335074063,0.0,-0.9999463302678318,-0.006192265478633985,-0.007052611810303564,0.0,-0.0009881484960463465,0.8167410504696728,-0.5770035355526387,0.0,0.45510931977746827,0.2342946759111644,0.1714131520365953,1.0
2025-12-16 17:42:20.382,0.009333328627902588,-0.5769669625694772,-0.8167023692761538,0.0,-0.9999463286751753,-0.00619208058403772,-0.007052999949464549,0.0,-0.000987757943288476,0.8167400885219598,-0.577004897843499,0.0,0.45601394027966236,0.23433178976282895,0.17078817575673513,1.0
2025-12-16 17:42:20.432,0.009333532936683913,-0.5769680804621813,-0.8167015771944572,0.0,-0.9999463268938666,-0.006192104195479995,-0.007053231763161372,0.0,-0.0009876306861059136,0.8167392986174,-0.5770060161554514,0.0,0.4567299877980485,0.2343114295002326,0.17008067639786303,1.0
2025-12-16 17:42:20.482,0.009333732157128002,-0.5769692360145637,-0.8167007585633785,0.0,-0.999946325103573,-0.006192171860993064,-0.007053426168289917,0.0,-0.0009875605620255545,0.8167384817720723,-0.5770071725002962,0.0,0.4573822428344813,0.2343165769076828,0.1693449133563053,1.0
2025-12-16 17:42:20.532,0.009333873368355734,-0.5769704065623059,-0.816699929999066,0.0,-0.9999463238217319,-0.006192233462550287,-0.007053553810510388,0.0,-0.0009875238385375238,0.8167376543768428,-0.5770083437175597,0.0,0.4579336755978369,0.23435859705054402,0.16867716967732005,1.0
2025-12-16 17:42:20.582,0.009333905464462356,-0.5769715651021659,-0.816699111162456,0.0,-0.9999463235992122,-0.0061921982391861165,-0.007053616277757629,0.0,-0.0009874457860683569,0.8167368361961557,-0.5770095019591214,0.0,0.458385009882219,0.2344302283427492,0.1680636008326427,1.0
2025-12-16 17:42:20.632,0.009333931818583108,-0.5769725607094444,-0.8166984074959378,0.0,-0.9999463234827185,-0.006192114921291953,-0.007053705934052809,0.0,-0.000987314628855228,0.8167361334814756,-0.5770104968504065,0.0,0.4587421041569169,0.23446745073543968,0.16761930335288708,1.0
2025-12-16 17:42:20.682,0.009333985964125036,-0.5769733068525015,-0.8166978797492492,0.0,-0.9999463231076364,-0.0061920447847901875,-0.007053820674634993,0.0,-0.0009871826127861587,0.8167356068995612,-0.5770112424319779,0.0,0.4590189317352951,0.23447427974676124,0.16733405841850207,1.0
2025-12-16 17:42:20.732,0.009334036122865928,-0.5769737778199031,-0.8166975464510069,0.0,-0.9999463227333562,-0.006192000083563184,-0.0070539129716747,0.0,-0.0009870874646830121,0.8167352745224509,-0.577011713060553,0.0,0.4591950691626931,0.2344594421103111,0.16716366336417884,1.0
2025-12-16 17:42:20.782,0.009334079879985038,-0.5769740606175418,-0.8166973461622778,0.0,-0.9999463223887007,-0.00619197498717453,-0.007053983858711397,0.0,-0.0009870228322855542,0.8167350749294751,-0.5770119956862884,0.0,0.4592989824405309,0.23443512440526373,0.16707499711261847,1.0
2025-12-16 17:42:20.832,0.009334124891541791,-0.5769742489898149,-0.8166972125680096,0.0,-0.9999463220290886,-0.006191952481088332,-0.007054054591402199,0.0,-0.0009869614835179572,0.8167349420238633,-0.5770121839132228,0.0,0.4593909654589741,0.23441256979274155,0.1670353514617659,1.0
2025-12-16 17:42:20.883,0.009334153120649356,-0.5769744228059376,-0.8166970894490098,0.0,-0.999946321804737,-0.006191937868206038,-0.007054099221149051,0.0,-0.0009869218097778942,0.8167348193415935,-0.5770123576323094,0.0,0.4594569461971512,0.23439368726708662,0.16698169079125724,1.0
2025-12-16 17:42:20.932,0.009334207264413887,-0.5769747774370688,-0.8166968382927646,0.0,-0.999946321360127,-0.006191921854545994,-0.007054176302399473,0.0,-0.000986860199601721,0.816734568932325,-0.577012712180482,0.0,0.4595467440963896,0.23434258320381213,0.1668770757985914,1.0
2025-12-16 17:42:20.982,0.009334299810364625,-0.5769753374045928,-0.8166964416324556,0.0,-0.9999463206136536,-0.006191882911677925,-0.007054316298021208,0.0,-0.000986741212588766,0.8167341736356518,-0.5770132719075605,0.0,0.4597425687235524,0.2342875200541367,0.16672027835693343,1.0
2025-12-16 17:42:21.032,0.009334411379275523,-0.5769761070623145,-0.8166958966130705,0.0,-0.9999463197285837,-0.006191824469535949,-0.007054493051068588,0.0,-0.0009865826936888008,0.8167336303491586,-0.5770140411734125,0.0,0.4599987857180766,0.2341911439575568,0.16647196255871455,1.0
2025-12-16 17:42:21.084,0.00933451568922164,-0.5769769229294627,-0.8166953190296276,0.0,-0.9999463188871693,-0.0061917821669364385,-0.007054649445951062,0.0,-0.000986448574709212,0.8167330542941742,-0.5770148567779854,0.0,0.4601984089768593,0.23402910635304935,0.16617309096918317,1.0
2025-12-16 17:42:21.132,0.00933465333396937,-0.5769780211579051,-0.8166945415815213,0.0,-0.9999463176830015,-0.006191804216755381,-0.007054800773630695,0.0,-0.0009863667069484737,0.8167322782730512,-0.5770159553319397,0.0,0.4604163067054917,0.23380948452964537,0.16577803116492912,1.0
2025-12-16 17:42:21.182,0.009334818196366682,-0.576979184409964,-0.8166937178820846,0.0,-0.9999463162569541,-0.00619181584429408,-0.007054992693551791,0.0,-0.0009862521603841894,0.8167314563919739,-0.5770171188504908,0.0,0.4607106126889432,0.23364534928150765,0.16535052227394065,1.0
2025-12-16 17:42:21.233,0.009335037051104287,-0.5769807329815693,-0.8166926213408041,0.0,-0.999946314298792,-0.006191885171430638,-0.0070552093869601555,0.0,-0.0009861660350224072,0.8167303618561295,-0.5770186682412514,0.0,0.46105683521738305,0.23343582973417595,0.16473664571904556,1.0
2025-12-16 17:42:21.284,0.009335196825328598,-0.576982476223319,-0.8166913879383373,0.0,-0.9999463130281,-0.00619180946472948,-0.007055455922172001,0.0,-0.0009859420191793888,0.8167291308871111,-0.5770204109723668,0.0,0.46136347475029077,0.23327369564679537,0.1639084823084205,1.0
2025-12-16 17:42:21.332,0.009335174224281276,-0.5769845073689617,-0.8166899532133397,0.0,-0.9999463134769362,-0.006191616925312406,-0.007055561277684775,0.0,-0.0009857007668260043,0.816727697402152,-0.5770224403696766,0.0,0.46162616096443176,0.23322085280421556,0.1630521670742126,1.0
2025-12-16 17:42:21.382,0.009334955633111383,-0.5769868092522257,-0.8166883294461063,0.0,-0.9999463155454249,-0.006191487620866955,-0.007055381589851905,0.0,-0.000985672547537489,0.8167260721604512,-0.5770247408066578,0.0,0.46183247584291826,0.23323136752126206,0.162150944538352,1.0
2025-12-16 17:42:21.432,0.009334585296456881,-0.5769885504660369,-0.8166871035161833,0.0,-0.9999463189052826,-0.0061913695996942955,-0.007055008962631772,0.0,-0.000985771289450729,0.8167248429254405,-0.5770264805044734,0.0,0.4618994598803441,0.23329871249298215,0.16142550060406538,1.0
2025-12-16 17:42:21.482,0.009334128593961252,-0.576990149564572,-0.8166859789723665,0.0,-0.9999463229591399,-0.006191293330628095,-0.0070545013004526,0.0,-0.000985983677618605,0.8167237137703549,-0.5770280783474468,0.0,0.4617822061922272,0.23333895929678808,0.1607837399465857,1.0
2025-12-16 17:42:21.532,0.009333495052553462,-0.5769914666608964,-0.8166850556804748,0.0,-0.9999463284541352,-0.006191285836602297,-0.00705372894238639,0.0,-0.0009864082017178818,0.81672278331967,-0.5770293945765943,0.0,0.4615388738311336,0.23348799103529563,0.16024076425955042,1.0
2025-12-16 17:42:21.582,0.009332921737422758,-0.576992757319681,-0.8166841503749681,0.0,-0.9999463333811467,-0.006191317242292352,-0.007053002879207692,0.0,-0.00098683808275674,0.8167218712487042,-0.5770306847773465,0.0,0.4613727104819202,0.23367388714062823,0.15973973129590818,1.0
2025-12-16 17:42:21.632,0.009332502613387531,-0.5769943462407225,-0.816683032578993,0.0,-0.9999463369256393,-0.00619139300674508,-0.0070524338238931285,0.0,-0.0009872101798688404,0.8167207481190275,-0.577032273801004,0.0,0.4612492092223263,0.2337505582713342,0.159173533121557,1.0
2025-12-16 17:42:21.682,0.00933232583119034,-0.5769960157357886,-0.8166818550823904,0.0,-0.9999463383722165,-0.006191473592020409,-0.007052157965092699,0.0,-0.0009874161014466847,0.816719568023137,-0.5770339437308203,0.0,0.4611969586306661,0.23367914426830963,0.15862798827787578,1.0
2025-12-16 17:42:21.732,0.009332445698716312,-0.5769982322276048,-0.8166802877287462,0.0,-0.9999463371637134,-0.006191636171798424,-0.007052186582712604,0.0,-0.0009875070313021476,0.816718000848863,-0.5770361617085185,0.0,0.46124122820135854,0.2334094489003155,0.15800251646148855,1.0
2025-12-16 17:42:21.782,0.009332780718519718,-0.5770006922253348,-0.8166785458653562,0.0,-0.9999463341759635,-0.006191735758208473,-0.007052522779922158,0.0,-0.0009873662393058663,0.8167162621057158,-0.5770386229014287,0.0,0.46134012169986083,0.23303850155576764,0.15738403474888985,1.0
2025-12-16 17:42:21.832,0.009333176750888473,-0.5770036213389166,-0.8166764718508309,0.0,-0.9999463308279468,-0.006191701409742008,-0.007053027618507474,0.0,-0.0009870133878459436,0.8167141929331849,-0.5770415521139431,0.0,0.4614071203820941,0.2325678750666008,0.15661752780424554,1.0
2025-12-16 17:42:21.882,0.009333529066078922,-0.5770068062664775,-0.8166742175791647,0.0,-0.9999463276734317,-0.006191821393502649,-0.00705336951091261,0.0,-0.0009868776774730002,0.8167119418389033,-0.5770447384130435,0.0,0.461419516279243,0.23210071384383704,0.15578951284226253,1.0
2025-12-16 17:42:21.932,0.009333930418051483,-0.5770107815428597,-0.8166714043159939,0.0,-0.999946323883974,-0.006192123050212545,-0.007053641915050668,0.0,-0.0009869213942828377,0.816709130951352,-0.5770487166668417,0.0,0.4614055881990525,0.23163970682432597,0.15484445063345295,1.0
2025-12-16 17:42:21.982,0.009334347559483877,-0.5770156469606772,-0.8166679619156113,0.0,-0.9999463196312836,-0.006192702689180478,-0.007053735922393811,0.0,-0.0009872848954660689,0.8167056890163036,-0.5770535874569538,0.0,0.46135931076567277,0.2312467753218322,0.15378703788692136,1.0
2025-12-16 17:42:22.032,0.009334754302102193,-0.5770220426814779,-0.8166634383410479,0.0,-0.9999463145951031,-0.006194017117447008,-0.007053295742277378,0.0,-0.00098853923187565,0.8167011602445918,-0.5770599948405059,0.0,0.4612557387032693,0.23094890497772633,0.15249529190309422,1.0
2025-12-16 17:42:22.082,0.009335179406770748,-0.577028958364012,-0.8166585470905174,0.0,-0.9999463083348357,-0.00619621330044891,-0.00705225421248915,0.0,-0.0009908547260806505,0.8166962573252743,-0.5770669298078007,0.0,0.4610891308976029,0.23067089326231924,0.1511937525262533,1.0
2025-12-16 17:42:22.132,0.009335809342158776,-0.577036301685586,-0.8166533512465104,0.0,-0.9999462996478027,-0.00619894971932104,-0.007051081069768391,0.0,-0.0009936824505741527,0.8166910480558796,-0.5770742973141123,0.0,0.4609600682753595,0.23031486633917034,0.14990153130102704,1.0
2025-12-16 17:42:22.182,0.009336590239888004,-0.5770431235312787,-0.8166485220516632,0.0,-0.9999462895224147,-0.006201785478878573,-0.007050023293374639,0.0,-0.0009965306695339238,0.8166862063884102,-0.5770811443995825,0.0,0.4608890199729766,0.2297585636331536,0.14875092877522336,1.0
2025-12-16 17:42:22.232,0.009337403050256212,-0.5770493918505042,-0.8166440835336095,0.0,-0.9999462792659767,-0.006204491294151921,-0.007049097184626187,0.0,-0.0009992031009773467,0.8166817567301033,-0.5770874368909753,0.0,0.46085636235585725,0.22906782317989158,0.14765428873667577,1.0
2025-12-16 17:42:22.283,0.009338097208162095,-0.5770553350909916,-0.816639876007021,0.0,-0.9999462697646934,-0.0062074070682996245,-0.007047877863006082,0.0,-0.0010022199125029195,0.8166775350961825,-0.5770934059790239,0.0,0.4607509402786471,0.22839346295788,0.14660089189544676,1.0
2025-12-16 17:42:22.332,0.009338774811536015,-0.5770612368578959,-0.8166356979108024,0.0,-0.9999462603633023,-0.00621034957798759,-0.007046619386219173,0.0,-0.0010052816179977103,0.8166733424892563,-0.577099333803371,0.0,0.4606086401490103,0.22783804995307042,0.14559273774601716,1.0
2025-12-16 17:42:22.383,0.009339614204252429,-0.5770679087032696,-0.8166309737283781,0.0,-0.9999462490684615,-0.006213693726009363,-0.007045273976359894,0.0,-0.001008712658985851,0.8166686025950053,-0.577106035347312,0.0,0.4604741560062612,0.22734558116622464,0.14451459511518627,1.0
2025-12-16 17:42:22.432,0.009340533356847872,-0.5770741196408786,-0.8166265742544281,0.0,-0.9999462374506803,-0.006216729194305039,-0.007044244995780552,0.0,-0.0010117142641726169,0.816664190649653,-0.5771122734310845,0.0,0.4604110758912015,0.2270629912634316,0.14361669190183263,1.0
2025-12-16 17:42:22.482,0.009341402947678839,-0.5770795765389167,-0.8166227081301632,0.0,-0.9999462266106554,-0.006219468247089663,-0.0070433658887876435,0.0,-0.001014395928822743,0.816660313719906,-0.5771177548783301,0.0,0.4603614337977903,0.226936849328469,0.14288306251002136,1.0
2025-12-16 17:42:22.532,0.009341994013066202,-0.5770837060712526,-0.8166197831525612,0.0,-0.9999462188992501,-0.006221605876304265,-0.0070425727274575686,0.0,-0.0010165520435075545,0.8166573792991882,-0.5771219034641855,0.0,0.4602440459466178,0.22704020714104264,0.1423521330992261,1.0
2025-12-16 17:42:22.582,0.009342256194182632,-0.5770861159567142,-0.8166180771452493,0.0,-0.9999462150929369,-0.0062228673068431715,-0.007041998650929253,0.0,-0.001017885881864603,0.8166556667256103,-0.5771243244858775,0.0,0.4600674880580241,0.22732540411513433,0.1420475999386606,1.0
2025-12-16 17:42:22.632,0.00934224878980188,-0.5770866257708441,-0.8166177169552346,0.0,-0.9999462148184639,-0.006223143096369774,-0.007041793907585265,0.0,-0.001018223426097348,0.8166553043589473,-0.5771248366544709,0.0,0.45988675153137626,0.22766654114272844,0.14199887654589452,1.0
2025-12-16 17:42:22.682,0.009342225579737113,-0.5770855541876472,-0.8166184744850937,0.0,-0.9999462159951957,-0.006222350235846404,-0.00704232743063371,0.0,-0.0010172803150291954,0.8166560676445513,-0.5771237582357,0.0,0.45992294954879115,0.22795125254044307,0.14221080867804373,1.0
2025-12-16 17:42:22.732,0.009342114209032292,-0.5770837563350009,-0.8166197462574605,0.0,-0.9999462188876221,-0.006220782420635608,-0.0070433017563619115,0.0,-0.001015458278018554,0.8166573500531731,-0.5771219467743491,0.0,0.46014479054467466,0.22805384443187207,0.14258341409926598,1.0
2025-12-16 17:42:22.782,0.009342057225926395,-0.5770830654523453,-0.8166202351375577,0.0,-0.9999462210846065,-0.0062194037647034465,-0.0070442073106739165,0.0,-0.0010138177353549624,0.8166578487690723,-0.5771212439491987,0.0,0.46046961842586187,0.22806543435338614,0.14288461245862188,1.0
2025-12-16 17:42:22.832,0.009342585974047463,-0.5770840794569015,-0.8166195125184716,0.0,-0.9999462173489421,-0.006218746994304194,-0.007045317350646152,0.0,-0.0010126291574341993,0.8166571372197875,-0.5771222529154205,0.0,0.4609575909887633,0.22820098774219885,0.14298338880927225,1.0
2025-12-16 17:42:22.882,0.009343612724003074,-0.5770867618401085,-0.8166176051931344,0.0,-0.9999462089402212,-0.006218406670803894,-0.007046811035077445,0.0,-0.001011458475806916,0.8166552442840651,-0.5771249335586582,0.0,0.4617200621987751,0.22835836232060677,0.14295272892159025,1.0
2025-12-16 17:42:22.932,0.009344879887097288,-0.5770909603061587,-0.81661462370816,0.0,-0.9999461980436746,-0.006218411112127325,-0.007048353172840927,0.0,-0.0010105240050192388,0.8166522773446167,-0.577129133512671,0.0,0.4626979958687001,0.22840363083061968,0.14279470743995695,1.0
2025-12-16 17:42:22.982,0.00934617777759819,-0.5770960775574497,-0.8166109925355913,0.0,-0.9999461866844969,-0.006218581125330031,-0.0070498145457345155,0.0,-0.0010097608240929256,0.816648659827976,-0.5771342536916768,0.0,0.46380602704159596,0.2283434020567363,0.14257065159355548,1.0
2025-12-16 17:42:23.032,0.009347091467112614,-0.57710108573969,-0.8166074427902216,0.0,-0.9999461788217057,-0.006218603545687839,-0.007050909942678684,0.0,-0.0010090895838990904,0.8166451204647891,-0.5771392630546477,0.0,0.4648453918383557,0.22813668256749625,0.14241659258546568,1.0
2025-12-16 17:42:23.082,0.009347489383549321,-0.5771045245909955,-0.8166050079689897,0.0,-0.9999461757213284,-0.006218361596890931,-0.0070515629862337266,0.0,-0.0010084757328721662,0.8166426921060559,-0.5771427002106754,0.0,0.46559182992212617,0.22790401774849772,0.1423810312717231,1.0
2025-12-16 17:42:23.132,0.009347579782824605,-0.5771063183894312,-0.8166037392324436,0.0,-0.9999461755231052,-0.006217905306866317,-0.007051993442873055,0.0,-0.0010078341545878874,0.8166414279127733,-0.5771444901295547,0.0,0.46605826505369186,0.22774294414013133,0.14243046296545323,1.0
2025-12-16 17:42:23.182,0.009348206585272198,-0.5771080639740224,-0.8166024984231944,0.0,-0.9999461702221463,-0.006217829382040758,-0.007052811995700388,0.0,-0.001007279724988125,0.8166401948900017,-0.5771462357822111,0.0,0.46644562793766575,0.22782785689745655,0.14239216557943435,1.0
2025-12-16 17:42:23.232,0.00934908937147665,-0.5771099721248936,-0.8166011397880467,0.0,-0.9999461628874364,-0.006217610328004846,-0.00705404491832629,0.0,-0.0010063673901144169,0.8166388480653554,-0.5771481430752123,0.0,0.4669056255033328,0.2280250833141024,0.14236511547114045,1.0
2025-12-16 17:42:23.282,0.009349884829566925,-0.5771117157124529,-0.8165998984461799,0.0,-0.999946156630422,-0.0062171260162406355,-0.0070553586269016645,0.0,-0.00100519370444501,0.8166376195514095,-0.5771498834090014,0.0,0.4673937830976195,0.22820707615457042,0.14238707796141375,1.0
2025-12-16 17:42:23.332,0.009350636168025634,-0.5771132089272851,-0.8165988345485886,0.0,-0.9999461509763765,-0.006216457566033609,-0.007056748831253315,0.0,-0.0010038283676519727,0.8166365693740534,-0.577151371729796,0.0,0.4678737125589111,0.22840895606599396,0.14244320107920197,1.0
2025-12-16 17:42:23.382,0.009351225801199448,-0.5771142544833859,-0.8165980888719425,0.0,-0.9999461466774437,-0.006215817925704192,-0.0070579213409434115,0.0,-0.0010026173295155406,0.8166358353382244,-0.5771524124526647,0.0,0.4682496116085944,0.22858849213531363,0.1425057162165828,1.0
2025-12-16 17:42:23.433,0.00935157502592943,-0.5771147044090608,-0.8165977668966434,0.0,-0.9999461444529988,-0.006215174664623199,-0.007058802921078729,0.0,-0.00100157807420545,0.8166355222667243,-0.5771528572341261,0.0,0.4684942689925981,0.22872782160103805,0.14259053301846758,1.0
2025-12-16 17:42:23.482,0.009351879050723452,-0.577115014169225,-0.8165975444978294,0.0,-0.9999461427787751,-0.006214399056508576,-0.0070597228999748065,0.0,-0.0010004101896209968,0.8166353092582017,-0.5771531606534038,0.0,0.46874303975353804,0.22886719614581308,0.14269931866598265,1.0
2025-12-16 17:42:23.532,0.009352296294356289,-0.5771156413975942,-0.8165970964370827,0.0,-0.9999461400252863,-0.0062137069913372565,-0.0070607220002480335,0.0,-0.0009992612202084554,0.8166348712541686,-0.5771537823914014,0.0,0.46904703255907115,0.22901577618848487,0.14277438535287276,1.0
2025-12-16 17:42:23.582,0.009352769110046068,-0.577116522727565,-0.8165964681567185,0.0,-0.9999461366660524,-0.006213118311556125,-0.007061715704546977,0.0,-0.000998196875940651,0.8166342528849062,-0.5771546591842673,0.0,0.4693763501413938,0.22915268119156806,0.14281801538296857,1.0
2025-12-16 17:42:23.632,0.009352953992820169,-0.5771170292753326,-0.8165961080443815,0.0,-0.9999461349360897,-0.006213229968213785,-0.007061862427566461,0.0,-0.0009981975634762298,0.8166338940502605,-0.5771551669091531,0.0,0.46946218471074086,0.22917010186124537,0.14277600625963216,1.0
2025-12-16 17:42:23.682,0.009353099682010807,-0.5771172085282646,-0.8165959796913588,0.0,-0.9999461329420163,-0.006213831971891826,-0.0070616150943400334,0.0,-0.0009988298463475568,0.8166337627887765,-0.5771553515409714,0.0,0.46934883072519845,0.22922038531690772,0.14266811066444252,1.0
2025-12-16 17:42:23.732,0.009353368230318987,-0.5771182232631142,-0.8165952594655341,0.0,-0.9999461289695719,-0.006215188982382279,-0.007060983351472418,0.0,-0.0010002909521042204,0.8166330353313243,-0.5771563783096912,0.0,0.4690939694746736,0.22935512412342243,0.14238904877350358,1.0
2025-12-16 17:42:23.782,0.00935373171385877,-0.5771210020266735,-0.816593291439479,0.0,-0.9999461231821323,-0.006217369549065228,-0.00705988315219891,0.0,-0.0010026747297740852,0.8166310549227577,-0.5771591762929272,0.0,0.4687365052395012,0.2295801401384921,0.1418852814979874,1.0
2025-12-16 17:42:23.832,0.00935428044506731,-0.5771255039731308,-0.8165901034192877,0.0,-0.9999461150145091,-0.006220192941644388,-0.007058552852170639,0.0,-0.0010056964881491575,0.816627851773035,-0.5771637031927179,0.0,0.4683892135764593,0.22997262563014828,0.14122280796688064,1.0
2025-12-16 17:42:23.882,0.009354998013719916,-0.577131448338148,-0.8165858939832865,0.0,-0.9999461048399935,-0.006223464501899389,-0.0070571103240986205,0.0,-0.0010091324504542558,0.8166236257442778,-0.577169676549251,0.0,0.4681130229167196,0.23050022363836878,0.14041704959007817,1.0
2025-12-16 17:42:23.932,0.009355435347700674,-0.5771376183346442,-0.8165815282221842,0.0,-0.9999460978988893,-0.006226072968171026,-0.007055792895774669,0.0,-0.0010119521550569059,0.8166192452273517,-0.5771758694515445,0.0,0.4679307353639334,0.23105483150534442,0.1394716434153139,1.0
2025-12-16 17:42:23.982,0.00935284333835238,-0.5771415259330168,-0.8165787961160916,0.0,-0.9999461203542226,-0.006226055378051447,-0.0070526253393133,0.0,-0.0010137213722738686,0.8166164836375644,-0.577179773571804,0.0,0.46797938885599416,0.23232933889252708,0.13799422675006648,1.0
2025-12-16 17:42:24.033,0.009344381829231882,-0.5771431654249877,-0.8165777342253849,0.0,-0.9999461957163917,-0.00622419704044137,-0.007043574712171853,0.0,-0.001017409299647444,0.8166153390727355,-0.5771813864544129,0.0,0.46813238928063633,0.23439474478580416,0.13522336067245894,1.0
2025-12-16 17:42:24.083,0.009334209311404837,-0.5771466471005108,-0.8165753897702145,0.0,-0.9999462867797115,-0.006221516328858755,-0.007033007268928543,0.0,-0.0010212802197129129,0.816612898767173,-0.5771848322277602,0.0,0.46816367379709056,0.23658564895040596,0.13191590305414858,1.0
2025-12-16 17:42:24.132,0.009325732997349309,-0.5771486233813079,-0.8165740898010003,0.0,-0.9999463627324034,-0.006219143772442623,-0.007024301401768795,0.0,-0.0010243455029027915,0.8166115200596692,-0.577186777414493,0.0,0.4680146821167568,0.23834870176020487,0.12928010926382602,1.0
2025-12-16 17:42:24.182,0.009321082772225465,-0.5771514535236734,-0.8165721425646806,0.0,-0.9999464041692848,-0.006218014174862889,-0.007019400960698627,0.0,-0.0010262194478370247,0.8166095283836511,-0.5771895919251108,0.0,0.4676650875653224,0.23931390163876115,0.1273493175955227,1.0
2025-12-16 17:42:24.232,0.009319936775261179,-0.5771533675549263,-0.816570802808747,0.0,-0.999946414279776,-0.006217823646416787,-0.007018129332609526,0.0,-0.0010267760370466365,0.8166081770337317,-0.577191502824336,0.0,0.46742576174624056,0.23942126506915667,0.12640691414418787,1.0
2025-12-16 17:42:24.282,0.00932024578648872,-0.5771546503699089,-0.8165698925848759,0.0,-0.999946411628458,-0.006217831018656987,-0.0070185005522558925,0.0,-0.0010265531389864354,0.8166072703047308,-0.5771927860551523,0.0,0.46742927956045466,0.2390625657014902,0.1260817296036341,1.0
2025-12-16 17:42:24.332,0.009320625618323633,-0.5771557335145256,-0.8165691226776832,0.0,-0.9999464083367234,-0.006217861759512147,-0.007018942287452962,0.0,-0.0010263108971500646,0.8166065045192222,-0.5771938699110032,0.0,0.4676235538238427,0.23864272590688626,0.1260139268136732,1.0
2025-12-16 17:42:24.382,0.009320850995903043,-0.5771571348278072,-0.8165681296470472,0.0,-0.9999464064320712,-0.00621784781999532,-0.007019225974611025,0.0,-0.001026119768573327,0.816605514193577,-0.577195271348323,0.0,0.46794615436262665,0.23819962422899557,0.12610649350592865,1.0
2025-12-16 17:42:24.432,0.009321106397993146,-0.577159159229495,-0.8165666958639862,0.0,-0.9999464042554942,-0.006217850170668067,-0.007019533956835556,0.0,-0.0010259208046842373,0.8166040833459492,-0.5771972960342282,0.0,0.4684626144150121,0.2377578979025069,0.1261728512176173,1.0
2025-12-16 17:42:24.483,0.009321354294088601,-0.5771610464571558,-0.8165653591157372,0.0,-0.9999464022068728,-0.0062178007621292,-0.007019869544483572,0.0,-0.0010256652071847338,0.8166027498390832,-0.5771991830955154,0.0,0.46905019554232436,0.23748806050637988,0.1262170812250498,1.0
2025-12-16 17:42:24.533,0.009321542880626652,-0.5771622931887714,-0.8165644757522895,0.0,-0.9999464006815737,-0.006217735056473806,-0.007020145008593209,0.0,-0.001025438317944069,0.8166018691521243,-0.5772004294640756,0.0,0.4695492739511112,0.23737734019504447,0.1261018860356734,1.0
2025-12-16 17:42:24.582,0.009321628759792346,-0.5771626734499812,-0.8165642059964074,0.0,-0.9999463999901356,-0.0062177009857422505,-0.007020273671879017,0.0,-0.001025331888549603,0.8166016006431632,-0.5772008095295278,0.0,0.46980745125588697,0.23740558998910133,0.12594423649859096,1.0
2025-12-16 17:42:24.632,0.009321637427211137,-0.5771627049510359,-0.8165641836319344,0.0,-0.9999463998845471,-0.0062177260027301605,-0.007020266554542712,0.0,-0.0010253560646507852,0.816601578187739,-0.577200841255654,0.0,0.46981857834313323,0.23740768543545776,0.1258772688332791,1.0
2025-12-16 17:42:24.683,0.009321614390086616,-0.5771626443374819,-0.8165642267376988,0.0,-0.9999464000594664,-0.006217743908189833,-0.007020225780827587,0.0,-0.0010253949129650328,0.8166016208930448,-0.5772007807688107,0.0,0.46974420995635263,0.23738404538718216,0.12589893552822076,1.0
2025-12-16 17:42:24.732,0.009321572114234433,-0.5771625986574457,-0.816564259507794,0.0,-0.9999464003696416,-0.006217785944871205,-0.0070201443681022725,0.0,-0.0010254767530126622,0.8166016528595957,-0.577200735398358,0.0,0.469607857917282,0.23731357416153617,0.12589318806901784,1.0
2025-12-16 17:42:24.782,0.009321510166860798,-0.5771624840258978,-0.8165643412386269,0.0,-0.9999464008742617,-0.006217807214353568,-0.007020053651056711,0.0,-0.001025547793671453,0.8166017337191606,-0.5772006208750856,0.0,0.4694214585904317,0.2372414728476912,0.1259263528901658,1.0
2025-12-16 17:42:24.832,0.009321419894421439,-0.5771623834339212,-0.816564413369353,0.0,-0.9999464016782729,-0.006217784103468603,-0.0070199595956804165,0.0,-0.001025584362730494,0.8166018049934727,-0.5772005199738801,0.0,0.4692065072515461,0.23710066449256487,0.1260072672810219,1.0
2025-12-16 17:42:24.884,0.00932132250818777,-0.5771623942724812,-0.8165644068201625,0.0,-0.9999464025866215,-0.0062177275613137005,-0.007019880287842131,0.0,-0.0010255838491035404,0.8166017977633175,-0.5772005302037466,0.0,0.4690776681529492,0.23693128100964864,0.12613878681099752,1.0
2025-12-16 17:42:24.934,0.009321106589663323,-0.5771627829625325,-0.8165641345516572,0.0,-0.9999464047294899,-0.006217502638593859,-0.007019774263798272,0.0,-0.0010254569545174689,0.8166015247499548,-0.5772009166781386,0.0,0.46908223934581855,0.23668130645693888,0.12643409729148478,1.0
2025-12-16 17:42:24.982,0.009320688511296159,-0.5771636647646217,-0.8165635160490305,0.0,-0.9999464086794846,-0.006217226741192726,-0.007019455951699793,0.0,-0.0010254053483558748,0.8166009035922355,-0.577201795558725,0.0,0.4691048829306575,0.2362129842526315,0.1267593445204979,1.0
2025-12-16 17:42:25.032,0.009320280646351743,-0.5771646571690547,-0.8165628192520212,0.0,-0.9999464125920646,-0.006216911528782384,-0.007019177766091376,0.0,-0.001025297216156717,0.8166002045582194,-0.5772027847135639,0.0,0.46920328398124017,0.2357969728966066,0.12713429173385735,1.0
2025-12-16 17:42:25.082,0.009319900375138912,-0.5771656981336473,-0.8165620878145797,0.0,-0.9999464161997411,-0.006216650528972781,-0.0070188949773439015,0.0,-0.0010252354543856194,0.8165994707869838,-0.5772038229279852,0.0,0.4693214131771001,0.23537701024447263,0.12739219410005861,1.0
2025-12-16 17:42:25.132,0.00931961618032433,-0.5771664728788983,-0.8165615434491095,0.0,-0.9999464189450508,-0.006216416238630357,-0.007018711372142232,0.0,-0.001025141288870298,0.816598924976025,-0.5772045952808573,0.0,0.46943942101563746,0.23507535160940382,0.12759982641166573,1.0
2025-12-16 17:42:25.182,0.009319431610317277,-0.5771668887034578,-0.8165612516400954,0.0,-0.999946420694629,-0.0062162898647172265,-0.00701857403793802,0.0,-0.0010251126284742044,0.8165986320303239,-0.5772050097758185,0.0,0.46946897103681595,0.23486465132765885,0.12771584004251452,1.0
2025-12-16 17:42:25.232,0.009319322342678042,-0.5771667947375603,-0.8165613193047124,0.0,-0.9999464217551848,-0.0062161923693121466,-0.007018509288875023,0.0,-0.0010250714678439001,0.8165986991882969,-0.5772049148374148,0.0,0.46937704599584934,0.23481477111853571,0.12786187649904077,1.0
2025-12-16 17:42:25.282,0.009319323225121832,-0.5771664991882101,-0.8165615281965346,0.0,-0.9999464218233324,-0.0062161294963036145,-0.007018555264967256,0.0,-0.0010249969636968437,0.8165989085632643,-0.5772046187570832,0.0,0.46930520727358016,0.23491504040197594,0.12797998624601,1.0
2025-12-16 17:42:25.332,0.009319295139534466,-0.5771663759955105,-0.8165616155927975,0.0,-0.9999464220685276,-0.006216125415727477,-0.007018523945542733,0.0,-0.0010250131163862112,0.8165989956677436,-0.5772044954975174,0.0,0.46922600163657563,0.2349165584993981,0.12802531568074924,1.0
2025-12-16 17:42:25.382,0.009319240048765123,-0.5771664578327723,-0.8165615583768883,0.0,-0.9999464224912792,-0.006216166558340884,-0.007018427275361581,0.0,-0.0010251015783137342,0.8165989375114343,-0.5772045776169406,0.0,0.46917631634824974,0.2348140388886394,0.12798199759963233,1.0
2025-12-16 17:42:25.432,0.00931921671826809,-0.5771665872554185,-0.8165614671639236,0.0,-0.9999464227475683,-0.006216123250270855,-0.007018429118175788,0.0,-0.001025063674933577,0.8165988463643079,-0.5772047066344346,0.0,0.4692254160761718,0.23477631601975676,0.12801578908745276,1.0
2025-12-16 17:42:25.482,0.00931911836727808,-0.5771671624861539,-0.8165610616982336,0.0,-0.9999464238694946,-0.006215907834638597,-0.007018460059635478,0.0,-0.0010248633550240336,0.8165984414267442,-0.5772052798740807,0.0,0.4694023299987913,0.23471926502072496,0.128328398233325,1.0
2025-12-16 17:42:25.532,0.009318962873649923,-0.5771684942083801,-0.8165601221743557,0.0,-0.9999464255574577,-0.006215639200279609,-0.007018457480363125,0.0,-0.0010246302964736667,0.8165975021980809,-0.5772066090548608,0.0,0.4696961744102211,0.23456198317702684,0.12877282827097053,1.0
2025-12-16 17:42:25.582,0.009318913367919327,-0.5771695607347155,-0.8165593688863934,0.0,-0.9999464262564173,-0.006215430413899442,-0.0070185427973137125,0.0,-0.0010243983956512227,0.8165967499543416,-0.5772076736946014,0.0,0.47001648492918996,0.23451551459476866,0.12913712153866494,1.0
2025-12-16 17:42:25.632,0.009318868286796225,-0.5771701562847387,-0.8165589484472704,0.0,-0.9999464267658342,-0.006215338330528525,-0.007018551765537012,0.0,-0.0010243112331781096,0.8165963297127908,-0.5772082683798773,0.0,0.4700729817405637,0.23444141630816676,0.12945654760294856,1.0
2025-12-16 17:42:25.682,0.009318784015534457,-0.5771705043104837,-0.8165587034130872,0.0,-0.9999464275534492,-0.006215290871302783,-0.0070184815799463245,0.0,-0.0010243090233375332,0.8165960840846332,-0.5772086158822192,0.0,0.4700044587360627,0.23431180511913402,0.12968125367447084,1.0
2025-12-16 17:42:25.733,0.009318721518943312,-0.577170589107268,-0.8165586441891544,0.0,-0.9999464281024975,-0.006215282128730997,-0.007018411096893673,0.0,-0.0010243416026486196,0.8165960242156077,-0.5772087005230809,0.0,0.4698974715795069,0.23422508272259662,0.12979796537684615,1.0
2025-12-16 17:42:25.782,0.009318660168147195,-0.577170405128271,-0.8165587749316925,0.0,-0.9999464285952853,-0.0062153080699210665,-0.007018317913732398,0.0,-0.0010244186730438373,0.8165961540571043,-0.5772085166952479,0.0,0.46968329655487573,0.2341725433619183,0.12987864326839782,1.0
2025-12-16 17:42:25.832,0.009318627202945443,-0.5771703494573558,-0.8165588146579122,0.0,-0.99994642888671,-0.006215301142884121,-0.007018282526888812,0.0,-0.0010244340788710922,0.8165961934588031,-0.5772084609250036,0.0,0.4695945458867906,0.23415699878107127,0.12998309512577622,1.0
2025-12-16 17:42:25.882,0.009318607664388948,-0.5771704307551117,-0.8165587574169813,0.0,-0.9999464290695368,-0.006215289969385066,-0.007018266373305755,0.0,-0.0010244333520688473,0.8165961360814664,-0.5772085420999297,0.0,0.46960346237647826,0.23411880590772707,0.13000007543557648,1.0
2025-12-16 17:42:25.932,0.00931853858108606,-0.5771704085474875,-0.8165587739024346,0.0,-0.9999464296493333,-0.006215300910647169,-0.0070181740751799225,0.0,-0.0010244958175228734,0.8165961516948466,-0.5772085199002931,0.0,0.4694817016301491,0.23402094184939995,0.13001498870237727,1.0
2025-12-16 17:42:25.982,0.009318440807951554,-0.5771701578183687,-0.8165589522416837,0.0,-0.999946430443009,-0.006215335943168468,-0.0070180299661900735,0.0,-0.0010246104693503232,0.816596328646972,-0.5772082693566272,0.0,0.46916186304959057,0.23390015380056137,0.12998893512545176,1.0
2025-12-16 17:42:26.032,0.009318383921207015,-0.5771700427547019,-0.8165590342215563,0.0,-0.999946430928396,-0.006215337768814403,-0.00701795918984969,0.0,-0.0010246541279746739,0.8165964099616115,-0.5772081542405008,0.0,0.4689563281743434,0.2338703163838197,0.12984178963483856,1.0
2025-12-16 17:42:26.082,0.009318308770900655,-0.5771699408004293,-0.8165591071436821,0.0,-0.9999464315663897,-0.006215343176452097,-0.007017863496169752,0.0,-0.0010247149450635243,0.8165964819830721,-0.5772080522412621,0.0,0.46889993155882387,0.2339702445019391,0.12974025522280297,1.0
2025-12-16 17:42:26.133,0.009318261398061828,-0.5771698034554008,-0.8165592047641002,0.0,-0.9999464319542809,-0.006215357335552294,-0.007017795686840496,0.0,-0.0010247672159237743,0.8165965789525427,-0.5772079149623269,0.0,0.4688956762697892,0.23406576354033137,0.12975210478138893,1.0
2025-12-16 17:42:26.183,0.009318300411323702,-0.5771697807806364,-0.816559220346133,0.0,-0.9999464315972533,-0.006215374459233261,-0.007017831392951457,0.0,-0.0010247608457872848,0.8165965948490199,-0.5772078924843237,0.0,0.4689326245880953,0.2340655927222251,0.12984676808864676,1.0
2025-12-16 17:42:26.232,0.009318331171678716,-0.577169906582974,-0.8165591310740358,0.0,-0.999946431339659,-0.006215370142857117,-0.007017871919321306,0.0,-0.0010247324923449465,0.8165965059631619,-0.5772080182846344,0.0,0.4689350211422673,0.2339871760518697,0.1298745810996911,1.0
2025-12-16 17:42:26.282,0.009318321260703909,-0.5771700045787016,-0.8165590619206379,0.0,-0.9999464314561153,-0.0062153460606181885,-0.007017876654333473,0.0,-0.0010247089768793338,0.8165964368818003,-0.5772081160582035,0.0,0.4688782576321562,0.23390179980077605,0.1297926739897176,1.0
2025-12-16 17:42:26.332,0.009318289461524944,-0.5771700906964898,-0.816559001412712,0.0,-0.9999464317916021,-0.0062152972398593995,-0.007017872089957611,0.0,-0.001024670765092971,0.8165963763842007,-0.5772082017140919,0.0,0.4687790446510321,0.2338305744648156,0.12965180339048873,1.0
2025-12-16 17:42:26.382,0.009318255596504052,-0.5771702451224526,-0.816558892645922,0.0,-0.9999464321883866,-0.006215214301547447,-0.007017889006709678,0.0,-0.0010245915159455832,0.8165962678651201,-0.5772083553804315,0.0,0.4686935390760095,0.233762909969939,0.12949233228039433,1.0
2025-12-16 17:42:26.432,0.009318215065792773,-0.5771703832460733,-0.8165587954781803,0.0,-0.9999464326265335,-0.006215143910563949,-0.007017888916793629,0.0,-0.0010245325150752616,0.8165961707732091,-0.5772084928443598,0.0,0.46862345969986635,0.2337239316586474,0.12934638934887968,1.0
2025-12-16 17:42:26.482,0.009318173523672894,-0.5771704902341873,-0.816558720329542,0.0,-0.9999464330491795,-0.006215092532328025,-0.0070178741970727855,0.0,-0.0010244978389591932,0.8165960955435638,-0.5772085993357902,0.0,0.46854057028284335,0.23369048538938333,0.12923824807432766,1.0
