timestamp,ee_pose_cmd
2025-12-16 17:39:22.485,0.00871911951961133,-0.5728083760519359,-0.8196311903415798,0.0,-0.9999512918399259,-0.00619312156256418,-0.00630920709623358,0.0,-0.0014621370779552732,0.8196620593797098,-0.5728455032280328,0.0,0.3746036378901855,0.23942068821672258,0.14184108454474556,1.0
2025-12-16 17:39:22.532,0.008719112825605491,-0.5728082892140209,-0.8196312511004258,0.0,-0.9999512918754524,-0.0061931298641691715,-0.006309193316694873,0.0,-0.0014621526997102416,0.8196621200035032,-0.5728454164439525,0.0,0.37459621109992425,0.2394262736227063,0.14186588796963942,1.0
2025-12-16 17:39:22.582,0.00871909633860595,-0.5728082446354815,-0.8196312824300113,0.0,-0.9999512919880098,-0.006193137566934593,-0.0063091679162410015,0.0,-0.0014621740384208684,0.8196621510989281,-0.5728453718962555,0.0,0.3745819427733873,0.23943923948417567,0.1418731385437101,1.0
2025-12-16 17:39:22.632,0.008719087457961615,-0.5728082359431158,-0.8196312885992361,0.0,-0.9999512920525884,-0.006193139619334429,-0.0063091556663796705,0.0,-0.0014621828306712,0.819662157158063,-0.5728453632040329,0.0,0.3745700202307782,0.23944244706133658,0.14187168201352163,1.0
2025-12-16 17:39:22.689,0.008719072303967231,-0.5728082456468924,-0.8196312819788519,0.0,-0.9999512921620994,-0.006193143695121804,-0.006309134308880978,0.0,-0.0014621983031394307,0.819662150345802,-0.5728453729119389,0.0,0.374564271596803,0.23945694595595512,0.14186385083439265,1.0
2025-12-16 17:39:22.733,0.008719056219015576,-0.5728081761190923,-0.8196313307402157,0.0,-0.999951292266833,-0.006193153855750033,-0.006309107735479809,0.0,-0.001462222593684338,0.8196621988583905,-0.5728453034351548,0.0,0.3745527915897059,0.23947179769168472,0.14188001219783106,1.0
2025-12-16 17:39:22.785,0.008719025181666933,-0.5728080412641734,-0.8196314253151785,0.0,-0.9999512924708559,-0.006193172373137043,-0.006309057221954792,0.0,-0.0014622681430784166,0.8196622929615357,-0.5728451686703099,0.0,0.3745212927162924,0.23949504854150308,0.1419109981777887,1.0
2025-12-16 17:39:22.832,0.008719033447203386,-0.5728080072085919,-0.8196314490273517,0.0,-0.9999512924100555,-0.006193170528381111,-0.006309068669301439,0.0,-0.0014622604354906203,0.8196623167751363,-0.5728451346160102,0.0,0.3745091936313364,0.2394790642012052,0.1419229240752609,1.0
2025-12-16 17:39:22.883,0.008719126863183982,-0.5728080881672032,-0.819631391454833,0.0,-0.9999512917907558,-0.006193115221728382,-0.0063092211133983925,0.0,-0.0014621269133094194,0.8196622606152897,-0.5728452153138073,0.0,0.3745379536749462,0.2393315778731471,0.14193876812194883,1.0
2025-12-16 17:39:22.932,0.008719166424869655,-0.5728082466779683,-0.8196312802570285,0.0,-0.9999512916287614,-0.006193036531404329,-0.00630932402883215,0.0,-0.0014620017742996544,0.819662150434945,-0.5728453732859975,0.0,0.3745567110427003,0.23911991893088536,0.1419519841849356,1.0
2025-12-16 17:39:22.982,0.008719168278039952,-0.5728083488306082,-0.8196312088468203,0.0,-0.9999512916183361,-0.006193035164930275,-0.006309327022412556,0.0,-0.001461997852711371,0.8196620790560896,-0.5728454754292187,0.0,0.3745416067966817,0.23906007790517736,0.14191560993160582,1.0
2025-12-16 17:39:23.033,0.008719155394198276,-0.5728083592140372,-0.8196312017273031,0.0,-0.999951291676679,-0.006193058137789663,-0.006309295226238042,0.0,-0.0014620347862053665,0.8196620716260714,-0.5728454859662779,0.0,0.37450903948991177,0.2390764778177882,0.14188153040379406,1.0
2025-12-16 17:39:23.082,0.008719130989395585,-0.5728082618227905,-0.8196312700498628,0.0,-0.9999512918312101,-0.006193076073435523,-0.0063092531294177264,0.0,-0.0014620746385910638,0.819662139552245,-0.5728453886716616,0.0,0.3744766892707183,0.2391164778333794,0.14189470955231012,1.0
2025-12-16 17:39:23.132,0.008719091185704108,-0.5728078563487141,-0.8196315538431245,0.0,-0.9999512921454863,-0.006193068533806054,-0.0063092107205510424,0.0,-0.0014620970672283872,0.8196624229738325,-0.5728449830772999,0.0,0.3744147840368177,0.2391623115814564,0.14203366802101375,1.0
2025-12-16 17:39:23.182,0.008719073666078613,-0.5728075545207532,-0.8196317649649556,0.0,-0.9999512924050888,-0.006192996276829304,-0.006309240502294196,0.0,-0.0014620239942888826,0.819662634451365,-0.5728446806684061,0.0,0.37436894223087785,0.2390817111847326,0.14222196554312308,1.0
2025-12-16 17:39:23.232,0.008718956937966127,-0.5728076321552809,-0.819631711951034,0.0,-0.9999512937152193,-0.006192766102947288,-0.006309258788604199,0.0,-0.0014618240399583698,0.8196625819358107,-0.5728447563212888,0.0,0.37440803724789407,0.23877276365341413,0.14252194176672547,1.0
2025-12-16 17:39:23.282,0.008718671853560407,-0.572807907691294,-0.819631522422509,0.0,-0.9999512966930556,-0.00619232893582096,-0.0063092159128544665,0.0,-0.0014614873649537025,0.8196623926811112,-0.5728450279778623,0.0,0.3745063809806151,0.2384366023728469,0.1429837655758465,1.0
2025-12-16 17:39:23.332,0.008718193810317052,-0.5728081931866239,-0.8196313279860461,0.0,-0.9999513014385493,-0.006191733339341498,-0.006309048328746282,0.0,-0.0014610921760956819,0.8196621976628095,-0.5728453080302104,0.0,0.3745789713178318,0.23806955923734446,0.14360483680125471,1.0
2025-12-16 17:39:23.383,0.0087174941859683,-0.5728081883302145,-0.8196313388214139,0.0,-0.9999513083570736,-0.006190872950815575,-0.006308796104783373,0.0,-0.001460531537582575,0.8196622075557546,-0.5728452953044606,0.0,0.37462767118590606,0.2377092702047621,0.1444904436020659,1.0
2025-12-16 17:39:23.432,0.008716693495782456,-0.5728080672071248,-0.8196314319852229,0.0,-0.9999513167140048,-0.006189640339093911,-0.006308680972168229,0.0,-0.0014595885219129763,0.819662301511473,-0.5728451632703745,0.0,0.37465602678664545,0.23745871282140843,0.14559204588993144,1.0
2025-12-16 17:39:23.482,0.008715939340079281,-0.5728080659616102,-0.819631440875683,0.0,-0.9999513252264097,-0.0061881191151040155,-0.006308824056234287,0.0,-0.001458259756498647,0.8196623138681569,-0.5728451489737706,0.0,0.37466056918149154,0.2373162460620774,0.14690286182124918,1.0
2025-12-16 17:39:23.532,0.008715241195439304,-0.5728080915980603,-0.8196314303831337,0.0,-0.9999513333762758,-0.006186558189482318,-0.006309063162183076,0.0,-0.0014568431570374215,0.8196623077352811,-0.5728451613534753,0.0,0.3747219703767004,0.2372652216939431,0.14828566814817634,1.0
2025-12-16 17:39:23.582,0.00871467937122674,-0.5728081174974591,-0.8196314182568174,0.0,-0.9999513402297596,-0.006185134972783669,-0.006309372336777103,0.0,-0.001455499281904272,0.8196623003765171,-0.5728451752989777,0.0,0.37488556686520075,0.23726430713631014,0.14960998181439608,1.0
2025-12-16 17:39:23.632,0.008714335490191658,-0.5728081247812004,-0.819631416822719,0.0,-0.9999513448104563,-0.006184045778434818,-0.006309714001310611,0.0,-0.0014544107599928323,0.8196623035047373,-0.5728451735876364,0.0,0.3751312661853421,0.23726479717347562,0.15067640166238033,1.0
2025-12-16 17:39:23.682,0.008714012416311047,-0.5728087050618983,-0.8196310147219465,0.0,-0.9999513490111849,-0.006183084209822931,-0.00630999061599408,0.0,-0.001453458014878786,0.8196619052308285,-0.5728457458803085,0.0,0.37544374634256206,0.23713682477191161,0.15155281199309428,1.0
2025-12-16 17:39:23.732,0.008713689657843325,-0.5728101228022962,-0.819630027347079,0.0,-0.9999513533048997,-0.006182074673563161,-0.00631029933034966,0.0,-0.0014524386633624083,0.8196609220577643,-0.5728471552459213,0.0,0.37587232957853095,0.23690151681459012,0.15237954488908448,1.0
2025-12-16 17:39:23.782,0.008713308997485611,-0.5728117593420005,-0.819628887672369,0.0,-0.9999513580890977,-0.006181040946182797,-0.006310553842515704,0.0,-0.001451428210914009,0.8196597861534552,-0.572848783117343,0.0,0.37633333425914534,0.23659975013889079,0.15320864181297297,1.0
2025-12-16 17:39:23.832,0.008712940309669915,-0.5728133217743734,-0.819627799656757,0.0,-0.9999513628554509,-0.006179963978921328,-0.006310853345978313,0.0,-0.0014503573335336365,0.819658702359467,-0.5728503365714295,0.0,0.3768139318970496,0.2363757431845749,0.15406633279316395,1.0
2025-12-16 17:39:23.882,0.008712756889983065,-0.5728142654525022,-0.8196271420973652,0.0,-0.999951366136576,-0.00617891468471843,-0.006311360877211377,0.0,-0.0014491965409378692,0.819658050773273,-0.5728512718253703,0.0,0.3772335149105665,0.23636473781316963,0.15490693659479873,1.0
2025-12-16 17:39:23.933,0.008712703715697006,-0.5728147134145702,-0.819626829594392,0.0,-0.9999513682113642,-0.0061779758810985965,-0.006311951159624649,0.0,-0.00144808417025587,0.8196577447875125,-0.5728517124545276,0.0,0.3775791304685557,0.23650260654566801,0.15570588137548286,1.0
2025-12-16 17:39:23.982,0.008712654463976663,-0.5728148962425874,-0.8196267023444233,0.0,-0.9999513702302567,-0.006177048883148621,-0.006312538549208606,0.0,-0.0014469859511866264,0.8196576240029927,-0.5728518880525973,0.0,0.3778309269507488,0.2366538800730377,0.15643795094115087,1.0
2025-12-16 17:39:24.032,0.008712582446082048,-0.5728152511430781,-0.8196264550795204,0.0,-0.9999513722095702,-0.006176244361907198,-0.006313012196098265,0.0,-0.0014460514464488873,0.8196573820398253,-0.5728522366220055,0.0,0.3780473053462203,0.23671288765691978,0.15708628377852912,1.0
2025-12-16 17:39:24.082,0.00871251042897697,-0.5728159449236357,-0.8196259709797363,0.0,-0.9999513737168149,-0.006175709672340694,-0.006313296532388045,0.0,-0.0014454429471540454,0.8196569012123396,-0.5728529261421917,0.0,0.37828016864620756,0.2366563357908674,0.15761671403167973,1.0
2025-12-16 17:39:24.132,0.008712491272014492,-0.5728163047580608,-0.8196257197040391,0.0,-0.9999513746812744,-0.006175249124210354,-0.006313594260960261,0.0,-0.0014448910921086484,0.8196566532075957,-0.5728532823876067,0.0,0.37851286092044145,0.23668703353785453,0.15810590118413737,1.0
2025-12-16 17:39:24.182,0.008712448480384148,-0.5728164514853216,-0.819625617614804,0.0,-0.9999513756509862,-0.0061748870973561435,-0.0063137947577554905,0.0,-0.0014444779530048215,0.819656553392853,-0.5728534262475803,0.0,0.3786657000522018,0.23669710072769207,0.15855799573556895,1.0
2025-12-16 17:39:24.232,0.00871239604303829,-0.5728165321400319,-0.8196255618045749,0.0,-0.9999513767680127,-0.006174483023303894,-0.006314013015435783,0.0,-0.001444020879315948,0.819656500070323,-0.5728535036954634,0.0,0.37883373375805873,0.2367452967058922,0.15908772598598372,1.0
2025-12-16 17:39:24.283,0.008712360401079802,-0.5728164633185171,-0.8196256102811308,0.0,-0.999951377897225,-0.00617399728805802,-0.006314309157492429,0.0,-0.001443453846163614,0.8196565518261021,-0.5728534310707569,0.0,0.37904102707840664,0.23690501067607161,0.15974021264698884,1.0
2025-12-16 17:39:24.332,0.008712352880926179,-0.5728164626084469,-0.8196256108573181,0.0,-0.9999513791852654,-0.006173298570508405,-0.006314788314182467,0.0,-0.00144260668225527,0.8196565575851811,-0.5728534249645112,0.0,0.37927168038365605,0.23709465283476217,0.16043424416628535,1.0
2025-12-16 17:39:24.382,0.008712360475687103,-0.5728170627414599,-0.8196251913578525,0.0,-0.9999513809609247,-0.006172260595761755,-0.0063155217271669084,0.0,-0.001441329416533728,0.8196561459912798,-0.572854017100548,0.0,0.3796885491907306,0.23729989725059603,0.1613390547069505,1.0
2025-12-16 17:39:24.432,0.008712340266090106,-0.5728185763437166,-0.8196241337490338,0.0,-0.9999513833806623,-0.006170984068744931,-0.006316385986563456,0.0,-0.001439771963335352,0.8196550977990633,-0.5728555207979598,0.0,0.3802495202804677,0.23740416450569476,0.16240865482185485,1.0
2025-12-16 17:39:24.482,0.008712223002930824,-0.5728210303040097,-0.8196224199672728,0.0,-0.9999513863421706,-0.006169830950458843,-0.006317043582417124,0.0,-0.0014384240551689376,0.8196533914835293,-0.5728579656125814,0.0,0.3808923082986533,0.23738525480278083,0.16358122267135988,1.0
2025-12-16 17:39:24.532,0.008712042329237984,-0.5728239348817403,-0.8196203919170517,0.0,-0.9999513896823924,-0.006168743033984517,-0.006317577292069345,0.0,-0.0014371957702593783,0.8196513697390659,-0.5728608614255217,0.0,0.38153857807366953,0.23726774587730845,0.16481551864579425,1.0
2025-12-16 17:39:24.584,0.008711887854467429,-0.5728262594202226,-0.8196187689589932,0.0,-0.9999513924689327,-0.0061678505196560065,-0.006318007646222332,0.0,-0.001436193014235607,0.8196497518859431,-0.5728631787634267,0.0,0.38206451695787014,0.23720674261217536,0.16601166467829767,1.0
2025-12-16 17:39:24.635,0.008711794899833494,-0.5728274294949653,-0.8196179521881047,0.0,-0.9999513940770077,-0.006167350639964894,-0.006318241111350969,0.0,-0.0014356371276728935,0.8196489379037032,-0.5728643447967147,0.0,0.38231268496858156,0.23718377100118396,0.16696747718004812,1.0
2025-12-16 17:39:24.682,0.008711668361749652,-0.5728275331215891,-0.8196178811088726,0.0,-0.9999513958122787,-0.0061669175749968965,-0.006318389186103799,0.0,-0.0014351962569892841,0.8196488687393334,-0.5728644448611161,0.0,0.3823680645339094,0.2372809847813222,0.1679850015953156,1.0
2025-12-16 17:39:24.733,0.008711595301066416,-0.5728265564133378,-0.8196185645019003,0.0,-0.9999513973040298,-0.006166379653260073,-0.00631867809739239,0.0,-0.0014346002444654313,0.8196495553902853,-0.5728634638992492,0.0,0.38222072784589445,0.23760001399056202,0.1689723831956278,1.0
2025-12-16 17:39:24.783,0.008711508371485273,-0.5728256149353305,-0.8196192234184497,0.0,-0.9999513987459722,-0.006165931377965032,-0.006318887356523088,0.0,-0.001434122963262764,0.8196502167430686,-0.5728625188335915,0.0,0.3818914025585344,0.23786042045446504,0.16988237015750215,1.0
2025-12-16 17:39:24.832,0.008711503239862155,-0.5728247781793171,-0.8196198082747428,0.0,-0.9999513994181654,-0.0061655633018168395,-0.00631914013391702,0.0,-0.0014336853687319108,0.8196508043028374,-0.5728616792489921,0.0,0.38155318983674474,0.23813352945881705,0.1706362078617888,1.0
2025-12-16 17:39:24.885,0.008711510525349622,-0.5728241190014558,-0.8196202688902837,0.0,-0.9999514001967832,-0.006165080865193951,-0.006319487607947696,0.0,-0.0014330979064727874,0.8196512686161638,-0.5728610163785837,0.0,0.381264312826429,0.23838144889949975,0.17138633193287134,1.0
2025-12-16 17:39:24.940,0.008711437459355823,-0.5728238734973574,-0.8196204412470953,0.0,-0.9999514019934718,-0.006164373387411271,-0.0063198934515579595,0.0,-0.0014322881647754794,0.8196514455143494,-0.5728607652971623,0.0,0.3810512399037622,0.23852002217715548,0.17223107783509087,1.0
2025-12-16 17:39:24.982,0.008711317781182764,-0.5728243069810748,-0.819620139561843,0.0,-0.9999514039613682,-0.0061637785374149935,-0.006320162263627106,0.0,-0.0014316420199395141,0.8196511470362934,-0.5728611939756573,0.0,0.3810601624067699,0.2385712587655187,0.17294422046923885,1.0
2025-12-16 17:39:25.032,0.008710997760835571,-0.5728256897100241,-0.8196191765859643,0.0,-0.9999514079408524,-0.0061629234406014675,-0.006320366522660781,0.0,-0.001430809470700904,0.8196501871071106,-0.5728625695221649,0.0,0.38126375075831237,0.238420052744362,0.17377417805377376,1.0
2025-12-16 17:39:25.082,0.008710481394725291,-0.572828094765997,-0.8196175011929884,0.0,-0.99995141400178,-0.006161750569166645,-0.0063205511605016395,0.0,-0.0014297168518134851,0.8196485150756575,-0.5728649645806534,0.0,0.38168586954043277,0.2381446975146367,0.1747145867767387,1.0
2025-12-16 17:39:25.132,0.00870992199965089,-0.5728314482290663,-0.8196151634027758,0.0,-0.9999514204414369,-0.006160557267874983,-0.0063206955717147505,0.0,-0.0014286204589719403,0.8196461803542439,-0.5728683077935823,0.0,0.3823241616238617,0.2377797843015923,0.1757073815013918,1.0
2025-12-16 17:39:25.182,0.00870951604851079,-0.5728348908782341,-0.8196127616282769,0.0,-0.9999514256483498,-0.0061593921340336285,-0.006321007323199592,0.0,-0.001427450339543616,0.8196437830672302,-0.5728717406756659,0.0,0.38294911700907397,0.237434309831535,0.1766613381178339,1.0
2025-12-16 17:39:25.232,0.008709177663730132,-0.57283771500226,-0.8196107914105445,0.0,-0.9999514302671879,-0.006158259831482937,-0.006321379885841287,0.0,-0.0014262788650149835,0.8196418177987936,-0.5728745554168804,0.0,0.3834886651007848,0.23715489661752207,0.1777706481814862,1.0
2025-12-16 17:39:25.282,0.008708783489475453,-0.5728397667995351,-0.8196093615646395,0.0,-0.9999514352828472,-0.006157139979376417,-0.006321677329355195,0.0,-0.001425168839347531,0.8196403922044159,-0.5728765978470153,0.0,0.38384771096472303,0.23691994350323503,0.17891309690089777,1.0
2025-12-16 17:39:25.332,0.008708380396505929,-0.5728410672216891,-0.8196084569575856,0.0,-0.9999514404270076,-0.006155979168523736,-0.0063219941187708725,0.0,-0.0014240221462499196,0.8196394920506594,-0.5728778885869693,0.0,0.38406076395647426,0.23680847529561228,0.18017702656460338,1.0
2025-12-16 17:39:25.382,0.008707939263475779,-0.5728422337519576,-0.8196076463314989,0.0,-0.9999514457217249,-0.006154898773472622,-0.00632220857998268,0.0,-0.0014230014091180987,0.819638684866661,-0.5728790459922929,0.0,0.38413699236157617,0.2366812617040444,0.1814263025407145,1.0
2025-12-16 17:39:25.432,0.00870743329815117,-0.572843563038043,-0.8196067226374161,0.0,-0.9999514516945781,-0.0061537163061875,-0.006322414945040284,0.0,-0.0014218999256126342,0.8196377646931938,-0.5728803652503255,0.0,0.3841891885305661,0.23656555375150784,0.1827628757852443,1.0
2025-12-16 17:39:25.482,0.00870695016758237,-0.5728443087711512,-0.8196062065580577,0.0,-0.9999514571280632,-0.006152738007327643,-0.006322507705401183,0.0,-0.001421037061297427,0.8196372508354228,-0.5728811025829187,0.0,0.38416859600574926,0.23652575048264535,0.1840099355491768,1.0
2025-12-16 17:39:25.532,0.008706604405173306,-0.5728444491705781,-0.819606112102269,0.0,-0.9999514611679218,-0.006151947193863989,-0.006322638299849529,0.0,-0.0014203126126583116,0.8196371586444856,-0.5728812362796294,0.0,0.38409413659978064,0.2365822631420616,0.18507957057386182,1.0
2025-12-16 17:39:25.582,0.008706492797855191,-0.5728442092902157,-0.8196062809465511,0.0,-0.9999514633263498,-0.006151196395530661,-0.006323027408091544,0.0,-0.001419476894533056,0.8196373319350855,-0.5728809904191974,0.0,0.3840523383867324,0.2367835917057737,0.18595938863368888,1.0
2025-12-16 17:39:25.632,0.008706469561408747,-0.5728440998575212,-0.8196063576787399,0.0,-0.9999514643455705,-0.006150710444909177,-0.006323338942356124,0.0,-0.001418901298607395,0.8196374120658916,-0.572880877199643,0.0,0.38405502112950796,0.23694631423195017,0.18657233721335545,1.0
2025-12-16 17:39:25.682,0.008706483421726668,-0.5728440316426543,-0.8196064052086375,0.0,-0.9999514647754886,-0.00615039975921939,-0.006323573148497108,0.0,-0.001418513211252573,0.8196374620735641,-0.5728808066132748,0.0,0.3841113076197115,0.23708719705286155,0.1869815535652853,1.0
2025-12-16 17:39:25.732,0.008706512704102325,-0.5728440378590759,-0.81960640055276,0.0,-0.9999514648954343,-0.006150199938107145,-0.0063237485247995984,0.0,-0.00141824890028641,0.8196374592282509,-0.572880811338549,0.0,0.38422206105909573,0.2371944471537083,0.18722985452116825,1.0
2025-12-16 17:39:25.782,0.008706558836066533,-0.5728440259492543,-0.8196064083867892,0.0,-0.9999514649376414,-0.006149969721875709,-0.006323965741003748,0.0,-0.0014179359000523386,0.8196374692796193,-0.5728807977325513,0.0,0.38439138413234014,0.2373432471536851,0.1874807587523414,1.0
2025-12-16 17:39:25.832,0.008706601562205749,-0.5728442669847598,-0.8196062394669398,0.0,-0.9999514652743625,-0.006149586302521827,-0.006324285348695431,0.0,-0.001417435988946356,0.8196373036936544,-0.5728810358783168,0.0,0.384638755610927,0.23747172078011086,0.18783339574339972,1.0
2025-12-16 17:39:25.882,0.008706610219980968,-0.5728451221465917,-0.8196056416793032,0.0,-0.9999514663309145,-0.006148943131652483,-0.006324743649026936,0.0,-0.0014166372075508015,0.8196367108345696,-0.5728818860736569,0.0,0.38500984614765776,0.2375113786874314,0.18828997188084223,1.0
2025-12-16 17:39:25.932,0.00870654938303998,-0.5728465362345866,-0.8196046539784199,0.0,-0.9999514678546192,-0.006148343941205399,-0.006325085246962793,0.0,-0.001415935394504845,0.8196357270008781,-0.5728832954020396,0.0,0.3853492020776031,0.23737782237393695,0.18871227829479725,1.0
2025-12-16 17:39:25.982,0.008706508028352574,-0.5728476801133524,-0.8196038549249941,0.0,-0.9999514690085621,-0.006147869441630669,-0.006325364033436125,0.0,-0.0014153746318574289,0.8196349310823692,-0.5728844355227776,0.0,0.38562114391727104,0.23727317041650656,0.18903380754764082,1.0
2025-12-16 17:39:26.032,0.00870650127203845,-0.5728483493350219,-0.8196033872556584,0.0,-0.9999514696040375,-0.006147559924134533,-0.006325570718375611,0.0,-0.0014149954356013944,0.8196344656715895,-0.572885102329573,0.0,0.38583132359061717,0.23724179090768077,0.18925078202671183,1.0
2025-12-16 17:39:26.082,0.008706533880267656,-0.5728486713707878,-0.8196031618275539,0.0,-0.9999514698050669,-0.006147300152481761,-0.0063257913915973,0.0,-0.0014146526840796334,0.8196342425424575,-0.5728854224097829,0.0,0.386065799503406,0.23733200451851727,0.1894436344569866,1.0
2025-12-16 17:39:26.132,0.008706571869655346,-0.5728491171777053,-0.8196028498341196,0.0,-0.9999514701286553,-0.006146946166922004,-0.006326084220951543,0.0,-0.0014141900625632337,0.8196339336132833,-0.5728858655404955,0.0,0.38636242166052437,0.237430306688015,0.18968710137026568,1.0
2025-12-16 17:39:26.182,0.008706629479898198,-0.5728501528666102,-0.8196021253419303,0.0,-0.9999514707336136,-0.006146345645026683,-0.006326572065768095,0.0,-0.0014134073912251408,0.8196332142501601,-0.572886896671147,0.0,0.38688952049875003,0.2375661694855465,0.1900312609819333,1.0
2025-12-16 17:39:26.232,0.008706676002904125,-0.572852023621104,-0.8196008173052264,0.0,-0.999951472085408,-0.006145367484140803,-0.0063273085841224885,0.0,-0.0014121638746836416,0.8196319140667914,-0.5728887599145224,0.0,0.3876699050802874,0.23768839798280608,0.1905052322153931,1.0
2025-12-16 17:39:26.283,0.00870669609669792,-0.5728545089560211,-0.8195990799854793,0.0,-0.9999514739891368,-0.006144191068302121,-0.006328150146528003,0.0,-0.0014106911622224977,0.8196301858127406,-0.5728912361478546,0.0,0.38859279365653676,0.2377539029413193,0.19095352898568896,1.0
2025-12-16 17:39:26.332,0.00870666715959764,-0.5728575174128704,-0.8195969775394144,0.0,-0.9999514762157591,-0.00614304984510488,-0.0063289062035359845,0.0,-0.0014092907234389258,0.8196280916529314,-0.5728942356779574,0.0,0.38959068002694136,0.23767024822669144,0.1912481299142172,1.0
2025-12-16 17:39:26.382,0.008706660204181227,-0.5728604252856789,-0.8195949451471797,0.0,-0.9999514781344345,-0.006141987152479393,-0.006329634411770497,0.0,-0.00140797167011913,0.819626067189117,-0.5728971352693932,0.0,0.39057310735224804,0.23763882657343757,0.19155897783633405,1.0
2025-12-16 17:39:26.432,0.008706723404414808,-0.5728627010181941,-0.8195933538352458,0.0,-0.99995147937018,-0.006141000760385945,-0.006330396216469376,0.0,-0.0014067026174118956,0.8196244839695805,-0.5728994034429996,0.0,0.3915520468504548,0.23771364304768489,0.19174402580296798,1.0
2025-12-16 17:39:26.482,0.00870683794573772,-0.5728644442208793,-0.8195921341873028,0.0,-0.9999514801200662,-0.006140061371909738,-0.006331188928320237,0.0,-0.0014054600366259025,0.8196232725991995,-0.5729011395484073,0.0,0.3924750241493776,0.2379372140090747,0.1919629758771132,1.0
2025-12-16 17:39:26.532,0.008706987448250752,-0.5728654209293891,-0.8195914499152479,0.0,-0.9999514803944185,-0.006139235059172278,-0.006331946865518851,0.0,-0.0014043381949616182,0.819622596118056,-0.5729021101086401,0.0,0.39340799061786913,0.23831840925160225,0.19197722370835987,1.0
2025-12-16 17:39:26.582,0.008707087056903472,-0.5728659185298481,-0.8195911010517045,0.0,-0.9999514814925574,-0.006138148277928491,-0.0063328269963729925,0.0,-0.0014029379622613276,0.8196222564590175,-0.5729025994722861,0.0,0.3944067701698591,0.2387735929328623,0.19207030364348543,1.0
2025-12-16 17:39:26.632,0.00870716162690979,-0.5728675937428841,-0.8195899293407948,0.0,-0.9999514827457104,-0.006137091949335081,-0.006333652837725583,0.0,-0.001401581281145802,0.819621093472611,-0.5729042666141297,0.0,0.39546712615756163,0.23892805174008475,0.1920495626883125,1.0
2025-12-16 17:39:26.682,0.008707275449365628,-0.5728694765204013,-0.8195886121260461,0.0,-0.999951483893082,-0.006135920476943817,-0.0063346066280661785,0.0,-0.0014000547202230379,0.819619786262802,-0.5729061404918777,0.0,0.39659052214133517,0.23913851801706096,0.19215925918229956,1.0
2025-12-16 17:39:26.732,0.008707413390947187,-0.5728716878922517,-0.8195870649691404,0.0,-0.9999514846333837,-0.006134879468594609,-0.006335497976167307,0.0,-0.0013986673670410596,0.8196182483932332,-0.5729083440048719,0.0,0.39769506726290166,0.23929453156662328,0.1922745148300166,1.0
2025-12-16 17:39:26.782,0.008707563331370662,-0.5728736873386313,-0.8195856658074728,0.0,-0.9999514852757163,-0.0061338387386589786,-0.006336404218909692,0.0,-0.0013972739590782635,0.8196168586402494,-0.5729103356182125,0.0,0.39876713521471974,0.2395116440659797,0.19245062905878488,1.0
2025-12-16 17:39:26.832,0.008707710626591052,-0.572876000475492,-0.8195840474021295,0.0,-0.9999514857920937,-0.00613288524878928,-0.00633724560973219,0.0,-0.0013959858725752115,0.8196152489655558,-0.5729126415838403,0.0,0.39982738080303093,0.23963509287652326,0.19251151615962672,1.0
2025-12-16 17:39:26.882,0.008707867211594994,-0.5728786789053552,-0.8195821735527736,0.0,-0.9999514862683434,-0.00613191496370146,-0.006338109325119647,0.0,-0.001394667348727354,0.8196133840749656,-0.5729153127192267,0.0,0.40097822371032504,0.2396885632300924,0.19241448280469706,1.0
2025-12-16 17:39:26.932,0.00870804014319552,-0.5728825251811188,-0.8195794831986568,0.0,-0.9999514867012003,-0.006130903832587708,-0.00633901912467376,0.0,-0.0013932765362291337,0.8196107031731436,-0.5729191513857073,0.0,0.40225975508242273,0.23951824313259837,0.19212311424076448,1.0
2025-12-16 17:39:26.982,0.008708330438052076,-0.5728875276793676,-0.8195759833667724,0.0,-0.9999514864659745,-0.0061297592727114205,-0.00634016300698292,0.0,-0.0013916299667685928,0.8196072150525945,-0.572924145415225,0.0,0.403715315955829,0.23926614206626717,0.19168954567709867,1.0
2025-12-16 17:39:27.032,0.008708682288976193,-0.5728929906475516,-0.8195721609601577,0.0,-0.9999514858510424,-0.0061285596918583506,-0.0063414195259475035,0.0,-0.0013898688723415638,0.8196034054275065,-0.5729295995810934,0.0,0.4052967856488666,0.2390494498807899,0.1912541457541435,1.0
2025-12-16 17:39:27.082,0.008708940896643503,-0.5728989093015298,-0.8195680209542004,0.0,-0.9999514857904267,-0.00612746051762835,-0.0063424911770839885,0.0,-0.0013882911412081917,0.8195992764661103,-0.5729355100392501,0.0,0.40685273163493973,0.23862967329790985,0.19078273636138413,1.0
2025-12-16 17:39:27.132,0.00870916796364203,-0.5729046672867747,-0.8195639935329148,0.0,-0.9999514858999803,-0.006126402316412931,-0.006343496061894719,0.0,-0.001386786947600089,0.8195952594445389,-0.572941260093913,0.0,0.40834276087949467,0.23817885522603424,0.1903566398550808,1.0
2025-12-16 17:39:27.182,0.008709338780067468,-0.5729098144703405,-0.8195603936274508,0.0,-0.9999514863444602,-0.006125397504965886,-0.006344396276966165,0.0,-0.0013853929694392238,0.8195916689327222,-0.5729463996766146,0.0,0.4097034195279666,0.23782438197002093,0.1901227883127195,1.0
2025-12-16 17:39:27.232,0.008709520489831335,-0.5729142159310696,-0.8195573148585357,0.0,-0.9999514866394028,-0.006124424372181157,-0.006345289194817925,0.0,-0.0013840370566162265,0.8195885994255196,-0.572950793814915,0.0,0.4109632682094577,0.2376382778784804,0.19005055226970147,1.0
2025-12-16 17:39:27.282,0.008709744054630182,-0.5729175485981356,-0.819554982760775,0.0,-0.9999514866482547,-0.00612341933046527,-0.006346257704863384,0.0,-0.0013826230365521532,0.8195862772575002,-0.5729541190049434,0.0,0.41218795733829217,0.23772259174139276,0.19009191590546887,1.0
2025-12-16 17:39:27.332,0.00870998492468689,-0.5729200537810433,-0.819553228923751,0.0,-0.9999514865864202,-0.0061223690871549255,-0.006347280644281036,0.0,-0.001381149577365117,0.8195845338597286,-0.5729566164063176,0.0,0.4134613531014432,0.23799493563814542,0.19011885575514825,1.0
2025-12-16 17:39:27.382,0.008710274429095775,-0.572922181426901,-0.819551738482458,0.0,-0.9999514862364672,-0.006121261961828673,-0.006348403475147888,0.0,-0.0013795762760817985,0.8195830547931916,-0.5729587359183547,0.0,0.4148611960511388,0.23844456990318433,0.19009361621071588,1.0
2025-12-16 17:39:27.432,0.008710449847450912,-0.5729228330591851,-0.8195512810825815,0.0,-0.9999514873812908,-0.006119778510082409,-0.006349653229939924,0.0,-0.0013776375242303984,0.8195826103447426,-0.5729593763395009,0.0,0.4163956511836497,0.23922885262182786,0.1900548457852667,1.0
2025-12-16 17:39:27.482,0.008710539446170465,-0.5729230666689908,-0.8195511168208875,0.0,-0.9999514892764723,-0.0061182387307885415,-0.006350838512103043,0.0,-0.0013756939948933594,0.8195824585346605,-0.5729595981640535,0.0,0.4179401269371531,0.24002344205114026,0.18991108368986598,1.0
2025-12-16 17:39:27.533,0.008710520938585414,-0.5729225677605444,-0.8195514657889711,0.0,-0.9999514922795603,-0.0061165299159976925,-0.006352011561350619,0.0,-0.0013736267305954483,0.8195828200542924,-0.5729590859925848,0.0,0.4194787766965257,0.24094224324057634,0.18982027301699916,1.0
2025-12-16 17:39:27.582,0.008710513200726855,-0.5729224861085827,-0.819551522951516,0.0,-0.9999514944250275,-0.0061152842765933735,-0.006352873096396204,0.0,-0.0013721131112732485,0.8195828864289246,-0.5729589946745247,0.0,0.42074505343431806,0.24161494481295703,0.1896504243047655,1.0
2025-12-16 17:39:27.632,0.008710598009662179,-0.5729229793034847,-0.8195511772729884,0.0,-0.9999514953182347,-0.00611436146995486,-0.006353620688215176,0.0,-0.001370923241438141,0.81958254854344,-0.5729594808470364,0.0,0.4217494585269507,0.2419988683077934,0.18951918848351382,1.0
2025-12-16 17:39:27.682,0.008710679106689108,-0.5729243825039764,-0.8195501954750216,0.0,-0.9999514962254187,-0.006113453725932956,-0.006354351367042142,0.0,-0.0013697457347899642,0.8195815743977912,-0.5729608771148862,0.0,0.42267144948696517,0.24207503766587443,0.189492175676366,1.0
2025-12-16 17:39:27.732,0.008710702681173297,-0.5729265760795751,-0.8195486617533723,0.0,-0.9999514974229871,-0.006112644493095565,-0.006354941387229043,0.0,-0.0013687211560426157,0.8195800469918827,-0.5729630644074541,0.0,0.4235961587501921,0.2419614913516548,0.18945091622046611,1.0
2025-12-16 17:39:27.782,0.00871074710941219,-0.5729298139272156,-0.819546397770944,0.0,-0.999951498630684,-0.006111739748273685,-0.00635562150436704,0.0,-0.001367555578605187,0.8195777902722453,-0.5729662952427506,0.0,0.42475063162820004,0.24176438395956718,0.18933425604299484,1.0
2025-12-16 17:39:27.832,0.008710957067340163,-0.5729338694883763,-0.8195435603561629,0.0,-0.9999514988828542,-0.006110643568013843,-0.00635663577106326,0.0,-0.001366032956921616,0.8195749633169663,-0.5729703425640403,0.0,0.4262095100695941,0.24168025097681345,0.18916079399861765,1.0
2025-12-16 17:39:27.882,0.00871127213768099,-0.5729385221665907,-0.8195403043514787,0.0,-0.9999514984183289,-0.006109491305603984,-0.006357816302280517,0.0,-0.0013643627558032132,0.819571719313764,-0.5729749867274759,0.0,0.42781653835013816,0.2416240811563095,0.1888930067949605,1.0
2025-12-16 17:39:27.933,0.008711602221424104,-0.5729441029934665,-0.819536399272757,0.0,-0.9999514979857367,-0.006108255248565781,-0.006359071874719273,0.0,-0.0013625710148307858,0.8195678270316404,-0.5729805583917,0.0,0.4295529405939872,0.24151073947023977,0.18867247259851952,1.0
2025-12-16 17:39:27.982,0.008711952994192553,-0.5729493494658628,-0.8195327276703961,0.0,-0.9999514973237743,-0.006107056053666819,-0.006360327625809765,0.0,-0.0013608129299658978,0.8195641681650492,-0.5729857960264815,0.0,0.4313001518211914,0.24149514013256393,0.18844936545255206,1.0
2025-12-16 17:39:28.032,0.00871225922483966,-0.5729539294096864,-0.8195295224788474,0.0,-0.9999514969532373,-0.00610588252554366,-0.006361512459526393,0.0,-0.0013591235971373804,0.8195609750341226,-0.5729903672699621,0.0,0.4329717012101782,0.24154732082811736,0.1882889037281268,1.0
2025-12-16 17:39:28.082,0.00871251121217302,-0.5729581972449302,-0.8195265360312781,0.0,-0.9999514969735479,-0.006104723093985846,-0.006362621905634606,0.0,-0.0013574923297748243,0.8195579999598533,-0.5729946264288869,0.0,0.43455430937496653,0.24159710720933603,0.18818281841003018,1.0
2025-12-16 17:39:28.132,0.008712721188823049,-0.5729619333130413,-0.8195239217770743,0.0,-0.999951497133335,-0.006103670767514779,-0.006363606302423446,0.0,-0.001356026142455501,0.819555395826037,-0.5729983545923396,0.0,0.43597542617793633,0.24164714035253448,0.18808946812004482,1.0
2025-12-16 17:39:28.182,0.008712872955789902,-0.5729652016832031,-0.8195216351056213,0.0,-0.9999514974205607,-0.0061028098784124485,-0.00636438678703848,0.0,-0.0013548386561123892,0.8195531172230602,-0.5730016164568658,0.0,0.43720581995861935,0.24163193590725585,0.18794607582470588,1.0
2025-12-16 17:39:28.232,0.008713018450981845,-0.572968168509602,-0.8195195593062031,0.0,-0.9999514974062342,-0.006102157828255874,-0.006365014224420821,0.0,-0.0013539132185500463,0.8195510478656025,-0.5730045783947885,0.0,0.43829932758066764,0.24154387951822495,0.18771657862698413,1.0
2025-12-16 17:39:28.282,0.00871317903151774,-0.5729708543494529,-0.819517679783927,0.0,-0.9999514972361759,-0.006101526423079363,-0.006365646208097631,0.0,-0.0013530050805827534,0.819549174787744,-0.5730072595368925,0.0,0.4393640794223583,0.24151838601838826,0.18754294978294517,1.0
2025-12-16 17:39:28.332,0.008713356945617963,-0.5729734962730939,-0.8195158307687127,0.0,-0.9999514968986892,-0.006100914031569895,-0.0063662861433185025,0.0,-0.001352108433495598,0.8195473322586843,-0.5730098969393616,0.0,0.4404949762952706,0.24148479846877782,0.1872449471121746,1.0
2025-12-16 17:39:28.382,0.008713506340524221,-0.5729764349537876,-0.8195137745615445,0.0,-0.9999514970855258,-0.006100119802083114,-0.006367017828192604,0.0,-0.0013510070388696397,0.819545283591552,-0.5730128296319583,0.0,0.4416777668565974,0.2414915038545981,0.18717155310191014,1.0
2025-12-16 17:39:28.432,0.008713682002321789,-0.5729791412817413,-0.819511880513766,0.0,-0.999951496976463,-0.006099378754839372,-0.006367744855421732,0.0,-0.0013499543649880485,0.8195433969634647,-0.5730155304324636,0.0,0.4429068622979393,0.24152074147322658,0.18688970466359947,1.0
2025-12-16 17:39:28.482,0.008713788541058863,-0.5729822489593258,-0.8195097065733775,0.0,-0.9999514975320756,-0.0060985626642944876,-0.0063684392120563925,0.0,-0.0013488546470822674,0.8195412302710212,-0.5730186318759644,0.0,0.44409445557131116,0.2414757110329297,0.18677511345821562,1.0
2025-12-16 17:39:28.532,0.008713963781505024,-0.5729852543395665,-0.8195076034094162,0.0,-0.9999514971127857,-0.006098013153912543,-0.006369031220000004,0.0,-0.0013480331256484836,0.8195391330998245,-0.5730216332082763,0.0,0.4451980722499459,0.24134096195133364,0.18641794484475388,1.0
2025-12-16 17:39:28.582,0.008714146302653146,-0.572988226720693,-0.8195055232241572,0.0,-0.9999514967998304,-0.006097363847411008,-0.006369701963123796,0.0,-0.0013470850530325606,0.8195370597265098,-0.5730246007779134,0.0,0.4463253352774882,0.2412985528394846,0.1862116790719431,1.0
2025-12-16 17:39:28.632,0.008714365359173274,-0.572991225273048,-0.8195034243355461,0.0,-0.9999514957076617,-0.006097015630678451,-0.006370206717012389,0.0,-0.0013464785594295562,0.8195349657982854,-0.5730275969178903,0.0,0.44740394896889923,0.24108967016418004,0.18566156205072376,1.0
2025-12-16 17:39:28.682,0.008714577975491723,-0.5729941151777576,-0.8195014014652909,0.0,-0.999951494761436,-0.006096607936495758,-0.006370745423149969,0.0,-0.0013458050222992992,0.8195329482608774,-0.5730304839392717,0.0,0.44847559540353876,0.24096290995836475,0.18528663214723712,1.0
2025-12-16 17:39:28.732,0.008714745891688056,-0.572997280052683,-0.8194991867948859,0.0,-0.9999514937932895,-0.006096427139083963,-0.0063710703900852865,0.0,-0.0013454369821215332,0.819530736763677,-0.573033647614965,0.0,0.44943951992763315,0.240619509212625,0.184744432762385,1.0
2025-12-16 17:39:28.783,0.008714918065113273,-0.5730002579169573,-0.8194971028206428,0.0,-0.9999514928795997,-0.00609619144267762,-0.0063714393163762165,0.0,-0.0013450007493607198,0.8195286564137924,-0.5730366238641199,0.0,0.45034628187606474,0.24037206836196112,0.18433053895263987,1.0
2025-12-16 17:39:28.832,0.00871506810522346,-0.5730026163133795,-0.8194954522065097,0.0,-0.9999514919499913,-0.006096065386345987,-0.006371705815585858,0.0,-0.0013447196477745788,0.8195270083647158,-0.5730389814749498,0.0,0.4510678656445295,0.24013100890900047,0.18391722372155994,1.0
2025-12-16 17:39:28.882,0.008715182829405315,-0.5730043773699655,-0.8194942196283732,0.0,-0.9999514911728805,-0.006096009049493861,-0.006371881669439118,0.0,-0.001344553977020923,0.8195257774494199,-0.5730407422431031,0.0,0.4516519361658608,0.23993205905906886,0.18352071546622617,1.0
2025-12-16 17:39:28.933,0.008715290155992405,-0.5730057324891364,-0.8194932709627905,0.0,-0.9999514905955873,-0.006095862786637027,-0.006372112189661556,0.0,-0.001344287603323669,0.8195248310314696,-0.5730420963713583,0.0,0.45218574046335996,0.2398446416508317,0.18326792499323993,1.0
2025-12-16 17:39:28.982,0.008715402176021314,-0.5730068960429135,-0.8194924561906496,0.0,-0.9999514897663042,-0.006095846375716469,-0.006372258023698595,0.0,-0.0013441782076486018,0.8195240175884068,-0.5730432599557407,0.0,0.4526241474688625,0.2397218993115997,0.18289648749825277,1.0
2025-12-16 17:39:29.036,0.008715541895283159,-0.5730082506205814,-0.8194915075529585,0.0,-0.9999514890835176,-0.006095610755732391,-0.006372590554776841,0.0,-0.001343780153889255,0.8195230722075106,-0.5730446129006548,0.0,0.4532203796324063,0.23972149890950337,0.18269700224895247,1.0
2025-12-16 17:39:29.082,0.008715688060674947,-0.5730099531824032,-0.8194903155234585,0.0,-0.9999514880867602,-0.006095538677895213,-0.006372815901056309,0.0,-0.0013435738412892258,0.8195218822915942,-0.5730463151042641,0.0,0.4538218631582533,0.2395698984343865,0.18229632359167489,1.0
2025-12-16 17:39:29.132,0.008715835118084693,-0.5730116950739703,-0.8194890959786213,0.0,-0.9999514871935167,-0.006095399485096563,-0.006373089188108471,0.0,-0.0013432846375265727,0.8195206653695817,-0.5730480561162222,0.0,0.4544637213368908,0.23946270951325482,0.18197301784634987,1.0
2025-12-16 17:39:29.182,0.008715950734253491,-0.5730136259512779,-0.8194877446174381,0.0,-0.9999514864235992,-0.006095335653486672,-0.006373271037208034,0.0,-0.001343107580144201,0.8195193157388542,-0.5730499866442266,0.0,0.455136113762844,0.23923222531557156,0.18151598126317117,1.0
2025-12-16 17:39:29.232,0.008716073215082215,-0.5730153498472997,-0.8194865379054703,0.0,-0.9999514856133057,-0.006095262244699308,-0.006373468374389377,0.0,-0.0013429159995375388,0.8195181108988158,-0.5730517101322135,0.0,0.45583011392876277,0.23906034791000996,0.18105109584575438,1.0
2025-12-16 17:39:29.282,0.008716163066924644,-0.5730170052960286,-0.819485379396222,0.0,-0.9999514849137595,-0.006095275563839656,-0.00637356538968926,0.0,-0.0013428537093945125,0.819516953268485,-0.5730533657954162,0.0,0.45641268593113926,0.23881966980886385,0.18059243763947883,1.0
2025-12-16 17:39:29.332,0.008716298981287745,-0.5730185174980275,-0.8194843205563119,0.0,-0.9999514836954426,-0.006095385720949513,-0.006373651183135575,0.0,-0.0013428787286278467,0.8195158950752395,-0.5730548790436648,0.0,0.45691491912063886,0.2386131151364692,0.18009588830460066,1.0
2025-12-16 17:39:29.382,0.008716401553630933,-0.5730202118297918,-0.8194831347134025,0.0,-0.9999514827187964,-0.0060955080567182155,-0.006373687411494455,0.0,-0.0013429401950791463,0.819514709436232,-0.573056574457776,0.0,0.457394647638585,0.2383415382080642,0.1796385931112226,1.0
2025-12-16 17:39:29.432,0.008716535308087645,-0.5730219695072227,-0.8194819042391934,0.0,-0.9999514813377396,-0.006095729656636905,-0.0063736921498889565,0.0,-0.0013431003768302942,0.8195134787600884,-0.5730583340393157,0.0,0.4579014369883028,0.23803904030871118,0.17904670246023094,1.0
2025-12-16 17:39:29.483,0.008716669569332317,-0.5730241301881029,-0.8194803919527273,0.0,-0.9999514798796743,-0.006095998941269439,-0.006373663355240996,0.0,-0.0013433145644541396,0.8195119659277599,-0.5730604969871846,0.0,0.45849177554746023,0.23766359695035139,0.17839831535426498,1.0
2025-12-16 17:39:29.533,0.008716874845747508,-0.5730265472229998,-0.8194786996449748,0.0,-0.9999514778336738,-0.006096291895261544,-0.006373704149667317,0.0,-0.0013435055397253571,0.8195102736568461,-0.5730629165839871,0.0,0.45912186843995656,0.23729022956119228,0.17770942437161186,1.0
2025-12-16 17:39:29.582,0.008717140552801076,-0.5730290355414723,-0.8194769568378364,0.0,-0.9999514753033892,-0.006096594055429258,-0.006373812101666604,0.0,-0.0013436648119895783,0.8195085314617903,-0.5730654076335553,0.0,0.4597607994078016,0.23696467695405282,0.17702765978599214,1.0
2025-12-16 17:39:29.632,0.008717415067700008,-0.5730312066557001,-0.819475435735848,0.0,-0.9999514726591742,-0.006096921390046332,-0.006373913830637832,0.0,-0.0013438516525743228,0.8195070108739884,-0.5730675816961878,0.0,0.4603339918131148,0.23669434969428932,0.17635866938760297,1.0
2025-12-16 17:39:29.682,0.00871765071297421,-0.5730328353256001,-0.8194742943533732,0.0,-0.9999514703889115,-0.006097200771051792,-0.006374002747104902,0.0,-0.0013440123092436414,0.819505869941638,-0.5730692128897799,0.0,0.4608241961409278,0.2365105253652475,0.17577111302854898,1.0
2025-12-16 17:39:29.733,0.008717827131645485,-0.5730343799856281,-0.8194732123418054,0.0,-0.999951468763853,-0.00609736694653984,-0.0063740987237838114,0.0,-0.0013440770460052703,0.8195047885912703,-0.5730707590977504,0.0,0.4612815215722856,0.23634027133308777,0.17534179934424454,1.0
2025-12-16 17:39:29.782,0.008717969865878819,-0.5730356232283442,-0.819472341457556,0.0,-0.9999514675170731,-0.006097459868812019,-0.006374205425688842,0.0,-0.0013440788146260815,0.819503918550859,-0.5730720032700317,0.0,0.4616582331069173,0.23621436193510043,0.17502649224525418,1.0
2025-12-16 17:39:29.832,0.008718090004520843,-0.5730366535833105,-0.8194716196781449,0.0,-0.9999514664117286,-0.006097572050892919,-0.006374271513337843,0.0,-0.0013441219061266377,0.8195031972287383,-0.5730730346720013,0.0,0.4619524808381772,0.2360949271656725,0.1747427538482943,1.0
2025-12-16 17:39:29.882,0.00871820317870847,-0.5730376286693282,-0.8194709366192167,0.0,-0.9999514653219858,-0.006097707309434157,-0.006374313075893626,0.0,-0.00134419855067354,0.819502514380556,-0.573074010974327,0.0,0.46221122956336186,0.2359616375630376,0.17444784248598844,1.0
2025-12-16 17:39:29.932,0.008718305023112537,-0.5730386530360982,-0.8194702192180667,0.0,-0.9999514642608199,-0.006097879244597138,-0.006374315066650478,0.0,-0.001344327403982619,0.8195017967973591,-0.5730750368230417,0.0,0.46245508854510736,0.23579570650283202,0.17413531772208932,1.0
2025-12-16 17:39:29.982,0.008718389206301521,-0.5730397096026218,-0.8194694794862093,0.0,-0.9999514631802162,-0.006098146994778268,-0.006374228438243787,0.0,-0.0013445852178812648,0.8195010559829704,-0.5730760955871291,0.0,0.46264720613361654,0.2355708804806364,0.17377103184400972,1.0
2025-12-16 17:39:30.032,0.008718483604367827,-0.5730407911318579,-0.8194687221876277,0.0,-0.9999514619552988,-0.006098454416237282,-0.006374126481502177,0.0,-0.0013448840592445823,0.8195002974155661,-0.573077179638717,0.0,0.4628367520459446,0.23533152897483234,0.17336858810245645,1.0
2025-12-16 17:39:30.082,0.008718654133300172,-0.5730420084482054,-0.819467869122981,0.0,-0.999951460167123,-0.006098745220089964,-0.006374128770834759,0.0,-0.001345108094383492,0.819499444017475,-0.5730783994701455,0.0,0.4631393431324885,0.2351426780768044,0.17289569433311272,1.0
2025-12-16 17:39:30.132,0.008718822846634968,-0.57304342028917,-0.8194668800462084,0.0,-0.9999514584123217,-0.00609902576161101,-0.006374135630681526,0.0,-0.0013453190305562236,0.819498454666873,-0.5730798137391626,0.0,0.46349462929568774,0.23492982790123318,0.17243099472232595,1.0
2025-12-16 17:39:30.182,0.008718982359180824,-0.5730449053186432,-0.8194658398836256,0.0,-0.999951456642424,-0.006099359609184193,-0.006374093838365376,0.0,-0.0013456007517783758,0.8194974137367375,-0.5730813015946473,0.0,0.46384358859812597,0.23468633102622524,0.1719469384496063,1.0
2025-12-16 17:39:30.233,0.008719158474295932,-0.5730462527056712,-0.8194648957927952,0.0,-0.9999514547680404,-0.006099677310333371,-0.006374083871245803,0.0,-0.0013458524664634324,0.8194964691732285,-0.57308265171243,0.0,0.46417955370087055,0.23447911650420006,0.17146645770182165,1.0
2025-12-16 17:39:30.282,0.008719301686991645,-0.5730476508440561,-0.8194639165585074,0.0,-0.9999514530440452,-0.006100059595722573,-0.006373988487540898,0.0,-0.0013462055168864601,0.8194954886360182,-0.5730840530288033,0.0,0.46448215559529565,0.2342068433823258,0.17094925416961765,1.0
2025-12-16 17:39:30.332,0.008719494026687483,-0.5730488449245232,-0.8194630794952245,0.0,-0.9999514510993792,-0.006100341944205734,-0.006374023346218798,0.0,-0.0013464042019532781,0.819494651533594,-0.5730852495951699,0.0,0.46479787463552563,0.23405706718092967,0.1705079157287219,1.0
2025-12-16 17:39:30.382,0.008719713910825712,-0.5730499602574799,-0.8194622972043449,0.0,-0.999951448902047,-0.006100647011844644,-0.006374076085353491,0.0,-0.0013466120938247636,0.8194938693264202,-0.573086367637794,0.0,0.4650748019531856,0.23392962877095172,0.17004098883105057,1.0
2025-12-16 17:39:30.432,0.008719876352268487,-0.5730505921082272,-0.8194618536222535,0.0,-0.9999514472977343,-0.006100859300169559,-0.006374124581014123,0.0,-0.001346751534624063,0.8194934259009449,-0.5730870013928395,0.0,0.4652138530382939,0.23389059074272026,0.16970936056218203,1.0
2025-12-16 17:39:30.482,0.00871988915576321,-0.5730507821501801,-0.8194617205894285,0.0,-0.9999514468145161,-0.006101094190875374,-0.0063739755599048105,0.0,-0.0013470273975749306,0.8194932912581715,-0.5730871932786843,0.0,0.4651304916973477,0.2339747096379073,0.1693667449159671,1.0
2025-12-16 17:39:30.532,0.008719627760915189,-0.5730509280353079,-0.8194616213531856,0.0,-0.9999514484834763,-0.006101316831533394,-0.006373500602251128,0.0,-0.0013474804913792553,0.8194931875848214,-0.5730873404625111,0.0,0.4649440901619834,0.23423031039878184,0.1690466030432612,1.0
2025-12-16 17:39:30.582,0.008719301766981519,-0.5730513519269468,-0.8194613283935998,0.0,-0.9999514506775329,-0.006101527663418767,-0.006372954517187514,0.0,-0.0013479617148923113,0.8194928895924634,-0.5730877654483734,0.0,0.46476931833524715,0.23448017421063178,0.16868914714641298,1.0
2025-12-16 17:39:30.632,0.00871890194364443,-0.5730520425235431,-0.8194608497113822,0.0,-0.9999514534466637,-0.00610173978266951,-0.0063723169049987715,0.0,-0.0013484936116879712,0.8194924050860173,-0.5730884570215264,0.0,0.4646117967973585,0.23474553172486898,0.16828046915817796,1.0
2025-12-16 17:39:30.682,0.008718515331888525,-0.5730528250053938,-0.8194603066317204,0.0,-0.9999514561675089,-0.006101919274400536,-0.006371718045810288,0.0,-0.0013489755853130407,0.8194918565670086,-0.573089240245555,0.0,0.46447375208768865,0.2349791293959799,0.16790891561383917,1.0
2025-12-16 17:39:30.732,0.00871817951856109,-0.5730537319393653,-0.8194596759801281,0.0,-0.9999514585030869,-0.0061020936215136915,-0.006371184520312422,0.0,-0.0013494145760588364,0.8194912210566281,-0.5730901479622719,0.0,0.4643440476094529,0.23513934709866022,0.16752928988509694,1.0
2025-12-16 17:39:30.782,0.008717935701430483,-0.5730543266382124,-0.8194592626967729,0.0,-0.9999514602136906,-0.00610221057198688,-0.0063708040192006895,0.0,-0.0013497221551077247,0.8194908043164928,-0.5730907431557516,0.0,0.4641882677654679,0.23521304859380862,0.16727398287025397,1.0
2025-12-16 17:39:30.833,0.008717854869470354,-0.5730548599676538,-0.819458890594968,0.0,-0.9999514606631338,-0.006102323372074384,-0.006370625427377201,0.0,-0.001349911268314864,0.8194904305219507,-0.5730912772172644,0.0,0.46404477643966885,0.23513603704918987,0.16708342008563407,1.0
2025-12-16 17:39:30.882,0.008717906860831097,-0.5730555349937888,-0.8194584179896848,0.0,-0.9999514601342404,-0.006102404321567865,-0.0063706309032310355,0.0,-0.0013499672818398382,0.8194899578760568,-0.5730919529435365,0.0,0.4639838216619485,0.23496025189535671,0.16688638950485774,1.0
2025-12-16 17:39:30.932,0.008717967565609176,-0.5730563288701612,-0.8194578621775416,0.0,-0.9999514595918579,-0.006102453259439533,-0.006370669159335408,0.0,-0.0013499770123643479,0.8194894023559808,-0.5730927472829362,0.0,0.46401878680970016,0.23483902119092426,0.16664016969433532,1.0
2025-12-16 17:39:30.982,0.008718065602139098,-0.5730573360865936,-0.8194571567755706,0.0,-0.9999514587441385,-0.006102513024724563,-0.006370744969079116,0.0,-0.001349971822700133,0.8194886975654838,-0.5730937551033904,0.0,0.46413185486342795,0.23473191752662792,0.1663420546552078,1.0
2025-12-16 17:39:31.033,0.008718222108051227,-0.5730583686286564,-0.8194564330390884,0.0,-0.9999514574776387,-0.006102551254728728,-0.0063709071361980375,0.0,-0.001349899223227084,0.819487975223252,-0.5730947881778212,0.0,0.46428487923713657,0.23459639752849212,0.1660535725918225,1.0
2025-12-16 17:39:31.082,0.008718353036987257,-0.5730594472693458,-0.8194556773351948,0.0,-0.9999514564730149,-0.006102551564522536,-0.006371064519146467,0.0,-0.0013497978017098318,0.8194872209245313,-0.5730958670129137,0.0,0.4643666940617474,0.23442232349945552,0.1657285700993446,1.0
2025-12-16 17:39:31.132,0.008718460118619974,-0.5730604140578178,-0.8194550001032704,0.0,-0.9999514557353965,-0.006102501446928574,-0.006371228292904053,0.0,-0.0013496525852291117,0.8194865452181063,-0.5730968335668867,0.0,0.46435201558597605,0.2342212744013319,0.1654356708738401,1.0
2025-12-16 17:39:31.182,0.008718535618588697,-0.573061299243591,-0.819454380272095,0.0,-0.9999514552678068,-0.0061024358120653375,-0.006371364544864147,0.0,-0.0013495112947661237,0.8194859266908884,-0.5730977183472651,0.0,0.4643079646960672,0.23403571917645558,0.16515598903777326,1.0
2025-12-16 17:39:31.232,0.008718602100149634,-0.5730622196498643,-0.8194537359049615,0.0,-0.9999514547921446,-0.006102417921963828,-0.00637145633174866,0.0,-0.0013494342371232631,0.8194852831766943,-0.5730986387037162,0.0,0.4642403304004917,0.23383870853901484,0.1648738857167726,1.0
2025-12-16 17:39:31.282,0.008718667857180699,-0.573063072191582,-0.8194531390032929,0.0,-0.9999514543982021,-0.006102353288938625,-0.006371580060326227,0.0,-0.0013493012920737354,0.8194846874674325,-0.5730994908324625,0.0,0.4641498433799189,0.23362831492316907,0.16460856539682306,1.0
2025-12-16 17:39:31.333,0.008718684044367783,-0.573063771689413,-0.8194526496551507,0.0,-0.9999514543406938,-0.006102317212965704,-0.006371623637061194,0.0,-0.0013492393129990806,0.8194841985695774,-0.5731001900610869,0.0,0.4640901579686687,0.23351309792595273,0.16438041766966885,1.0
2025-12-16 17:39:31.382,0.00871868390904586,-0.5730642904318706,-0.8194522868867469,0.0,-0.9999514543733385,-0.00610230205793757,-0.006371633028294315,0.0,-0.0013492159929877387,0.8194838359195699,-0.5731007086740966,0.0,0.4640649995780131,0.23345959940892178,0.16420933263741064,1.0
2025-12-16 17:39:31.432,0.008718609110179042,-0.5730645155759327,-0.8194521302334346,0.0,-0.9999514549515383,-0.006102305869237876,-0.00637153863586742,0.0,-0.0013492708196906004,0.8194836784450761,-0.5731009337196916,0.0,0.4640151737758866,0.2334867999319975,0.1641140303671166,1.0
2025-12-16 17:39:31.482,0.008718448362534484,-0.5730647169986276,-0.8194519910834562,0.0,-0.9999514561379446,-0.006102345965341392,-0.006371314034908663,0.0,-0.001349430257968802,0.8194835372889565,-0.5731011351850194,0.0,0.46390243127730674,0.23356255395715908,0.16401172468681272,1.0
2025-12-16 17:39:31.532,0.008718289266070012,-0.5730650408403557,-0.8194517663048407,0.0,-0.9999514572484606,-0.006102425267840019,-0.00637106378392779,0.0,-0.0013496352216020282,0.8194833102314811,-0.5731014593741869,0.0,0.46377179090447845,0.23360528551808782,0.16388242069727577,1.0
2025-12-16 17:39:31.582,0.008718239513190977,-0.5730654021537981,-0.819451514157674,0.0,-0.9999514575375565,-0.006102487408413526,-0.006370958888156098,0.0,-0.001349742416330244,0.8194830570970958,-0.5731018210808682,0.0,0.46370418988106027,0.23357524504701146,0.16376619043267096,1.0
2025-12-16 17:39:31.632,0.00871828768664349,-0.5730658940772572,-0.8194511696290725,0.0,-0.9999514570780366,-0.006102542831435133,-0.0063709779241719715,0.0,-0.0013497716879567797,0.8194827126749057,-0.5731023135037654,0.0,0.4636963659844071,0.23347237921647349,0.16363033337640048,1.0
2025-12-16 17:39:31.682,0.00871833289618938,-0.5730666716633251,-0.819450625359111,0.0,-0.9999514566139084,-0.006102617261122469,-0.0063709794769328835,0.0,-0.0013498235151583329,0.8194821683421211,-0.5731030917258897,0.0,0.46373094660553266,0.23340040264487094,0.16341354723107607,1.0
2025-12-16 17:39:31.733,0.008718304684917539,-0.5730675983904219,-0.8194499775701157,0.0,-0.9999514566581686,-0.006102730746787465,-0.0063708638226683935,0.0,-0.0013499729342046163,0.8194815194203046,-0.5731040192684623,0.0,0.46375623390783016,0.2333934854745446,0.16315127010395383,1.0
2025-12-16 17:39:31.782,0.008718295674629922,-0.5730686537164107,-0.8194492396417232,0.0,-0.9999514565722375,-0.006102833633605282,-0.006370778752190592,0.0,-0.0013500947715828142,0.8194807806440206,-0.5731050753563208,0.0,0.4637829265590005,0.23335838162781591,0.16285790438391184,1.0
2025-12-16 17:39:31.832,0.008718333201936001,-0.5730699474688729,-0.8194483344759518,0.0,-0.9999514560652639,-0.006102974319580589,-0.006370723555562057,0.0,-0.001350227924276809,0.8194798748471666,-0.573106370235949,0.0,0.46386609096813064,0.2333148875203061,0.1625214672708848,1.0
2025-12-16 17:39:31.882,0.008718360006750362,-0.5730712836206839,-0.8194473997697124,0.0,-0.9999514556164705,-0.006103130604048351,-0.006370644279838641,0.0,-0.0013503872081427443,0.8194789392801379,-0.5731077076175893,0.0,0.4639388351450336,0.23327843789191258,0.16218333623927664,1.0
2025-12-16 17:39:31.932,0.008718330243421939,-0.5730725692867656,-0.8194465009688187,0.0,-0.999951455613384,-0.006103282878389024,-0.0063704988807127315,0.0,-0.0013505816407921667,0.8194780390457653,-0.5731089943901932,0.0,0.463950594880537,0.2332478493206125,0.16185472639586587,1.0
2025-12-16 17:39:31.982,0.008718180729437908,-0.5730735792957056,-0.8194457962178987,0.0,-0.9999514565838501,-0.006103407128297929,-0.006370227505397957,0.0,-0.0013508282440734905,0.8194773317923069,-0.5731100050964181,0.0,0.46385820730913957,0.2332442602683844,0.16157540665559572,1.0
2025-12-16 17:39:32.032,0.008718051328152773,-0.5730743910348776,-0.8194452299099996,0.0,-0.9999514574264573,-0.006103512507137303,-0.0063699942690213255,0.0,-0.0013510396347541733,0.8194767633337418,-0.573110817423611,0.0,0.4637453501871423,0.2332202959035801,0.16135165946054303,1.0
2025-12-16 17:39:32.082,0.00871800205165639,-0.57307523566712,-0.8194446397448153,0.0,-0.9999514576408478,-0.006103621367096478,-0.006369856306002016,0.0,-0.0013511989233376623,0.8194761718448459,-0.5731116628022727,0.0,0.46366647104670883,0.23315343360529375,0.16113075357823067,1.0
2025-12-16 17:39:32.132,0.008718012264519587,-0.5730760942104497,-0.8194440392167484,0.0,-0.9999514573999112,-0.006103726012826053,-0.006369793855557222,0.0,-0.0013513113314847084,0.819475570657532,-0.5731125221570348,0.0,0.4636606302688502,0.2330931362777789,0.16091804537948787,1.0
2025-12-16 17:39:32.182,0.008718054635618968,-0.5730769339590458,-0.8194434514892887,0.0,-0.9999514569156639,-0.00610382646372509,-0.0063697736184496695,0.0,-0.0013513963080186986,0.8194749826439346,-0.5731133627378984,0.0,0.4637107428610075,0.2330544090300352,0.16071966737718069,1.0
2025-12-16 17:39:32.233,0.008718064009715667,-0.5730776581038561,-0.8194429449591536,0.0,-0.9999514566973495,-0.006103920287053383,-0.006369717983231683,0.0,-0.001351497371718942,0.819474475524408,-0.5731140876115772,0.0,0.4637206642868488,0.23302211344672596,0.16054865194839538,1.0
2025-12-16 17:39:32.282,0.008717893946369772,-0.5730781689731675,-0.8194425894916066,0.0,-0.9999514578628668,-0.00610401907975842,-0.006369440337240948,0.0,-0.0013517320202035754,0.8194741175185545,-0.5731145989570777,0.0,0.46360846351415164,0.23305288167651547,0.16039382513261946,1.0
2025-12-16 17:39:32.332,0.00871760115805397,-0.5730786718747594,-0.8194422409014068,0.0,-0.9999514599774378,-0.006104120681737944,-0.00636901098300986,0.0,-0.001352056006144685,0.8194737650634223,-0.5731151021543014,0.0,0.46344861103219953,0.23314872569017658,0.1602234870246262,1.0
2025-12-16 17:39:32.382,0.008717412813663603,-0.5730790955518754,-0.8194419466054256,0.0,-0.9999514613172082,-0.006104199172433827,-0.006368725402379493,0.0,-0.0013522794944832042,0.8194734681847827,-0.5731155261213683,0.0,0.4633132966940162,0.23318978658460704,0.16009449127680922,1.0
2025-12-16 17:39:32.432,0.008717420756962094,-0.5730797117596412,-0.8194415155738942,0.0,-0.9999514611067868,-0.00610429406113948,-0.006368667492149304,0.0,-0.0013523838838555243,0.8194730365391953,-0.5731161430661862,0.0,0.4632213167248182,0.23306443706491634,0.15993756372337456,1.0
2025-12-16 17:39:32.482,0.00871747633744708,-0.573080414944011,-0.8194410232073536,0.0,-0.9999514605831938,-0.006104355044230556,-0.006368691250152246,0.0,-0.0013524127573142095,0.8194725443191067,-0.5731168468008105,0.0,0.46314633879270295,0.23289672241730563,0.1597571669644705,1.0
2025-12-16 17:39:32.532,0.008717476820304212,-0.5730812603439178,-0.8194404319666697,0.0,-0.9999514605064461,-0.006104405843854055,-0.006368654608880589,0.0,-0.0013524663908041801,0.8194719527164965,-0.5731176925777757,0.0,0.46301510668012236,0.2327315731103728,0.1595300706878578,1.0
2025-12-16 17:39:32.582,0.008717516164806038,-0.5730823026285512,-0.8194397026182477,0.0,-0.9999514601902536,-0.006104420250606819,-0.006368690445587381,0.0,-0.0013524465683157007,0.8194712236933189,-0.5731187350164488,0.0,0.4628645793651145,0.2324963140498304,0.1592496095262363,1.0
2025-12-16 17:39:32.632,0.008717514262764601,-0.573083464262673,-0.8194388902383021,0.0,-0.9999514602359257,-0.006104410562177867,-0.006368692560962872,0.0,-0.0013524250593427891,0.8194704113809195,-0.5731198965466522,0.0,0.46269054679779054,0.2322730067846146,0.1589135230227459,1.0
2025-12-16 17:39:32.682,0.008717566440053772,-0.5730846596211434,-0.8194380536950244,0.0,-0.9999514598442957,-0.006104411433130947,-0.006368753215871785,0.0,-0.001352378292262362,0.8194695754022998,-0.5731210919717828,0.0,0.4625934270473376,0.2320655458215842,0.1585769217329593,1.0
2025-12-16 17:39:32.732,0.008717708026709953,-0.573085753343196,-0.8194372872789174,0.0,-0.999951458732684,-0.006104426703879609,-0.006368913110023797,0.0,-0.0013522875267101314,0.8194688103934107,-0.5731221860221898,0.0,0.4626110950832862,0.23188211015482244,0.15828748794076042,1.0
2025-12-16 17:39:32.782,0.008717888039218228,-0.5730869250577472,-0.8194364659064177,0.0,-0.9999514572156493,-0.006104507260716779,-0.006369074078060793,0.0,-0.0013522488119409892,0.819467990351665,-0.573123358634207,0.0,0.4626372615868973,0.23167400955905218,0.15800454173667208,1.0
2025-12-16 17:39:32.832,0.008718033668425692,-0.5730880006185085,-0.8194357121441831,0.0,-0.9999514559878487,-0.006104573727734071,-0.006369203136364728,0.0,-0.001352217863354175,0.8194672376580827,-0.5731244349282982,0.0,0.4626331359796419,0.23148787976522905,0.15774668863682614,1.0
2025-12-16 17:39:32.882,0.00871812948341822,-0.57308913817504,-0.8194349155517529,0.0,-0.9999514551290335,-0.006104651699409748,-0.0063692632357015555,0.0,-0.0013522352059385536,0.8194664415194698,-0.5731255732240231,0.0,0.4626207645481477,0.23136469203953444,0.15747118024942017,1.0
2025-12-16 17:39:32.932,0.008718262301151454,-0.5730904683563898,-0.8194339838466003,0.0,-0.999951453958979,-0.006104745477998433,-0.006369357046127373,0.0,-0.0013522441296012443,0.8194655105466552,-0.5731269043242724,0.0,0.46261586893019274,0.2312043550152521,0.1571504015517748,1.0
2025-12-16 17:39:32.982,0.008718484841522595,-0.5730918638102726,-0.8194330055335484,0.0,-0.999951452023933,-0.006104880703225181,-0.006369531225777206,0.0,-0.0013522402561043372,0.8194645336126685,-0.5731283011658572,0.0,0.4626919826069304,0.2310428993835619,0.1568479438139549,1.0
2025-12-16 17:39:33.032,0.008718783648825272,-0.5730937789897781,-0.8194316629201661,0.0,-0.9999514493738144,-0.006105094005903325,-0.006369742820149077,0.0,-0.0013522733850022328,0.8194631926151663,-0.5731302184544548,0.0,0.462788284564733,0.23082865619098797,0.15643513124522124,1.0
2025-12-16 17:39:33.083,0.008719056662559493,-0.5730958076575626,-0.8194302412026598,0.0,-0.9999514468680298,-0.006105342177162946,-0.0063698983226967345,0.0,-0.0013523660261516284,0.8194617719808809,-0.5731322494573885,0.0,0.46282532660061476,0.2305772907253072,0.15598795799374704,1.0
2025-12-16 17:39:33.132,0.008719288068923595,-0.5730980619923618,-0.8194286620916909,0.0,-0.9999514446693675,-0.006105601942941135,-0.006369994487242106,0.0,-0.0013524997756400503,0.8194601934270648,-0.5731345061439195,0.0,0.462775910915749,0.23028784832724314,0.1554818063823879,1.0
2025-12-16 17:39:33.186,0.008719430529411511,-0.5730998876517946,-0.8194273837296087,0.0,-0.9999514432422735,-0.0061058097939360595,-0.006370019282795011,0.0,-0.0013526364521292567,0.8194589150567173,-0.5731363336141729,0.0,0.4626659996705973,0.2300125017347117,0.15505353757636314,1.0
2025-12-16 17:39:33.232,0.00871952619916841,-0.5731011385327758,-0.8194265078556506,0.0,-0.9999514422564092,-0.006105966212703032,-0.0063700241086511325,0.0,-0.0013527485462120187,0.8194580390520768,-0.5731375858415636,0.0,0.4625898314370038,0.22981703924842753,0.1547550189039286,1.0
2025-12-16 17:39:33.282,0.008719577660114098,-0.5731019226366892,-0.8194259589107291,0.0,-0.9999514416693072,-0.006106085618317616,-0.006370001813556538,0.0,-0.0013528508230029775,0.8194574897755523,-0.5731383709414345,0.0,0.462533036530515,0.22968832500981176,0.1545674356127727,1.0
2025-12-16 17:39:33.332,0.008719569470440964,-0.5731021896963978,-0.8194257722177478,0.0,-0.99995144167018,-0.006106125727842287,-0.006369963228513235,0.0,-0.0013529029628238395,0.8194573027001372,-0.5731386382935536,0.0,0.462493051134915,0.2296556354296595,0.15449993711794557,1.0
2025-12-16 17:39:33.382,0.008719568469718591,-0.5731021913802359,-0.8194257710507288,0.0,-0.999951441675401,-0.006106127290453986,-0.00636996091102142,0.0,-0.001352905553625698,0.8194573015108482,-0.5731386399878494,0.0,0.4624945069669178,0.22966162593922107,0.15450047310937798,1.0
2025-12-16 17:39:33.432,0.008719572389582401,-0.5731022141768549,-0.8194257550651785,0.0,-0.9999514416390201,-0.006106131047033296,-0.006369963021133875,0.0,-0.0013529071797612389,0.8194572855393232,-0.5731386628196419,0.0,0.4624947451347495,0.22965690783109893,0.154495683775377,1.0
2025-12-16 17:39:33.482,0.008719549178385385,-0.573102353669031,-0.8194256577520325,0.0,-0.9999514417783029,-0.006106157057324586,-0.006369916223366762,0.0,-0.0013529538313030824,0.8194571877872429,-0.573138802472624,0.0,0.4624642548384701,0.22966013342621064,0.15445945520648705,1.0
2025-12-16 17:39:33.532,0.008719482204366144,-0.5731026960590824,-0.8194254189986465,0.0,-0.9999514421766057,-0.006106233803928201,-0.006369780126993299,0.0,-0.0013530910804003954,0.8194569477538998,-0.573139145341156,0.0,0.46239951161121606,0.22970688182901475,0.1543814800753321,1.0
2025-12-16 17:39:33.582,0.008719311878997585,-0.5731033194316071,-0.8194249848265784,0.0,-0.9999514432137248,-0.006106412359763722,-0.006369446136842018,0.0,-0.001353422188850285,0.8194565104472362,-0.5731397698066478,0.0,0.4622638758251035,0.2298316996505908,0.154251534795084,1.0
2025-12-16 17:39:33.632,0.008719070003941108,-0.5731045209723676,-0.81942414704505,0.0,-0.9999514445223149,-0.006106767613901402,-0.006368900081962994,0.0,-0.0013540134815846114,0.8194556674607473,-0.5731409736826996,0.0,0.46208602312913766,0.23000474861106412,0.15401962253678736,1.0
2025-12-16 17:39:33.682,0.008718832451985705,-0.5731063121310035,-0.8194228968350125,0.0,-0.9999514455267712,-0.006107290848148562,-0.006368240622431319,0.0,-0.0013548011448396152,0.8194544108476332,-0.5731427684758976,0.0,0.46193435291312107,0.23025503605803452,0.15369181249397632,1.0
2025-12-16 17:39:33.732,0.00871861819881957,-0.5731088094500939,-0.8194211524781427,0.0,-0.9999514459399818,-0.00610806709570808,-0.006367431201240638,0.0,-0.0013558745687676018,0.8194526584588644,-0.5731452714180355,0.0,0.46181359416607987,0.23059830254114103,0.15325692374552413,1.0
2025-12-16 17:39:33.782,0.008718474455684445,-0.5731112753255373,-0.8194194293517271,0.0,-0.9999514456538083,-0.006108933884163264,-0.006366644553147281,0.0,-0.0013570094645471104,0.819450927374643,-0.5731477437364215,0.0,0.4617191104228072,0.23092972174815488,0.15282290351760244,1.0
2025-12-16 17:39:33.832,0.00871851763687759,-0.573113201284647,-0.8194180818511922,0.0,-0.9999514441385837,-0.006109661025886108,-0.006366184769377967,0.0,-0.001357848328232885,0.8194495749381805,-0.5731496753742017,0.0,0.461694037215765,0.2310775111269097,0.15247194922242926,1.0
2025-12-16 17:39:33.882,0.00871863855041272,-0.5731143792628669,-0.8194172566679168,0.0,-0.9999514424572294,-0.006110117874286929,-0.006366010405023058,0.0,-0.0013583100764880444,0.8194487476508517,-0.5731508570762036,0.0,0.4617244445688603,0.23104086546959907,0.15225327418324777,1.0
2025-12-16 17:39:33.933,0.00871868551574352,-0.5731150206925749,-0.8194168075409701,0.0,-0.9999514415835816,-0.006110429759069983,-0.006365848276929516,0.0,-0.0013586517371783086,0.8194482967065879,-0.5731515009926511,0.0,0.46169973986799134,0.23085960289198476,0.1521092836336611,1.0
2025-12-16 17:39:33.982,0.008718698115147932,-0.5731156063567557,-0.8194163977824178,0.0,-0.9999514410230618,-0.0061107133081546045,-0.00636566414258747,0.0,-0.001358983386547971,0.8194478849755007,-0.5731520888676352,0.0,0.46164221259098065,0.23073720826629351,0.1519722659859979,1.0
2025-12-16 17:39:34.032,0.008718731404456274,-0.573116744226765,-0.8194156015788436,0.0,-0.9999514399582684,-0.006111208166761202,-0.006365356340078536,0.0,-0.0013595531904829646,0.8194470854509491,-0.5731532306120827,0.0,0.4615386948022701,0.23055615017512374,0.15171433278895294,1.0
2025-12-16 17:39:34.082,0.008718750850382505,-0.5731179173435503,-0.8194147808677904,0.0,-0.9999514389612706,-0.006111727042474839,-0.006365014772257349,0.0,-0.001360161652422881,0.8194462610926587,-0.5731544077659542,0.0,0.46141772379039786,0.23035698024148335,0.15143457037376615,1.0
2025-12-16 17:39:34.132,0.008718812633548836,-0.5731193190622718,-0.819413799813664,0.0,-0.9999514374808776,-0.006112340534072654,-0.006364658225752459,0.0,-0.0013608537950247788,0.819445276138744,-0.5731558143217654,0.0,0.4613132593667458,0.23016070781234382,0.15112807609425385,1.0
2025-12-16 17:39:34.182,0.008718863501126871,-0.5731205066791987,-0.8194129686209728,0.0,-0.9999514361885498,-0.006112889907428712,-0.006364333637092137,0.0,-0.0013614773597917045,0.8194444414051071,-0.5731570062641392,0.0,0.46122605899952873,0.22999446400160606,0.15086842753557522,1.0
2025-12-16 17:39:34.232,0.008718863145448447,-0.5731213162979654,-0.8194124023539959,0.0,-0.9999514355524283,-0.006113280660064737,-0.006364058250644299,0.0,-0.0013619467720175909,0.8194438722301055,-0.5731578188994031,0.0,0.4611301187879206,0.2298739598414506,0.15067776061743798,1.0
2025-12-16 17:39:34.282,0.008718869422725352,-0.5731221225833001,-0.8194118383467562,0.0,-0.999951434867355,-0.006113669712758613,-0.006363792153218938,0.0,-0.0013624095024492827,0.8194433053978666,-0.5731586281990062,0.0,0.4610390138685533,0.22977306435617345,0.15049586700987017,1.0
2025-12-16 17:39:34.333,0.008718859626312869,-0.5731227101789893,-0.8194114274679816,0.0,-0.9999514344566615,-0.006113967015099155,-0.006363571058109206,0.0,-0.0013627735857088873,0.8194428922045244,-0.5731592180743833,0.0,0.4609604180511858,0.22968168300728362,0.15035309578863587,1.0
2025-12-16 17:39:34.382,0.008718856200791311,-0.573123358799048,-0.8194109738383151,0.0,-0.9999514339422801,-0.006114297300615264,-0.006363334542944611,0.0,-0.0013631728843220517,0.8194424360826769,-0.573159869239443,0.0,0.4608700289135609,0.22963709353654338,0.15020683613632052,1.0
2025-12-16 17:39:34.433,0.008718852190157843,-0.5731238769520773,-0.8194106114672391,0.0,-0.9999514335155366,-0.006114576540275354,-0.006363133282029808,0.0,-0.001363511537392938,0.8194420715922189,-0.5731603895428751,0.0,0.4607955946396608,0.2296059902565486,0.15009108010935118,1.0
2025-12-16 17:39:34.482,0.008718836193983334,-0.5731241699990867,-0.8194104066702406,0.0,-0.9999514333552859,-0.006114749761197819,-0.006362992006547871,0.0,-0.0013637313321004307,0.8194418653363409,-0.573160683901951,0.0,0.4607371852004904,0.2295946263809567,0.1500231072751508,1.0
2025-12-16 17:39:34.532,0.00871883589516801,-0.5731246386829925,-0.8194100788593772,0.0,-0.9999514329524323,-0.006114996835835229,-0.006362817872856025,0.0,-0.0013640286068678522,0.8194415356848044,-0.5731611544936457,0.0,0.46065761657596827,0.22963952488028513,0.14993792769144937,1.0
2025-12-16 17:39:34.582,0.008718834044851685,-0.5731248617714507,-0.8194099228429943,0.0,-0.9999514327576374,-0.006115124215661149,-0.006362726065386483,0.0,-0.0013641832297705422,0.8194413787011325,-0.5731613785632302,0.0,0.4606159483476276,0.22966686914775722,0.14989839165422408,1.0
2025-12-16 17:39:34.632,0.008718822808852281,-0.5731247257762389,-0.8194100180824904,0.0,-0.9999514329625682,-0.00611505246766309,-0.006362762814424157,0.0,-0.0013641048231520223,0.8194414743546835,-0.5731612419951768,0.0,0.4606269041413087,0.2296592486660182,0.14992176124911993,1.0
2025-12-16 17:39:34.682,0.008718837500299887,-0.573124867637063,-0.8194099187036061,0.0,-0.9999514327315574,-0.006115123809649507,-0.0063627305542473265,0.0,-0.0013641802617113722,0.81944137460162,-0.5731613844313143,0.0,0.4606177465165229,0.2296700337786361,0.14989862604797727,1.0
2025-12-16 17:39:34.732,0.008718834265439943,-0.5731248870590231,-0.8194099051536062,0.0,-0.9999514327326394,-0.006115138399131039,-0.006362716362521292,0.0,-0.001364200144054713,0.819441360908583,-0.5731614039607484,0.0,0.46061064501911203,0.22967255923423197,0.1498943647332241,1.0
2025-12-16 17:39:34.782,0.008718825748165458,-0.5731248355041315,-0.8194099413035844,0.0,-0.9999514328376079,-0.0061151146731381195,-0.006362722668599662,0.0,-0.0013641776372279985,0.819441397144304,-0.5731613522085774,0.0,0.46060811045927275,0.22967507716230962,0.14990297714603437,1.0
2025-12-16 17:39:34.833,0.008718834146081818,-0.5731249644347098,-0.8194098510355206,0.0,-0.9999514326642751,-0.006115180620460997,-0.006362686527791432,0.0,-0.0013642510173771905,0.8194413064751758,-0.5731614816623832,0.0,0.46059404567699425,0.2296907381361609,0.14988253277786837,1.0
2025-12-16 17:39:34.883,0.00871882863185837,-0.573125226687046,-0.8194096676653375,0.0,-0.9999514324684485,-0.006115325989646787,-0.0063625775866749485,0.0,-0.0013644297846661078,0.8194411219649599,-0.5731617450285482,0.0,0.4605407689502617,0.22973888965888353,0.14984171308060557,1.0
2025-12-16 17:39:34.932,0.00871883534017739,-0.5731254895607765,-0.8194094837303506,0.0,-0.9999514321865737,-0.0061154660262168065,-0.0063624872896358535,0.0,-0.0013645934892693693,0.8194409370597724,-0.5731620089950233,0.0,0.46050117069116553,0.2297781577190881,0.14980133147571129,1.0
2025-12-16 17:39:34.982,0.008718827837330167,-0.5731254375154838,-0.8194095202125959,0.0,-0.9999514322825229,-0.006115442987987476,-0.006362494353640059,0.0,-0.0013645711167770823,0.8194409736334249,-0.573161956759494,0.0,0.4605025661701,0.2297731783934353,0.14980875279363343,1.0
2025-12-16 17:39:35.032,0.008718831858140997,-0.5731254975519572,-0.8194094781780715,0.0,-0.9999514321958631,-0.006115476745730191,-0.006362475526340049,0.0,-0.00136460893028367,0.8194409313905487,-0.5731620170634627,0.0,0.46049871800034925,0.2297707536008499,0.14979726521528017,1.0
2025-12-16 17:39:35.082,0.008718830332951939,-0.573125615554879,-0.8194093956586503,0.0,-0.9999514320821185,-0.006115553073819727,-0.006362420037219858,0.0,-0.0013647020228296505,0.8194408482868282,-0.5731621356539109,0.0,0.4604829334973764,0.22976118726545242,0.14977148690085737,1.0
2025-12-16 17:39:35.132,0.008718829956774901,-0.573125739969059,-0.8194093086427024,0.0,-0.9999514319560165,-0.006115631509381055,-0.006362364463129798,0.0,-0.001364796822699275,0.8194407606831562,-0.5731622606737493,0.0,0.46046743035169324,0.22975198313346626,0.14974492026151373,1.0
2025-12-16 17:39:35.182,0.008718834167509773,-0.5731261416168845,-0.8194090276701317,0.0,-0.9999514315437174,-0.006115862524414365,-0.006362207200401312,0.0,-0.0013650719814270566,0.8194404780365909,-0.5731626641134686,0.0,0.4604113387005688,0.2297675981437092,0.14967241219144503,1.0
2025-12-16 17:39:35.232,0.00871882498349442,-0.5731264138386585,-0.8194088373654231,0.0,-0.9999514313155347,-0.006116044404381193,-0.00636206822229964,0.0,-0.0013652977760388772,0.819440286280302,-0.5731629377261229,0.0,0.460362387827492,0.2297702851097055,0.14961887676831284,1.0
2025-12-16 17:39:35.282,0.008718829864656273,-0.573126597129122,-0.8194087091129753,0.0,-0.9999514310690346,-0.006116171021782798,-0.0063619852428461274,0.0,-0.0013654471375437768,0.8194401571371831,-0.5731631220037654,0.0,0.46035613553570176,0.22972765588378438,0.14957601685364333,1.0
2025-12-16 17:39:35.332,0.008718845714403376,-0.5731267783126184,-0.8194085822174525,0.0,-0.9999514307895823,-0.006116266280874237,-0.006361937586721779,0.0,-0.0013655505798519808,0.8194400297017136,-0.5731633039492922,0.0,0.4603448089957986,0.2297347305201436,0.14954664939572068,1.0
2025-12-16 17:39:35.382,0.008718855583121838,-0.573126807427458,-0.819408561748374,0.0,-0.9999514307005637,-0.006116273946145107,-0.006361944209107843,0.0,-0.0013655527549943096,0.8194400092808172,-0.573163333139453,0.0,0.4603511076280157,0.22973504718273016,0.14954351698009127,1.0
2025-12-16 17:39:35.432,0.00871890313468203,-0.5731268979238888,-0.8194084979456074,0.0,-0.9999514303242811,-0.006116278901731713,-0.006361998587600147,0.0,-0.0013655246833587707,0.8194399459482424,-0.5731634237516212,0.0,0.46038845214083984,0.2297362282604601,0.14953801531759325,1.0
2025-12-16 17:39:35.482,0.008718942042738253,-0.5731270507744051,-0.8194083906218533,0.0,-0.9999514299345312,-0.006116332693023792,-0.006362008132829168,0.0,-0.0013655616616208104,0.8194398386390281,-0.5731635770812652,0.0,0.4604062928400822,0.2297409302373593,0.1495189118587304,1.0
2025-12-16 17:39:35.533,0.0087190518913776,-0.5731274695835922,-0.8194080965209171,0.0,-0.9999514288461417,-0.006116477261312359,-0.006362040213611832,0.0,-0.00136565727422364,0.8194395446334526,-0.5731639971867821,0.0,0.4604647892050471,0.22973607681943256,0.14946551400793304,1.0
2025-12-16 17:39:35.582,0.008719361705374497,-0.5731285751509168,-0.8194073199442015,0.0,-0.9999514258667159,-0.006116830205811663,-0.006362169171243268,0.0,-0.0013658607905668004,0.8194387687336316,-0.5731651059865827,0.0,0.46063976371408644,0.2297158287029472,0.14933290708184102,1.0
2025-12-16 17:39:35.632,0.008719787403451949,-0.5731300211220076,-0.8194063040381944,0.0,-0.9999514218793717,-0.006117250571846668,-0.006362391694357276,0.0,-0.0013660622967113871,0.8194377542389014,-0.5731665558995108,0.0,0.46088136205021846,0.22970790648606365,0.14917357539037765,1.0
2025-12-16 17:39:35.683,0.008720162671950391,-0.5731314232380724,-0.819405319339144,0.0,-0.9999514182234037,-0.006117706571587949,-0.006362527840108665,0.0,-0.0013663429768581432,0.8194367701478377,-0.5731679621511913,0.0,0.4610785379834609,0.22967426112711245,0.14901117798041555,1.0
2025-12-16 17:39:35.732,0.00872045630103975,-0.5731327187204373,-0.8194044100901766,0.0,-0.9999514150985176,-0.006118223272404909,-0.006362522115427171,0.0,-0.0013667558476766768,0.8194358601832799,-0.5731692621068765,0.0,0.46119607702329063,0.22963179589057697,0.14884008441231567,1.0
2025-12-16 17:39:35.782,0.008720665371542737,-0.5731338611783212,-0.8194036087713521,0.0,-0.9999514125941078,-0.006118760267456192,-0.006362399315204547,0.0,-0.0013672540823567619,0.8194350570951187,-0.5731704090580687,0.0,0.46123406230806296,0.22961322884160373,0.14866776478234592,1.0
2025-12-16 17:39:35.832,0.008720808715797513,-0.5731348174586592,-0.8194029383723128,0.0,-0.9999514107319835,-0.0061192165857687705,-0.006362253115136123,0.0,-0.0013677016056403838,0.8194343848269096,-0.5731713690997329,0.0,0.4612466135854738,0.22957756900351275,0.1485202045520305,1.0
2025-12-16 17:39:35.882,0.008720992528013258,-0.5731357174559207,-0.8194023069084085,0.0,-0.9999514087314272,-0.006119567048794028,-0.006362230456199773,0.0,-0.0013679921780170821,0.8194337527141086,-0.5731722721052319,0.0,0.4613091146068912,0.2295420736369476,0.14840240827991907,1.0
2025-12-16 17:39:35.932,0.008721261203340934,-0.5731368027442263,-0.8194015449365206,0.0,-0.9999514060362479,-0.006119940261511626,-0.006362295068195905,0.0,-0.0013682493947414734,0.8194329908290158,-0.573173360716117,0.0,0.4614254753371422,0.22950772938499264,0.1482762970998266,1.0
2025-12-16 17:39:35.982,0.008721539651608459,-0.5731377788724915,-0.8194008592114245,0.0,-0.9999514033947775,-0.006120234943720247,-0.006362426758479219,0.0,-0.0013684049769027724,0.8194323058797431,-0.5731743395760371,0.0,0.461556323524052,0.229517123750747,0.14817550954824044,1.0
2025-12-16 17:39:36.033,0.008721628787921888,-0.5731381483996796,-0.8194005997932152,0.0,-0.9999514024841087,-0.006120368680159741,-0.0063624412367695735,0.0,-0.001368502325645076,0.8194320464163403,-0.5731747102824002,0.0,0.46158720703191697,0.22953013329541516,0.1481313326891106,1.0
2025-12-16 17:39:36.082,0.008721626042967955,-0.5731383044084424,-0.819400490700482,0.0,-0.99995140233752,-0.00612047042364583,-0.006362366401663163,0.0,-0.0013686269272882088,0.8194319365365296,-0.5731748670731532,0.0,0.46155955498920587,0.22954347896082664,0.14810097999359872,1.0
2025-12-16 17:39:36.132,0.008721650116856513,-0.573138935542684,-0.8194000489903859,0.0,-0.9999514015368196,-0.00612084275066753,-0.006362134058627409,0.0,-0.001369058466235775,0.8194314923100053,-0.5731755011246675,0.0,0.46149045771023905,0.2295785634273662,0.1479926273919506,1.0
2025-12-16 17:39:36.182,0.008721765950727678,-0.5731404084592813,-0.8193990175067561,0.0,-0.9999513993014882,-0.006121653559452239,-0.006361705266819736,0.0,-0.0013699529328484515,0.8194304560220528,-0.5731769804976927,0.0,0.46140639408954837,0.2296297424554935,0.14776336985807098,1.0
2025-12-16 17:39:36.232,0.008721941387889533,-0.5731416807535666,-0.8193981257133868,0.0,-0.9999513969006839,-0.00612228462027708,-0.006361475348324154,0.0,-0.001370588257799158,0.8194295613983305,-0.5731782579567786,0.0,0.4614040312231402,0.22965072706015136,0.14757936051333126,1.0
2025-12-16 17:39:36.282,0.00872205019644919,-0.5731423207121892,-0.8193976769250845,0.0,-0.9999513955535945,-0.006122589894711304,-0.006361393291429478,0.0,-0.0013708786161400295,0.8194291114958552,-0.5731789004533691,0.0,0.46142913348720643,0.22962580757436116,0.14748978619605688,1.0
2025-12-16 17:39:36.333,0.008722046823366296,-0.573142354649122,-0.8193976532231951,0.0,-0.9999513955306157,-0.006122619546105682,-0.00636136836507765,0.0,-0.001370916838503678,0.8194290875369615,-0.5731789346141087,0.0,0.46141951876129744,0.22963085165327646,0.14748242343865767,1.0
2025-12-16 17:39:36.385,0.008722038635450883,-0.5731424026736512,-0.8193976197187322,0.0,-0.9999513955192897,-0.006122664682791606,-0.00636132670243924,0.0,-0.001370977192546668,0.819429053608724,-0.5731789829742961,0.0,0.46139940297693316,0.22965209892279573,0.14747168116815626,1.0
2025-12-16 17:39:36.432,0.008722043499070404,-0.5731426171563404,-0.8193974696431451,0.0,-0.9999513952479602,-0.006122805944435714,-0.006361233389266544,0.0,-0.001371144143693732,0.8194289025322533,-0.573179198557069,0.0,0.46137272694136044,0.22966328294879643,0.14743405576884214,1.0
2025-12-16 17:39:36.482,0.008722037685849969,-0.5731429224330628,-0.8193972561735262,0.0,-0.9999513949246177,-0.006123028500082185,-0.006361069997003938,0.0,-0.0013714169085808988,0.8194286873418283,-0.5731795055450877,0.0,0.46132945293190747,0.2296470805588075,0.1473755255693995,1.0
2025-12-16 17:39:36.532,0.008722050361276778,-0.5731433250841633,-0.819396974396521,0.0,-0.9999513943829457,-0.006123296453289641,-0.006360897213174437,0.0,-0.0013717312179576911,0.8194284037028133,-0.5731799102886675,0.0,0.4612947326022588,0.22961852783758976,0.1473030831576915,1.0
2025-12-16 17:39:36.582,0.008722040270427852,-0.5731437090874557,-0.8193967059051456,0.0,-0.9999513939958867,-0.006123577409314288,-0.006360687588909347,0.0,-0.0013720774972369278,0.8194281330095833,-0.5731802964476103,0.0,0.46122549066288043,0.2296369317961835,0.14723280760044125,1.0
2025-12-16 17:39:36.635,0.00872204562920768,-0.573144334232797,-0.8193962685771115,0.0,-0.99995139325371,-0.006124000582380235,-0.006360396846045328,0.0,-0.001372584236683334,0.8194276925844031,-0.5731809248730404,0.0,0.461110590258687,0.22973197213234636,0.1471315505998082,1.0
2025-12-16 17:39:36.682,0.008722033843890935,-0.573144822287021,-0.8193959273223254,0.0,-0.9999513928031128,-0.006124327940874577,-0.006360152482091351,0.0,-0.0013729873425334092,0.8194273487640572,-0.5731814154377877,0.0,0.46100444817899205,0.22982403540607438,0.14705268002473876,1.0
2025-12-16 17:39:36.732,0.008722038659801673,-0.5731454107029798,-0.8193955156900348,0.0,-0.9999513921538579,-0.006124697628717082,-0.006359898562609561,0.0,-0.0013734295410065564,0.8194269344277352,-0.5731820067183374,0.0,0.4608979506368589,0.22993291664035337,0.14696260805106126,1.0
2025-12-16 17:39:36.782,0.008722036978624304,-0.5731460225867735,-0.8193950877111198,0.0,-0.9999513915352715,-0.00612507916583778,-0.006359628377105429,0.0,-0.0013738905225112983,0.8194265035872015,-0.57318262154717,0.0,0.4607797504611577,0.23004863271556167,0.14687083330684128,1.0
2025-12-16 17:39:36.832,0.00872203778064197,-0.5731467866764504,-0.8193945532407577,0.0,-0.9999513907932381,-0.006125523867212318,-0.006359316726590889,0.0,-0.0013744254071848508,0.8194259658113204,-0.5731833890728035,0.0,0.4606488392680508,0.23018433484498663,0.1467598903109153,1.0
2025-12-16 17:39:36.882,0.008722038869290483,-0.5731474888810419,-0.819394062053495,0.0,-0.9999513900978065,-0.006125938818421682,-0.006359026361453656,0.0,-0.0013749243730769647,0.8194254715429321,-0.5731840944841472,0.0,0.46052959774642577,0.23029919989459857,0.14665622189668973,1.0
2025-12-16 17:39:36.932,0.008722031133663802,-0.5731480390217325,-0.8193936773246753,0.0,-0.9999513895147599,-0.006126326282819028,-0.006358744764915492,0.0,-0.0013753974093811024,0.8194250838423203,-0.5731846476066614,0.0,0.4604366178338396,0.2303214132008421,0.14655907685498015,1.0
2025-12-16 17:39:36.982,0.008722033057354117,-0.5731486130019731,-0.8193932758172168,0.0,-0.9999513887925807,-0.006126752019755912,-0.0063584481350174955,0.0,-0.0013759101686917144,0.8194246791798556,-0.5731852248812754,0.0,0.4603825466966727,0.23025287435177938,0.14644343542679886,1.0
2025-12-16 17:39:37.032,0.00872203367187957,-0.5731489103960148,-0.819393067789627,0.0,-0.999951388394877,-0.006126988316103799,-0.0063582829868126,0.0,-0.0013761952827861207,0.8194244693959429,-0.5731855241034277,0.0,0.4603800237559918,0.2301572594641473,0.1463725869168529,1.0
2025-12-16 17:39:37.082,0.008722038256559855,-0.5731491818932185,-0.8193928778339447,0.0,-0.9999513880396674,-0.006127180725862628,-0.006358153435033723,0.0,-0.0013764243087653323,0.8194242780539497,-0.573185797095397,0.0,0.4603493845060643,0.2301392873888684,0.14631963818548321,1.0
2025-12-16 17:39:37.132,0.00872203852345789,-0.5731497377292346,-0.8193924890344756,0.0,-0.999951387407205,-0.006127560266092832,-0.006357887133256879,0.0,-0.0013768820244500239,0.8194238864266087,-0.573186355864655,0.0,0.4602681871413495,0.23013874766607162,0.14621972449334747,1.0
2025-12-16 17:39:37.182,0.008722061798211785,-0.5731507839370318,-0.8193917569829235,0.0,-0.9999513860514132,-0.006128267569649473,-0.00635741863185002,0.0,-0.0013777189838555905,0.8194231493472081,-0.5731874075765316,0.0,0.460142779073535,0.23013960172132325,0.14604189610751134,1.0
2025-12-16 17:39:37.232,0.008722096431481384,-0.5731522444772753,-0.8193907349889369,0.0,-0.9999513841328058,-0.006129259797683043,-0.006356763832878254,0.0,-0.001378891780075144,0.8194221203199614,-0.5731888758409376,0.0,0.4599874217133132,0.23011099892050324,0.14579281018063495,1.0
2025-12-16 17:39:37.282,0.008722117437183886,-0.5731535174765432,-0.8193898443188603,0.0,-0.9999513825079858,-0.006130138074641511,-0.006356172493132185,0.0,-0.0013799368285674055,0.8194212233203483,-0.5731901556608707,0.0,0.45985217994382616,0.23006276987400637,0.14557086899158891,1.0
2025-12-16 17:39:37.332,0.008722138929129923,-0.5731547091548205,-0.8193890105239162,0.0,-0.9999513808896986,-0.006131008956157513,-0.0063555870832017,0.0,-0.0013809732839336504,0.8194203832543405,-0.5731913541044549,0.0,0.45974682160024993,0.22995333712281063,0.14534944678415598,1.0
2025-12-16 17:39:37.383,0.008722141357303986,-0.573155588698917,-0.8193883952647545,0.0,-0.9999513797447094,-0.00613168380195584,-0.006355116176201399,0.0,-0.0013817868012125376,0.8194197629830741,-0.5731922388675537,0.0,0.45967062850651297,0.22983418600006503,0.14517286039804367,1.0
2025-12-16 17:39:37.432,0.00872213708373712,-0.5731563514708075,-0.8193878617569171,0.0,-0.9999513787836436,-0.006132279144779735,-0.006354692942162597,0.0,-0.0013825090922745067,0.8194192249846679,-0.5731930062327487,0.0,0.45959734135995567,0.22973270875935922,0.14501692651313633,1.0
2025-12-16 17:39:37.482,0.008722165096190998,-0.573157411598064,-0.8193871199057565,0.0,-0.9999513773060976,-0.006133034114035436,-0.006354196833827606,0.0,-0.0013834007836740884,0.8194184777953808,-0.5731940722388646,0.0,0.4595005605502915,0.22964561047253024,0.14482082574248747,1.0
2025-12-16 17:39:37.532,0.008722204992179171,-0.5731586864226869,-0.8193862277458066,0.0,-0.9999513755042639,-0.006133927681047567,-0.006353617830996511,0.0,-0.001384451268770477,0.8194175793884408,-0.5731953540320025,0.0,0.4593673355511274,0.22959341245177173,0.14460084168049248,1.0
2025-12-16 17:39:37.582,0.008722271293486747,-0.5731601176995347,-0.8193852258634805,0.0,-0.9999513733362891,-0.006134917264172975,-0.006353003560489803,0.0,-0.001385598976756334,0.8194165708224252,-0.5731967930624637,0.0,0.45922308578160076,0.22957518115930128,0.14436949547690725,1.0
2025-12-16 17:39:37.632,0.008722341650489344,-0.573161798942794,-0.8193840490819922,0.0,-0.9999513708840134,-0.006136057404173859,-0.0063522884004934225,0.0,-0.001386925216809327,0.8194153862751069,-0.5731984832272852,0.0,0.4590427221587681,0.22957745159305853,0.14410059888324833,1.0
2025-12-16 17:39:37.682,0.008722406462993524,-0.5731635353762472,-0.8193828337484892,0.0,-0.9999513684516158,-0.006137210563278699,-0.006351557246147796,0.0,-0.0013882707048168226,0.8194141630183702,-0.5732002286717565,0.0,0.4588522050184071,0.22959792888032274,0.14382968510803482,1.0
2025-12-16 17:39:37.732,0.008722479606067781,-0.5731653395695389,-0.8193815709221591,0.0,-0.9999513659967886,-0.006138338326321913,-0.0063508538761874915,0.0,-0.0013895787358685263,0.8194128925469949,-0.5732020416909762,0.0,0.4586439772810886,0.2296832270835476,0.14356726636554082,1.0
2025-12-16 17:39:37.782,0.008722545303211506,-0.5731669166065626,-0.819380467067874,0.0,-0.9999513638477194,-0.0061393171706506,-0.006350246056045254,0.0,-0.0013907123946521908,0.8194117820796041,-0.5732036263913227,0.0,0.4584616053629981,0.22976404096649297,0.1433427272972432,1.0
2025-12-16 17:39:37.833,0.008722587930193327,-0.5731675600637447,-0.8193800165073479,0.0,-0.9999513628791231,-0.006139698152296018,-0.006350030235456258,0.0,-0.0013911414207741805,0.8194113291267998,-0.5732042728593346,0.0,0.45837469987980156,0.2298410669245537,0.14326068047052806,1.0
2025-12-16 17:39:37.882,0.008722605852433923,-0.5731677551870249,-0.8193798798251138,0.0,-0.9999513625509733,-0.006139811135551678,-0.006349972667635681,0.0,-0.0013912649171503668,0.8194111917913555,-0.5732044688843594,0.0,0.4583483809121499,0.22986739229923914,0.14323649213437442,1.0
2025-12-16 17:39:37.932,0.008722615200000396,-0.5731679462384909,-0.8193797460823837,0.0,-0.9999513622429359,-0.006139951367206736,-0.006349885582712598,0.0,-0.0013914277032222302,0.8194110570998858,-0.5732046610342545,0.0,0.4583378895785116,0.22984748975692448,0.143200848280901,1.0
2025-12-16 17:39:37.982,0.008722645438017871,-0.5731689104697824,-0.8193790712659519,0.0,-0.9999513608417312,-0.0061406458121442955,-0.006349434698301681,0.0,-0.0013922448994319009,0.8194103774141749,-0.5732056306772463,0.0,0.4582474864427995,0.22979139918366917,0.14303005029337293,1.0
2025-12-16 17:39:38.032,0.008722790351143666,-0.5731715370818529,-0.8193772323593842,0.0,-0.9999513568273231,-0.006142366790958361,-0.006348402209168221,0.0,-0.001394218892103007,0.819408527186043,-0.5732082708130446,0.0,0.45803936409507257,0.2297420366723948,0.14262048307517175,1.0
2025-12-16 17:39:38.082,0.008722980178879616,-0.5731751964391153,-0.8193746705292939,0.0,-0.9999513515327156,-0.006144640478483658,-0.006347035724940764,0.0,-0.001396826212362557,0.8194059503779776,-0.5732119480276872,0.0,0.4577638947832336,0.22966153441549758,0.14205292234908573,1.0
2025-12-16 17:39:38.132,0.008723288783843843,-0.5731792987555965,-0.8193717975449512,0.0,-0.9999513450110267,-0.006147093450079985,-0.006345687824259115,0.0,-0.0013995650586024263,0.8194030623347092,-0.5732160697801026,0.0,0.45751035869059364,0.22963598693670664,0.14143464810751458,1.0
2025-12-16 17:39:38.182,0.008723678168827262,-0.5731832494906118,-0.8193690297074925,0.0,-0.9999513383307472,-0.0061492679353344565,-0.006344633607616193,0.0,-0.0014019089846377389,0.8194002823790517,-0.5732200379333655,0.0,0.4573144955743594,0.22971422691106846,0.1408807307420528,1.0
2025-12-16 17:39:38.232,0.008723719526112776,-0.5731867716681641,-0.8193665653439038,0.0,-0.9999513359612437,-0.0061504923758238985,-0.006343820147747688,0.0,-0.0014033410412854583,0.8193978093122778,-0.5732235695853423,0.0,0.45707327945748744,0.23004964779343362,0.14038025734650972,1.0
2025-12-16 17:39:38.283,0.008720907558827422,-0.5731914728652276,-0.8193633065418232,0.0,-0.9999513565749909,-0.006151200017470953,-0.006339883546941131,0.0,-0.001406127469761037,0.8193945153261658,-0.5732282713360679,0.0,0.45664430552007296,0.2315730992844426,0.1392631124535863,1.0
2025-12-16 17:39:38.332,0.008715499127594414,-0.5731980471611781,-0.819358764953898,0.0,-0.9999513971390089,-0.0061519842211120645,-0.00633272067088475,0.0,-0.001410806234049841,0.8193899103901193,-0.5732348422563324,0.0,0.45602985668786583,0.2333803022251838,0.13737525570401163,1.0
2025-12-16 17:39:38.382,0.008709753839832196,-0.5732039697033852,-0.8193546827873375,0.0,-0.9999514409708893,-0.006152347353208994,-0.006325442553348645,0.0,-0.0014152130795132185,0.8193857644820838,-0.5732407575670546,0.0,0.4551141379861406,0.23510709026391763,0.13564186413983725,1.0
2025-12-16 17:39:38.432,0.008706700942559585,-0.5732093198053816,-0.8193509723849463,0.0,-0.9999514625058966,-0.006153559584252477,-0.006320857376134827,0.0,-0.001418777987697656,0.819382012599667,-0.573246111628453,0.0,0.45379701289364444,0.23608223872221706,0.1343909999256866,1.0
2025-12-16 17:39:38.482,0.008705765659248415,-0.5732111421795578,-0.8193497074062464,0.0,-0.9999514683721004,-0.006154351732910253,-0.006319157889813532,0.0,-0.0014203819267556163,0.8193807317570557,-0.5732479384528602,0.0,0.4527895831281717,0.2365730225316994,0.13417474264702192,1.0
2025-12-16 17:39:38.532,0.008705676422973251,-0.5732107698029855,-0.8193499688662321,0.0,-0.999951469274962,-0.006154225039030363,-0.006319138408201167,0.0,-0.001420293247714909,0.8193809932156474,-0.5732475649525515,0.0,0.45245466805350454,0.2363863388117594,0.13446142962779664,1.0
2025-12-16 17:39:38.582,0.008705421873093446,-0.5732106080175534,-0.8193500847545979,0.0,-0.9999514723493866,-0.006153582582358918,-0.006319277561865147,0.0,-0.001419688810340675,0.8193811112225468,-0.5732473977746314,0.0,0.45253219762654234,0.23601222948319417,0.1350180910467574,1.0
2025-12-16 17:39:38.633,0.008705005848184729,-0.5732115370868821,-0.8193494392045955,0.0,-0.9999514766373646,-0.0061529666725570415,-0.006319198769495377,0.0,-0.0014192194771570613,0.8193804658899341,-0.5732483213530328,0.0,0.4528718893583119,0.235467279480146,0.135430156003742,1.0
2025-12-16 17:39:38.682,0.008704809789528761,-0.5732127619129196,-0.8193485844058674,0.0,-0.9999514787000359,-0.006152658216482294,-0.006319172706230066,0.0,-0.0014189686796092762,0.8193796113404683,-0.573249543434122,0.0,0.4532178635505408,0.2350983703173885,0.13558176594011173,1.0
2025-12-16 17:39:38.733,0.008704870740534143,-0.5732132453607648,-0.8193482455400625,0.0,-0.999951478182369,-0.0061526894225604175,-0.006319224238245641,0.0,-0.0014189595693292966,0.8193792728941794,-0.573250027217746,0.0,0.45338015413516236,0.23504404757225258,0.13549526280241042,1.0
2025-12-16 17:39:38.783,0.008704947496145986,-0.5732136659769799,-0.8193479504627622,0.0,-0.9999514770310017,-0.00615301565117126,-0.006319088788960537,0.0,-0.001419300038522215,0.8193789761880708,-0.573250450473778,0.0,0.4533707723345821,0.23503110391629298,0.1351861133254016,1.0
2025-12-16 17:39:38.832,0.008704954810997124,-0.5732142397712149,-0.8193475489598144,0.0,-0.9999514764318806,-0.006153333346308833,-0.006318874238336169,0.0,-0.001419677235679192,0.8193785723845118,-0.5732510267183706,0.0,0.45333264143587904,0.23505773797304527,0.13484142829044168,1.0
2025-12-16 17:39:38.882,0.008704955692606802,-0.5732151367838826,-0.8193469214010835,0.0,-0.9999514758528134,-0.0061536705063442235,-0.006318637534129817,0.0,-0.001420079647209575,0.8193779423147158,-0.57325192631329,0.0,0.4532698109516237,0.23499082451306139,0.1344110667080884,1.0
2025-12-16 17:39:38.932,0.0087050055366738,-0.573216133747224,-0.8193462233950307,0.0,-0.9999514749300447,-0.006153988802712684,-0.006318473569823739,0.0,-0.001420423841000098,0.8193772424606282,-0.5732529257960476,0.0,0.45321847408251525,0.2348417260421619,0.13401969858597024,1.0
2025-12-16 17:39:38.982,0.008705027341410966,-0.5732169325820136,-0.8193456642964926,0.0,-0.999951474359519,-0.006154227054402396,-0.00631833180479564,0.0,-0.0014206918306605702,0.8193766818146727,-0.5732537264886282,0.0,0.4531105026933595,0.23468589331663042,0.13371317570990518,1.0
2025-12-16 17:39:39.032,0.008705019014760191,-0.5732174954780406,-0.8193452705807507,0.0,-0.9999514741173009,-0.006154408111998108,-0.006318193779589439,0.0,-0.0014209133224928803,0.8193762866578452,-0.573254290754226,0.0,0.4530155464169601,0.2346055009136222,0.13347545639713493,1.0
2025-12-16 17:39:39.083,0.008705013908806916,-0.5732178261722916,-0.8193450392797703,0.0,-0.9999514739809962,-0.006154511962995411,-0.006318114191680955,0.0,-0.0014210405230382485,0.8193760545268649,-0.5732546222332797,0.0,0.4529576725580419,0.2345527417151536,0.1333443555408252,1.0
2025-12-16 17:39:39.133,0.008705022792062738,-0.573217840369475,-0.8193450292529717,0.0,-0.9999514739180582,-0.006154508865091802,-0.006318127170369741,0.0,-0.0014210303935659168,0.8193760446178994,-0.5732546364216751,0.0,0.452965709650251,0.23454143828737736,0.13334526510613245,1.0
2025-12-16 17:39:39.182,0.008705027229897628,-0.5732177855667266,-0.819345067546094,0.0,-0.9999514739247505,-0.006154484851262005,-0.006318149503055154,0.0,-0.001420998497772334,0.8193760831378337,-0.5732545814426354,0.0,0.4529759909423156,0.2345354887503383,0.13337351654013194,1.0
2025-12-16 17:39:39.232,0.00870503650301779,-0.5732177489299748,-0.8193450930788212,0.0,-0.9999514739031417,-0.006154455795821538,-0.006318181225630852,0.0,-0.0014209568952125507,0.8193761089868498,-0.573254544598708,0.0,0.4529925204731379,0.2345160051585388,0.13340422817357267,1.0
2025-12-16 17:39:39.282,0.008705045335876339,-0.5732177283094483,-0.819345107411196,0.0,-0.9999514739062049,-0.006154414593555876,-0.006318220875198633,0.0,-0.0014209006259114517,0.8193761237222812,-0.5732545236762291,0.0,0.45301589740610954,0.23447750123955519,0.1334447046070447,1.0
2025-12-16 17:39:39.332,0.008705048690972158,-0.5732177687202565,-0.8193450791039552,0.0,-0.9999514739866271,-0.006154353607547683,-0.006318267551555312,0.0,-0.0014208234705843806,0.8193760959092907,-0.5732545636217075,0.0,0.4530579745519241,0.23440480702350178,0.13349995179432286,1.0
2025-12-16 17:39:39.382,0.00870504566405829,-0.57321772092145,-0.8193451125763879,0.0,-0.9999514741512701,-0.006154271749160013,-0.006318321228604028,0.0,-0.0014207261378117798,0.8193761299637903,-0.5732545151874543,0.0,0.4531027400981108,0.23439589190587284,0.13357662331149261,1.0
2025-12-16 17:39:39.432,0.008705034956294072,-0.5732174638970581,-0.8193452925055729,0.0,-0.9999514744896839,-0.006154122206712025,-0.00631841332773776,0.0,-0.001420553546051962,0.8193763108990766,-0.5732542569968779,0.0,0.4531422946604843,0.23446721561271835,0.13370888548641688,1.0
2025-12-16 17:39:39.482,0.008705018503858427,-0.5732172129691173,-0.8193454682305706,0.0,-0.9999514748663583,-0.0061539761784971765,-0.006318495944251528,0.0,-0.0014203892050236853,0.8193764875427997,-0.573254004919748,0.0,0.45316631830965226,0.23452840622638055,0.1338398786471017,1.0
2025-12-16 17:39:39.532,0.00870500711292023,-0.5732170651287202,-0.8193455717812778,0.0,-0.9999514750847391,-0.006153899733155486,-0.0063185358380555105,0.0,-0.0014203052718238709,0.8193765915447159,-0.5732538564732894,0.0,0.45316946538505853,0.23456354177259592,0.1339109800448261,1.0
2025-12-16 17:39:39.582,0.008704993422197271,-0.5732170152147149,-0.8193456068467452,0.0,-0.9999514751812177,-0.006153904597846273,-0.006318515831676086,0.0,-0.0014203212571646004,0.8193766264275419,-0.5732538065741445,0.0,0.4531400162802756,0.23456407691675213,0.1339185349302106,1.0
2025-12-16 17:39:39.632,0.008704975333166385,-0.5732169539752305,-0.8193456498822799,0.0,-0.999951475327348,-0.00615390029869768,-0.006318496892666639,0.0,-0.0014203292427700928,0.8193766693023855,-0.5732537452714735,0.0,0.4531064314549968,0.23456076334827278,0.1339360856531113,1.0
2025-12-16 17:39:39.682,0.008704952223062846,-0.5732168742632716,-0.8193457058945554,0.0,-0.9999514755259822,-0.006153887905069663,-0.006318477527958725,0.0,-0.0014203310366697074,0.8193767251611784,-0.5732536654256027,0.0,0.45306607111754216,0.2345567921983495,0.13396340161244571,1.0
