timestamp,ee_pose_cmd
2025-12-16 18:46:28.085,0.009750328163060075,-0.5631291734658113,-0.8262997107549009,0.0,-0.9999413128940756,-0.00693393011883046,-0.007073774239242665,0.0,-0.001746089428588162,0.8263360987669793,-0.5631745759942259,0.0,0.4321098883747507,0.27695996923015903,0.23135789564930417,1.0
2025-12-16 18:46:28.132,0.00975033176850675,-0.5631291296044553,-0.8262997406041834,0.0,-0.9999413128483522,-0.0069339367748069945,-0.007073774178247185,0.0,-0.0017460954801227842,0.8263361286022127,-0.5631745321987506,0.0,0.4320876971324883,0.2769808451516091,0.23137278502139966,1.0
2025-12-16 18:46:28.182,0.009750329921773914,-0.5631291260320093,-0.8262997430606221,0.0,-0.9999413128664132,-0.0069339356787021635,-0.007073772699601114,0.0,-0.0017460954493831668,0.8263361310459973,-0.5631745286131232,0.0,0.43207995931719995,0.27697766672185536,0.23138015258320538,1.0
2025-12-16 18:46:28.232,0.00975032590720484,-0.5631291461724208,-0.8262997293821605,0.0,-0.9999413129214411,-0.006933926073796348,-0.00707377433594613,0.0,-0.0017460863538891322,0.8263361174011022,-0.563174548662239,0.0,0.43208593529848016,0.27696417609777896,0.2313869596103928,1.0
2025-12-16 18:46:28.283,0.009750322249577609,-0.5631291597035519,-0.8262997202037583,0.0,-0.9999413129657507,-0.006933920038668675,-0.007073773988224742,0.0,-0.0017460814034231718,0.8263361082304113,-0.5631745621335812,0.0,0.4320884937582245,0.27695424240905503,0.23139156286479692,1.0
2025-12-16 18:46:28.332,0.00975032382241522,-0.5631291613137054,-0.8262997190878677,0.0,-0.9999413129366642,-0.00693392744536466,-0.007073770839565683,0.0,-0.001746089277699913,0.8263361070709552,-0.5631745638104166,0.0,0.43209238239367237,0.2769552576534198,0.23137617214780226,1.0
2025-12-16 18:46:28.382,0.009750325072173018,-0.5631291751591742,-0.8262997096373346,0.0,-0.9999413129079646,-0.006933936082744,-0.00707376642989681,0.0,-0.0017460987346902205,0.8263360975629239,-0.5631745777320623,0.0,0.43210407165650316,0.2769523728509949,0.2313498076197488,1.0
2025-12-16 18:46:28.432,0.009750333327994123,-0.5631291660290466,-0.8262997157621631,0.0,-0.9999413128248726,-0.006933941880309188,-0.0070737724927459255,0.0,-0.001746100218131632,0.8263361037363677,-0.5631745686692781,0.0,0.43211849529634716,0.2769748679605527,0.23133375657992802,1.0
2025-12-16 18:46:28.482,0.009750341119907517,-0.56312917171404,-0.8262997117958549,0.0,-0.9999413127696148,-0.006933936511543006,-0.00707378556652953,0.0,-0.0017460883517477356,0.8263360999071511,-0.5631745743246108,0.0,0.4321503374466669,0.27699691660602904,0.23131917253210268,1.0
2025-12-16 18:46:28.532,0.009750342809256166,-0.5631293314811368,-0.8262996028934774,0.0,-0.9999413127911988,-0.0069339208203480825,-0.007073797896402577,0.0,-0.0017460665571065036,0.8263359911590764,-0.5631747339562786,0.0,0.43224136130226154,0.27695191125709373,0.23123256736126413,1.0
2025-12-16 18:46:28.582,0.009750353627753531,-0.5631297141447367,-0.8262993419775967,0.0,-0.9999413128210468,-0.0069338661384170976,-0.007073847277393804,0.0,-0.0017459890480120415,0.8263357308361695,-0.5631751161634345,0.0,0.43242222024507526,0.2768504101929862,0.23108433738110043,1.0
2025-12-16 18:46:28.632,0.009750369867041668,-0.5631302601343412,-0.8262989696893572,0.0,-0.9999413128664786,-0.006933783511545375,-0.007073921846240626,0.0,-0.0017458723356480904,0.8263353594421162,-0.5631756614640375,0.0,0.43267742414488564,0.27671486955828134,0.2308576505219302,1.0
2025-12-16 18:46:28.682,0.00975041053329243,-0.5631309906316534,-0.8262984713684598,0.0,-0.9999413127017911,-0.006933702929939905,-0.007074024109809314,0.0,-0.0017457395381189793,0.8263348622895929,-0.563176391336058,0.0,0.43301980342772833,0.2765754857218716,0.23053236745366965,1.0
2025-12-16 18:46:28.732,0.009750446268121287,-0.5631319176497933,-0.8262978391735314,0.0,-0.9999413126996033,-0.006933567082644217,-0.007074157569134975,0.0,-0.0017455411875667813,0.8263342316718941,-0.563177317239591,0.0,0.43340851605261155,0.2763854578234788,0.2301868916515717,1.0
2025-12-16 18:46:28.782,0.009750465589580816,-0.5631331650511385,-0.8262969888251328,0.0,-0.9999413129629259,-0.006933374782533921,-0.0070743088222828855,0.0,-0.0017452823896569303,0.8263333831861185,-0.5631785629989512,0.0,0.43386396126178417,0.27610516907600036,0.2298265179787712,1.0
2025-12-16 18:46:28.833,0.00975046829714339,-0.5631343631859128,-0.8262961722459998,0.0,-0.9999413132833084,-0.006933222365392864,-0.00707441291507116,0.0,-0.0017450836882803476,0.8263325679380504,-0.563179759799505,0.0,0.434285197677873,0.2758163879270694,0.22947008702714286,1.0
2025-12-16 18:46:28.882,0.009750485931946428,-0.5631356243918835,-0.8262953125039878,0.0,-0.9999413134033069,-0.0069331048419236,-0.007074511130004391,0.0,-0.001744916384565443,0.826331709411518,-0.5631810199996529,0.0,0.4346839335704403,0.2755116721614495,0.22909010865264803,1.0
2025-12-16 18:46:28.932,0.009750519509373985,-0.5631368626254178,-0.8262944682272215,0.0,-0.9999413133816695,-0.00693298954193179,-0.00707462718180884,0.0,-0.001744741143040563,0.8263308665193017,-0.5631822572807171,0.0,0.4350654362999939,0.27523158984804424,0.22872356232091096,1.0
2025-12-16 18:46:28.982,0.009750548198850514,-0.5631380833534173,-0.8262936359358395,0.0,-0.9999413134694164,-0.006932842089039344,-0.0070747592775191335,0.0,-0.0017445305050106188,0.8263300358242482,-0.5631834767711261,0.0,0.4354621486216909,0.27498326785015653,0.22841276349375633,1.0
2025-12-16 18:46:29.032,0.009750570549683478,-0.5631391782210836,-0.8262928894935782,0.0,-0.9999413134759186,-0.006932757734165652,-0.007074841020293657,0.0,-0.0017444018472507743,0.8263292903719789,-0.5631845709317127,0.0,0.4357928382504227,0.2747365845321959,0.22809879844785577,1.0
2025-12-16 18:46:29.082,0.009750583621314734,-0.5631400850919428,-0.826292271283528,0.0,-0.9999413133667694,-0.006932764185682064,-0.00707485012520066,0.0,-0.0017443913486811975,0.8263286722773777,-0.5631854778588744,0.0,0.4360411672872966,0.27448436466985326,0.22774935404922506,1.0
2025-12-16 18:46:29.132,0.009750585014005528,-0.5631408785143485,-0.8262917305281354,0.0,-0.9999413132124672,-0.006932838422780286,-0.0070747991871531754,0.0,-0.0017444720147570052,0.8263281309289763,-0.5631862718966207,0.0,0.4362300345130238,0.2742134145623764,0.2273737257899909,1.0
2025-12-16 18:46:29.182,0.009750579296930018,-0.5631417285555129,-0.8262911512681783,0.0,-0.9999413129480705,-0.0069329941201137935,-0.007074683980747263,0.0,-0.0017446555173673123,0.8263275503095906,-0.5631871232339006,0.0,0.4364079617439026,0.2738777450195274,0.22689271268075115,1.0
2025-12-16 18:46:29.232,0.009750596417350417,-0.5631427937148779,-0.8262904251277008,0.0,-0.999941312512944,-0.006933139897348106,-0.007074602622240513,0.0,-0.0017448092211228723,0.826326823166015,-0.5631881896463589,0.0,0.4366207296605895,0.27346446017821596,0.22627665207224132,1.0
2025-12-16 18:46:29.282,0.009750643901739922,-0.5631440407894953,-0.8262895746455896,0.0,-0.9999413120157771,-0.0069331934868864815,-0.00707462037486212,0.0,-0.0017448287856243895,0.8263259728156731,-0.5631894372435803,0.0,0.4368501154432814,0.27297773138802695,0.22555575873446806,1.0
2025-12-16 18:46:29.332,0.009750763553387092,-0.5631455985578078,-0.8262885115601586,0.0,-0.9999413111547616,-0.00693312941504106,-0.007074804860815724,0.0,-0.0017446535567717308,0.8263249117061248,-0.5631909946703977,0.0,0.4371185040215189,0.27246570639357776,0.22476004673042874,1.0
2025-12-16 18:46:29.385,0.009750981268625343,-0.5631476404084759,-0.8262871173919349,0.0,-0.999941309819616,-0.006932896304296172,-0.007075221994586213,0.0,-0.001744201912128456,0.8263235220975116,-0.5631930349250184,0.0,0.4374441778998514,0.2718992076307962,0.22387773914628709,1.0
2025-12-16 18:46:29.432,0.009751227415883868,-0.5631496313654483,-0.8262857575669883,0.0,-0.9999413083490584,-0.006932611433479605,-0.007075708946381327,0.0,-0.0017436687764535634,0.8263221676011187,-0.5631950239039644,0.0,0.43772329757978684,0.2714046396140353,0.22310558977593617,1.0
2025-12-16 18:46:29.482,0.009751525254289276,-0.5631518714764885,-0.82628422731464,0.0,-0.9999413067046927,-0.00693220107108373,-0.007076343351619065,0.0,-0.0017429459610464764,0.826320644344379,-0.5631972610637122,0.0,0.43801737546538955,0.2708876097453547,0.22227510423249586,1.0
2025-12-16 18:46:29.532,0.00975183598376965,-0.563154087213479,-0.8262827135133031,0.0,-0.9999413051531367,-0.006931693824682612,-0.00707705945789876,0.0,-0.0017420973643062622,0.8263191385030554,-0.5631994730469317,0.0,0.4382990388953278,0.27040694570631485,0.22148481006374435,1.0
2025-12-16 18:46:29.582,0.009752173331009927,-0.5631563737853584,-0.8262811511110827,0.0,-0.9999413034743012,-0.006931139001106825,-0.007077840028648675,0.0,-0.0017411723105413119,0.8263175847751234,-0.5632017555107508,0.0,0.43859975323284695,0.26992684208530665,0.22070951418611248,1.0
2025-12-16 18:46:29.632,0.009752484327656883,-0.5631585208023921,-0.8262796841253625,0.0,-0.9999413019544525,-0.0069306142221899686,-0.007078568594432199,0.0,-0.0017403030174931054,0.826316125898113,-0.5632038986247707,0.0,0.4388669620848144,0.26948668437669304,0.21997918040804992,1.0
2025-12-16 18:46:29.682,0.009752747616395089,-0.5631604350973,-0.8262783763091945,0.0,-0.9999413008895397,-0.006930065105621686,-0.007079256611771832,0.0,-0.001739439199134037,0.8263148258275337,-0.5632058087137288,0.0,0.43906259472856474,0.2690788303086854,0.2192768460651418,1.0
2025-12-16 18:46:29.732,0.009752908941855546,-0.5631619567615871,-0.8262773372935026,0.0,-0.9999413005949247,-0.00692956136554683,-0.007079791311889706,0.0,-0.0017387038605055896,0.8263137929664573,-0.5632073263570638,0.0,0.43915899086253296,0.26872122630423134,0.2186046729095983,1.0
2025-12-16 18:46:29.782,0.009753018205516266,-0.5631632914812685,-0.8262764263036158,0.0,-0.9999413006747517,-0.00692908983091926,-0.0070802415360559446,0.0,-0.0017380449178516523,0.826312887243175,-0.5632086572272406,0.0,0.43920287776546324,0.2684145269880151,0.21799512359313342,1.0
2025-12-16 18:46:29.832,0.00975306342602886,-0.5631645140153162,-0.8262755925288542,0.0,-0.9999413014651904,-0.006928540169729892,-0.0070806677951945705,0.0,-0.0017373362454253258,0.8263120586320265,-0.5632098751105779,0.0,0.4392374090831263,0.2681422419318865,0.21736088931304748,1.0
2025-12-16 18:46:29.882,0.009753093026979343,-0.5631657465111247,-0.8262747521461509,0.0,-0.9999413024106577,-0.00692798028201045,-0.007081082099386619,0.0,-0.001736625739210837,0.8263112233141274,-0.5632111028345873,0.0,0.43930359738462954,0.26792730970383644,0.21676956348847193,1.0
2025-12-16 18:46:29.932,0.009753158889063054,-0.5631673285587439,-0.8262736730871321,0.0,-0.9999413032235598,-0.0069273383181376645,-0.007081595343061343,0.0,-0.0017357875648483716,0.8263101504415924,-0.5632126794726149,0.0,0.4393699320772465,0.26769488346131115,0.2161350047669608,1.0
2025-12-16 18:46:29.982,0.009753233165935054,-0.5631689863932532,-0.8262725422696889,0.0,-0.9999413039456639,-0.006926705563078841,-0.007082112304680292,0.0,-0.00173495401024986,0.8263090258335734,-0.5632143319914306,0.0,0.4394117565020242,0.26745867535094564,0.21551644264396325,1.0
2025-12-16 18:46:30.032,0.009753345390531945,-0.5631704375217961,-0.8262715518861882,0.0,-0.9999413043185452,-0.006926082112748734,-0.007082669376877408,0.0,-0.001734107990946275,0.8263080420254687,-0.5632157779692537,0.0,0.43939066754559486,0.2671559889928254,0.21494213005004623,1.0
2025-12-16 18:46:30.082,0.009753405485907373,-0.5631716378267781,-0.8262707330712735,0.0,-0.9999413052461433,-0.006925404756155029,-0.007083200746178638,0.0,-0.0017332348695445331,0.8263072296177169,-0.5632169725588715,0.0,0.4393450453228364,0.26685161793708023,0.21436635081512811,1.0
2025-12-16 18:46:30.132,0.009753440909383867,-0.5631727390090581,-0.8262699821055286,0.0,-0.9999413063980784,-0.006924720070428451,-0.007083707507994733,0.0,-0.0017323707225668512,0.8263064848271024,-0.5632180679136254,0.0,0.4392963104356771,0.2665622657622558,0.21380968293893327,1.0
2025-12-16 18:46:30.182,0.009753489574664603,-0.5631738573693407,-0.8262692192730302,0.0,-0.9999413073981309,-0.00692405347781947,-0.00708421792161013,0.0,-0.0017315192650758883,0.8263057281741666,-0.5632191806282834,0.0,0.4392737599645873,0.26628295437638183,0.21326718105251305,1.0
2025-12-16 18:46:30.232,0.009753575652865124,-0.5631749163500389,-0.826268496469107,0.0,-0.9999413078825963,-0.006923479032883189,-0.007084710956157408,0.0,-0.0017307544331237553,0.8263050112178081,-0.5632202348330805,0.0,0.4393202078349451,0.2660417938619969,0.2127987730282902,1.0
2025-12-16 18:46:30.282,0.009753688467802803,-0.5631760730165256,-0.8262677067658921,0.0,-0.9999413081720413,-0.006922888786305291,-0.0070852468727238115,0.0,-0.0017299512384448116,0.8263042278114431,-0.5632213866408551,0.0,0.43939228308568273,0.2657975108165409,0.21232650905058312,1.0
2025-12-16 18:46:30.332,0.009753825123502941,-0.5631774218284252,-0.8262667858139744,0.0,-0.9999413085053196,-0.0069221812217770615,-0.007085891123228908,0.0,-0.0017289878231758595,0.8263033144235149,-0.5632227296317336,0.0,0.43948739156787087,0.2655236874250418,0.211790236370955,1.0
2025-12-16 18:46:30.382,0.009753974986579136,-0.5631789168171433,-0.8262657650694715,0.0,-0.9999413088415947,-0.006921418860815353,-0.007086588341372238,0.0,-0.0017279475727203016,0.8263023018598403,-0.5632242183520835,0.0,0.4395984572012932,0.26522883373944,0.21120392886560385,1.0
2025-12-16 18:46:30.432,0.009754155018049071,-0.5631807214571801,-0.8262645329070237,0.0,-0.9999413091693944,-0.006920538860883047,-0.007087401475942784,0.0,-0.0017267411779928162,0.8263010792242689,-0.5632260157678378,0.0,0.43972012854523185,0.26488669076227206,0.21051867199570443,1.0
2025-12-16 18:46:30.482,0.009754347615676225,-0.5631826633025104,-0.8262632070710229,0.0,-0.999941309514643,-0.006919599349586385,-0.007088270042127916,0.0,-0.0017254527700156052,0.8262997635633315,-0.5632279498994355,0.0,0.43983358628860053,0.2645372384110715,0.20980724681445467,1.0
2025-12-16 18:46:30.532,0.009754518871319997,-0.5631847660802446,-0.826261771787814,0.0,-0.9999413103891521,-0.006918494510048922,-0.0070892250738646264,0.0,-0.0017239771589651989,0.8262983395892989,-0.5632300434944173,0.0,0.439921873636959,0.26417307429953635,0.20902463315402395,1.0
2025-12-16 18:46:30.582,0.009754636300994306,-0.5631869465590271,-0.8262602841704075,0.0,-0.9999413118929272,-0.006917308987084851,-0.007090169774885022,0.0,-0.0017224397855639573,0.8262968633209875,-0.5632322139820147,0.0,0.4400217365519757,0.26383897476205065,0.20820956368082655,1.0
2025-12-16 18:46:30.632,0.009754782108086111,-0.5631893553263534,-0.8262586406049369,0.0,-0.9999413133050082,-0.006916051374535208,-0.007091197391709745,0.0,-0.0017207934501548496,0.8262952320452868,-0.5632346121902732,0.0,0.4401612029786185,0.2635004533884474,0.20735872597900648,1.0
2025-12-16 18:46:30.684,0.00975492459654442,-0.5631920234756878,-0.8262568202687857,0.0,-0.9999413150526787,-0.006914647066992028,-0.007092320344323935,0.0,-0.00171896914847891,0.8262934251899338,-0.5632372685049823,0.0,0.44032435861916897,0.263143186086875,0.20642247746277956,1.0
2025-12-16 18:46:30.732,0.009755085542070663,-0.5631949478835534,-0.8262548250302183,0.0,-0.9999413169352265,-0.006913102195602011,-0.007093560818569293,0.0,-0.0017169594863106906,0.8262914448282026,-0.5632401799000529,0.0,0.44049163451151413,0.2627583355789148,0.2054214745063761,1.0
2025-12-16 18:46:30.782,0.009755263013690472,-0.5631980631346506,-0.8262526994970245,0.0,-0.999941318970457,-0.006911415067879162,-0.007094917800126796,0.0,-0.0017147644085771534,0.8262893355573641,-0.563243280942785,0.0,0.44066220529680167,0.2623567352590789,0.20437894106888382,1.0
2025-12-16 18:46:30.833,0.009755446047713784,-0.5632015661073877,-0.8262503095961927,0.0,-0.9999413214219944,-0.006909505010953059,-0.007096432522587475,0.0,-0.0017122917108811319,0.8262869638520993,-0.5632467677893732,0.0,0.4408641916421155,0.2619329481583865,0.2032273096143805,1.0
2025-12-16 18:46:30.882,0.009755699316980499,-0.5632049015128864,-0.8262480330650748,0.0,-0.9999413228098595,-0.006907812992971427,-0.007097884060099176,0.0,-0.001710036728712047,0.8262847045158588,-0.5632500890878992,0.0,0.4410929997773676,0.2615289951592411,0.20218146222953268,1.0
2025-12-16 18:46:30.932,0.009756069114280222,-0.56320829617379,-0.8262457147469281,0.0,-0.9999413228965587,-0.006906264112870944,-0.007099378922968652,0.0,-0.0017078749029571267,0.8262824035698427,-0.563253471107067,0.0,0.44137974520782713,0.26111991955984964,0.20119201736419345,1.0
2025-12-16 18:46:30.982,0.009756491155130418,-0.5632117401674995,-0.8262433621633792,0.0,-0.9999413222836628,-0.006904834733234521,-0.0071008554495057405,0.0,-0.0017058215531270105,0.826280067974914,-0.5632569035885848,0.0,0.4417213965110334,0.2607274240160479,0.2002270823104295,1.0
2025-12-16 18:46:31.032,0.009756890389917866,-0.5632150376347473,-0.8262411097090351,0.0,-0.9999413216221219,-0.006903520634474535,-0.0071022261764795,0.0,-0.0017039247724831919,0.8262778312720243,-0.5632601904881703,0.0,0.4420487033073389,0.2603600157977939,0.1993021783117626,1.0
2025-12-16 18:46:31.082,0.009757285012992513,-0.5632181122049573,-0.8262390092307842,0.0,-0.9999413207543675,-0.0069023221591986575,-0.007103513076680415,0.0,-0.0017021733692488548,0.8262757455192504,-0.5632632554786686,0.0,0.44239876916771237,0.26002548364721906,0.19844669778356805,1.0
2025-12-16 18:46:31.133,0.00975770706961392,-0.5632211351496964,-0.8262369436031285,0.0,-0.9999413195091673,-0.006901190462007094,-0.007104787799826966,0.0,-0.001700484604533768,0.8262736943809433,-0.5632662694731305,0.0,0.4428108743226982,0.259711873741763,0.19763151006734436,1.0
2025-12-16 18:46:31.182,0.009758065129036216,-0.5632236766791259,-0.8262352068837256,0.0,-0.9999413183832162,-0.006900262849036747,-0.007105847159738644,0.0,-0.0016990914521736878,0.8262719696811851,-0.5632688036873794,0.0,0.44316416745287995,0.25944613175394265,0.19694268368185813,1.0
2025-12-16 18:46:31.232,0.009758345318514956,-0.5632259726205777,-0.8262336384845734,0.0,-0.9999413177717891,-0.006899407691568407,-0.007106763506080771,0.0,-0.0016978416212088156,0.8262704117719004,-0.5632710927822616,0.0,0.44345504951677794,0.25921746877888313,0.1962996872812419,1.0
2025-12-16 18:46:31.282,0.009758587110263922,-0.5632281072125522,-0.8262321805186393,0.0,-0.99994131746335,-0.006898563661373558,-0.007107626205567479,0.0,-0.001696633107291992,0.8262689637458862,-0.5632732205478957,0.0,0.44367638482853977,0.25898576389496564,0.1956792128115432,1.0
2025-12-16 18:46:31.332,0.009758721293806186,-0.5632298951774233,-0.8262309601064021,0.0,-0.9999413179584253,-0.00689777550562908,-0.007108321450903091,0.0,-0.0016955691778957633,0.8262677515294057,-0.5632750019552645,0.0,0.4438001118987086,0.2587879945358893,0.19511197614921705,1.0
2025-12-16 18:46:31.382,0.00975886068208158,-0.5632317698426366,-0.8262296805243246,0.0,-0.9999413185166031,-0.006896934930867306,-0.00710905852030289,0.0,-0.001694437355392163,0.8262664806429052,-0.5632768696192276,0.0,0.44394265294424096,0.2585739513719391,0.19449981768168126,1.0
2025-12-16 18:46:31.433,0.009759046982763687,-0.5632338137671116,-0.8262282849990983,0.0,-0.9999413187644337,-0.006896049632818471,-0.007109882440317665,0.0,-0.0016932176587831033,0.8262650947427491,-0.5632789062477983,0.0,0.44412888060279604,0.25835270713971176,0.19386661767966218,1.0
2025-12-16 18:46:31.482,0.009759238753972593,-0.5632358927032027,-0.8262268655345075,0.0,-0.9999413189953681,-0.00689514915655128,-0.007110723248784047,0.0,-0.001691975493987174,0.8262636850942395,-0.5632809777663498,0.0,0.44434039057663766,0.25813824864728735,0.19322812916511742,1.0
2025-12-16 18:46:31.532,0.009759441781883307,-0.5632380512281289,-0.8262253916735156,0.0,-0.9999413192193394,-0.006894204649393084,-0.007111607508003738,0.0,-0.0016906715334808324,0.8262622215501599,-0.5632831285142139,0.0,0.44455647343482535,0.25791052311513374,0.1925669381019997,1.0
2025-12-16 18:46:31.582,0.009759591332703784,-0.5632402105038276,-0.8262239179240884,0.0,-0.9999413199458158,-0.006893238684813221,-0.007112441680740906,0.0,-0.0016893780496580423,0.8262607576639932,-0.5632852797174173,0.0,0.4447168307797017,0.25768894202966935,0.1918893007332755,1.0
2025-12-16 18:46:31.632,0.009759677007718275,-0.5632422765724467,-0.8262225084608872,0.0,-0.9999413211734232,-0.0068922949767082,-0.007113183612949125,0.0,-0.0016881560151075087,0.8262593571211886,-0.5632873377761558,0.0,0.4448047866457959,0.25747753883349916,0.19122418629872515,1.0
2025-12-16 18:46:31.682,0.009759749886707712,-0.5632441315804968,-0.8262212430236161,0.0,-0.9999413222146174,-0.006891493980719203,-0.007113813295608995,0.0,-0.0016871176133705628,0.8262580992581579,-0.5632891859821695,0.0,0.44488841355246866,0.2572917067439521,0.19062756423583743,1.0
2025-12-16 18:46:31.732,0.009759836285956388,-0.5632458930075804,-0.8262200412160025,0.0,-0.9999413229636376,-0.006890777775829444,-0.007114401772647558,0.0,-0.0016861735823730374,0.8262569044749833,-0.563290941366953,0.0,0.4449874188625418,0.2571042869427811,0.19004561217275825,1.0
2025-12-16 18:46:31.782,0.009759928167407497,-0.5632475089009051,-0.8262189385509751,0.0,-0.9999413234694464,-0.006890155974609545,-0.007114932889769402,0.0,-0.001685341577680466,0.8262558081088041,-0.5632925520457674,0.0,0.4450882550673685,0.256931062762596,0.18951540785057486,1.0
2025-12-16 18:46:31.832,0.00976009176859458,-0.5632491677012748,-0.826217805783498,0.0,-0.9999413232889298,-0.006889567881972376,-0.007115527724063454,0.0,-0.0016845010217701264,0.8262546822066196,-0.5632942060663733,0.0,0.4452440578262455,0.2567548916713099,0.18901310823227907,1.0
2025-12-16 18:46:31.882,0.00976026811215004,-0.5632510194740151,-0.8262165413068597,0.0,-0.9999413231726119,-0.006888895726485878,-0.007116194817752775,0.0,-0.0016835480282022155,0.8262534254496667,-0.5632960523550016,0.0,0.4454154394625027,0.2565677977905363,0.1884514968867226,1.0
2025-12-16 18:46:31.932,0.009760402551980973,-0.5632528277401128,-0.826215306978755,0.0,-0.999941323410098,-0.0068882262467582535,-0.007116809484859918,0.0,-0.0016826272919588897,0.8262521983226758,-0.5632978550752186,0.0,0.44556918495315073,0.25640533880806265,0.18789405165262993,1.0
2025-12-16 18:46:31.982,0.009760556769168335,-0.5632545931252365,-0.8262141016444154,0.0,-0.9999413233543923,-0.0068876163173497195,-0.007117407599679543,0.0,-0.0016817655856456498,0.8262509999254315,-0.5632996154683044,0.0,0.44574448628641655,0.2562536824514764,0.187369563906054,1.0
2025-12-16 18:46:32.033,0.009760733654136653,-0.5632563052212491,-0.8262129323656515,0.0,-0.9999413229878522,-0.006887062350969143,-0.007117995131080083,0.0,-0.0016809567058898107,0.8262498373837539,-0.5633013231014756,0.0,0.44594344818508436,0.25611836237440166,0.18688867150276436,1.0
2025-12-16 18:46:32.082,0.00976094575923144,-0.5632579982396204,-0.8262117756714615,0.0,-0.9999413222386679,-0.006886546828465267,-0.007118599129891544,0.0,-0.001680170535707205,0.8262486875216749,-0.5633030120598331,0.0,0.44617836700340974,0.25599238774250327,0.1864404821362042,1.0
2025-12-16 18:46:32.132,0.009761140062004469,-0.5632594922574852,-0.8262107548487482,0.0,-0.9999413215575473,-0.006886071250103565,-0.007119154843976302,0.0,-0.0016794469173271082,0.8262476729841456,-0.5633045023309652,0.0,0.44638640201223806,0.25587485760371165,0.18604330111409728,1.0
2025-12-16 18:46:32.182,0.009761310188202586,-0.563260771387542,-0.8262098808054337,0.0,-0.9999413209966618,-0.006885636907173898,-0.007119653716420965,0.0,-0.0016787919259689723,0.8262468045927935,-0.5633057780263462,0.0,0.44654689850597334,0.2557581623191614,0.18569225391887265,1.0
2025-12-16 18:46:32.232,0.00976141776365108,-0.5632617380628939,-0.8262092205118627,0.0,-0.9999413208214777,-0.0068852751466868655,-0.00712002817139585,0.0,-0.0016782706809879524,0.8262461486017108,-0.5633067417742852,0.0,0.446625454614617,0.25565399744892237,0.1854039555022502,1.0
2025-12-16 18:46:32.282,0.009761514427381554,-0.5632626105592814,-0.8262086245514721,0.0,-0.9999413206865114,-0.006884938940922076,-0.007120372230688098,0.0,-0.0016777887843220625,0.8262455566001707,-0.5633076115438785,0.0,0.44667193857238574,0.25554825110159346,0.18514190271986125,1.0
2025-12-16 18:46:32.332,0.009761621582187572,-0.5632635093556936,-0.8262080105358476,0.0,-0.9999413203957689,-0.006884635038914936,-0.007120706899983186,0.0,-0.0016773385551542722,0.8262449463985111,-0.5633085079122212,0.0,0.4467489291008382,0.2554590812233911,0.18488850953128314,1.0
2025-12-16 18:46:32.382,0.009761755954646057,-0.5632645317229941,-0.8262073119530995,0.0,-0.9999413198695413,-0.006884332539085751,-0.007121073251907265,0.0,-0.0016768701760556104,0.8262442519416774,-0.5633095279149383,0.0,0.4469017290956327,0.25538900412323584,0.18461775248575496,1.0
2025-12-16 18:46:32.432,0.009761935121886379,-0.5632656875379116,-0.8262065218614097,0.0,-0.9999413189846023,-0.006884017570534267,-0.007121501992595144,0.0,-0.0016763547722462237,0.8262434666112893,-0.5633106813445282,0.0,0.4471182964421278,0.25531715872786775,0.18432689653979692,1.0
2025-12-16 18:46:32.482,0.00976216859333866,-0.5632671036230896,-0.8262055536860177,0.0,-0.999941317759398,-0.006883641667138504,-0.007122037363380091,0.0,-0.0016757258803235919,0.8262425043509611,-0.5633120946212907,0.0,0.4473908426891725,0.2552282376312846,0.18398392944013714,1.0
2025-12-16 18:46:32.532,0.009762415401907937,-0.5632687227527409,-0.8262044469229299,0.0,-0.999941316550763,-0.006883202406771403,-0.007122631575641352,0.0,-0.001675009096410866,0.8262414041917868,-0.56331371041695,0.0,0.4476872278602283,0.25513424488394915,0.18359020264791595,1.0
2025-12-16 18:46:32.582,0.00976266210077971,-0.5632703862289218,-0.8262033099228273,0.0,-0.9999413154205478,-0.006882725014695612,-0.0071232515472186096,0.0,-0.001674245772641731,0.8262402741125799,-0.5633153702283132,0.0,0.4479863809751352,0.2550322782160666,0.18317547516601976,1.0
2025-12-16 18:46:32.633,0.009762896384778551,-0.563272205588371,-0.826202066789354,0.0,-0.9999413146104776,-0.0068821434360261235,-0.0071239271476137385,0.0,-0.0016733631913249507,0.8262390386236712,-0.5633171849942636,0.0,0.4482635774445797,0.2549065091596726,0.18269248092867388,1.0
2025-12-16 18:46:32.682,0.009763095621542766,-0.5632740227660771,-0.8262008255515204,0.0,-0.999941314151086,-0.006881537491631927,-0.007124576952984369,0.0,-0.0016724750361631082,0.826237804818836,-0.56331899729674,0.0,0.4485053915555086,0.25478222458553396,0.1821936440900158,1.0
2025-12-16 18:46:32.732,0.009763293913388175,-0.5632759150279021,-0.8261995331290432,0.0,-0.9999413137928561,-0.006880885812807477,-0.007125256616875774,0.0,-0.0016715313875353538,0.8262365202000072,-0.5633208842840851,0.0,0.4487189761374994,0.2546368795169523,0.18166381698098394,1.0
2025-12-16 18:46:32.782,0.009763456783862102,-0.5632778412807274,-0.826198217944678,0.0,-0.9999413137588269,-0.006880224725348191,-0.00712589974728872,0.0,-0.0016706001445354302,0.8262352124792025,-0.5633228051078742,0.0,0.4489352588571623,0.25450937633443027,0.18111165653172462,1.0
2025-12-16 18:46:32.832,0.009763697077066376,-0.5632798928163515,-0.8261968164241467,0.0,-0.9999413129661598,-0.006879609215507285,-0.0071266052060089844,0.0,-0.0016696699618299212,0.8262338189593834,-0.5633248517596318,0.0,0.44925304315712705,0.2543872906511913,0.18056414758803793,1.0
2025-12-16 18:46:32.883,0.009764049871812768,-0.5632821832233179,-0.8261952507092266,0.0,-0.99994131118546,-0.006879003983283815,-0.007127439239259174,0.0,-0.001668673012243637,0.826232262492949,-0.5633271375907263,0.0,0.4497217043098326,0.25427235383670366,0.18000002411257227,1.0
2025-12-16 18:46:32.932,0.009764441341954493,-0.5632842532429085,-0.8261938347839849,0.0,-0.9999413087513103,-0.006878554716558549,-0.0071282142880330565,0.0,-0.0016678407479575545,0.8262308549707259,-0.5633292044635915,0.0,0.45023746758816563,0.2541820668996375,0.17953324372906718,1.0
2025-12-16 18:46:32.982,0.009764833379658206,-0.5632862050764379,-0.8261924994218122,0.0,-0.9999413061844943,-0.006878167340269406,-0.0071289481198028625,0.0,-0.001667084230245451,0.8262295275009587,-0.5633311536882297,0.0,0.4507362446524515,0.25407248303460783,0.17908349187636174,1.0
2025-12-16 18:46:33.033,0.009765155798535317,-0.563287818390691,-0.8261913956742072,0.0,-0.999941304109211,-0.006877830851475446,-0.007129563826578508,0.0,-0.001666440300580724,0.8262284303934129,-0.5633327647016121,0.0,0.4511807765798205,0.25396189530459123,0.1786688644398419,1.0
2025-12-16 18:46:33.082,0.009765406327240883,-0.5632891206363273,-0.8261905048554027,0.0,-0.9999413025399886,-0.006877548143106752,-0.007130056618188358,0.0,-0.0016659137239755705,0.8262275449118417,-0.5633340649742521,0.0,0.4515551411498349,0.2538524415102111,0.17829180821359006,1.0
2025-12-16 18:46:33.132,0.009765657008199652,-0.563290421537213,-0.8261896149485514,0.0,-0.9999413008992779,-0.006877300070172686,-0.007130525984300457,0.0,-0.0016654289740515435,0.8262266600556891,-0.563335364201071,0.0,0.451915017343136,0.2537348132307104,0.17791824715917917,1.0
2025-12-16 18:46:33.182,0.009765894042052218,-0.5632916882247155,-0.8261887485264595,0.0,-0.999941299314333,-0.006877082334933281,-0.0071309582336707335,0.0,-0.0016649906019362223,0.8262257982698774,-0.5633366294495674,0.0,0.4522956769027509,0.2536518443547683,0.1775526420656412,1.0
2025-12-16 18:46:33.232,0.009766113370961425,-0.5632929307368837,-0.8261878987934198,0.0,-0.9999412978556742,-0.006876877440892159,-0.007131360359756934,0.0,-0.0016645800942872977,0.8262249528565491,-0.5633378705983676,0.0,0.4526732804906161,0.25359016103551363,0.17717211929940163,1.0
2025-12-16 18:46:33.282,0.009766336962250434,-0.5632942316256593,-0.8261870092060309,0.0,-0.9999412963922429,-0.006876657046831347,-0.007131778072074402,0.0,-0.001664147309615839,0.826224067769301,-0.5633391699966205,0.0,0.45305578062520274,0.2535270948011597,0.17675633954830577,1.0
2025-12-16 18:46:33.332,0.0097665451321588,-0.563295520972406,-0.8261861276672561,0.0,-0.9999412951033332,-0.0068764158795894875,-0.007132191313181626,0.0,-0.0016637000177349513,0.82622319072107,-0.5633404576425745,0.0,0.4534086643420173,0.25345309699569,0.17630844351859953,1.0
2025-12-16 18:46:33.382,0.009766745209507356,-0.5632969089869293,-0.8261851789490006,0.0,-0.9999412940002338,-0.006876117847508524,-0.00713263329309577,0.0,-0.0016631883889104253,0.8262222468726675,-0.5633418434459345,0.0,0.45375487396326775,0.2533776671505897,0.1758121388948488,1.0
2025-12-16 18:46:33.432,0.009766955435168574,-0.5632984734519583,-0.8261841098020641,0.0,-0.9999412929599527,-0.006875746432650611,-0.007133137162589259,0.0,-0.00166257918087541,0.8262211833292898,-0.5633434050811417,0.0,0.45413067772842686,0.2532983519499035,0.17527181586856252,1.0
2025-12-16 18:46:33.482,0.009767206634654224,-0.563300234945302,-0.8261829058303808,0.0,-0.9999412916562633,-0.0068753315824251916,-0.007133719762089551,0.0,-0.0016618874037786328,0.8262199858103563,-0.5633451634458149,0.0,0.45456600202123326,0.253223803767201,0.17472471797358158,1.0
2025-12-16 18:46:33.532,0.00976748773443665,-0.5633021109363034,-0.8261816234335343,0.0,-0.9999412901346938,-0.006874897401008854,-0.007134351456030573,0.0,-0.0016611506426584708,0.8262187103824986,-0.5633470361974254,0.0,0.45503312568218274,0.25315018803427164,0.17417403564257228,1.0
2025-12-16 18:46:33.582,0.009767766218435156,-0.5633041267352329,-0.8261802457377972,0.0,-0.9999412887710184,-0.006874396792097167,-0.007135024940965523,0.0,-0.0016603338039600207,0.8262173401798697,-0.5633490481732983,0.0,0.4555055837022616,0.25307398881263204,0.17357653764763656,1.0
2025-12-16 18:46:33.632,0.00976798752312761,-0.563306114648944,-0.8261788877235164,0.0,-0.9999412880328353,-0.006873830036828347,-0.007135674394689746,0.0,-0.0016594761856138006,0.8262159895323145,-0.5633510315779385,0.0,0.455918504705962,0.2529984624422702,0.1729758579561003,1.0
2025-12-16 18:46:33.682,0.009768213255904134,-0.5633081683930014,-0.8261774847650578,0.0,-0.9999412872936134,-0.006873244927103319,-0.007136341567745596,0.0,-0.0016585926415428217,0.8262145941464768,-0.5633530806606298,0.0,0.45636230299656727,0.25293223860673264,0.1723847918814353,1.0
2025-12-16 18:46:33.732,0.009768448881098082,-0.5633099799038767,-0.8261762468434685,0.0,-0.9999412862218413,-0.006872780461830146,-0.007136939045691676,0.0,-0.0016578508956972909,0.8262133629063256,-0.5633548885786188,0.0,0.45679659352341945,0.25288002806799026,0.17188173159995623,1.0
2025-12-16 18:46:33.783,0.00976868632068089,-0.5633115939117905,-0.8261751435581527,0.0,-0.9999412849785595,-0.006872391685587522,-0.00713748759405078,0.0,-0.0016572015805634884,0.8262122656906836,-0.5633564996564685,0.0,0.45717735898328976,0.2528226033130377,0.17144330076170056,1.0
2025-12-16 18:46:33.832,0.009768848452205534,-0.56331289353078,-0.8261742555194432,0.0,-0.999941284289212,-0.0068720481909164705,-0.007137914885412734,0.0,-0.0016566617060174266,0.826211382448945,-0.5633577965944865,0.0,0.45744868989849213,0.2527729595379651,0.17107229482081407,1.0
2025-12-16 18:46:33.882,0.009768961457796493,-0.5633141110325373,-0.8261734240490108,0.0,-0.9999412840522378,-0.006871689903429608,-0.007138293006111389,0.0,-0.0016561382832859853,0.8262105553160972,-0.5633590111911345,0.0,0.45766620447492723,0.2527236958081495,0.17070515510282783,1.0
2025-12-16 18:46:33.932,0.009769070351465688,-0.5633152599539394,-0.8261726393851966,0.0,-0.9999412837909751,-0.006871360732410478,-0.007138646464814847,0.0,-0.0016556536198795509,0.826209774697756,-0.563360157452561,0.0,0.45787785069777676,0.25267569726397704,0.1703576800639898,1.0
2025-12-16 18:46:33.982,0.009769258037871617,-0.563316468339906,-0.8261718132420481,0.0,-0.9999412827939687,-0.0068710593515477385,-0.007139076197143014,0.0,-0.0016551482395104097,0.8262089533015948,-0.5633613635745607,0.0,0.45814302407354485,0.25260759470945376,0.17001930384843736,1.0
2025-12-16 18:46:34.032,0.009769568126396557,-0.5633177692650839,-0.8261709225517693,0.0,-0.999941280709253,-0.006870773575918468,-0.007139643213482635,0.0,-0.0016545773112336128,0.8262080686775023,-0.5633626626127373,0.0,0.45842620025564035,0.25247890946124607,0.16969546246632472,1.0
2025-12-16 18:46:34.082,0.009769911204358845,-0.563319103399661,-0.8261700088246179,0.0,-0.9999412782912775,-0.00687051192847022,-0.007140233627493759,0.0,-0.001654012740340717,0.8262071612066205,-0.5633639951334769,0.0,0.45874487410824477,0.25233401930631305,0.16936643048528383,1.0
2025-12-16 18:46:34.133,0.009770225752635149,-0.5633203185646101,-0.8261691765505521,0.0,-0.9999412760012001,-0.006870308343268526,-0.007140750210476574,0.0,-0.0016535391390030268,0.8262063343665972,-0.5633652091324298,0.0,0.45905953886298817,0.2521782711902906,0.16905704110648045,1.0
2025-12-16 18:46:34.182,0.00977053457417368,-0.5633215422732605,-0.8261683385159578,0.0,-0.9999412736312968,-0.00687016930815617,-0.0071412158282497945,0.0,-0.001653147476778422,0.8262055011617869,-0.5633664322210018,0.0,0.4593666699842882,0.25197915298331236,0.16876511499071065,1.0
2025-12-16 18:46:34.232,0.009770801962644248,-0.5633227540562089,-0.8261675091001478,0.0,-0.9999412715072673,-0.006870086176415883,-0.0071415932092227605,0.0,-0.0016528518512243205,0.8262046756207808,-0.5633676437843391,0.0,0.45965427695421723,0.2517599607748822,0.16847459837686285,1.0
2025-12-16 18:46:34.282,0.009771038301076798,-0.5633238960836794,-0.8261667276118247,0.0,-0.9999412696088746,-0.006870023751754687,-0.0071419190593718825,0.0,-0.0016526031892954841,0.8262038974667096,-0.5633687857110273,0.0,0.4599305094762957,0.25157335869482855,0.1681717850637688,1.0
2025-12-16 18:46:34.332,0.00977126864377607,-0.5633250519554642,-0.8261659367522197,0.0,-0.9999412677420597,-0.00686997151683236,-0.007142230671782205,0.0,-0.0016523708026635901,0.8262031097860255,-0.5633699415576157,0.0,0.4602261261153167,0.25142582884627684,0.16783485668699846,1.0
2025-12-16 18:46:34.382,0.009771493748220386,-0.5633261975930999,-0.8261651529303549,0.0,-0.9999412659095516,-0.006869924631655734,-0.007142532321764872,0.0,-0.0016521485689058705,0.8262023290365286,-0.5633710872060458,0.0,0.46050977852125047,0.25130499877587775,0.16747852814212447,1.0
2025-12-16 18:46:34.432,0.00977170067570486,-0.5633272843038507,-0.8261644095008943,0.0,-0.9999412642288406,-0.006869879866809073,-0.007142810668922041,0.0,-0.001651941912084758,0.8262015884458419,-0.5633721739112492,0.0,0.460762688268963,0.2511881839501256,0.16711343912003634,1.0
2025-12-16 18:46:34.483,0.009771927748656461,-0.5633285163291079,-0.8261635667467608,0.0,-0.9999412623970976,-0.006869824737601881,-0.007143120115316778,0.0,-0.0016517074521070932,0.8262007488575511,-0.5633734058772337,0.0,0.4610187031010785,0.25105622705938074,0.16667125945464098,1.0
2025-12-16 18:46:34.532,0.009772133571660822,-0.5633297352452968,-0.8261627331798074,0.0,-0.9999412608257822,-0.006869731076125176,-0.0071434301491302855,0.0,-0.0016514409827652894,0.8261999185253207,-0.5633746243588129,0.0,0.46124630864335875,0.250949062178554,0.1662117279172475,1.0
2025-12-16 18:46:34.582,0.009772310898946245,-0.5633309949185619,-0.8261618721563989,0.0,-0.9999412596367283,-0.006869569728617263,-0.007143751749962564,0.0,-0.0016511115961604236,0.8261990609631349,-0.5633758829539396,0.0,0.4614897215390312,0.2508808889245884,0.16573802907621665,1.0
2025-12-16 18:46:34.632,0.009772470627013832,-0.5633323476203083,-0.8261609479052159,0.0,-0.9999412586707188,-0.006869373652540374,-0.007144075506954787,0.0,-0.0016507512034641474,0.8261981402554002,-0.5633772342391751,0.0,0.461727247440128,0.2508292261280332,0.16526958691664811,1.0
2025-12-16 18:46:34.682,0.009772614075331199,-0.563333800706869,-0.8261599553939276,0.0,-0.9999412578909305,-0.006869155620685679,-0.007144394289973944,0.0,-0.0016503742868793677,0.826197151279292,-0.5633786856837024,0.0,0.46192020342775636,0.2507660539771701,0.16480044523644544,1.0
2025-12-16 18:46:34.732,0.009772722995774575,-0.5633351586146234,-0.8261590281871242,0.0,-0.9999412574030085,-0.006868940057185444,-0.007144669830661646,0.0,-0.0016500248981074612,0.826196227177015,-0.5633800419044872,0.0,0.4620378859870843,0.250681344282443,0.16436623279242074,1.0
2025-12-16 18:46:34.782,0.009772826812673326,-0.5633364321741365,-0.8261581585523514,0.0,-0.9999412568918956,-0.006868757417271498,-0.007144916948928121,0.0,-0.0016497197194227328,0.8261953603111583,-0.5633813140539563,0.0,0.462112839782484,0.25058633590427976,0.16397455334014477,1.0
2025-12-16 18:46:34.832,0.009773027790643847,-0.5633377887366682,-0.8261572311674652,0.0,-0.9999412554622714,-0.006868614610502391,-0.007145254304604274,0.0,-0.0016493956246289923,0.8261944365148267,-0.5633826697423533,0.0,0.4622298547707868,0.2504604530069349,0.163605956791842,1.0
2025-12-16 18:46:34.882,0.009773331995563045,-0.5633391597768693,-0.8261562926860776,0.0,-0.9999412531351783,-0.006868474177047305,-0.00714571494929675,0.0,-0.001649003855411907,0.8261935028237057,-0.5633840401344186,0.0,0.46238699186782667,0.2502871732761954,0.16326768264022995,1.0
2025-12-16 18:46:34.932,0.009773718335143068,-0.5633405832606533,-0.826155317469216,0.0,-0.9999412500902666,-0.006868337762093616,-0.007146272140727554,0.0,-0.0016485603883275456,0.8261925333364039,-0.5633854631669348,0.0,0.4625620955375411,0.25003029942301364,0.16292967305955877,1.0
2025-12-16 18:46:34.982,0.00977411325455217,-0.5633421195176128,-0.8261542652487485,0.0,-0.999941246837246,-0.006868269266548876,-0.007146793131513201,0.0,-0.0016481920917807659,0.8261914863845248,-0.5633869995736132,0.0,0.46275083477493495,0.24972052359733285,0.1625596658126894,1.0
2025-12-16 18:46:35.032,0.009774526018037565,-0.5633438894345932,-0.8261530534828495,0.0,-0.9999412432560442,-0.0068682897894883415,-0.007147274454833626,0.0,-0.0016479169190556887,0.8261902793626037,-0.5633887704388248,0.0,0.4629619981606071,0.24928095068105344,0.16214794970261232,1.0
2025-12-16 18:46:35.082,0.009774896728187172,-0.5633458223723758,-0.8261517310462728,0.0,-0.9999412397510485,-0.006868455821114253,-0.007147605261771641,0.0,-0.0016478448281618192,0.8261889599658391,-0.5633907054948522,0.0,0.46321524536790526,0.24884585348824462,0.16168819595034875,1.0
2025-12-16 18:46:35.132,0.009775295726364888,-0.5633482205679159,-0.8261500910110906,0.0,-0.9999412357939258,-0.006868729782889864,-0.007147895585041201,0.0,-0.0016478792034078783,0.8261873224161981,-0.5633931067850265,0.0,0.4634945282146153,0.24826310667154905,0.1611859513300779,1.0
2025-12-16 18:46:35.182,0.009775537806935878,-0.5633509759278619,-0.8261482092717499,0.0,-0.9999412331901363,-0.006869008945181468,-0.007147991571686948,0.0,-0.0016480231412514782,0.8261854412687899,-0.5633958649610599,0.0,0.4638033832098324,0.2474577478544697,0.1608203030711293,1.0
2025-12-16 18:46:35.232,0.009775420892482421,-0.5633538594219331,-0.8261462443913885,0.0,-0.9999412337286946,-0.006869270983345542,-0.007147664408876415,0.0,-0.001648389830616542,0.8261834728770711,-0.5633987504030767,0.0,0.4641392770238928,0.24648379903628964,0.16056491493019945,1.0
2025-12-16 18:46:35.282,0.009775017234513688,-0.5633567593626572,-0.8261442716739483,0.0,-0.9999412367372238,-0.006869538455006147,-0.00714698643169693,0.0,-0.0016489584758379258,0.8261814932104743,-0.5634016517658217,0.0,0.46450686585226947,0.24544345720457691,0.1603468910840863,1.0
2025-12-16 18:46:35.332,0.00977463419346554,-0.5633595555874705,-0.8261423694230191,0.0,-0.9999412395572741,-0.006869809859071526,-0.007146330972685908,0.0,-0.0016495189119561172,0.826179584219875,-0.563404449490447,0.0,0.464867845489401,0.24445172307327917,0.1601263587531115,1.0
2025-12-16 18:46:35.382,0.00977440184040181,-0.5633623449838403,-0.8261404700316884,0.0,-0.9999412408380658,-0.006870199069143748,-0.0071457775775300506,0.0,-0.0016501192452923466,0.8261776788920057,-0.5634072417062936,0.0,0.4651937218157705,0.2435501640352528,0.15984601018463254,1.0
2025-12-16 18:46:35.432,0.009774343504360457,-0.5633646158882935,-0.8261389221404006,0.0,-0.9999412403977032,-0.006870691728981582,-0.007145365510373129,0.0,-0.0016507315449044763,0.8261761262534342,-0.5634095166876721,0.0,0.4654219432480041,0.24290548514041763,0.1595249870455361,1.0
2025-12-16 18:46:35.482,0.00977457908552629,-0.563366455236085,-0.8261376650532509,0.0,-0.9999412367885542,-0.006871494028967001,-0.0071450990752409595,0.0,-0.0016515226911184159,0.826174865313242,-0.563411363390416,0.0,0.46551924958747415,0.24257549985984259,0.15904287497710465,1.0
2025-12-16 18:46:35.532,0.009774971102710306,-0.5633686273151637,-0.8261361792090806,0.0,-0.9999412312793939,-0.006872572389563567,-0.007144832916751318,0.0,-0.0016525377990190128,0.8261733751756882,-0.5634135455148682,0.0,0.46550565902314195,0.2425203497968835,0.15836386362302876,1.0
2025-12-16 18:46:35.582,0.009775343439903642,-0.5633720834535585,-0.8261338179417648,0.0,-0.9999412251236351,-0.006874069295940606,-0.007144254388408756,0.0,-0.0016540594785021548,0.8261710059210192,-0.563417015240659,0.0,0.4654622149332592,0.24249347399063667,0.15747748659253213,1.0
2025-12-16 18:46:35.632,0.0097757873521267,-0.5633763401222524,-0.8261309098885663,0.0,-0.9999412178853165,-0.0068758032468557075,-0.007143598879329323,0.0,-0.001655810880092198,0.8261680887660825,-0.5634212876657464,0.0,0.4654694518658744,0.24235545577398537,0.1565280038380817,1.0
2025-12-16 18:46:35.682,0.009776418367806312,-0.563381218324537,-0.826127575731658,0.0,-0.9999412087920578,-0.006877659149641064,-0.007143085139349402,0.0,-0.0016575757850694746,0.8261647467138121,-0.5634261830353817,0.0,0.4655386256996722,0.24207661811100667,0.15556995577002689,1.0
2025-12-16 18:46:35.732,0.009777218138160116,-0.5633861643585143,-0.8261241932761008,0.0,-0.9999411983353026,-0.006879466303254659,-0.0071428087157605095,0.0,-0.0016591658889122459,0.8261613587634806,-0.5634311461524226,0.0,0.46566600489427196,0.24163939018405087,0.15470345130572663,1.0
2025-12-16 18:46:35.782,0.00977792550753961,-0.5633904100927281,-0.8261212894542331,0.0,-0.9999411893322275,-0.006880940060376422,-0.007142649504493707,0.0,-0.001660422810134541,0.8261584511145976,-0.5634354059233592,0.0,0.4658561014732014,0.24096530070892985,0.15400792028061117,1.0
2025-12-16 18:46:35.832,0.009778259610188706,-0.5633941769313442,-0.8261187166140574,0.0,-0.9999411836874788,-0.006882343408960106,-0.007142087656539735,0.0,-0.0016618541033208173,0.8261558706052996,-0.563439185454241,0.0,0.4661324132759144,0.24016407212690033,0.15346346947671227,1.0
2025-12-16 18:46:35.882,0.00977836706788912,-0.5633977812193426,-0.8261162572881712,0.0,-0.9999411799058587,-0.006883792007598377,-0.007141220993915551,0.0,-0.0016634964535599994,0.826153400545375,-0.563442802373819,0.0,0.46641106565297713,0.23935953763956655,0.15298191723422652,1.0
2025-12-16 18:46:35.932,0.00977847362246504,-0.5634009104306629,-0.8261141219472787,0.0,-0.9999411758964993,-0.006885352008467311,-0.00714027840174226,0.0,-0.001665279238288544,0.8261512535203751,-0.5634459451906378,0.0,0.46657622804223703,0.23872919327530773,0.15250684675981596,1.0
2025-12-16 18:46:35.985,0.009778870609891266,-0.5634039936359563,-0.8261120145270002,0.0,-0.9999411684109958,-0.00688738878725865,-0.007139362279226045,0.0,-0.0016674415091591035,0.826149133875347,-0.5634490467077102,0.0,0.46656123770369506,0.23834282765962994,0.151905270718469,1.0
2025-12-16 18:46:36.032,0.009779385215703006,-0.563406926570037,-0.8261100081822739,0.0,-0.9999411601990198,-0.0068892784161379735,-0.00713868923205247,0.0,-0.0016693470288596623,0.8261471179178176,-0.5634519969230574,0.0,0.4664156325390951,0.23828131495299135,0.15134254838690153,1.0
2025-12-16 18:46:36.082,0.00977992454046814,-0.5634106314346923,-0.8261074750681976,0.0,-0.9999411510325935,-0.006891538969111835,-0.007137791217028478,0.0,-0.0016716765854264983,0.8261445723988795,-0.5634557223005782,0.0,0.4662382374700516,0.2382709744955866,0.15070861384114181,1.0
2025-12-16 18:46:36.133,0.009780376438959511,-0.5634140429627557,-0.826105143023745,0.0,-0.9999411430941226,-0.006893560879432867,-0.007136950835571031,0.0,-0.0016737799970028687,0.8261422288948443,-0.5634591521105855,0.0,0.46610602731528483,0.2382280844226403,0.15015036977658133,1.0
2025-12-16 18:46:36.182,0.009780780052392723,-0.5634169445467377,-0.8261031593211546,0.0,-0.9999411362342198,-0.006895249986855064,-0.0071362802246286,0.0,-0.00167551885779067,0.8261402359251216,-0.5634620690180853,0.0,0.46607204808366653,0.23806782513618657,0.149684582384795,1.0
2025-12-16 18:46:36.232,0.009781120579888308,-0.5634190044897057,-0.8261017503681004,0.0,-0.9999411311041444,-0.006896346508926147,-0.007135939475757828,0.0,-0.0016765922862354073,0.8261388218870085,-0.5634641390625067,0.0,0.46610433752527664,0.23792589377834392,0.1493804269905946,1.0
2025-12-16 18:46:36.282,0.009781369184200035,-0.5634204379557434,-0.8261007697683432,0.0,-0.9999411275218515,-0.006897065769109005,-0.007135746303890429,0.0,-0.0016772783261301558,0.8261378382512451,-0.5634655792033586,0.0,0.4661344248636027,0.23782165503725386,0.14917942635514284,1.0
2025-12-16 18:46:36.332,0.009781416017930462,-0.5634211127671516,-0.8261003089759241,0.0,-0.9999411262466041,-0.006897500401192926,-0.007135504894328446,0.0,-0.0016777654070521857,0.8261373743964071,-0.5634662578439364,0.0,0.4660805524137533,0.23776198593367365,0.14905836061677188,1.0
2025-12-16 18:46:36.382,0.009781345515650682,-0.5634214675053167,-0.8261000678702713,0.0,-0.9999411260932249,-0.006897878784548048,-0.007135160607550491,0.0,-0.0016782677835393536,0.8261371293028669,-0.5634666156964983,0.0,0.46595610130298754,0.23772888847535883,0.14895614008626526,1.0
2025-12-16 18:46:36.433,0.009781499871173311,-0.5634227445979475,-0.8260991950311988,0.0,-0.9999411231349224,-0.006898689594532363,-0.007134791290314526,0.0,-0.001679130558357325,0.8261362515433058,-0.5634679000675582,0.0,0.4658725648950057,0.2377031716413777,0.14874606070919286,1.0
2025-12-16 18:46:36.483,0.009781850684734347,-0.5634248882823623,-0.8260977288205055,0.0,-0.999941117651372,-0.0068999149223702904,-0.007134374912896465,0.0,-0.0016803520101449122,0.8261347792906841,-0.5634700549838074,0.0,0.4658291612886874,0.23767775245969033,0.14843818865031605,1.0
2025-12-16 18:46:36.532,0.009782308540710952,-0.5634276206434568,-0.8260958598352106,0.0,-0.9999411106573297,-0.006901432459610346,-0.007133887341375934,0.0,-0.0016818479919121325,0.8261329030985087,-0.5634728013004373,0.0,0.4658089466322705,0.2376247433614884,0.1480596866153545,1.0
2025-12-16 18:46:36.582,0.009782817200678421,-0.5634307604047504,-0.8260937123707885,0.0,-0.999941102817127,-0.006903152269305241,-0.007133322285081555,0.0,-0.0016835498994680505,0.8261307473431827,-0.5634759568552419,0.0,0.46577916603717495,0.23756628948382058,0.1476281913319187,1.0
2025-12-16 18:46:36.632,0.009783366064335178,-0.5634345459870264,-0.8260911239312847,0.0,-0.9999410938621179,-0.006905252381321572,-0.0071325448887393445,0.0,-0.0016856779641204673,0.8261281479180985,-0.5634797615773027,0.0,0.46571616772683605,0.2374697557638813,0.14711020140162273,1.0
2025-12-16 18:46:36.682,0.009783883820741066,-0.5634385744392053,-0.8260883701835456,0.0,-0.9999410847865232,-0.006907542674621034,-0.0071315994950536254,0.0,-0.0016880549173746882,0.8261253812253603,-0.5634838107398021,0.0,0.4656215259500922,0.2372820824313672,0.14655167855355453,1.0
2025-12-16 18:46:36.732,0.009784271242615472,-0.5634422140355337,-0.8260858831745008,0.0,-0.9999410770022417,-0.0069097454422013165,-0.007130556971886781,0.0,-0.0016904189043875746,0.8261228804468134,-0.5634874700347716,0.0,0.4654923711014016,0.23701173877631723,0.14601981625075405,1.0
2025-12-16 18:46:36.782,0.009784612355288587,-0.5634457072732163,-0.8260834965169384,0.0,-0.9999410696890824,-0.006911909266796286,-0.0071294852934772985,0.0,-0.0016927688820921373,0.8261204797887453,-0.563490982542867,0.0,0.4653344376297741,0.23675669817012968,0.1454835778968197,1.0
2025-12-16 18:46:36.832,0.009784937508739823,-0.5634488214509176,-0.8260813685737807,0.0,-0.9999410630935942,-0.006913784393582683,-0.007128592134489783,0.0,-0.0016947842669411434,0.8261183400600535,-0.5634941134765388,0.0,0.4651749660719911,0.23663498976758773,0.14502618048931298,1.0
2025-12-16 18:46:36.882,0.009785315471709265,-0.5634521148841419,-0.8260791177211269,0.0,-0.9999410559766003,-0.006915691089435736,-0.0071277409019371496,0.0,-0.0016967999767077322,0.8261160777820671,-0.5634974240400864,0.0,0.46502858062175595,0.2365500390264596,0.14456699900187933,1.0
2025-12-16 18:46:36.932,0.009785621689314633,-0.5634548545360231,-0.8260772454251183,0.0,-0.9999410502525622,-0.006917214536116204,-0.0071270656004039125,0.0,-0.0016984065184537582,0.8261141964060936,-0.5635001773838341,0.0,0.46490032569005485,0.2364862896697534,0.14418043259585067,1.0
2025-12-16 18:46:36.982,0.009785905971075353,-0.5634572756581464,-0.8260755906413367,0.0,-0.9999410457462637,-0.00691823404955893,-0.007126708266238728,0.0,-0.0016994213737066928,0.8261125364946155,-0.5635026078142203,0.0,0.46482633433214543,0.2364415529442333,0.14380739376896054,1.0
2025-12-16 18:46:37.032,0.00978481663755993,-0.563460800548166,-0.826073199244593,0.0,-0.9999410546076909,-0.006918524671463218,-0.007125182638889739,0.0,-0.001700479435146211,0.8261101298213606,-0.5635061328647855,0.0,0.46470321372089485,0.2371021222900765,0.14289241944507064,1.0
2025-12-16 18:46:37.082,0.009780184449562055,-0.5634653642792674,-0.8260701411811066,0.0,-0.9999410945170858,-0.006918578160648036,-0.007119527611881882,0.0,-0.0017036564192791143,0.8261070165337591,-0.5635106873773529,0.0,0.4643097322074021,0.23849093514397146,0.14109710474081194,1.0
2025-12-16 18:46:37.132,0.009775158313635159,-0.5634708821168394,-0.8260664369090557,0.0,-0.9999411395315184,-0.006917795529552281,-0.007113963636974812,0.0,-0.0017060801858196303,0.8261032594200367,-0.5635161879360621,0.0,0.4639471150801224,0.23966921294097665,0.138990888856697,1.0
2025-12-16 18:46:37.182,0.009771082695243303,-0.5634755736654813,-0.826063284940402,0.0,-0.9999411759523782,-0.00691719067905531,-0.007109431010481531,0.0,-0.0017080794236552935,0.826100064378861,-0.5635208657165449,0.0,0.4636751997904004,0.24059480025270924,0.1368874372894682,1.0
2025-12-16 18:46:37.232,0.009769225918978282,-0.5634791482591343,-0.8260608685825235,0.0,-0.9999411916909409,-0.006917336967581123,-0.007107074657441788,0.0,-0.0017094859220301403,0.8260976248967974,-0.5635244376224982,0.0,0.46332329159310354,0.24096257424279657,0.13541077625904344,1.0
2025-12-16 18:46:37.282,0.009768761467056596,-0.5634814958620862,-0.8260592727048307,0.0,-0.9999411953461786,-0.00691752169184831,-0.0071063805489617275,0.0,-0.0017100019186297446,0.8260960220200636,-0.5635267857840165,0.0,0.46305988381703955,0.24087881067241496,0.13455895830818038,1.0
2025-12-16 18:46:37.332,0.009768751856371941,-0.5634826681575028,-0.8260584731570025,0.0,-0.9999411952357989,-0.006917625038875113,-0.007106295478780668,0.0,-0.0017101213655225551,0.8260952215133337,-0.5635279589139756,0.0,0.46285446498147964,0.24065626598990156,0.13418403240909701,1.0
2025-12-16 18:46:37.382,0.009768823146881716,-0.5634829073815723,-0.8260583091309861,0.0,-0.9999411946290975,-0.006917623913414304,-0.007106381944013003,0.0,-0.001710068878467944,0.8260950583439254,-0.5635281982688863,0.0,0.46274286377161566,0.24047063154132997,0.13414654866626285,1.0
2025-12-16 18:46:37.432,0.009768889838488913,-0.563482839338773,-0.8260583547566396,0.0,-0.9999411941330754,-0.0069175857851706225,-0.007106488854028907,0.0,-0.0017099779377626452,0.8260951050763807,-0.5635281300381516,0.0,0.46274239664703776,0.24035638238523288,0.1342448490386355,1.0
2025-12-16 18:46:37.485,0.009768910865020759,-0.5634828007454663,-0.8260583808338033,0.0,-0.999941194151381,-0.006917489217496018,-0.0071065802777771124,0.0,-0.0017098471036508056,0.8260951322101898,-0.5635280906587631,0.0,0.46277005868427656,0.2402327559089789,0.13438039165614382,1.0
2025-12-16 18:46:37.532,0.00976889096819677,-0.5634828422111928,-0.8260583527839033,0.0,-0.9999411945719305,-0.00691736908588095,-0.007106638037689893,0.0,-0.001709714829945914,0.8260951049316648,-0.5635281310486124,0.0,0.4628090575660712,0.24008770629860474,0.13452102277400885,1.0
2025-12-16 18:46:37.583,0.009768807297767124,-0.563482964204874,-0.826058270557275,0.0,-0.9999411957130063,-0.006917166585091485,-0.007106674587002818,0.0,-0.0017095255181772172,0.8260950234133251,-0.5635282511234379,0.0,0.4628672119738049,0.23985731679324757,0.13472523196526073,1.0
2025-12-16 18:46:37.632,0.009768532302029806,-0.5634832657889418,-0.8260580680882559,0.0,-0.9999411989176329,-0.006916763802191145,-0.007106615712129898,0.0,-0.0017092224215108187,0.8260948210700975,-0.5635285486644644,0.0,0.4629377055236402,0.23948541988652772,0.13514192855228946,1.0
2025-12-16 18:46:37.682,0.009768064555253069,-0.5634837936628101,-0.8260577135378739,0.0,-0.9999412041978084,-0.00691616114165414,-0.0071064592947597365,0.0,-0.0017088065160334868,0.8260944660434664,-0.5635290703705097,0.0,0.4630044672452305,0.2391039525852214,0.13581133103881968,1.0
2025-12-16 18:46:37.732,0.00976749057798869,-0.5634841659554831,-0.8260574663705128,0.0,-0.999941210794968,-0.00691536201569907,-0.007106308696752194,0.0,-0.0017082268853725485,0.8260942187855994,-0.5635294345905265,0.0,0.4630365101454653,0.2388093962082505,0.13664655902707787,1.0
2025-12-16 18:46:37.782,0.00976690644172206,-0.5634840908049951,-0.826057524540171,0.0,-0.9999412178081608,-0.00691439972663065,-0.007106258225053827,0.0,-0.0017074613408135401,0.8260942781022755,-0.5635293499565485,0.0,0.4629954007160838,0.23868368455068334,0.1375712211392447,1.0
2025-12-16 18:46:37.832,0.009766315544919357,-0.5634838581146913,-0.8260576902529676,0.0,-0.9999412249525549,-0.006913400277676695,-0.007106225312551492,0.0,-0.0017066570678602104,0.826094445189731,-0.5635291074543741,0.0,0.46293811227122517,0.23859276714346633,0.13846544113754816,1.0
2025-12-16 18:46:37.882,0.009765833240875847,-0.5634836256029344,-0.8260578545596499,0.0,-0.9999412308014032,-0.0069125753429308545,-0.0071062048036862405,0.0,-0.0017059899557983894,0.8260946106937818,-0.5635288668568449,0.0,0.46290414643840394,0.2385055783615983,0.1392258693068051,1.0
2025-12-16 18:46:37.932,0.009765540198517015,-0.5634834666343331,-0.8260579664621568,0.0,-0.9999412344526606,-0.006912026553334382,-0.007106224836256501,0.0,-0.0017055272300473808,0.8260947237212489,-0.5635287025669419,0.0,0.4628773998791791,0.23845071369375118,0.13975605192687052,1.0
2025-12-16 18:46:37.982,0.009765414715715562,-0.5634833229103285,-0.8260580659848148,0.0,-0.9999412360915687,-0.006911754330142725,-0.007106258998503216,0.0,-0.0017052848125987373,0.8260948240357225,-0.5635285562463507,0.0,0.46287236093719064,0.23844253902255846,0.14004582964397175,1.0
2025-12-16 18:46:38.032,0.009765421509652289,-0.5634832076423355,-0.8260581445328481,0.0,-0.9999412362139481,-0.006911665737937962,-0.00710632794458643,0.0,-0.001705174140224671,0.8260949034033279,-0.5635284402336745,0.0,0.4629060596948914,0.2385076187207662,0.1401338791436241,1.0
2025-12-16 18:46:38.082,0.009765500157418675,-0.5634831499696755,-0.8260581829436324,0.0,-0.9999412354159458,-0.006911724063526243,-0.007106383504256881,0.0,-0.0017051916892771351,0.8260949422548717,-0.5635283832268106,0.0,0.4629816603732409,0.23865084787489402,0.1400404653248414,1.0
2025-12-16 18:46:38.132,0.009765500795563728,-0.5634830961298408,-0.8260582196621183,0.0,-0.9999412352288797,-0.006911811563942704,-0.007106324722038472,0.0,-0.0017052977309379587,0.8260949782478619,-0.5635283301426054,0.0,0.4630090369695201,0.23878307155179002,0.1399140786448564,1.0
2025-12-16 18:46:38.182,0.009765484286660882,-0.5634830806969048,-0.8260582303846267,0.0,-0.9999412353217679,-0.006911835232145593,-0.0071062886311379,0.0,-0.0017053378034185482,0.8260949885769072,-0.563528314879648,0.0,0.462988026109457,0.2388052022426844,0.13988519947642125,1.0
2025-12-16 18:46:38.233,0.009765493676919756,-0.5634830774777865,-0.8260582324694895,0.0,-0.999941235278743,-0.006911816914417101,-0.007106312501672028,0.0,-0.0017053092580026747,0.8260949909259894,-0.5635283115224329,0.0,0.46300857606074197,0.23880272333487035,0.1399035527158059,1.0
2025-12-16 18:46:38.282,0.009765498576091835,-0.5634830308912137,-0.8260582641898937,0.0,-0.9999412353091759,-0.006911781354070593,-0.007106342806333476,0.0,-0.0017052633563428255,0.8260950230010414,-0.5635282646414412,0.0,0.46302672718619264,0.23880619262351602,0.13994825990085136,1.0
2025-12-16 18:46:38.332,0.009765493439607987,-0.5634829852550176,-0.8260582953806486,0.0,-0.9999412354179401,-0.0069117496778747225,-0.007106358310872372,0.0,-0.0017052289926431576,0.8260950543953215,-0.5635282187234936,0.0,0.4630199431484461,0.23879480642226047,0.13999725285746348,1.0
2025-12-16 18:46:38.382,0.009765462349423389,-0.5634828480081947,-0.8260583893689867,0.0,-0.999941235811671,-0.006911687324810631,-0.007106363553928114,0.0,-0.0017051761549310574,0.8260951485354562,-0.5635280808801485,0.0,0.46297554576040933,0.23877801349792863,0.14010129331606863,1.0
2025-12-16 18:46:38.432,0.009765410547933838,-0.5634827051996543,-0.8260584873959702,0.0,-0.9999412364873157,-0.006911574661776262,-0.007106378059264681,0.0,-0.0017050766056337036,0.8260952468902255,-0.5635279369997077,0.0,0.4629369641752659,0.2387480074543808,0.14025788252401492,1.0
2025-12-16 18:46:38.482,0.00976533405556965,-0.5634825700597226,-0.8260585804837822,0.0,-0.9999412374812853,-0.006911410740121033,-0.007106397623670705,0.0,-0.0017049317734923273,0.8260953404429148,-0.5635278002957375,0.0,0.46291141546564907,0.23872769124098098,0.14045666382431807,1.0
2025-12-16 18:46:38.532,0.009765251138873351,-0.5634824383709136,-0.8260586712933726,0.0,-0.9999412385782797,-0.006911223692883411,-0.007106425178067684,0.0,-0.001704763295292576,0.8260954318349469,-0.5635276668305997,0.0,0.4628946183988356,0.2387139437846664,0.14066318159250582,1.0
2025-12-16 18:46:38.582,0.009765162780455128,-0.5634823065568964,-0.8260587622526618,0.0,-0.9999412396467543,-0.00691107313599501,-0.007106421253348205,0.0,-0.0017046427010102571,0.826095523007031,-0.5635275335429509,0.0,0.46285719933205566,0.2386859767579355,0.14083308754536045,1.0
2025-12-16 18:46:38.632,0.009765058134611345,-0.5634820775491833,-0.826058919703487,0.0,-0.9999412407468644,-0.006910974306183201,-0.007106362569462376,0.0,-0.0017045968437772111,0.8260956800436751,-0.5635273034758637,0.0,0.4627507559549609,0.2386525580561647,0.14097547406685082,1.0
