timestamp,ee_pose_cmd
2025-12-16 17:56:40.883,0.007760936860914451,-0.5746060667040676,-0.818381563127573,0.0,-0.9999597269702079,-0.005301971674713077,-0.0057602461090082956,0.0,-0.001029183321833185,0.8184090662394595,-0.5746351373512987,0.0,0.49893461514843424,0.26414692238101223,0.2199094118339503,1.0
2025-12-16 17:56:40.932,0.007760868984436274,-0.5746069267048864,-0.8183809599426052,0.0,-0.9999597274541024,-0.005301972842394609,-0.005760161031084192,0.0,-0.0010292250127228373,0.8184084624119045,-0.5746359972612711,0.0,0.4990542165212422,0.2639321522912793,0.21985366718967336,1.0
2025-12-16 17:56:40.982,0.007760799683677138,-0.5746075089224083,-0.8183805518091585,0.0,-0.9999597280010827,-0.005301929858036897,-0.005760105640501696,0.0,-0.0010292161452552548,0.8184080539056086,-0.5746365790798224,0.0,0.49913961315991384,0.2637900659190567,0.21985244485962563,1.0
2025-12-16 17:56:41.032,0.00776071814789576,-0.5746079581842948,-0.8183802371430489,0.0,-0.9999597286940998,-0.005301838283420105,-0.005760069621717828,0.0,-0.0010291576418185301,0.8184077390640746,-0.574637027587483,0.0,0.49920759034091383,0.2636869318820177,0.21989778425762005,1.0
2025-12-16 17:56:41.082,0.00776067015342939,-0.5746084639451341,-0.8183798824889278,0.0,-0.9999597290738399,-0.005301808493095706,-0.0057600311182737784,0.0,-0.0010291505927491047,0.8184073841529109,-0.5746375330702366,0.0,0.4992787107884549,0.26356855791417216,0.21989449100262207,1.0
2025-12-16 17:56:41.132,0.007760639874814071,-0.5746087887683977,-0.8183796547080437,0.0,-0.9999597293005272,-0.005301799982859394,-0.005759999597810737,0.0,-0.001029158661592529,0.8184071561433008,-0.5746378577903515,0.0,0.4993232767010223,0.2634894161982797,0.21988358141271022,1.0
2025-12-16 17:56:41.182,0.007760610755099648,-0.5746091090113892,-0.8183794301319244,0.0,-0.9999597295070616,-0.005301800978746284,-0.005759962825759347,0.0,-0.0010291775712684618,0.8184069312878169,-0.5746381779986299,0.0,0.4993673523960703,0.2634089090521587,0.21986434900874133,1.0
2025-12-16 17:56:41.232,0.007760605294263916,-0.5746091739111073,-0.8183793846156376,0.0,-0.9999597295386045,-0.00530180691622315,-0.005759951884607694,0.0,-0.0010291881023276963,0.8184068856819346,-0.5746382429322355,0.0,0.4993740908827786,0.26339010927824075,0.21985673445367646,1.0
2025-12-16 17:56:41.282,0.007760583447572153,-0.5746094795461928,-0.818379170226989,0.0,-0.9999597296753869,-0.005301822568811335,-0.005759913730623363,0.0,-0.0010292199392431657,0.8184066709877929,-0.5746385486451417,0.0,0.4994130180582302,0.2633107692081404,0.21982740048631944,1.0
2025-12-16 17:56:41.332,0.007760488868137288,-0.5746101132630866,-0.8183787261711526,0.0,-0.9999597303098192,-0.0053018518597002014,-0.005759776625795108,0.0,-0.0010293166895073034,0.8184062258517047,-0.5746391824391379,0.0,0.4994675401971616,0.2631127563513993,0.21978597047846254,1.0
2025-12-16 17:56:41.382,0.0077602599300229825,-0.5746103674659838,-0.8183785498579699,0.0,-0.9999597319115946,-0.005301861168996415,-0.005759489963950654,0.0,-0.001029486631237231,0.8184060473098403,-0.5746394364155313,0.0,0.4993823559164556,0.26287770819480694,0.2198154759123058,1.0
2025-12-16 17:56:41.432,0.00776012255467164,-0.5746102080731239,-0.8183786630755385,0.0,-0.9999597327429847,-0.005301967668793606,-0.005759247574646101,0.0,-0.0010297145904417247,0.8184061585332005,-0.5746392776018638,0.0,0.49921632333085786,0.26273887340249996,0.2197952321176602,1.0
2025-12-16 17:56:41.483,0.007760018962416187,-0.5746098054157256,-0.8183789467764998,0.0,-0.9999597332795678,-0.005302117750086038,-0.00575901623789091,0.0,-0.0010299741703543174,0.8184064402754996,-0.5746388758766616,0.0,0.498961821864688,0.26264895515907055,0.21975221945424236,1.0
2025-12-16 17:56:41.532,0.007759810095311206,-0.574609486251508,-0.8183791728522122,0.0,-0.9999597346516776,-0.005302193102449218,-0.005758708610368366,0.0,-0.0010302156442527992,0.8184066638793197,-0.5746385569848655,0.0,0.49869517245280576,0.26243812384405546,0.21970003613236877,1.0
2025-12-16 17:56:41.582,0.007759635396045879,-0.5746090551109504,-0.8183794772257119,0.0,-0.9999597358362818,-0.00530222556053509,-0.005758473022157664,0.0,-0.0010303816782599735,0.8184069663817228,-0.5746381258596254,0.0,0.4984206725107843,0.26231370388732095,0.21966355684378625,1.0
2025-12-16 17:56:41.633,0.00775951450212208,-0.5746086262351072,-0.8183797794985544,0.0,-0.9999597366040387,-0.005302288375779274,-0.005758281859182597,0.0,-0.0010305470044517523,0.8184072670970046,-0.5746376972803678,0.0,0.4981396926785553,0.2623811623968048,0.21962288292988816,1.0
2025-12-16 17:56:41.682,0.007759340118196122,-0.5746084382352635,-0.8183799131521798,0.0,-0.9999597378655883,-0.0053022595998286565,-0.0057580892774790155,0.0,-0.0010306359068015885,0.8184073992817621,-0.574637508861447,0.0,0.49780781080910935,0.262199400793445,0.21956016796373384,1.0
2025-12-16 17:56:41.732,0.007759174480092617,-0.5746081869062868,-0.8183800911879918,0.0,-0.9999597391934637,-0.005302128820411325,-0.005757979100383059,0.0,-0.0010305945785625994,0.8184075765918836,-0.5746372564077401,0.0,0.497489223693415,0.26194006857547236,0.21952947738832385,1.0
2025-12-16 17:56:41.782,0.007758951833679239,-0.5746079389493496,-0.8183802673965397,0.0,-0.9999597408819766,-0.005302030164612221,-0.005757776705658782,0.0,-0.001030632500960044,0.8184077513261827,-0.5746370074802605,0.0,0.497150215429686,0.26188531189446895,0.21944924055952003,1.0
2025-12-16 17:56:41.832,0.007758774316270713,-0.574607771772294,-0.8183803864592533,0.0,-0.9999597422330986,-0.005301947832468889,-0.0057576178672379815,0.0,-0.0010306579860727308,0.818407869237608,-0.5746368395030673,0.0,0.4968369355733525,0.2617618758164772,0.2193959968240695,1.0
2025-12-16 17:56:41.882,0.007758670648950998,-0.5746075993949346,-0.8183805084730206,0.0,-0.9999597431926369,-0.00530176381379002,-0.005757620670649131,0.0,-0.0010305074144060906,0.8184079914589579,-0.57463666570328,0.0,0.49657088425415596,0.2614526234427361,0.2193616384675691,1.0
2025-12-16 17:56:41.932,0.007758496672522012,-0.5746073423893907,-0.8183806905730316,0.0,-0.9999597445513615,-0.005301654990693092,-0.005757484897390399,0.0,-0.0010304988170223028,0.8184081726119934,-0.5746364077171632,0.0,0.49631589257414777,0.2613985748271816,0.2193319976994375,1.0
2025-12-16 17:56:41.982,0.007758380619559649,-0.5746072390236775,-0.8183807642491095,0.0,-0.9999597455395526,-0.005301517867108306,-0.005757439533911118,0.0,-0.0010304136479938632,0.8184082460751158,-0.5746363032422914,0.0,0.4960861497707216,0.26124668299117504,0.21926619735045177,1.0
2025-12-16 17:56:42.032,0.007758315982501032,-0.5746070426264632,-0.8183809027576302,0.0,-0.9999597461973253,-0.005301355209095188,-0.005757475066063773,0.0,-0.0010302619768871055,0.8184083850225704,-0.5746361056225122,0.0,0.49592027594443183,0.2609664092335579,0.2192697337887502,1.0
2025-12-16 17:56:42.082,0.0077581947772276125,-0.5746068284943905,-0.8183810542544501,0.0,-0.9999597471757349,-0.0053012538392004155,-0.005757398473358286,0.0,-0.0010302250636654295,0.8184085360248537,-0.5746358906281211,0.0,0.4957254606097551,0.26085386739292715,0.21924080139225682,1.0
2025-12-16 17:56:42.132,0.00775807624041183,-0.5746066477046082,-0.8183811823153856,0.0,-0.9999597482026568,-0.00530109923646996,-0.0057573624666577535,0.0,-0.0010301209471471138,0.8184086639617049,-0.5746357086043744,0.0,0.4955053294598128,0.26068826883445895,0.21918759887419653,1.0
2025-12-16 17:56:42.183,0.007757942187881924,-0.5746063503649397,-0.8183813923559733,0.0,-0.999959749337013,-0.00530094515978251,-0.005757307311514151,0.0,-0.0010300293697240621,0.8184088737265335,-0.5746354100167901,0.0,0.49527363050295553,0.26053225660035567,0.21917784690769926,1.0
2025-12-16 17:56:42.232,0.007757742825456581,-0.5746060582140392,-0.8183815993723141,0.0,-0.9999597509423385,-0.00530078194333905,-0.005757178765159864,0.0,-0.0010299724381927294,0.8184090799072595,-0.5746351164714263,0.0,0.49497879345873125,0.2604311905785903,0.21914231378551643,1.0
2025-12-16 17:56:42.282,0.007757509105038204,-0.5746057343362705,-0.8183818289903368,0.0,-0.999959752810318,-0.005300601815919544,-0.005757020160198289,0.0,-0.001029919241259342,0.818409308473212,-0.5746347910375385,0.0,0.49461786551110154,0.2603040436333175,0.21910547116642273,1.0
2025-12-16 17:56:42.332,0.0077572838668145015,-0.574605421361951,-0.8183820508721295,0.0,-0.9999597546536595,-0.005300393882118747,-0.005756891426441552,0.0,-0.0010298260191950492,0.8184095295635632,-0.5746344763220504,0.0,0.49424132785635166,0.2601374761336804,0.21906492598679667,1.0
2025-12-16 17:56:42.383,0.00775705424884528,-0.5746051477327103,-0.8183822451701033,0.0,-0.9999597565024756,-0.005300206312461817,-0.005756742982231678,0.0,-0.0010297604161718682,0.8184097228971025,-0.5746342010888086,0.0,0.49388224361583327,0.2600143702181541,0.21902124223755406,1.0
2025-12-16 17:56:42.432,0.007756826577424748,-0.5746049202893422,-0.8183824070212746,0.0,-0.9999597583789038,-0.005299986192575431,-0.005756619700045446,0.0,-0.0010296532775949095,0.8184098840135738,-0.5746339718142468,0.0,0.49350373550588067,0.25985276159753357,0.21895697017494992,1.0
2025-12-16 17:56:42.482,0.0077566139716728705,-0.574604701855482,-0.8183825624037181,0.0,-0.9999597602522391,-0.005299684300196777,-0.005756572227545086,0.0,-0.00102943556883246,0.8184100393337436,-0.5746337509928824,0.0,0.49308507789650446,0.25959985280974507,0.21887224424237706,1.0
2025-12-16 17:56:42.532,0.0077564718939835174,-0.574604521803754,-0.8183826901686312,0.0,-0.9999597617464769,-0.005299289557104914,-0.005756676065900993,0.0,-0.0010290545581889629,0.8184101683063955,-0.5746335679886913,0.0,0.4927165450287975,0.25927824152571893,0.21875912088219415,1.0
2025-12-16 17:56:42.582,0.007756359814035118,-0.5746044161701205,-0.8183827653985871,0.0,-0.9999597629589242,-0.005298951513809346,-0.005756776632344921,0.0,-0.0010287211238033426,0.8184102446618619,-0.5746334598379742,0.0,0.4924070663070264,0.2590189627328255,0.21865600018951903,1.0
2025-12-16 17:56:42.632,0.007756194866968618,-0.5746043719024939,-0.8183827980431495,0.0,-0.9999597644653763,-0.005298675781420354,-0.005756768756978826,0.0,-0.0010285004179507442,0.8184102775279517,-0.5746334134241684,0.0,0.49212974648237234,0.2588798444072612,0.21854227170543836,1.0
2025-12-16 17:56:42.682,0.007755998625872617,-0.5746043991504485,-0.8183827807716116,0.0,-0.999959766070479,-0.005298497170400676,-0.005756654342275133,0.0,-0.0010284197390299922,0.8184102595532367,-0.5746334391686968,0.0,0.49191852371925465,0.25885530725716555,0.2184337147383573,1.0
2025-12-16 17:56:42.733,0.007755923287564083,-0.5746043358200859,-0.8183828259512317,0.0,-0.9999597668661404,-0.005298285249201983,-0.005756711182673318,0.0,-0.0010282142456200668,0.8184103053902299,-0.5746333742539984,0.0,0.49169702946498145,0.2586527050939494,0.2183597788187693,1.0
2025-12-16 17:56:42.782,0.007755794711289748,-0.5746041757728751,-0.8183829395423509,0.0,-0.9999597681652223,-0.00529796996444945,-0.005756775696449719,0.0,-0.001027920669603567,0.8184104198023074,-0.57463321183004,0.0,0.49142924077277794,0.2584455424697589,0.21826902848128618,1.0
2025-12-16 17:56:42.832,0.007755582282998327,-0.5746041651674055,-0.8183829490018281,0.0,-0.9999597700356347,-0.005297670392228459,-0.005756726492025465,0.0,-0.0010277038848685962,0.8184104291877877,-0.5746331988506984,0.0,0.49115394404061496,0.25834990899295385,0.21813977841187207,1.0
2025-12-16 17:56:42.882,0.00775533740677174,-0.5746042426922338,-0.8183828968905693,0.0,-0.9999597720899643,-0.0052974066729944876,-0.005756612331571515,0.0,-0.0010275529333753565,0.8184103764637998,-0.5746332742117799,0.0,0.4908612269501059,0.25827548774400466,0.21799570868317916,1.0
2025-12-16 17:56:42.932,0.007755167442477115,-0.5746042989797101,-0.8183828589805531,0.0,-0.9999597736079826,-0.005297150208316136,-0.005756584642914139,0.0,-0.001027358428505381,0.8184103386037511,-0.574633328481,0.0,0.4905570284867392,0.2580907245598365,0.2178686762976732,1.0
2025-12-16 17:56:42.982,0.007755034376552082,-0.5746041198783831,-0.8183829859923871,0.0,-0.9999597750827124,-0.00529671970542821,-0.005756724598377057,0.0,-0.001026927388794742,0.8184104671391986,-0.5746331461873191,0.0,0.4901952130723551,0.25775934537400835,0.21774928084809747,1.0
2025-12-16 17:56:43.032,0.007754844542324931,-0.5746041011851762,-0.8183830009161409,0.0,-0.9999597768292149,-0.005296391858590395,-0.005756722865925493,0.0,-0.0010266602615051053,0.8184104823856955,-0.5746331249501029,0.0,0.489913238300981,0.2576288520431242,0.21762047613082725,1.0
2025-12-16 17:56:43.082,0.00775456790826282,-0.5746042126319237,-0.8183829252882855,0.0,-0.999959779129124,-0.0052961104156965325,-0.0057565822939253325,0.0,-0.0010265096616876462,0.8184104059590361,-0.5746332340683753,0.0,0.4896102108579466,0.2575736585972058,0.21746177076016798,1.0
2025-12-16 17:56:43.132,0.007754448223124101,-0.574604136463232,-0.8183829799020178,0.0,-0.9999597804016839,-0.0052957664561668295,-0.005756677676066331,0.0,-0.0010261740853406043,0.8184104616637443,-0.5746331553313674,0.0,0.4892749488965777,0.2572619973721342,0.2173421873471406,1.0
2025-12-16 17:56:43.182,0.007754304903107384,-0.5746039023712673,-0.8183831456209182,0.0,-0.9999597819930744,-0.005295299553346898,-0.005756830743705963,0.0,-0.001025706242872449,0.8184106290434553,-0.5746329177791671,0.0,0.48892317642933353,0.2569419931784128,0.21721936976942996,1.0
2025-12-16 17:56:43.233,0.0077541263346769555,-0.5746038743854316,-0.8183831669623008,0.0,-0.9999597838239913,-0.005294840638742359,-0.005756934817685185,0.0,-0.0010252711393150453,0.8184106516618214,-0.5746328863418485,0.0,0.48853328507838345,0.25666535436318716,0.21705533207910996,1.0
2025-12-16 17:56:43.282,0.0077539752718786895,-0.5746037594739419,-0.8183832490753361,0.0,-0.9999597855095416,-0.005294342501804942,-0.005757100172269766,0.0,-0.0010247695456797226,0.8184107355650924,-0.5746327677388253,0.0,0.48813739566871517,0.25633485045871834,0.21690495242980748,1.0
2025-12-16 17:56:43.333,0.00775376575089745,-0.5746037435391005,-0.8183832622486484,0.0,-0.9999597875438968,-0.005293894730210587,-0.005757158583749328,0.0,-0.001024369687230656,0.8184107496497041,-0.5746327483920085,0.0,0.4877599460669821,0.256109248008868,0.21673507838071518,1.0
2025-12-16 17:56:43.382,0.007753368280417834,-0.5746039723549757,-0.8183831053579973,0.0,-0.9999597908894493,-0.005293457288796641,-0.005756979717562129,0.0,-0.0010241123169427307,0.8184105918251511,-0.5746329736295754,0.0,0.48731475376086364,0.2560103725613643,0.21649404229874425,1.0
2025-12-16 17:56:43.432,0.007752982703650445,-0.5746043986163554,-0.8183828097236292,0.0,-0.9999597940341118,-0.005293114755824673,-0.005756748443928597,0.0,-0.0010239608628717705,0.8184102947576701,-0.574633396992217,0.0,0.48681918458281553,0.25584681150064714,0.21623341573342483,1.0
2025-12-16 17:56:43.482,0.007752749777567059,-0.5746045529691233,-0.8183827035557685,0.0,-0.9999597961361242,-0.005292745296935817,-0.005756723011465752,0.0,-0.0010236716616197953,0.8184101887742198,-0.5746335484522943,0.0,0.4863166604520768,0.25548095329033144,0.2160162437876559,1.0
2025-12-16 17:56:43.532,0.007752511171863859,-0.5746047081005795,-0.8183825968948669,0.0,-0.9999597981366074,-0.0052924888690440396,-0.005756611275240973,0.0,-0.0010235245492462774,0.8184100815128788,-0.5746337014791076,0.0,0.4859570101277953,0.25531692000572676,0.21583248140701092,1.0
2025-12-16 17:56:43.582,0.007752259453093107,-0.5746049475922338,-0.8183824311268579,0.0,-0.9999598001630344,-0.005292285985524044,-0.005756445792323697,0.0,-0.0010234513428457916,0.8184099146748003,-0.5746339392250817,0.0,0.4856202522736231,0.2552022445573494,0.21565409790930468,1.0
2025-12-16 17:56:43.632,0.0077521992548180985,-0.5746050092492097,-0.8183823884063229,0.0,-0.9999598008580894,-0.005292069191390994,-0.0057565243621229755,0.0,-0.0010232281904345023,0.8184098727865575,-0.5746339992808996,0.0,0.48536049561008693,0.25493755852545275,0.21554987670475628,1.0
2025-12-16 17:56:43.682,0.007752095679482481,-0.5746049492520436,-0.8183824315128231,0.0,-0.9999598019738517,-0.005291759024543736,-0.005756615676703676,0.0,-0.001022922453137204,0.8184099169169403,-0.5746339369734974,0.0,0.48507465843836106,0.2546800331007852,0.21543421638719906,1.0
2025-12-16 17:56:43.732,0.0077519093077506466,-0.5746050715306708,-0.8183823474235778,0.0,-0.999959803575693,-0.00529152713958296,-0.005756550581766108,0.0,-0.0010227689346132378,0.8184098325628893,-0.574634057386168,0.0,0.4848088893250607,0.2545788004929317,0.21529050714766415,1.0
2025-12-16 17:56:43.782,0.007751780598015729,-0.5746051732817034,-0.8183822772009864,0.0,-0.9999598048376767,-0.005291242448909881,-0.005756593050643617,0.0,-0.0010225105836814542,0.8184097629628508,-0.5746341569722396,0.0,0.48448789841298334,0.2543364457910037,0.21514141641386297,1.0
2025-12-16 17:56:43.833,0.007751678162040906,-0.5746050695895902,-0.8183823509758886,0.0,-0.9999598060691696,-0.005290832684047205,-0.005756755755305841,0.0,-0.0010220827274624595,0.8184098384156245,-0.5746340502714833,0.0,0.4841550309756916,0.2540156086723862,0.21500491485587903,1.0
2025-12-16 17:56:43.883,0.007751595949810304,-0.5746050464788036,-0.8183823679812091,0.0,-0.9999598070911355,-0.005290477211640798,-0.005756904927158679,0.0,-0.0010217063159817042,0.8184098569400211,-0.5746340245579076,0.0,0.4838787756155069,0.25377073657142746,0.21487960342030674,1.0
2025-12-16 17:56:43.932,0.007751618481469212,-0.5746048881325178,-0.8183824789463319,0.0,-0.9999598074579399,-0.005290055205463826,-0.005757229004625428,0.0,-0.0010211762254611033,0.8184099708449004,-0.5746338632736206,0.0,0.4835771195484063,0.2533258044907443,0.21478200702037625,1.0
2025-12-16 17:56:43.983,0.007751618113239515,-0.5746046391597737,-0.8183826537591697,0.0,-0.9999598079678123,-0.00528964679968718,-0.005757515689872413,0.0,-0.0010206796111862184,0.8184101482915539,-0.5746336114312562,0.0,0.4832816090167762,0.2527468670068802,0.2147124654606382,1.0
2025-12-16 17:56:44.032,0.0077514284922505765,-0.5746043470161167,-0.8183828606756863,0.0,-0.9999598096749879,-0.005289345508138644,-0.005757495989204206,0.0,-0.001020447131497569,0.81841035535641,-0.5746333169361538,0.0,0.4829729867561215,0.2521584381483636,0.21463259367013302,1.0
2025-12-16 17:56:44.082,0.007751075508801035,-0.5746039099833093,-0.818383170868975,0.0,-0.999959812481684,-0.005289083024806452,-0.005757249652419919,0.0,-0.0010203780212385994,0.8184106638984494,-0.5746328776236119,0.0,0.48258341266464216,0.25153852897670925,0.21450670738974978,1.0
2025-12-16 17:56:44.133,0.007750709149839625,-0.5746034795051127,-0.818383476586313,0.0,-0.9999598152614564,-0.005288917546210287,-0.005756918852275979,0.0,-0.0010204367716695234,0.8184109672111052,-0.5746324455313835,0.0,0.48213389436423215,0.25098659101736703,0.2143194066890769,1.0
2025-12-16 17:56:44.182,0.007750406493146893,-0.5746031703989105,-0.8183836964822307,0.0,-0.9999598175549105,-0.005288783469541871,-0.005756643655001902,0.0,-0.001020488118235472,0.8184111851040462,-0.5746321351095771,0.0,0.48169564638156276,0.2505201720038645,0.2141219464380081,1.0
2025-12-16 17:56:44.233,0.007750115904143384,-0.574602920377943,-0.8183838747787129,0.0,-0.9999598198931163,-0.005288545767102552,-0.005756455871765751,0.0,-0.0010204038678190302,0.8184113621821643,-0.5746318830582593,0.0,0.48119631211881436,0.24995135156754203,0.21389765548169112,1.0
2025-12-16 17:56:44.282,0.0077498497609219865,-0.5746026905940659,-0.8183840386346448,0.0,-0.9999598221461969,-0.005288238490704849,-0.0057563467772277005,0.0,-0.0010202172694426426,0.8184115255010339,-0.5746316507849126,0.0,0.4806906593824376,0.24938489347895448,0.21366363640679545,1.0
2025-12-16 17:56:44.332,0.007749596061875482,-0.5746025491414425,-0.8183841403535641,0.0,-0.9999598244413437,-0.005287827764896353,-0.00575632538817144,0.0,-0.0010198947741164239,0.8184116274700047,-0.5746315061294044,0.0,0.4801360126275594,0.248829771758216,0.21339031261412003,1.0
2025-12-16 17:56:44.382,0.007749402778989656,-0.5746025890725744,-0.8183841141474287,0.0,-0.999959826425591,-0.005287326618471176,-0.005756441030679615,0.0,-0.001019417817745575,0.8184116026718825,-0.57463154229415,0.0,0.47960519738360546,0.24832655039229432,0.21311761739911203,1.0
2025-12-16 17:56:44.432,0.007749262398783377,-0.5746027340246171,-0.8183840137031748,0.0,-0.9999598280821396,-0.005286790315280164,-0.0057566458383737276,0.0,-0.0010188598564946191,0.8184115043644824,-0.5746316832967513,0.0,0.4791078591185989,0.24785168308366684,0.21285831565257335,1.0
2025-12-16 17:56:44.482,0.007749154763091659,-0.5746028664899153,-0.8183839217159871,0.0,-0.9999598293680668,-0.005286366398220657,-0.005756811765113464,0.0,-0.0010184163301966292,0.8184114140978054,-0.5746318126440697,0.0,0.4787041700355063,0.2474597359885542,0.2126446453053671,1.0
2025-12-16 17:56:44.533,0.007749020089932773,-0.5746029882895277,-0.8183838374733455,0.0,-0.9999598308557954,-0.005285932908703089,-0.0057569513930463175,0.0,-0.0010179801838422497,0.81841133138118,-0.5746319312248751,0.0,0.4782936270844093,0.24709031123428113,0.21242043579596045,1.0
2025-12-16 17:56:44.582,0.0077487368548825675,-0.5746032363713746,-0.8183836659720821,0.0,-0.9999598333104304,-0.005285563000867062,-0.0057568646630254084,0.0,-0.0010177249530087832,0.8184111595897129,-0.5746321763484372,0.0,0.4778838935467578,0.24691598053786873,0.21216542420719217,1.0
2025-12-16 17:56:44.632,0.007748211857599593,-0.5746038869148369,-0.8183832141830497,0.0,-0.9999598373426938,-0.005285294690843123,-0.005756410584100178,0.0,-0.0010177601557319529,0.8184107045693656,-0.5746328243413704,0.0,0.4774303599494836,0.2469367277626738,0.21184165486958328,1.0
2025-12-16 17:56:44.682,0.0077477039539783415,-0.5746047416032455,-0.8183826188963922,0.0,-0.999959841158652,-0.005285104848135518,-0.0057559219865981,0.0,-0.0010178774782571651,0.8184101057087896,-0.5746336770492722,0.0,0.4769339459358002,0.2469016673436028,0.21149283489843138,1.0
2025-12-16 17:56:44.735,0.007747532340061748,-0.5746052080683144,-0.8183822930053026,0.0,-0.9999598427801083,-0.00528477485469689,-0.005755943287123639,0.0,-0.0010175907652520894,0.8184097803287244,-0.5746341409726051,0.0,0.4764095283285854,0.24643325119067036,0.2111932391293916,1.0
2025-12-16 17:56:44.782,0.007747427184070498,-0.5746054477857352,-0.8183821256895769,0.0,-0.9999598438602753,-0.00528450260016017,-0.005756005595115641,0.0,-0.0010173298854452293,0.8184096137779551,-0.5746343786406471,0.0,0.47606904201681843,0.24613042499789792,0.21099018856679863,1.0
2025-12-16 17:56:44.833,0.007747284460591318,-0.5746057269930237,-0.8183819310025812,0.0,-0.9999598453792257,-0.005284090092098389,-0.0057561204176196515,0.0,-0.0010169236748693892,0.8184094204061811,-0.5746346547647977,0.0,0.4755902380096939,0.24567885187089866,0.21071347972713741,1.0
2025-12-16 17:56:44.882,0.007747098870109894,-0.5746060037552262,-0.8183817384379701,0.0,-0.999959847149372,-0.005283717924872512,-0.0057561545412985644,0.0,-0.0010165968754401041,0.8184092284903411,-0.5746349286744041,0.0,0.47514952197566185,0.24533449555698839,0.2104405996546533,1.0
2025-12-16 17:56:44.933,0.007746759129735657,-0.5746064905695184,-0.8183813998494689,0.0,-0.9999598500824338,-0.005283283747432573,-0.005756043534306208,0.0,-0.001016300741151399,0.8184088894937293,-0.5746354120052509,0.0,0.47462583966388455,0.24508308283995725,0.21008979492897875,1.0
2025-12-16 17:56:44.983,0.007746316807518454,-0.5746072393118283,-0.8183808783247349,0.0,-0.9999598536573251,-0.005282915403459438,-0.005755760563922505,0.0,-0.0010161548243522041,0.8184083661674774,-0.5746361575957896,0.0,0.4740999158867163,0.2449238568475806,0.20972124090032054,1.0
2025-12-16 17:56:45.032,0.007745769514004054,-0.5746081799300073,-0.8183802230707733,0.0,-0.9999598578650065,-0.0052826331565539834,-0.005755288588573276,0.0,-0.0010161861649423838,0.8184077075647218,-0.5746370955345075,0.0,0.4735885641737656,0.24488213076589987,0.20933740010406804,1.0
2025-12-16 17:56:45.083,0.007745437149270972,-0.574609064437464,-0.8183796051777423,0.0,-0.9999598605846399,-0.005282331457186648,-0.005755092973347682,0.0,-0.0010160433051665566,0.8184070884822876,-0.5746379774936103,0.0,0.4730408630417206,0.24458976474591906,0.2089647624319366,1.0
2025-12-16 17:56:45.132,0.007745308846097027,-0.5746094481200239,-0.8183793369967796,0.0,-0.9999598617515225,-0.005282120993130884,-0.005755083396269102,0.0,-0.0010158729407823515,0.8184068204493075,-0.5746383595307776,0.0,0.472718582998202,0.24433711008484357,0.20875182483662075,1.0
2025-12-16 17:56:45.182,0.00774507581108253,-0.574609887978308,-0.8183790303639538,0.0,-0.9999598635646638,-0.005281983587896049,-0.0057548944668210445,0.0,-0.001015864900701033,0.8184065125022885,-0.5746387981265666,0.0,0.4724356414493514,0.24426004152521055,0.20854406499380382,1.0
2025-12-16 17:56:45.233,0.007744828045793118,-0.5746104945423524,-0.8183786068205486,0.0,-0.9999598654375615,-0.005281882615981149,-0.005754661704466624,0.0,-0.0010159102881501512,0.818406087271868,-0.5746394036634086,0.0,0.4721131868703082,0.24414876287002168,0.20830806270389507,1.0
2025-12-16 17:56:45.283,0.0077447469034914555,-0.5746109404603831,-0.8183782944945712,0.0,-0.9999598662865087,-0.005281661476528304,-0.0057547171540335874,0.0,-0.0010156932305382268,0.8184057756096813,-0.5746398479186571,0.0,0.47175645921534043,0.2438005088787018,0.20807831930774381,1.0
2025-12-16 17:56:45.334,0.007744519443636085,-0.5746114303687745,-0.8183779526657268,0.0,-0.9999598681813969,-0.00528142685295336,-0.00575460322248736,0.0,-0.0010155620589121451,0.8184054331473848,-0.5746403358871931,0.0,0.4713988200294868,0.24362395686708652,0.20782040335900645,1.0
2025-12-16 17:56:45.382,0.00774411988901896,-0.5746122959270291,-0.8183773487076859,0.0,-0.9999598712468531,-0.005281226653009246,-0.00575425427180158,0.0,-0.001015590561011649,0.8184048267090115,-0.574641199528197,0.0,0.47094820701839296,0.24351254908489375,0.20747943635031543,1.0
2025-12-16 17:56:45.432,0.0077439221714568985,-0.5746130020484409,-0.8183768547848168,0.0,-0.9999598728367104,-0.005281070717605156,-0.005754121103525596,0.0,-0.0010155327944760166,0.8184043319285774,-0.5746419042966516,0.0,0.4705438763533526,0.24324288136834785,0.20719009165548624,1.0
2025-12-16 17:56:45.482,0.007743792919009385,-0.5746134505497669,-0.8183765410981221,0.0,-0.9999598740450364,-0.005280832456961965,-0.005754129786924953,0.0,-0.0010153285766925394,0.8184040185608107,-0.5746423509552683,0.0,0.47016116645758765,0.2428996444519902,0.20693067696499304,1.0
2025-12-16 17:56:45.532,0.007743651394100633,-0.5746139377322506,-0.8183762003676135,0.0,-0.9999598753835545,-0.005280559026207261,-0.005754148111182699,0.0,-0.001015089670844821,0.8184036782603775,-0.5746428360319517,0.0,0.46978812268634224,0.24260049318499297,0.20666402409880097,1.0
2025-12-16 17:56:45.582,0.007743623327567076,-0.5746142485747685,-0.8183759823784071,0.0,-0.9999598760496633,-0.005280183194224747,-0.005754377237020665,0.0,-0.001014647491753608,0.8184034624336555,-0.5746431441921775,0.0,0.46940130719473466,0.24210458371683155,0.2064113699403843,1.0
2025-12-16 17:56:45.632,0.0077436386668985795,-0.5746145090243854,-0.8183757993611916,0.0,-0.9999598763190403,-0.005279880693087057,-0.005754607987090733,0.0,-0.0010142648673486295,0.818403281515865,-0.5746434025296409,0.0,0.46908551954134065,0.2416349540128648,0.20620624033581472,1.0
2025-12-16 17:56:45.682,0.007743605908132375,-0.5746147555676536,-0.8183756265631775,0.0,-0.9999598769482537,-0.005279560531708372,-0.005754792388402203,0.0,-0.0010138945571229808,0.8184031104758416,-0.5746436467771088,0.0,0.4687521326467609,0.2411941642277166,0.20598346985172405,1.0
2025-12-16 17:56:45.732,0.007743547923359869,-0.5746150134973246,-0.8183754460088821,0.0,-0.9999598777889335,-0.005279212826345357,-0.0057549652895853235,0.0,-0.0010135082069581316,0.8184029316185164,-0.5746439021858081,0.0,0.4684316062091798,0.2408254573670142,0.20575957032992767,1.0
2025-12-16 17:56:45.782,0.007743447691635805,-0.5746153009905209,-0.8183752450964218,0.0,-0.999959878966623,-0.005278832963031993,-0.005755109105268847,0.0,-0.0010131119747319194,0.8184027322108691,-0.574644186879073,0.0,0.468103535448394,0.24051253110352655,0.20551985584309476,1.0
2025-12-16 17:56:45.832,0.0077433082245896585,-0.5746156061978283,-0.8183750321172131,0.0,-0.9999598804343984,-0.005278441644042449,-0.005755212997115857,0.0,-0.0010127291430109297,0.8184025204391376,-0.574644489157035,0.0,0.46776364293441064,0.24023701301589964,0.2052677849450171,1.0
2025-12-16 17:56:45.883,0.0077431374040220595,-0.5746159700665386,-0.8183747782457873,0.0,-0.9999598821411037,-0.005278035702149345,-0.005755288757783794,0.0,-0.001012349955626539,0.8184022675732696,-0.5746448499538632,0.0,0.4674160841683151,0.23999418609364828,0.20499953126266235,1.0
2025-12-16 17:56:45.932,0.007743011996404,-0.5746162544059294,-0.8183745797854014,0.0,-0.9999598835076217,-0.005277645891635572,-0.00575540880170636,0.0,-0.0010119592739637978,0.8184020704431182,-0.5746451313922756,0.0,0.4671063871178237,0.239740072730476,0.20476406716270604,1.0
2025-12-16 17:56:45.982,0.007742898690638485,-0.574616531812328,-0.8183743860783076,0.0,-0.9999598847319553,-0.005277302070123898,-0.005755511352075378,0.0,-0.0010116163466008328,0.8184018778839672,-0.5746454062361966,0.0,0.46683429670100385,0.23952101426647696,0.20455403932276592,1.0
2025-12-16 17:56:46.032,0.00774276131316301,-0.5746168646618139,-0.8183741536697519,0.0,-0.9999598861930498,-0.005276903933841922,-0.005755622543579724,0.0,-0.0010112234798714355,0.8184016467462581,-0.5746457361105943,0.0,0.46652155551738006,0.23927834970967443,0.20431116021108606,1.0
2025-12-16 17:56:46.082,0.007742584680112977,-0.5746172625289806,-0.8183738759805204,0.0,-0.9999598879673708,-0.00527647604697886,-0.005755706561069626,0.0,-0.0010108212674842304,0.8184013701487778,-0.5746461307439286,0.0,0.4661849234301399,0.23905098209883552,0.20404201955251058,1.0
2025-12-16 17:56:46.132,0.007742274572392873,-0.5746178974794548,-0.818373433086598,0.0,-0.9999598907138642,-0.005276022595668837,-0.005755645080686203,0.0,-0.0010104795046197766,0.8184009272508639,-0.5746467621122533,0.0,0.46578194521322813,0.2388829091203291,0.20370871609689292,1.0
2025-12-16 17:56:46.182,0.007741719964558081,-0.5746190940228393,-0.8183725981834742,0.0,-0.9999598951136534,-0.005275626560236689,-0.005755243687004145,0.0,-0.0010103747546846467,0.8184000896661647,-0.5746479551666992,0.0,0.4652622019473396,0.2388029715696747,0.20326042860974383,1.0
2025-12-16 17:56:46.232,0.007740904308328731,-0.5746207258242885,-0.8183714601297294,0.0,-0.9999599011775365,-0.005275372269558365,-0.005754423136783805,0.0,-0.0010106227650275655,0.818398945552442,-0.5746495841469633,0.0,0.4646698577511105,0.23887421574976364,0.20272703290182986,1.0
2025-12-16 17:56:46.283,0.007739985353030333,-0.5746226650854902,-0.818370107163007,0.0,-0.999959907849351,-0.00527521532086404,-0.005753407550673194,0.0,-0.0010110596133831658,0.8183975849251095,-0.5746515211388602,0.0,0.46400832803283293,0.23895682634828402,0.20212596676282502,1.0
2025-12-16 17:56:46.332,0.007739072184829245,-0.5746245670117998,-0.8183687803487054,0.0,-0.9999599143552615,-0.00527515858127922,-0.005752328725735416,0.0,-0.0010116151676989942,0.8183962498595999,-0.5746534215076907,0.0,0.463395548930947,0.23907498719551723,0.20155322847766824,1.0
2025-12-16 17:56:46.382,0.007738341303790196,-0.5746263605142051,-0.8183675279342852,0.0,-0.999959919531002,-0.00527513984145974,-0.005751446114951413,0.0,-0.0010120900887054022,0.8183949906725868,-0.5746552139463009,0.0,0.4628119979082035,0.23909139850005628,0.2010160148176842,1.0
2025-12-16 17:56:46.433,0.007737827339177369,-0.5746279193507139,-0.8183664382365314,0.0,-0.999959923213459,-0.005275093777037517,-0.005750848092677707,0.0,-0.0010123813231581265,0.8183938964276074,-0.574656771798693,0.0,0.46230087739911463,0.2389969645240839,0.20054765498018268,1.0
2025-12-16 17:56:46.482,0.007737519329108092,-0.5746290704111782,-0.8183656329136904,0.0,-0.9999599255512656,-0.005274961693164005,-0.005750562742149378,0.0,-0.0010124263341034208,0.818393089055453,-0.5746579215317505,0.0,0.4618883348377015,0.23882804347385225,0.20018136763011327,1.0
2025-12-16 17:56:46.532,0.0077371790908625695,-0.5746301096593158,-0.8183649064041338,0.0,-0.999959928071038,-0.0052748647016807,-0.005750213539683553,0.0,-0.0010125378155030787,0.8183923599646634,-0.574658959660981,0.0,0.4615335565254434,0.23874851602728717,0.19985154253993476,1.0
2025-12-16 17:56:46.582,0.007736728406844333,-0.5746313087337522,-0.818364068711293,0.0,-0.9999599312895006,-0.005274831191147769,-0.005749684566191122,0.0,-0.0010128030478733457,0.8183915182390051,-0.5746601579233087,0.0,0.46116017972886003,0.23874384477007443,0.19949716415100918,1.0
2025-12-16 17:56:46.632,0.007736343390638967,-0.5746324076688815,-0.8183633007099077,0.0,-0.9999599340872702,-0.005274763922782926,-0.005749259687066501,0.0,-0.001012981781059821,0.8183907470424043,-0.5746612558919267,0.0,0.46081866069677685,0.23870730281532887,0.19917348224602177,1.0
2025-12-16 17:56:46.682,0.007735878471006337,-0.5746335203953027,-0.8183625237775686,0.0,-0.9999599374604916,-0.00527468517494765,-0.005748745212935814,0.0,-0.0010132024796246683,0.8183899662338255,-0.574662367472008,0.0,0.46048608160796733,0.23873342748627052,0.19884632686453205,1.0
2025-12-16 17:56:46.733,0.007735373754290632,-0.5746346658995193,-0.8183617242030797,0.0,-0.9999599411129285,-0.005274606701052846,-0.00574818186786151,0.0,-0.0010134511792742142,0.8183891624057357,-0.5746635117819345,0.0,0.460146926892595,0.23878546482913793,0.19851302378821073,1.0
2025-12-16 17:56:46.782,0.007734782707017241,-0.5746359427950745,-0.8183608331816105,0.0,-0.9999599453651653,-0.005274534158390169,-0.005747508670378056,0.0,-0.0010137666231283774,0.8183882662780868,-0.574664787415743,0.0,0.45981806580877704,0.23889795953943452,0.19815071086645075,1.0
2025-12-16 17:56:46.833,0.007734099329604224,-0.5746374178554452,-0.8183598038816389,0.0,-0.9999599502881444,-0.005274444589659152,-0.005746734308337788,0.0,-0.0010141244009707322,0.8183872311114713,-0.5746662609770985,0.0,0.4594529827101605,0.2390388568469802,0.1977598513268324,1.0
2025-12-16 17:56:46.882,0.0077333648023801774,-0.5746389732778155,-0.8183587186315422,0.0,-0.9999599555148587,-0.00527439979276902,-0.005745865883921761,0.0,-0.0010145721174893135,0.8183861392241678,-0.5746678151499172,0.0,0.4590995715929478,0.23923344287985362,0.19735527585607776,1.0
2025-12-16 17:56:46.932,0.007732618160524756,-0.5746405976683066,-0.818357585062302,0.0,-0.9999599608284216,-0.005274353426947561,-0.005744983651574054,0.0,-0.0010150258364994764,0.8183849989146913,-0.5746694382633825,0.0,0.45874241063075993,0.2394206027124023,0.1969395333448132,1.0
2025-12-16 17:56:46.982,0.007731936233165445,-0.5746422502824813,-0.8183564310577516,0.0,-0.9999599657006021,-0.0052742962793412935,-0.005744188020643084,0.0,-0.0010154206992699173,0.8183838388517624,-0.5746710896043544,0.0,0.45847228940108553,0.23959258502712202,0.19650496037936357,1.0
2025-12-16 17:56:47.032,0.0077313791534968,-0.5746439675272903,-0.8183552304849573,0.0,-0.9999599696571084,-0.005274270870094617,-0.005743522556027569,0.0,-0.0010157661210037222,0.8183826331967178,-0.5746728059523906,0.0,0.4582618105861525,0.2397048939048868,0.19603130993121384,1.0
2025-12-16 17:56:47.082,0.007730999600498762,-0.5746456698797828,-0.8183540386866807,0.0,-0.9999599723615334,-0.005274250043589068,-0.00574307081684643,0.0,-0.0010159926085067943,0.8183814379639475,-0.5746745076607115,0.0,0.45802519084012944,0.2396671809260996,0.19554319502078704,1.0
2025-12-16 17:56:47.132,0.007730800027880491,-0.574647153308956,-0.8183529989106477,0.0,-0.9999599737555754,-0.005274265684671177,-0.0057428137218943996,0.0,-0.0010161391466592666,0.8183803962165866,-0.5746759909284684,0.0,0.4577910645059749,0.2394981923021004,0.19510426728852648,1.0
2025-12-16 17:56:47.182,0.00773059277317626,-0.5746484191787454,-0.8183521119737839,0.0,-0.9999599752229893,-0.00527426407448269,-0.005742559683577913,0.0,-0.0010162718666354112,0.8183795073448794,-0.574677256509639,0.0,0.45752873470246,0.23934725764602013,0.19471258154542784,1.0
2025-12-16 17:56:47.232,0.007730234041164756,-0.5746497434052741,-0.8183511854864813,0.0,-0.9999599776686227,-0.00527433098611308,-0.005742072345845932,0.0,-0.0010165941875671955,0.8183785770508606,-0.5746785807392393,0.0,0.4572393112621548,0.23934880719306098,0.19431746485104415,1.0
2025-12-16 17:56:47.282,0.007729755464403024,-0.5746513604392302,-0.8183500545164099,0.0,-0.9999599808788837,-0.0052744610773795735,-0.005741393755340165,0.0,-0.0010170753597471118,0.8183774407379318,-0.5746801980657988,0.0,0.456877725558236,0.2394038436846218,0.19386105509158222,1.0
2025-12-16 17:56:47.332,0.007729160817763552,-0.574653308138426,-0.8183486924409573,0.0,-0.9999599848546441,-0.005274632294860152,-0.005740543951750594,0.0,-0.0010176854628169663,0.8183760719618244,-0.5746821461961678,0.0,0.456439724961861,0.2394875365572165,0.19332915934091574,1.0
2025-12-16 17:56:47.382,0.007728430730726383,-0.5746554748888969,-0.8183471778162769,0.0,-0.9999599896873447,-0.005274879186985761,-0.005739475172568106,0.0,-0.0010184812740070795,0.8183745488721721,-0.5746843137359533,0.0,0.4559989117647706,0.2397079218925281,0.19275501362475403,1.0
2025-12-16 17:56:47.432,0.007727491028493933,-0.5746583886816778,-0.8183451405741897,0.0,-0.9999599959493408,-0.005275162916011696,-0.005738123248227425,0.0,-0.0010194629059922173,0.8183725009562601,-0.5746872283024735,0.0,0.4555332093059382,0.23999771085322022,0.1920172370649212,1.0
2025-12-16 17:56:47.482,0.007726457534782655,-0.5746614858908025,-0.8183429754014796,0.0,-0.9999600027597133,-0.005275533939170148,-0.005736595127672607,0.0,-0.0010206155106009518,0.8183703236641934,-0.5746903267758583,0.0,0.4551011370873923,0.2403705148147098,0.1912415733591833,1.0
2025-12-16 17:56:47.532,0.0077255064248104455,-0.574664707410591,-0.8183407221374168,0.0,-0.999960009007914,-0.0052758917339711855,-0.00573517676384612,0.0,-0.0010216930453102867,0.8183680591461012,-0.5746935495659968,0.0,0.4547725108178722,0.2406637439229783,0.19041343772573435,1.0
2025-12-16 17:56:47.582,0.007724801296581757,-0.5746675515841414,-0.8183387315179607,0.0,-0.999960013608581,-0.005276184393482458,-0.005734105281611726,0.0,-0.0010225214878150921,0.8183660600116441,-0.5746963948649972,0.0,0.4546142964697066,0.24085613835002753,0.18962576990493923,1.0
2025-12-16 17:56:47.632,0.007724458423974527,-0.57467044868139,-0.8183367002985963,0.0,-0.999960015656622,-0.005276488203183619,-0.005733468536457936,0.0,-0.0010231087070238407,0.818364023625702,-0.5746992936168662,0.0,0.454527525665677,0.24079765460253086,0.18881548607480392,1.0
2025-12-16 17:56:47.682,0.007724211547850571,-0.5746733508037705,-0.8183346646288051,0.0,-0.999960017156335,-0.005276692388577058,-0.005733019042925999,0.0,-0.0010235067382118343,0.8183619843378709,-0.5747021968154804,0.0,0.45442579112322784,0.24062809999109866,0.1879874002135909,1.0
2025-12-16 17:56:47.732,0.007723979530012007,-0.5746765114389022,-0.8183324472620168,0.0,-0.9999600186280223,-0.005276837413115209,-0.005732628853236595,0.0,-0.001023819835030711,0.8183597638773381,-0.57470535812673,0.0,0.45427574676467525,0.2404094745037878,0.18712902601328232,1.0
2025-12-16 17:56:47.783,0.00772357130986394,-0.5746803542723462,-0.8183297524597529,0.0,-0.9999600212531394,-0.0052770516536721265,-0.0057319736979092525,0.0,-0.0010243354197036402,0.8183570638787309,-0.5747092018897304,0.0,0.45407587745701206,0.24028340464722134,0.18615094159862963,1.0
2025-12-16 17:56:47.832,0.007723071331958155,-0.5746840066138457,-0.8183271922725452,0.0,-0.9999600244335773,-0.005277333925273346,-0.00573115892723505,0.0,-0.0010250002133396431,0.8183544971887059,-0.5747128555248988,0.0,0.4539174965613696,0.24026912176334095,0.18521982926081673,1.0
2025-12-16 17:56:47.882,0.007722615531891296,-0.5746874618587478,-0.8183247700594827,0.0,-0.9999600271839831,-0.005277710537161105,-0.005730332180748097,0.0,-0.0010257509540856078,0.818352068279526,-0.574716312781882,0.0,0.4538384620497313,0.2402712677776766,0.18429553820341477,1.0
2025-12-16 17:56:47.932,0.0077223700636183225,-0.5746903388581163,-0.8183227519291837,0.0,-0.9999600285670864,-0.005277998455764552,-0.005729825618720232,0.0,-0.001026250553082222,0.818350046004313,-0.5747191914444315,0.0,0.4538622263266967,0.2402045476801187,0.18349708759522715,1.0
2025-12-16 17:56:47.982,0.007722350457141053,-0.5746926176279428,-0.8183211517787919,0.0,-0.9999600285075625,-0.005278171331338061,-0.005729676758789279,0.0,-0.0010264560709359165,0.8183484445764492,-0.5747214713643826,0.0,0.4539794736343755,0.24008267854424237,0.1828775221484219,1.0
2025-12-16 17:56:48.032,0.007722508547578437,-0.5746947606022557,-0.8183196453093723,0.0,-0.9999600271646023,-0.00527837451339492,-0.005729723961225698,0.0,-0.001026574984147405,0.8183469383096028,-0.5747236159260388,0.0,0.4541158968978234,0.23987592970356347,0.18234736410514052,1.0
2025-12-16 17:56:48.083,0.007722786339099807,-0.5746966192556334,-0.8183183373776458,0.0,-0.9999600251015005,-0.005278481605125531,-0.005729985354180227,0.0,-0.0010264948427596609,0.8183456323270902,-0.5747254756486028,0.0,0.45427739489265406,0.2395961977554267,0.1819066297804511,1.0
2025-12-16 17:56:48.132,0.007723170334566683,-0.5746982164685397,-0.8183172120449813,0.0,-0.9999600224432199,-0.00527846837035451,-0.005730461432234962,0.0,-0.001026195313488663,0.8183445107196201,-0.5747270732254084,0.0,0.454491278238248,0.2391990988577534,0.18154267137846355,1.0
2025-12-16 17:56:48.182,0.007723457389782094,-0.5746996955015957,-0.818316170619602,0.0,-0.999960020389316,-0.00527851355921574,-0.005730778203037894,0.0,-0.0010260362684456745,0.8183434717266523,-0.5747285529116728,0.0,0.45475830198431144,0.23883044260798544,0.18121144814035905,1.0
2025-12-16 17:56:48.232,0.007723670943748031,-0.5747011489274605,-0.8183151478677501,0.0,-0.9999600187451978,-0.005278642216587648,-0.005730946576342692,0.0,-0.00102603105841914,0.8183424501749053,-0.5747300074835137,0.0,0.45502300566912485,0.2385162100799908,0.18088597097783124,1.0
2025-12-16 17:56:48.283,0.007723923546357257,-0.5747029235262595,-0.8183138991833322,0.0,-0.9999600166890584,-0.005278883580979695,-0.0057310830184565415,0.0,-0.0010261333970554367,0.8183412023353397,-0.574731784061576,0.0,0.45530712567284404,0.23821038316913554,0.18045420401554133,1.0
2025-12-16 17:56:48.333,0.007724180153578198,-0.5747047244393255,-0.818312631974652,0.0,-0.9999600145975341,-0.005279130922589145,-0.005731220115303791,0.0,-0.0010262400010359767,0.8183399359710224,-0.5747335870004495,0.0,0.45559853013264556,0.23791170847953258,0.18003320526413508,1.0
2025-12-16 17:56:48.382,0.007724499051250053,-0.5747069728644669,-0.8183110498805305,0.0,-0.9999600120055109,-0.00527943254332043,-0.005731394522040757,0.0,-0.0010263653519575022,0.8183383549635187,-0.5747358379027414,0.0,0.4559605069027341,0.2375370071412619,0.17950501066735902,1.0
2025-12-16 17:56:48.433,0.0077248530514248195,-0.5747094743541942,-0.8183092897151223,0.0,-0.9999600090814618,-0.005279804532555327,-0.0057315620130510645,0.0,-0.001026549869386932,0.8183365957646074,-0.574738342402662,0.0,0.4563609656217367,0.2371423898878376,0.17890059101556952,1.0
2025-12-16 17:56:48.483,0.007725208972488115,-0.5747119188317475,-0.8183075695606578,0.0,-0.9999600061381915,-0.005280180592495506,-0.005731729078315794,0.0,-0.001026738498561537,0.8183348765679308,-0.5747407899223835,0.0,0.45672578537714437,0.23677181569012037,0.17831993963353598,1.0
2025-12-16 17:56:48.532,0.007725599463853494,-0.5747142850378053,-0.8183059040405467,0.0,-0.999960002889879,-0.005280606091662133,-0.005731903783786899,0.0,-0.0010269639289530758,0.8183332120121642,-0.57474315956168,0.0,0.4571177037014317,0.23653398211542037,0.17768566243554368,1.0
2025-12-16 17:56:48.582,0.007725939351555137,-0.5747164044528597,-0.8183044123155647,0.0,-0.9999600000942873,-0.005280951424948112,-0.005732073332465704,0.0,-0.0010271290519815292,0.8183317212886275,-0.5747452817889878,0.0,0.45741619717043663,0.23642703264411083,0.17706241664140288,1.0
2025-12-16 17:56:48.632,0.0077260868426797654,-0.5747184813424474,-0.8183029522656866,0.0,-0.9999599987778742,-0.005281191634591709,-0.005732081670811271,0.0,-0.0010273012120193337,0.8183302611016661,-0.5747473605137294,0.0,0.4576546448616687,0.2364896039973109,0.1764478014792598,1.0
2025-12-16 17:56:48.682,0.0077257318621471015,-0.5747199120992335,-0.8183019507523196,0.0,-0.9999600010566123,-0.0052813670892794635,-0.005731522462349532,0.0,-0.0010277526934642789,0.8183292551186164,-0.5747487920312764,0.0,0.45778824958782893,0.23682017140432624,0.17591179144592337,1.0
2025-12-16 17:56:48.732,0.007725274839448736,-0.5747214252346582,-0.8183008923410182,0.0,-0.9999600041052291,-0.005281498897756924,-0.005730869085158853,0.0,-0.0010282218089329464,0.8183281915569051,-0.5747503054919737,0.0,0.4578638446454732,0.2371074902423853,0.17538909641103478,1.0
2025-12-16 17:56:48.782,0.007724819360471855,-0.5747226098220789,-0.8183000646623186,0.0,-0.9999600071950415,-0.005281586690190002,-0.00573024901155967,0.0,-0.001028638867734113,0.8183273590234272,-0.5747514901031772,0.0,0.45796195128973577,0.23739905738830902,0.1749520542322002,1.0
2025-12-16 17:56:48.832,0.007724480067980924,-0.5747239819252686,-0.8182991041843142,0.0,-0.9999600094909629,-0.005281659869298152,-0.0057297808916787025,0.0,-0.0010289548605976386,0.8183263948838095,-0.5747528622707001,0.0,0.4580729944982428,0.2375901872770248,0.17450542670774852,1.0
2025-12-16 17:56:48.882,0.007724303433528589,-0.574725241644908,-0.8182982210990547,0.0,-0.9999600106742671,-0.005281711214377991,-0.005729527046464161,0.0,-0.0010291308887528793,0.818325509812266,-0.5747541221079748,0.0,0.4582093911815558,0.2376884563751443,0.17411001525084072,1.0
2025-12-16 17:56:48.932,0.007724173757130832,-0.5747263531282129,-0.8182974416805435,0.0,-0.999960011549431,-0.005281745064124862,-0.00572934309913593,0.0,-0.001029253824721057,0.8183247289622085,-0.5747552336477608,0.0,0.458404869630734,0.23778301179658717,0.1737451186806182,1.0
2025-12-16 17:56:48.983,0.0077241503678081745,-0.5747278256174517,-0.8182964077052641,0.0,-0.9999600116659563,-0.005281792927712515,-0.005729278636752631,0.0,-0.0010293161432581733,0.8183236944717887,-0.574756706419612,0.0,0.458661537328389,0.23780918883963573,0.17331227023161627,1.0
2025-12-16 17:56:49.032,0.007724270827533373,-0.5747296554475891,-0.818295121389885,0.0,-0.9999600107609472,-0.005281854717367335,-0.005729379627756717,0.0,-0.0010292913847715203,0.818322408912761,-0.5747585368052058,0.0,0.45899537206252916,0.23778497393139408,0.17284083790601906,1.0
2025-12-16 17:56:49.082,0.007724479578740974,-0.5747320653884016,-0.8182934267918983,0.0,-0.9999600091911937,-0.005281957564331213,-0.005729558782714581,0.0,-0.0010292498187807336,0.818320715645314,-0.5747609476909089,0.0,0.4593447092899142,0.2377117417015111,0.17227139004299805,1.0
2025-12-16 17:56:49.132,0.007724457943962322,-0.5747341668066961,-0.8182919510515139,0.0,-0.999960009250467,-0.005282045586490964,-0.005729467290846612,0.0,-0.0010293545971274956,0.8183192391533383,-0.5747630496653511,0.0,0.4596644118731155,0.2378003427063471,0.1717360031287613,1.0
2025-12-16 17:56:49.182,0.007724235077823646,-0.5747363895411813,-0.8182903919946991,0.0,-0.9999600107687664,-0.005282094622783029,-0.005729157087449021,0.0,-0.0010295520419426947,0.8183176776982305,-0.5747652724279435,0.0,0.459922685789232,0.2379263590605822,0.17113053554457433,1.0
2025-12-16 17:56:49.232,0.007723876205767345,-0.5747383412077242,-0.8182890246015524,0.0,-0.9999600132770547,-0.005282111633852303,-0.005728703592276308,0.0,-0.001029808203804982,0.8183163068271009,-0.5747672237314141,0.0,0.460145494920719,0.23808263163303597,0.17055306685244054,1.0
2025-12-16 17:56:49.282,0.007723621483885847,-0.574740250432591,-0.8182876860280036,0.0,-0.9999600151003396,-0.005282093164900715,-0.005728402354440447,0.0,-0.001029948219215972,0.8183149659873603,-0.574769132476485,0.0,0.4604018740627841,0.2382016287266291,0.1700032616373726,1.0
2025-12-16 17:56:49.332,0.007723499230683142,-0.5747420742610432,-0.818286406177541,0.0,-0.9999600159616685,-0.0052821015550453465,-0.005728244260693054,0.0,-0.0010300287415234792,0.8183136849468698,-0.5747709561812138,0.0,0.46072392441218696,0.23829905946709004,0.16949407189522336,1.0
2025-12-16 17:56:49.382,0.007723641914442331,-0.5747439218095438,-0.81828510715995,0.0,-0.9999600149201467,-0.005282148397435568,-0.005728382879593557,0.0,-0.0010299699556993369,0.8183123869919375,-0.574772804208278,0.0,0.46108926685552143,0.23829534764194116,0.1690452833223242,1.0
2025-12-16 17:56:49.433,0.007723956097411908,-0.5747459706161053,-0.8182836651577279,0.0,-0.9999600126609067,-0.005282210211094539,-0.005728720249209468,0.0,-0.0010298072786291098,0.81831094757655,-0.574774853810897,0.0,0.4614713163669965,0.23822127722588982,0.1686102462962381,1.0
2025-12-16 17:56:49.482,0.007724137549622639,-0.5747476358076713,-0.8182824938453808,0.0,-0.9999600113612638,-0.005282245146443097,-0.005728914888759318,0.0,-0.0010297082685512824,0.8183097777679542,-0.5747765194492925,0.0,0.4618837521609841,0.23826861778144393,0.16822913499907038,1.0
2025-12-16 17:56:49.532,0.007724318500254557,-0.5747492796345821,-0.8182813375388955,0.0,-0.9999600100404239,-0.005282299536523521,-0.0057290952837065,0.0,-0.0010296335663961698,0.8183086228347327,-0.5747781638589291,0.0,0.4622698334848661,0.23830971853368987,0.1678599532417834,1.0
2025-12-16 17:56:49.582,0.007724462186999909,-0.5747506468443965,-0.818280375871912,0.0,-0.9999600089918314,-0.005282342946418984,-0.005729238279319285,0.0,-0.001029573987205188,0.8183076622574288,-0.5747795315320361,0.0,0.4625603526571717,0.23832819136274327,0.16754621555114937,1.0
2025-12-16 17:56:49.632,0.007724481554890178,-0.5747515448270976,-0.8182797449557099,0.0,-0.9999600088291858,-0.0052823707250965295,-0.005729241054945075,0.0,-0.001029586645410345,0.8183070313536244,-0.5747804297195216,0.0,0.4627101668071688,0.23835884285573442,0.16732397232472485,1.0
2025-12-16 17:56:49.682,0.007724418997118004,-0.5747523080265975,-0.8182792094819863,0.0,-0.999960009235315,-0.0052824013974659585,-0.005729141889779603,0.0,-0.001029661539697594,0.818306495098916,-0.5747811930430933,0.0,0.4627615451252,0.23838297969763075,0.1671182119547713,1.0
2025-12-16 17:56:49.732,0.007724365207918834,-0.5747529889554494,-0.8182787317107294,0.0,-0.9999600095849134,-0.005282427623197041,-0.005729056689734158,0.0,-0.001029725544951182,0.8183060166573408,-0.5747818740772,0.0,0.4628419405921643,0.23842362314896898,0.16693105850752357,1.0
2025-12-16 17:56:49.782,0.007724376297146974,-0.5747537956112923,-0.818278165016299,0.0,-0.9999600094772297,-0.005282457146022724,-0.005729048263651183,0.0,-0.0010297469312703109,0.8183054498849899,-0.5747826809410509,0.0,0.4629448707276373,0.2384245988232243,0.16671950998121526,1.0
2025-12-16 17:56:49.833,0.007724542576461815,-0.5747546680619485,-0.8182775506417074,0.0,-0.9999600082816756,-0.005282488173607616,-0.005729228326368582,0.0,-0.0010296605831772972,0.8183048368883944,-0.5747835538045097,0.0,0.46309392451575343,0.2383517001141519,0.16652315108187474,1.0
2025-12-16 17:56:49.882,0.0077247665288940285,-0.5747556179894653,-0.8182768813016962,0.0,-0.9999600066886241,-0.005282514692027111,-0.005729481915813758,0.0,-0.001029527549934897,0.8183041695007388,-0.5747845041845945,0.0,0.46325533345021397,0.23824657944097966,0.16632047649822132,1.0
2025-12-16 17:56:49.932,0.007725038667907578,-0.5747565311281733,-0.8182762373454925,0.0,-0.9999600047699878,-0.0052825314958702225,-0.005729801271361915,0.0,-0.0010293491114781574,0.8183035280142137,-0.5747854177690122,0.0,0.4634114678575666,0.23809907230476454,0.16614291303958123,1.0
2025-12-16 17:56:49.982,0.007725383111435914,-0.5747575728134535,-0.8182755024138127,0.0,-0.9999600023320914,-0.005282559398680781,-0.005730200992291144,0.0,-0.001029132345910471,0.8183027961645563,-0.5747864600665915,0.0,0.463614457363992,0.2378838081563348,0.16596587224318715,1.0
2025-12-16 17:56:50.032,0.007725721973273097,-0.5747588087921125,-0.8182746310604232,0.0,-0.9999599998831153,-0.005282628430319186,-0.00573056470480186,0.0,-0.001028968097235081,0.8183019275770492,-0.5747876969354343,0.0,0.4639057939441471,0.23767433926509185,0.165777694995851,1.0
2025-12-16 17:56:50.082,0.007726031968019474,-0.5747602756355532,-0.8182735978159019,0.0,-0.9999599975602451,-0.005282759468671615,-0.005730849231941397,0.0,-0.0010288979221228342,0.8183008964279722,-0.5747891650633674,0.0,0.464221448778943,0.23745782732101275,0.1655229287551908,1.0
2025-12-16 17:56:50.132,0.007726313731958991,-0.5747617381848412,-0.8182725678501411,0.0,-0.999959995358288,-0.005282951489472535,-0.005731056431516357,0.0,-0.0010289221348440943,0.8182998678974446,-0.5747906292888438,0.0,0.46449989658928287,0.23727727645224053,0.16521463986814416,1.0
2025-12-16 17:56:50.182,0.007726596523986726,-0.5747632030067009,-0.8182715362743848,0.0,-0.999959993075848,-0.005283201740780674,-0.005731223981364737,0.0,-0.0010290167639595907,0.8182988373907475,-0.5747920961960512,0.0,0.4647483599633246,0.23716743325424447,0.1648281707113543,1.0
2025-12-16 17:56:50.232,0.00772684320295284,-0.5747645201068604,-0.8182706087973928,0.0,-0.999959991076057,-0.0052834272682536374,-0.005731364992818357,0.0,-0.0010291078111904146,0.8182979107999967,-0.5747934151653734,0.0,0.46496610030594077,0.23715018480320968,0.16444725435034935,1.0
2025-12-16 17:56:50.283,0.007726801534318466,-0.5747656200578145,-0.8182698365690951,0.0,-0.9999599911507947,-0.005283607592098833,-0.005731185717084819,0.0,-0.0010293480266743771,0.818297137024807,-0.57479451630965,0.0,0.4650826400670683,0.2373160435929522,0.16404070473383903,1.0
2025-12-16 17:56:50.332,0.007726314814403135,-0.5747666379746441,-0.818269126163221,0.0,-0.9999599944878688,-0.005283671738185281,-0.005730544301592465,0.0,-0.0010297596002105363,0.8182964216189461,-0.5747955340473634,0.0,0.4651248675306379,0.23760478159873966,0.16364713145125834,1.0
2025-12-16 17:56:50.382,0.007725716543249546,-0.5747675992022766,-0.8182684566279901,0.0,-0.9999599986630567,-0.00528368989777038,-0.005729798953889999,0.0,-0.0010301938237339905,0.818295746327159,-0.5747964946340257,0.0,0.4651652368894398,0.2379135580649862,0.16327962402742086,1.0
2025-12-16 17:56:50.433,0.007725222960453187,-0.574768659412841,-0.8182677165745849,0.0,-0.9999600020358115,-0.00528376346305444,-0.005729142467665849,0.0,-0.0010306213707633209,0.8182950011491934,-0.5747975547215138,0.0,0.46518156032254454,0.23816386201214454,0.16291805025445333,1.0
2025-12-16 17:56:50.483,0.007724943474698675,-0.574769606937288,-0.8182670536509925,0.0,-0.9999600039054535,-0.005283839262655652,-0.005728746220560863,0.0,-0.0010309022200457342,0.8182943351069598,-0.5747985024097323,0.0,0.4652127994060553,0.23831007441378535,0.16262983707790976,1.0
2025-12-16 17:56:50.532,0.007724909653540772,-0.5747701530944698,-0.8182666703366407,0.0,-0.9999600040817316,-0.0052838911110193384,-0.005728667628539548,0.0,-0.001030984665601676,0.8182939511439199,-0.5747990488787288,0.0,0.46525363442097456,0.23832662819885922,0.1624791038830821,1.0
2025-12-16 17:56:50.582,0.007724985669674469,-0.5747705269658242,-0.8182664070026586,0.0,-0.9999600035118943,-0.005283923609103479,-0.005728737120342522,0.0,-0.001030967782314304,0.8182936883214255,-0.5747994230675165,0.0,0.46526484940430757,0.23825803071862073,0.16240369394936047,1.0
2025-12-16 17:56:50.632,0.007724986495603642,-0.5747706396515522,-0.8182663278416121,0.0,-0.9999600034933864,-0.005283934498372879,-0.005728730307146139,0.0,-0.0010309795450604425,0.818293609098975,-0.5747995358287543,0.0,0.4652640228469333,0.2382509900248415,0.1623751228408703,1.0
2025-12-16 17:56:50.683,0.007724957858027649,-0.5747707940809121,-0.8182662196369209,0.0,-0.9999600036751389,-0.005283950453310179,-0.005728683865564437,0.0,-0.0010310178380182702,0.8182935005224271,-0.5747996903313104,0.0,0.46525823255460436,0.23825903760115696,0.1623293145780968,1.0
2025-12-16 17:56:50.732,0.007724829941569916,-0.5747708825310065,-0.818266158714944,0.0,-0.9999600045538286,-0.005283964437909516,-0.0057285175861016,0.0,-0.0010311240271693712,0.8182934383034175,-0.5747997787167386,0.0,0.4652494864288499,0.23833108545074616,0.16227597550229553,1.0
2025-12-16 17:56:50.782,0.007724679681885774,-0.5747712456607961,-0.8182659050617698,0.0,-0.9999600055652866,-0.005283999087408914,-0.005728309063291841,0.0,-0.0010312688148862816,0.8182931830115776,-0.5748001418940434,0.0,0.46524797994673517,0.2383983536402788,0.1621452174038782,1.0
2025-12-16 17:56:50.832,0.00772457343197529,-0.574771946658914,-0.8182654136650436,0.0,-0.9999600062525151,-0.005284048877975728,-0.005728143166295178,0.0,-0.0010313983001441864,0.8182926902972375,-0.5748008430958116,0.0,0.46532691080544447,0.23845332132202188,0.1619257627723098,1.0
2025-12-16 17:56:50.882,0.007724486970122247,-0.5747731023922905,-0.8182646026613875,0.0,-0.9999600067654145,-0.005284130235952417,-0.005727978576239514,0.0,-0.0010315485717374319,0.8182918779634244,-0.5748019992716067,0.0,0.46544468658794147,0.2384875892255743,0.16159456623981316,1.0
2025-12-16 17:56:50.932,0.007724400480231646,-0.5747747213140636,-0.8182634662972371,0.0,-0.9999600072236529,-0.005284258321114225,-0.005727780414478666,0.0,-0.0010317520035880452,0.8182907399716777,-0.574803618955559,0.0,0.46556363788311855,0.23849951350673002,0.16115660569054663,1.0
2025-12-16 17:56:50.982,0.007724379280494989,-0.5747768176086654,-0.81826199398823,0.0,-0.9999600071691637,-0.005284433886739665,-0.005727627951500196,0.0,-0.001031963511348239,0.8182892663494851,-0.5748057164194984,0.0,0.46566038191233605,0.2384397973905102,0.16063434822533965,1.0
2025-12-16 17:56:51.032,0.00772445241931065,-0.5747794279594076,-0.8182601596868114,0.0,-0.999960006350006,-0.0052846957280511826,-0.005727529377147028,0.0,-0.0010322097845509761,0.8182874310732853,-0.5748083286543819,0.0,0.4657112827114266,0.23828991734672297,0.16003461791974724,1.0
2025-12-16 17:56:51.083,0.00772463372319307,-0.5747824914971305,-0.8182580060124081,0.0,-0.9999600046397055,-0.005285066915692655,-0.0057274854748959264,0.0,-0.0010325098238161562,0.8182852767433652,-0.5748113949709921,0.0,0.4657109532585629,0.2380519431784343,0.15937462883328107,1.0
2025-12-16 17:56:51.132,0.007724856412220937,-0.574785433367289,-0.8182559373957494,0.0,-0.9999600025995303,-0.005285469000331705,-0.005727470628635176,0.0,-0.0010328195890416207,0.8182832076609828,-0.5748143398904981,0.0,0.46572589863116726,0.23783223300068038,0.15876860322137343,1.0
2025-12-16 17:56:51.182,0.0077250636095661206,-0.5747881591943546,-0.8182540206704774,0.0,-0.999960000661309,-0.005285874591494594,-0.005727434717782453,0.0,-0.0010331463701795916,0.8182812902988053,-0.5748170687753628,0.0,0.46577594982501225,0.237663992670991,0.15820165319868054,1.0
2025-12-16 17:56:51.232,0.0077251929742446135,-0.5747904091049578,-0.8182524389793618,0.0,-0.9999599992834174,-0.005286264428585968,-0.005727315488715853,0.0,-0.0010335126472693012,0.8182797073328765,-0.5748193215427175,0.0,0.4658222675147033,0.23756935704992552,0.15772422240236594,1.0
2025-12-16 17:56:51.283,0.007725305119157775,-0.5747920294852642,-0.8182512996642508,0.0,-0.9999599981072569,-0.005286585466991509,-0.005727224514809047,0.0,-0.001033812331058054,0.8182785670184775,-0.57482094428635,0.0,0.46589419373889907,0.2375331839302633,0.15737865872321458,1.0
2025-12-16 17:56:51.332,0.007725416474824586,-0.5747931607483507,-0.8182505039402173,0.0,-0.9999599970624482,-0.005286803429463879,-0.005727205738864283,0.0,-0.0010339907890205653,0.8182777709487392,-0.5748220771979891,0.0,0.46599890011849954,0.23753511308738692,0.15714110414242832,1.0
2025-12-16 17:56:51.382,0.007725466360548002,-0.5747941005862182,-0.818249843264269,0.0,-0.9999599964848358,-0.00528699077984709,-0.005727133641642448,0.0,-0.0010341766575698496,0.8182771095425757,-0.5748230183954782,0.0,0.4660969988513754,0.23758264276110666,0.15693029720124058,1.0
2025-12-16 17:56:51.433,0.007725502040173082,-0.5747951558344585,-0.8182491016485602,0.0,-0.9999599959762306,-0.005287202975943745,-0.005727026551056973,0.0,-0.0010344018818582662,0.8182763669030838,-0.5748240751574664,0.0,0.46620319945574373,0.2376413916199302,0.1566846186357455,1.0
2025-12-16 17:56:51.483,0.0077256334971937774,-0.5747967464689636,-0.8182479830326314,0.0,-0.9999599946767589,-0.005287514191568854,-0.005726966119902397,0.0,-0.0010346762503738267,0.8182752475330515,-0.5748256681114546,0.0,0.46635753876574154,0.23764894451113833,0.15633597058291954,1.0
2025-12-16 17:56:51.532,0.007725783879411566,-0.5747985423212993,-0.8182467200728435,0.0,-0.9999599932209968,-0.0052878456133662695,-0.005726914303650449,0.0,-0.0010349602618434128,0.8182739838691994,-0.5748274664454417,0.0,0.4665618027136737,0.23767775134071634,0.15594582536877416,1.0
2025-12-16 17:56:51.582,0.007726049639731647,-0.5748009625487057,-0.818245017406922,0.0,-0.9999599908120478,-0.005288296449266171,-0.00572691863413816,0.0,-0.0010353038096485296,0.8182722808229409,-0.5748298901264998,0.0,0.4668299018461315,0.23766974629598403,0.15544783125519054,1.0
2025-12-16 17:56:51.632,0.007726418582343227,-0.5748036458044955,-0.8182431289824309,0.0,-0.9999599875826751,-0.005288826597721619,-0.005726992935568997,0.0,-0.001035669544951662,0.8182703924822239,-0.5748325775176466,0.0,0.4671243924198214,0.2376294392967369,0.15492551370136443,1.0
2025-12-16 17:56:51.682,0.007726842528716183,-0.57480659874544,-0.8182410505740001,0.0,-0.9999599838378577,-0.005289461455221082,-0.00572706047756304,0.0,-0.0010361222927382137,0.818268314002599,-0.5748355353924622,0.0,0.4673804592195804,0.23754918024215352,0.1543854787056279,1.0
2025-12-16 17:56:51.732,0.007727274403100851,-0.5748092932086591,-0.8182391536540337,0.0,-0.9999599800430107,-0.005290089889387299,-0.005727142616746515,0.0,-0.0010365638312745033,0.8182664171250094,-0.5748382347589833,0.0,0.46754240728863666,0.23739939913926608,0.15392515242871893,1.0
2025-12-16 17:56:51.782,0.007727597748850756,-0.5748110039750665,-0.8182379487920469,0.0,-0.9999599773017812,-0.005290479150768716,-0.0057272616655020874,0.0,-0.0010367977420462152,0.8182652128168848,-0.5748399486328177,0.0,0.46761279149240176,0.23722726458515134,0.15365029436341637,1.0
2025-12-16 17:56:51.832,0.007727790623004642,-0.5748120492407086,-0.8182372126718461,0.0,-0.9999599756753811,-0.005290704568223666,-0.005727337398055869,0.0,-0.0010369287765962397,0.8182644770710852,-0.5748409957042864,0.0,0.4676135711644257,0.23705209762308063,0.15347141958427665,1.0
2025-12-16 17:56:51.882,0.007727859955126161,-0.5748127354228907,-0.818236729973286,0.0,-0.99995997501639,-0.005290846429326652,-0.005727321406199249,0.0,-0.0010370475633588545,0.8182639941168413,-0.5748416829565383,0.0,0.4675713208306464,0.2369512145645135,0.15333639099682386,1.0
2025-12-16 17:56:51.932,0.007727848092945399,-0.5748130416938991,-0.8182365149293135,0.0,-0.999959975026095,-0.0052909064268155176,-0.00572726428606826,0.0,-0.0010371265985358081,0.8182637785759128,-0.5748419896276614,0.0,0.4675154174579911,0.2369053782715988,0.15326426727955028,1.0
2025-12-16 17:56:51.982,0.007727831468844516,-0.5748132535460179,-0.818236366259676,0.0,-0.9999599750864172,-0.005290952120534335,-0.005727211541230903,0.0,-0.0010371923065647466,0.8182636294558989,-0.5748422017752163,0.0,0.4674737610411059,0.23688021531259604,0.15321224242500533,1.0
2025-12-16 17:56:52.032,0.007727768913535302,-0.5748132405092872,-0.8182363760088156,0.0,-0.9999599755205029,-0.0052909549993366105,-0.0057271330906938115,0.0,-0.0010372398836752188,0.8182636385954937,-0.574842188679543,0.0,0.46742585206288184,0.23689312963799902,0.15320007188517243,1.0
2025-12-16 17:56:52.082,0.007727700770734061,-0.5748131106449405,-0.8182364678824171,0.0,-0.9999599760260883,-0.005290931503078214,-0.005727066521581244,0.0,-0.0010372601532180933,0.8182637299761767,-0.5748420585663937,0.0,0.4673832003878115,0.2369117654947344,0.15321234292389088,1.0
2025-12-16 17:56:52.132,0.007727551420666978,-0.5748129024460752,-0.8182366155530857,0.0,-0.9999599771024066,-0.005290905599574338,-0.0057269025222499844,0.0,-0.0010373352020833584,0.8182638764017859,-0.5748418500001554,0.0,0.4672831405548718,0.23695304985918006,0.1532243605369991,1.0
2025-12-16 17:56:52.182,0.007727338478720227,-0.5748128877214961,-0.8182366279081609,0.0,-0.999959978513797,-0.005290967780276214,-0.005726598627718786,0.0,-0.0010375609171458394,0.818263886343616,-0.5748418354410064,0.0,0.4671044538270451,0.23698087887682817,0.1531819854862367,1.0
2025-12-16 17:56:52.232,0.007727090221314713,-0.57481326126202,-0.8182363678395386,0.0,-0.9999599799648746,-0.005291196159694498,-0.005726134215633344,0.0,-0.0010380112292554284,0.818263622457421,-0.5748422102590822,0.0,0.4668607301632433,0.23699192286245202,0.1530631594278746,1.0
2025-12-16 17:56:52.282,0.007726908720216998,-0.5748141558120456,-0.8182357411289994,0.0,-0.9999599807601999,-0.005291576591805229,-0.005725643757881109,0.0,-0.0010385960073611756,0.8182629915815584,-0.5748431072269478,0.0,0.46663904596456834,0.23697939064621007,0.1528576668228369,1.0
2025-12-16 17:56:52.332,0.007726826157859144,-0.5748152406703756,-0.818234979789909,0.0,-0.9999599808080559,-0.0052920015199261275,-0.005725242656355754,0.0,-0.0010391640284230668,0.8182622267254032,-0.5748441949367733,0.0,0.4665180356688813,0.2370136305321648,0.15262873179386643,1.0
2025-12-16 17:56:52.382,0.007726763318801762,-0.5748160894413806,-0.8182343841156654,0.0,-0.9999599808216721,-0.005292342875366523,-0.0057249247347924085,0.0,-0.001039618080624472,0.8182616282583435,-0.5748450460030521,0.0,0.46640776898495506,0.23701460361722265,0.15244587499755985,1.0
2025-12-16 17:56:52.432,0.007726740587519743,-0.5748165724034836,-0.8182340450454332,0.0,-0.9999599807153053,-0.005292555124140059,-0.005724747095940752,0.0,-0.0010398893053770882,0.818261287605385,-0.5748455304137017,0.0,0.46632531056448634,0.23693696481265764,0.15233479994244917,1.0
2025-12-16 17:56:52.482,0.00772672594801,-0.5748167836595897,-0.8182338967743741,0.0,-0.9999599807049528,-0.005292645337936206,-0.005724665499860983,0.0,-0.0010400080323245838,0.8182611386146422,-0.5748457422790587,0.0,0.4662922057496183,0.2369261278121458,0.15228748966776684,1.0
2025-12-16 17:56:52.532,0.007726678621518314,-0.5748166748530182,-0.8182339736588843,0.0,-0.9999599810642354,-0.005292622412912316,-0.005724623936689369,0.0,-0.0010400141954175427,0.8182612151994535,-0.5748456332536476,0.0,0.46625722452561796,0.23693560934472008,0.15230310859173898,1.0
2025-12-16 17:56:52.582,0.00772661554341638,-0.5748165898303129,-0.8182340339837388,0.0,-0.9999599815157393,-0.0052926137991540214,-0.005724553032645373,0.0,-0.001040048710832296,0.8182612749835341,-0.5748455480918333,0.0,0.46621509777410824,0.2369776239865164,0.15231392184775672,1.0
2025-12-16 17:56:52.632,0.007726571694509129,-0.5748165693306445,-0.8182340487990012,0.0,-0.9999599818042995,-0.005292627986238173,-0.005724489510224294,0.0,-0.0010400970296210847,0.8182612892927629,-0.5748455276360026,0.0,0.4661750738018493,0.23698229878683763,0.15231142566959413,1.0
2025-12-16 17:56:52.682,0.007726578539171178,-0.5748167835714838,-0.8182338982282634,0.0,-0.9999599816484633,-0.005292714407148027,-0.00572443682973523,0.0,-0.0010401960023394073,0.8182611382297742,-0.5748457424867921,0.0,0.466161068047339,0.2369659744697369,0.15226689656501316,1.0
2025-12-16 17:56:52.732,0.007726555214078541,-0.5748170026199504,-0.8182337445649305,0.0,-0.9999599816854866,-0.005292815175440441,-0.005724337192038242,0.0,-0.0010403336632242109,0.8182609836965298,-0.5748459622071432,0.0,0.4661214564735828,0.2369623297736782,0.15221769587964767,1.0
2025-12-16 17:56:52.783,0.007726541032698363,-0.5748174757853413,-0.8182334122954447,0.0,-0.9999599815277743,-0.00529302054048671,-0.005724174852293819,0.0,-0.0010405905532356223,0.8182606499693662,-0.5748464367837821,0.0,0.4660747820324849,0.23696682467559554,0.1521178208626733,1.0
2025-12-16 17:56:52.833,0.007726516507721325,-0.5748181145555026,-0.8182329637839832,0.0,-0.9999599813358251,-0.005293310807476608,-0.005723939968249018,0.0,-0.0010409570515025105,0.8182601993548981,-0.574847077543323,0.0,0.4659974921362518,0.23694742952118644,0.1519794993769792,1.0
2025-12-16 17:56:52.882,0.007726482807352142,-0.5748188521109622,-0.8182324459604813,0.0,-0.9999599811484639,-0.005293648487032232,-0.005723660408126918,0.0,-0.001041387093855497,0.8182596790358807,-0.5748478174065014,0.0,0.46590088126664314,0.23691795175943617,0.15181807339459671,1.0
2025-12-16 17:56:52.932,0.007726443239607209,-0.574819936730201,-0.8182316843740293,0.0,-0.9999599808177053,-0.005294133295874265,-0.0057232697742250335,0.0,-0.0010419980961661715,0.818258913949856,-0.5748489053495448,0.0,0.4657831423168245,0.2369088728624933,0.15159222894553484,1.0
2025-12-16 17:56:52.982,0.007726418560844024,-0.5748212204708133,-0.8182307827586761,0.0,-0.9999599802794956,-0.005294700281606658,-0.005722839292412218,0.0,-0.0010426973644243036,0.8182580084454454,-0.5748501930043164,0.0,0.46564701861793134,0.23685494803536056,0.1513266750739306,1.0
2025-12-16 17:56:53.032,0.007726365944353989,-0.5748224029007817,-0.8182299525768253,0.0,-0.9999599799456526,-0.005295259131075736,-0.005722380539011117,0.0,-0.0010434071847765978,0.8182571741619828,-0.5748513792571897,0.0,0.46548694921493433,0.23678542694922305,0.15107736717990528,1.0
2025-12-16 17:56:53.082,0.007726290984110228,-0.5748238608057286,-0.8182289290762296,0.0,-0.9999599796408614,-0.00529591918486573,-0.0057218229476391136,0.0,-0.0010442540306242296,0.8182561456960933,-0.5748528416595793,0.0,0.4652879056146598,0.23670745478537747,0.1507719147717618,1.0
2025-12-16 17:56:53.133,0.007726245599991298,-0.5748252997663145,-0.8182279186013539,0.0,-0.999959979127589,-0.005296579850689205,-0.005721301097248413,0.0,-0.0010450810097039351,0.818255130530514,-0.5748542851594434,0.0,0.46511060197058307,0.23659677570420845,0.15047391713680378,1.0
2025-12-16 17:56:53.182,0.007726204383717271,-0.5748264508416766,-0.8182271103304944,0.0,-0.9999599787039757,-0.005297145018715751,-0.005720851877434949,0.0,-0.0010457908158823944,0.8182543182231762,-0.5748554401157691,0.0,0.4649415869876282,0.23643027630959804,0.15022132434722935,1.0
2025-12-16 17:56:53.232,0.007726153792817633,-0.574827631685868,-0.8182262812322726,0.0,-0.9999599783307462,-0.005297721848757365,-0.005720382958788963,0.0,-0.0010465212075509711,0.8182534849243456,-0.5748566249096604,0.0,0.4647663165198213,0.23629231032941922,0.14996449114296098,1.0
2025-12-16 17:56:53.282,0.007726125957946617,-0.5748284266032024,-0.8182257230421061,0.0,-0.9999599780243337,-0.0052981190393278955,-0.0057200686558559494,0.0,-0.0010470193745767522,0.8182529239074326,-0.5748574225556862,0.0,0.4646534528029096,0.23619407551869412,0.14979213701366023,1.0
2025-12-16 17:56:53.333,0.007726146383269785,-0.5748288909400348,-0.8182253966383114,0.0,-0.9999599775962743,-0.005298345199246022,-0.005719934004552531,0.0,-0.0010472774454288133,0.8182525962366426,-0.5748578884924052,0.0,0.46461715454709385,0.23608040560153784,0.14968727193213952,1.0
2025-12-16 17:56:53.382,0.00772624524482872,-0.5748298383008944,-0.818224730153393,0.0,-0.999959976403414,-0.005298743779099492,-0.00571977332204431,0.0,-0.0010476869961983059,0.818251928113516,-0.5748588387512813,0.0,0.46459681560044336,0.2359378014052851,0.14949598331640582,1.0
2025-12-16 17:56:53.432,0.007726470192810409,-0.5748312560531706,-0.8182237320097129,0.0,-0.9999599741763388,-0.0052992648201609215,-0.005719679958744963,0.0,-0.0010481536033573068,0.8182509287335809,-0.5748602604117425,0.0,0.46462522163202646,0.23575755249097208,0.14923617595294594,1.0
2025-12-16 17:56:53.482,0.007726752613081187,-0.5748327037797414,-0.8182227122614824,0.0,-0.9999599715878182,-0.005299754409837947,-0.005719678880255023,0.0,-0.0010485411397146353,0.8182499084955581,-0.5748617118999048,0.0,0.46469502454907674,0.23557549555328075,0.14898411622407348,1.0
2025-12-16 17:56:53.532,0.007726952134750016,-0.5748337176128959,-0.8182219981198579,0.0,-0.9999599697353294,-0.005300118668092258,-0.005719665220191823,0.0,-0.0010488374582259658,0.8182491938886634,-0.5748627285191992,0.0,0.4647501321502008,0.2353962326378064,0.14880432357195697,1.0
2025-12-16 17:56:53.582,0.007727186638377328,-0.5748349239048035,-0.8182211484355698,0.0,-0.9999599675336652,-0.00530056578077356,-0.005719635799860308,0.0,-0.0010492088112478018,0.8182483435345139,-0.5748639382183356,0.0,0.4648165107649838,0.23521439820780038,0.14860081194469274,1.0
2025-12-16 17:56:53.632,0.007727366277265243,-0.5748361358911874,-0.8182202952660816,0.0,-0.9999599656606813,-0.005301055531917475,-0.005719509362240629,0.0,-0.0010496707709785982,0.8182474889006516,-0.5748651538396206,0.0,0.4648231379599694,0.23504733363244812,0.14838101079784202,1.0
2025-12-16 17:56:53.682,0.007727458256900251,-0.5748374809100507,-0.8182193494602064,0.0,-0.9999599643063908,-0.005301619290142951,-0.005719223590039046,0.0,-0.001050283626621344,0.8182465403240567,-0.5748665028961205,0.0,0.4647239582466157,0.23490142302412234,0.14811366101511758,1.0
2025-12-16 17:56:53.732,0.0077274886660611275,-0.5748388964289833,-0.8182183547027241,0.0,-0.9999599633732945,-0.005302190364546732,-0.005718857318190684,0.0,-0.0010509480807836564,0.8182455421672615,-0.5748679224235211,0.0,0.46457045043156237,0.23483169974734566,0.1478395760852338,1.0
2025-12-16 17:56:53.783,0.00772752579870494,-0.5748405061345062,-0.8182172234518553,0.0,-0.999959962223672,-0.005302894355017784,-0.005718405573278214,0.0,-0.0010517685912001624,0.8182444067206682,-0.574869537071823,0.0,0.4644030483665474,0.2347095250225204,0.14752877408168996,1.0
2025-12-16 17:56:53.832,0.007727567071171589,-0.5748418604174496,-0.8182162716056033,0.0,-0.9999599611385703,-0.005303523385380121,-0.005718011949804218,0.0,-0.0010524967674685336,0.8182434512005424,-0.5748708957826794,0.0,0.4642700483156545,0.23456125543240042,0.14726192664079996,1.0
2025-12-16 17:56:53.883,0.007727645083333563,-0.5748431156982493,-0.8182153889636907,0.0,-0.9999599598718691,-0.005304092933922793,-0.005717705169625749,0.0,-0.0010531272846410888,0.8182425656158712,-0.574872155124319,0.0,0.4641805966967154,0.23441029237063715,0.14701812135910525,1.0
2025-12-16 17:56:53.932,0.007727758918144318,-0.574844252493598,-0.8182145892236266,0.0,-0.9999599584559363,-0.0053045828417405665,-0.005717498306566927,0.0,-0.0010536363164496446,0.8182417637861403,-0.5748732954718446,0.0,0.46413974929941276,0.23425456892359742,0.14680070238971127,1.0
2025-12-16 17:56:53.983,0.007727887298814801,-0.5748454151418737,-0.8182137711805345,0.0,-0.9999599569255379,-0.005305082674286835,-0.005717302205066012,0.0,-0.0010541470373869144,0.8182409437263879,-0.574874461759934,0.0,0.46411069770921326,0.23408161832415758,0.14657661359264945,1.0
2025-12-16 17:56:54.032,0.007728067242977504,-0.5748467344227415,-0.818212842603565,0.0,-0.9999599549562628,-0.00530564435394308,-0.005717125419871375,0.0,-0.001054695776947013,0.8182400132199877,-0.5748757851767391,0.0,0.46410376303904904,0.23390804996803735,0.14633891162951154,1.0
2025-12-16 17:56:54.082,0.007728234085528012,-0.5748480191688542,-0.8182119384100748,0.0,-0.9999599530809904,-0.005306203625570452,-0.0057169343668919325,0.0,-0.001055251074403706,0.8182391069882458,-0.574877074025611,0.0,0.46409110935692544,0.2337308984079603,0.14610192212632667,1.0
2025-12-16 17:56:54.132,0.007728364316538543,-0.5748491366923286,-0.8182111520446806,0.0,-0.999959951549801,-0.00530669304830851,-0.0057167479058735,0.0,-0.001055748160648534,0.818238318689813,-0.5748781951191829,0.0,0.46406251341040783,0.233593085251143,0.14589521633374283,1.0
2025-12-16 17:56:54.182,0.0077284129020423085,-0.574849883710785,-0.8182106267538457,0.0,-0.9999599507791932,-0.005307032364474302,-0.005716567708387017,0.0,-0.0010561223283757038,0.8182377916644591,-0.5748789445593715,0.0,0.46401187553447903,0.2334870045395482,0.1457446532732839,1.0
2025-12-16 17:56:54.232,0.007728451353916735,-0.5748503221732743,-0.8182103183400715,0.0,-0.9999599502596759,-0.005307229770779763,-0.005716475315730072,0.0,-0.0010563328209907423,0.8182374823377674,-0.5748793844438355,0.0,0.4639878683079924,0.2334380297650131,0.14566120176235064,1.0
2025-12-16 17:56:54.282,0.007728500634496279,-0.5748508288324151,-0.8182099619106554,0.0,-0.9999599496254208,-0.0053074578854695326,-0.005716374474069894,0.0,-0.0010565726522745581,0.818237124899147,-0.5748798927523973,0.0,0.46396200164325413,0.2333886911829081,0.1455662902796517,1.0
2025-12-16 17:56:54.332,0.007728530982889051,-0.5748514396574931,-0.8182095324754917,0.0,-0.9999599490424385,-0.00530774938773863,-0.005716205794852305,0.0,-0.0010569023631349607,0.8182366938657221,-0.5748805056436402,0.0,0.46391027090459885,0.23331098029923084,0.14544059315992255,1.0
2025-12-16 17:56:54.382,0.0077286345183753494,-0.5748523287060415,-0.818208906875824,0.0,-0.9999599478180472,-0.005308143450768648,-0.0057160540622529865,0.0,-0.001057303618068665,0.8182360666963719,-0.5748813975650192,0.0,0.4638788705462259,0.23322842954493347,0.145282543630676,1.0
2025-12-16 17:56:54.432,0.007728795184991653,-0.5748536036237207,-0.8182080096326478,0.0,-0.9999599459544288,-0.005308725814135309,-0.005715839243214855,0.0,-0.0010578915630638295,0.8182351672050734,-0.574882676738764,0.0,0.46385886093168316,0.23306550052442201,0.14505518357246133,1.0
2025-12-16 17:56:54.482,0.007728990879799039,-0.5748549570967344,-0.8182070568642754,0.0,-0.9999599438109834,-0.005309335599097424,-0.005715647840744403,0.0,-0.0010584877393400164,0.8182342123419093,-0.574884034703453,0.0,0.46385293591545557,0.23291635049427428,0.14482671014562162,1.0
2025-12-16 17:56:54.533,0.007729194288156185,-0.5748564754256433,-0.8182059881949477,0.0,-0.9999599414884531,-0.00531004295601813,-0.005715397048607283,0.0,-0.0010591963339774907,0.8182331410186432,-0.5748855582130162,0.0,0.4638350385759515,0.23274264868443056,0.1445683061077697,1.0
2025-12-16 17:56:54.582,0.0077294230146237744,-0.5748581785570732,-0.8182047894427857,0.0,-0.9999599388833246,-0.00531083281899849,-0.005715118934393528,0.0,-0.0010599863955948665,0.8182319393174367,-0.5748872671312766,0.0,0.46381116198577693,0.23255404850659434,0.14428165219831554,1.0
2025-12-16 17:56:54.632,0.007729710006989882,-0.5748600773964504,-0.8182034526327563,0.0,-0.9999599357424981,-0.00531172282075803,-0.005714841357614025,0.0,-0.0010608562309957425,0.8182305994599373,-0.5748891725293571,0.0,0.46380910319641,0.23235579220486674,0.14397743187970205,1.0
2025-12-16 17:56:54.682,0.007729959459675109,-0.5748618847613493,-0.8182021804398895,0.0,-0.9999599328823541,-0.005312597282229184,-0.00571452896070988,0.0,-0.001061734232916038,0.8182293239640736,-0.5748909862971533,0.0,0.4637899965542704,0.23215427591814766,0.14367877763111708,1.0
2025-12-16 17:56:54.732,0.007730102431828195,-0.5748630733129969,-0.8182013440215908,0.0,-0.9999599311321756,-0.005313184675864768,-0.005714289102176362,0.0,-0.0010623415011172753,0.8182284850940261,-0.5748921791181978,0.0,0.46375557966255165,0.23203053030748247,0.1434787597881319,1.0
2025-12-16 17:56:54.782,0.007730134722283976,-0.5748634484243478,-0.8182010801655366,0.0,-0.9999599306565174,-0.0053133799408178585,-0.005714190776120138,0.0,-0.0010625542498541476,0.8182282202787051,-0.5748925556293184,0.0,0.463733681584878,0.23199104500348558,0.14341191014535934,1.0
2025-12-16 17:56:54.833,0.007730124565168832,-0.574863390687574,-0.8182011208270253,0.0,-0.9999599307609978,-0.0053133537057972816,-0.005714196887187504,0.0,-0.0010625298168004036,0.8182282610140347,-0.5748924976970364,0.0,0.4637351656660059,0.23199078562912714,0.14341985224318834,1.0
2025-12-16 17:56:54.882,0.007730179836337771,-0.5748636381431749,-0.8182009464439034,0.0,-0.9999599302445974,-0.005313455843904757,-0.005714192280884742,0.0,-0.0010626136953379686,0.8182280864922432,-0.5748927459338626,0.0,0.4637356557257199,0.23200137783748395,0.14339061667965947,1.0
2025-12-16 17:56:54.932,0.007730337490456398,-0.5748644983694033,-0.8182003405633527,0.0,-0.999959928656014,-0.005313837216652559,-0.005714115636100917,0.0,-0.0010629616668974744,0.8182274796328824,-0.574893609014847,0.0,0.4637329416076675,0.23198509748428384,0.14327482718244242,1.0
2025-12-16 17:56:54.982,0.007730621086006581,-0.5748662119289447,-0.8181991339406921,0.0,-0.999959925658047,-0.005314632089982002,-0.005713901023792545,0.0,-0.0010637192162432695,0.8182262705437713,-0.5748953284672437,0.0,0.4637036344992326,0.23195205666610594,0.1430381391749624,1.0
2025-12-16 17:56:55.032,0.007731023935710947,-0.5748686595176717,-0.8181974104545118,0.0,-0.9999599213796423,-0.005315775632890857,-0.005713586006052065,0.0,-0.0010648128299969406,0.8182245434592612,-0.5748977845274068,0.0,0.4636613369937457,0.2319377230326902,0.14271331766931442,1.0
2025-12-16 17:56:55.083,0.0077312952190817606,-0.5748704974660852,-0.8181961165384124,0.0,-0.999959918325226,-0.005316679502077935,-0.005713279556215417,0.0,-0.0010657111790777034,0.8182232462516802,-0.574899629111939,0.0,0.46361044644322785,0.23194348261921147,0.1424704587657575,1.0
2025-12-16 17:56:55.132,0.007731324703732682,-0.5748712307477052,-0.8181956010503555,0.0,-0.9999599175252961,-0.005317140602597035,-0.005712990444866046,0.0,-0.0010662477314939797,0.8182227280530491,-0.5749003656401699,0.0,0.46355160856872357,0.23186904125190416,0.1423455410933299,1.0
2025-12-16 17:56:55.183,0.007731347099677388,-0.5748717959739356,-0.8181952037056525,0.0,-0.9999599169201618,-0.005317488854974573,-0.005712772226204721,0.0,-0.0010666527836014589,0.8182223286622886,-0.5749009333183421,0.0,0.4635013505581137,0.23182354150069057,0.14225057874330138,1.0
2025-12-16 17:56:55.232,0.007731377173541089,-0.5748724348910715,-0.8181947545117968,0.0,-0.9999599162064625,-0.005317879636832383,-0.005712533390806246,0.0,-0.0010671037892666499,0.8182218772190799,-0.5749015749931357,0.0,0.4634477184885477,0.23177563667377724,0.1421445668475019,1.0
2025-12-16 17:56:55.282,0.007731384125672835,-0.574873037159999,-0.8181943312851464,0.0,-0.9999599156465011,-0.005318275898036962,-0.005712262504725497,0.0,-0.0010675780510232525,0.8182214514884301,-0.5749021800282823,0.0,0.46338678947858325,0.23171166892003725,0.14203586012764743,1.0
2025-12-16 17:56:55.332,0.007731428280995054,-0.5748738257900846,-0.8181937767664915,0.0,-0.9999599147170999,-0.005318757337062667,-0.005711976940436287,0.0,-0.0010681286815294381,0.8182208942652514,-0.5749029720647583,0.0,0.46332795337984983,0.2316460562435822,0.1419057708213053,1.0
2025-12-16 17:56:55.382,0.00773160186395904,-0.5748749977125426,-0.8181929517166653,0.0,-0.9999599127107814,-0.005319373971409468,-0.005711753951861279,0.0,-0.0010687503276971396,0.8182200668584548,-0.5749041485003242,0.0,0.46332353595944514,0.2315503268393259,0.14173976420597073,1.0
2025-12-16 17:56:55.432,0.0077317858395347565,-0.5748762762038953,-0.8181920516888945,0.0,-0.9999599105677517,-0.005320040123864562,-0.005711508699359114,0.0,-0.00106942428114952,0.8182191642505589,-0.5749054318623402,0.0,0.4633174266982378,0.23142978923841478,0.1415567542156716,1.0
2025-12-16 17:56:55.482,0.007731906997701489,-0.5748774898296548,-0.8181911978275875,0.0,-0.9999599088695913,-0.005320700567854608,-0.005711190786008653,0.0,-0.0010701359513290486,0.8182183072514821,-0.5749066502377274,0.0,0.46326867009269784,0.23130967643967165,0.14136675940267857,1.0
2025-12-16 17:56:55.532,0.007732025375344406,-0.5748787431788399,-0.8181903160792853,0.0,-0.9999599071675396,-0.005321378692210386,-0.005710856985426687,0.0,-0.0010708708454831195,0.8182174222240114,-0.5749079084555422,0.0,0.46320189683415114,0.231213455959465,0.1411700703860534,1.0
2025-12-16 17:56:55.582,0.0077320593046347015,-0.5748796921882098,-0.8181896489627006,0.0,-0.9999599061967376,-0.005321945958561068,-0.005710498352544181,0.0,-0.001071532190796779,0.8182167517477589,-0.574908861453805,0.0,0.46311317983738143,0.23112177085869404,0.14100146743228953,1.0
2025-12-16 17:56:55.632,0.00773210907693216,-0.5748805071473103,-0.8181890758819026,0.0,-0.9999599052462033,-0.0053224121026911875,-0.005710230347483214,0.0,-0.0010720599621507477,0.8182161761131188,-0.5749096797187042,0.0,0.463044499938889,0.23106572184942642,0.14086644823328898,1.0
2025-12-16 17:56:55.682,0.007732188949795612,-0.5748812776992092,-0.8181885337171243,0.0,-0.999959904156728,-0.005322823462272459,-0.005710037693850404,0.0,-0.0010725000076290093,0.8182156320346652,-0.5749104532341076,0.0,0.4629938502497879,0.23104297893706377,0.1407528858055431,1.0
2025-12-16 17:56:55.732,0.007732310844450785,-0.5748822709430987,-0.8181878346843828,0.0,-0.9999599026326195,-0.005323344032011894,-0.005709819304279637,0.0,-0.0010730420978982591,0.8182149307768106,-0.5749114502552157,0.0,0.46293515200837804,0.23103754778068053,0.14061639319449404,1.0
2025-12-16 17:56:55.782,0.007732410679491306,-0.5748830962894385,-0.8181872538282177,0.0,-0.9999599013547903,-0.005323792817079299,-0.005709624660803748,0.0,-0.0010735133897623293,0.8182143479521881,-0.5749122788514588,0.0,0.462892206285295,0.2310199925389383,0.14050158313694075,1.0
2025-12-16 17:56:55.832,0.007732516972170395,-0.5748837535199907,-0.8181867910332271,0.0,-0.9999599001684726,-0.00532413619653335,-0.005709512240754574,0.0,-0.0010738527569254168,0.8182138839337934,-0.5749129386074322,0.0,0.46288716417554016,0.23098770265504073,0.1404137173914546,1.0
2025-12-16 17:56:55.882,0.007732604505013996,-0.5748842071714766,-0.8181864714559879,0.0,-0.9999598992749539,-0.005324354739354941,-0.00570946493483359,0.0,-0.0010740544734144529,0.8182135637661117,-0.5749133938917644,0.0,0.46288730849534254,0.23098379491540863,0.14035953018853262,1.0
2025-12-16 17:56:55.932,0.007732635514060155,-0.5748843570197146,-0.8181863658746975,0.0,-0.9999598989751547,-0.0053244193264729185,-0.0057094572108328315,0.0,-0.0010741103414911334,0.8182134580590467,-0.57491354422907,0.0,0.4628822789181962,0.23099959387792368,0.14034467751056393,1.0
2025-12-16 17:56:55.983,0.007732734915174817,-0.5748847837598475,-0.8181860650935906,0.0,-0.9999598980710778,-0.005324582597168158,-0.00570946328946594,0.0,-0.0010742363972728727,0.8182131571590359,-0.5749139722323728,0.0,0.4628717932111277,0.2310669303295071,0.14030930634537245,1.0
2025-12-16 17:56:56.032,0.007732879641829509,-0.5748854921607449,-0.8181855659792289,0.0,-0.9999598966441522,-0.005324905113375401,-0.005709412417955134,0.0,-0.001074522824022029,0.8182126573205047,-0.5749146830628167,0.0,0.46287031174703436,0.23109477064685852,0.1402307243558853,1.0
2025-12-16 17:56:56.082,0.007733097878143083,-0.5748864782508292,-0.8181848710546866,0.0,-0.9999598945268346,-0.005325364556948403,-0.005709354729361241,0.0,-0.0010749225754893234,0.8182119614779663,-0.5749156726302004,0.0,0.4629330320087603,0.23099462788753128,0.14010684371617865,1.0
2025-12-16 17:56:56.132,0.007733448908816378,-0.574887977882271,-0.8181838140391295,0.0,-0.9999598912245636,-0.005326023961234435,-0.0057093180093155775,0.0,-0.0010754690189155353,0.8182109035027532,-0.5749171773008679,0.0,0.4630414805447419,0.23084884680809575,0.13993264777634182,1.0
2025-12-16 17:56:56.182,0.007733837294704171,-0.5748894742136644,-0.8181827589849617,0.0,-0.9999598877092659,-0.005326646794880128,-0.005709352643092609,0.0,-0.0010759445469521304,0.8182098480796968,-0.5749186784656865,0.0,0.4631736473819518,0.23073347559916738,0.13977098260242374,1.0
2025-12-16 17:56:56.232,0.007734016086701004,-0.5748902542245444,-0.8181822092260487,0.0,-0.999959886015704,-0.005326991308651983,-0.00570932782960033,0.0,-0.0010762333108569472,0.8182092977754775,-0.5749194611035714,0.0,0.4632551002453386,0.23064094809203142,0.1396816687301374,1.0
2025-12-16 17:56:56.282,0.007734058687221368,-0.5748905032442416,-0.8181820338512777,0.0,-0.9999598855384438,-0.00532712987721428,-0.0057092821284211994,0.0,-0.0010763706050273493,0.8182091219036344,-0.574919711142351,0.0,0.4632609978311061,0.2306161294440995,0.13964591706651622,1.0
2025-12-16 17:56:56.332,0.007734081326103061,-0.574890588600081,-0.8181819736625231,0.0,-0.9999598852930667,-0.005327196910807147,-0.0057092625582358,0.0,-0.0010764358947231234,0.818209061493262,-0.5749197969943979,0.0,0.46323763896517905,0.23064400254994086,0.13963000391156452,1.0
2025-12-16 17:56:56.382,0.007734183903570117,-0.5748908885334716,-0.8181817619464207,0.0,-0.9999598844051208,-0.0053273298584926064,-0.00570929402680587,0.0,-0.0010765237405399545,0.818208849884103,-0.5749200979857719,0.0,0.4632240655819651,0.2307185068454046,0.13959960860292292,1.0
2025-12-16 17:56:56.432,0.007734389698725303,-0.5748918409727511,-0.8181810907740154,0.0,-0.9999598824562026,-0.00532772625526021,-0.005709265481194867,0.0,-0.0010768554685924618,0.8182081780852818,-0.574921053447048,0.0,0.4631986805666531,0.2308984825046747,0.13950148453076824,1.0
2025-12-16 17:56:56.482,0.0077345418130839606,-0.5748928651280888,-0.8181803697162179,0.0,-0.9999598808573288,-0.005328141672971717,-0.005709157846618243,0.0,-0.0010772475523351016,0.8182074557702947,-0.5749220806853846,0.0,0.4631706113343623,0.23108702779443416,0.1393836621776842,1.0
2025-12-16 17:56:56.532,0.007734580971574419,-0.574893586675824,-0.8181798623514327,0.0,-0.9999598802234925,-0.005328420554918383,-0.005709008584439949,0.0,-0.0010775547209694594,0.8182069469665578,-0.5749228042193907,0.0,0.46313826412111386,0.23126191108819594,0.13928133879965685,1.0
2025-12-16 17:56:56.582,0.007733237727942164,-0.5748952511970413,-0.8181787054712083,0.0,-0.9999598892720688,-0.005328677039342506,-0.005707184000074515,0.0,-0.0010787978727748236,0.8182057757350159,-0.5749244687339465,0.0,0.4630207194416538,0.23215915589698152,0.13878194794269444,1.0
2025-12-16 17:56:56.632,0.007728901013470494,-0.5748986282155164,-0.818176373568835,0.0,-0.9999599189982904,-0.0053290864830342595,-0.005701590602389873,0.0,-0.0010823168751169134,0.8182034002204885,-0.5749278428270915,0.0,0.46270665454805326,0.23385241300095208,0.13740652639614473,1.0
2025-12-16 17:56:56.682,0.007722698395295328,-0.5749037856773608,-0.8181728081796307,0.0,-0.9999599623907988,-0.005328973789516758,-0.00569408069416497,0.0,-0.001086493821429483,0.8181997770454557,-0.5749329912032726,0.0,0.46204292996872004,0.2357128658042875,0.1356127608750725,1.0
2025-12-16 17:56:56.732,0.007715231318010528,-0.5749104902256406,-0.8181681675153532,0.0,-0.9999600144999823,-0.00532888273519606,-0.005685007581152095,0.0,-0.0010915727431008604,0.818195066591058,-0.5749396850757482,0.0,0.46133518866673745,0.23764319847740004,0.13342498256256144,1.0
2025-12-16 17:56:56.782,0.007709872293543916,-0.57491617159234,-0.81816422582024,0.0,-0.9999600509765706,-0.005329473951303733,-0.00567803307011264,0.0,-0.001096012996200124,0.818191070581775,-0.5749453632961667,0.0,0.4605774406191893,0.23921228755437415,0.1315051371496201,1.0
2025-12-16 17:56:56.832,0.00770772698090442,-0.5749205605862067,-0.818161161912027,0.0,-0.99996006442971,-0.005330571168906411,-0.005674632847285823,0.0,-0.0010988243592987212,0.8181879793541373,-0.5749497569574414,0.0,0.45992511440308975,0.23975326480050058,0.13008919986225892,1.0
2025-12-16 17:56:56.882,0.007707505902753696,-0.5749216157051904,-0.8181604225632652,0.0,-0.9999600655029721,-0.005330920937362247,-0.005674115125653322,0.0,-0.0010993982578492028,0.8181872356538041,-0.5749508141890546,0.0,0.4594508894990261,0.2395157088494657,0.12985852813595697,1.0
2025-12-16 17:56:56.932,0.007707283920166347,-0.5749211917935729,-0.8181607225371064,0.0,-0.9999600677535911,-0.005330388661978308,-0.00567421855004499,0.0,-0.0010989073051695985,0.8181875370004023,-0.5749503862942871,0.0,0.4593845565469261,0.23890747505307225,0.13028336318558645,1.0
2025-12-16 17:56:56.982,0.007706668448647828,-0.5749211759401388,-0.8181607394749757,0.0,-0.9999600732897154,-0.005329444413057287,-0.005674129878984388,0.0,-0.001098185902996676,0.8181875542916892,-0.5749503630661579,0.0,0.4595425760438688,0.23846492013411047,0.1308991285173417,1.0
2025-12-16 17:56:57.032,0.007706078812607128,-0.5749212716112747,-0.8181606778007711,0.0,-0.9999600786521037,-0.005328496213579232,-0.005674075377400831,0.0,-0.0010974405716990456,0.8181874932404021,-0.574950451368793,0.0,0.45969709728073366,0.23815379400831924,0.1314998699270555,1.0
2025-12-16 17:56:57.082,0.007705767876845181,-0.5749214686153232,-0.8181605422946261,0.0,-0.9999600815056395,-0.005327977727596511,-0.005674059373817164,0.0,-0.001097023719844544,0.8181873581841236,-0.5749506443570986,0.0,0.45978093236019296,0.23794660688112695,0.13181057252338335,1.0
2025-12-16 17:56:57.132,0.007705568847776524,-0.5749214550821304,-0.8181605536789137,0.0,-0.9999600832725004,-0.005327689291605261,-0.0056740188292569655,0.0,-0.0010968111761831165,0.8181873695720303,-0.5749506285569621,0.0,0.45978833768087246,0.23783301649844377,0.1319895018404163,1.0
2025-12-16 17:56:57.182,0.007705444191029794,-0.574921491467473,-0.8181605292849586,0.0,-0.9999600842321277,-0.005327618580521079,-0.005673916103093156,0.0,-0.001096812046246536,0.8181873444648393,-0.5749506642842578,0.0,0.45976778965570414,0.2377248098319799,0.13203208516263215,1.0
2025-12-16 17:56:57.232,0.0077052496982249466,-0.5749214314884118,-0.81816057326396,0.0,-0.9999600857184836,-0.00532751553874929,-0.005673750900004748,0.0,-0.0010968232951637904,0.8181873872825207,-0.5749506033308092,0.0,0.4597117261539965,0.23758882584864957,0.13209699346181555,1.0
2025-12-16 17:56:57.282,0.0077048333384072505,-0.5749215229272472,-0.8181605129309594,0.0,-0.9999600889377008,-0.00532726855354519,-0.005673415432686524,0.0,-0.0010968132485842602,0.8181873246375168,-0.5749506924973655,0.0,0.4596648442965038,0.23727129581092352,0.13223755008835156,1.0
2025-12-16 17:56:57.332,0.007704144639515781,-0.5749219279454908,-0.8181602348097968,0.0,-0.999960094243043,-0.00532687607613415,-0.005672848836577121,0.0,-0.0010968141082547038,0.8181870425902307,-0.5749510938647427,0.0,0.45965054431049784,0.2367750884464117,0.13245156202205957,1.0
2025-12-16 17:56:57.382,0.007703439479883601,-0.5749223038654702,-0.8181599772901436,0.0,-0.9999600998217186,-0.0053263642691843424,-0.005672346024282563,0.0,-0.0010966809394187353,0.8181867817664332,-0.5749514652852049,0.0,0.4596541496274277,0.2363358242221349,0.13275036137909602,1.0
2025-12-16 17:56:57.432,0.007702808821134497,-0.5749224798850701,-0.8181598595386322,0.0,-0.9999601048552799,-0.005325872059823474,-0.005671920823510287,0.0,-0.0010965210622498824,0.8181866612830038,-0.5749516370444833,0.0,0.459625385364508,0.23598060533552215,0.13303380470866502,1.0
2025-12-16 17:56:57.482,0.0077024241845810556,-0.5749225702164279,-0.8181597996837938,0.0,-0.9999601079929032,-0.005325521089667699,-0.005671697202185453,0.0,-0.0010963616433235998,0.8181866000923981,-0.5749517244259639,0.0,0.4596212475017544,0.23576773271508783,0.1332321486811242,1.0
2025-12-16 17:56:57.532,0.00770228402537159,-0.574922624463146,-0.8181597628840038,0.0,-0.9999601091994623,-0.0053253461244663364,-0.005671648760488949,0.0,-0.0010962458381845559,0.8181865631124697,-0.5749517772711612,0.0,0.45964427003401254,0.23568815684294678,0.13333345585147,1.0
2025-12-16 17:56:57.582,0.007702269813192588,-0.5749226159468286,-0.8181597690022337,0.0,-0.9999601093356872,-0.00532531792520063,-0.005671651220258811,0.0,-0.0010962214329160113,0.8181865692803675,-0.5749517685404512,0.0,0.4596471174594985,0.2356846686014652,0.13335160260326764,1.0
2025-12-16 17:56:57.632,0.007702272985758224,-0.5749226300807843,-0.8181597590404059,0.0,-0.999960109257924,-0.0053253596477601485,-0.005671625755584958,0.0,-0.0010962700765761529,0.8181865590769755,-0.5749517829676662,0.0,0.4596349524237778,0.23567478364486302,0.13332527029834124,1.0
2025-12-16 17:56:57.682,0.007702249196313536,-0.5749226642130578,-0.8181597352795393,0.0,-0.9999601093644579,-0.005325403452267326,-0.005671565841999989,0.0,-0.0010963400425646362,0.8181865348073571,-0.5749518173711954,0.0,0.4596172992908575,0.2356353287253101,0.13329414582053728,1.0
2025-12-16 17:56:57.732,0.007702229180178358,-0.5749227331100835,-0.8181596870538759,0.0,-0.9999601093685342,-0.005325504430976674,-0.005671470306065253,0.0,-0.0010964769401150642,0.8181864857366454,-0.574951886940323,0.0,0.45958601350389705,0.23557721746603522,0.13322217450526727,1.0
2025-12-16 17:56:57.782,0.007702254572885198,-0.5749226867376234,-0.8181597194008607,0.0,-0.9999601091909638,-0.005325505264826431,-0.005671500831191721,0.0,-0.0010964605076973961,0.8181865183168125,-0.5749518406083828,0.0,0.45958027106929206,0.2356129839851972,0.13322743622187136,1.0
2025-12-16 17:56:57.832,0.007702234292457361,-0.5749226137642417,-0.8181597708703385,0.0,-0.9999601094769014,-0.005325396289927246,-0.005671552742113878,0.0,-0.001096342189747308,0.8181865703039906,-0.5749517668535302,0.0,0.45959981402432676,0.2356336523186941,0.13329998784050465,1.0
2025-12-16 17:56:57.882,0.007702231879264097,-0.5749226348332169,-0.8181597560878426,0.0,-0.9999601095252516,-0.005325372836853408,-0.005671566239010356,0.0,-0.0010963150429757905,0.8181865556516297,-0.5749517877563729,0.0,0.4596163728670889,0.23563207226182628,0.13331174241032667,1.0
2025-12-16 17:56:57.932,0.007702172583058714,-0.5749227300704226,-0.8181596897226612,0.0,-0.9999601099414178,-0.005325369674971921,-0.005671495832735236,0.0,-0.0010963520413684496,0.8181864887497144,-0.5749518828907467,0.0,0.45962448822093466,0.23556269086057974,0.1333042493112493,1.0
2025-12-16 17:56:57.982,0.0077020247112858055,-0.5749229420263005,-0.8181595421727831,0.0,-0.9999601110208083,-0.0053253305813442744,-0.005671342227422619,0.0,-0.0010964063809439663,0.8181863400642471,-0.5749520943742359,0.0,0.4596542770841782,0.23540986970286382,0.13330612223091626,1.0
2025-12-16 17:56:58.032,0.00770178533362702,-0.5749230470607061,-0.8181594706182385,0.0,-0.9999601128979202,-0.005325168765589735,-0.005671163196824923,0.0,-0.0010963759413448483,0.8181862673104848,-0.5749521979646057,0.0,0.459667014409299,0.23523567346354443,0.13338450032327612,1.0
2025-12-16 17:56:58.082,0.007701542201735433,-0.5749231239485146,-0.818159418877644,0.0,-0.9999601148450118,-0.005324973905778894,-0.005671002844459329,0.0,-0.0010963079923592938,0.8181862145501685,-0.574952273174784,0.0,0.45967236628595876,0.23506948809785136,0.13349403043767413,1.0
2025-12-16 17:56:58.132,0.0077013666956755435,-0.5749232252451485,-0.8181593493482446,0.0,-0.999960116205481,-0.005324867154518359,-0.005670863189630511,0.0,-0.0010962999987724244,0.8181861440644378,-0.5749523734947789,0.0,0.45967887735831015,0.23492766800447662,0.13354863960009047,1.0
2025-12-16 17:56:58.182,0.007701265950593532,-0.5749232549277573,-0.8181593294384901,0.0,-0.9999601169814128,-0.005324809410588423,-0.0056707805872474246,0.0,-0.0010962999707250485,0.8181861235824639,-0.5749524026417103,0.0,0.45967232658130996,0.23485047284839522,0.1335785777642412,1.0
2025-12-16 17:56:58.233,0.00770120560597018,-0.5749233280191145,-0.8181592786449643,0.0,-0.9999601174366203,-0.005324782339010084,-0.00567072573755123,0.0,-0.0010963086714484756,0.818186072397801,-0.574952475463457,0.0,0.45968155764219853,0.23479288201576146,0.13358710712743077,1.0
2025-12-16 17:56:58.282,0.007701141776700282,-0.5749233339982999,-0.8181592750441826,0.0,-0.9999601179440896,-0.005324733821287815,-0.005670681809351408,0.0,-0.0010962941782125786,0.8181860685120235,-0.5749524810207477,0.0,0.4596791064548935,0.23475153578108748,0.13361377675968017,1.0
