timestamp,ee_pose_cmd
2025-12-16 17:59:49.432,0.0073577970387074506,-0.5759255327186419,-0.8174572713522674,0.0,-0.9999628736066465,-0.004996322802906454,-0.005480425895449123,0.0,-0.0009279810684086888,0.8174829850541574,-0.5759520014706789,0.0,0.45993542939709736,0.24197827653657497,0.20175846095767852,1.0
2025-12-16 17:59:49.482,0.007357555239317271,-0.5759253928062356,-0.8174573721015009,0.0,-0.9999628751867093,-0.004996357951770011,-0.005480105542338677,0.0,-0.0009281955748823646,0.8174830834109992,-0.5759518615212732,0.0,0.45978254236578964,0.24212554919934282,0.201721268370445,1.0
2025-12-16 17:59:49.532,0.007357330879204832,-0.5759253601372069,-0.8174573971372273,0.0,-0.9999628766709474,-0.004996375167314442,-0.005479819007890879,0.0,-0.0009283749778829553,0.8174831063218927,-0.5759518287133129,0.0,0.45965055063136395,0.24224887676806248,0.20165988507436242,1.0
2025-12-16 17:59:49.582,0.007357168591933666,-0.5759253573237713,-0.8174574005799964,0.0,-0.9999628777426208,-0.004996389410052134,-0.005479610457666022,0.0,-0.0009285067652327067,0.8174831082169737,-0.5759518258110677,0.0,0.45954878096407525,0.2423332461502768,0.20161279257945514,1.0
2025-12-16 17:59:49.632,0.0073570094410023166,-0.5759253476442153,-0.8174574088319115,0.0,-0.9999628787975758,-0.004996399779066818,-0.005479408482746131,0.0,-0.000928631660611229,0.8174831149730769,-0.5759518160203628,0.0,0.4594586057670614,0.24241461522902044,0.20156886373321894,1.0
2025-12-16 17:59:49.682,0.007356766751231298,-0.5759253289648002,-0.8174574241763072,0.0,-0.9999628804160852,-0.004996406865642328,-0.0054791066432440345,0.0,-0.0009288114730804211,0.8174831280898586,-0.5759517971129766,0.0,0.45935375448663507,0.24254765698119188,0.20150616201532548,1.0
2025-12-16 17:59:49.732,0.0073564503921919825,-0.5759252761156055,-0.8174574642573146,0.0,-0.9999628825174837,-0.004996423195372253,-0.005478708222398975,0.0,-0.0009290547770868389,0.8174831652235693,-0.5759517440144405,0.0,0.4591873160104241,0.24271393986188594,0.20145302201638346,1.0
2025-12-16 17:59:49.783,0.007356116216500787,-0.5759253176029239,-0.8174574380353932,0.0,-0.9999628847623955,-0.004996418806203685,-0.005478302473364777,0.0,-0.0009292845163802823,0.8174831360215905,-0.5759517850919409,0.0,0.4590098709169649,0.24286282258416408,0.20137056418705526,1.0
2025-12-16 17:59:49.833,0.007355889081218872,-0.5759253625899179,-0.8174574083845008,0.0,-0.9999628862867882,-0.004996417125832064,-0.0054780257492137085,0.0,-0.000929442123638886,0.8174831043374469,-0.5759518298088391,0.0,0.4588771450441061,0.2429556576970911,0.20130619881391593,1.0
2025-12-16 17:59:49.882,0.00735577140741184,-0.5759253871286698,-0.8174573921550295,0.0,-0.9999628870758149,-0.004996416876938134,-0.005477881944786842,0.0,-0.0009295245268723966,0.8174830870508284,-0.5759518542117923,0.0,0.4588214440954499,0.24300834365567892,0.20126651153449107,1.0
2025-12-16 17:59:49.932,0.007355736245583804,-0.5759254484726225,-0.8174573492526093,0.0,-0.9999628873188393,-0.004996410778802734,-0.0054778431438025415,0.0,-0.0009295413383113421,0.8174830438698087,-0.5759519154740723,0.0,0.4587916600174931,0.24301025606214954,0.2012385206483895,1.0
2025-12-16 17:59:49.982,0.007355672347205831,-0.5759254446708044,-0.8174573525060894,0.0,-0.9999628877410421,-0.004996416013817633,-0.005477761296467357,0.0,-0.0009295927937478348,0.8174830465162845,-0.5759519116347233,0.0,0.45875840904527,0.24304520152997636,0.2012275707229263,1.0
2025-12-16 17:59:50.032,0.007355534291585625,-0.5759255585938452,-0.8174572734858142,0.0,-0.9999628886714387,-0.0049964121137597885,-0.005477595007822008,0.0,-0.0009296843583996304,0.8174829662785786,-0.5759520253730948,0.0,0.4586437570492664,0.24308183325961916,0.20117100891725845,1.0
2025-12-16 17:59:50.082,0.007355465367623813,-0.5759260619037831,-0.8174569195073423,0.0,-0.9999628892042439,-0.0049963530866959935,-0.005477551582837785,0.0,-0.0009296565898130332,0.8174826120450203,-0.5759525282023475,0.0,0.4584530207348818,0.24296684895177262,0.20100823128689316,1.0
2025-12-16 17:59:50.132,0.007355392753626225,-0.575926698566728,-0.8174564716097594,0.0,-0.9999628898361482,-0.00499622954400677,-0.0054775489126865345,0.0,-0.0009295514096200055,0.8174821642546053,-0.5759531639463259,0.0,0.45829282468938665,0.2428326077970161,0.2007868979190261,1.0
2025-12-16 17:59:50.182,0.0073551151996027655,-0.5759273754399755,-0.8174559972258021,0.0,-0.9999628918341075,-0.004996112553164019,-0.005477290875369892,0.0,-0.0009295983086739644,0.8174816880941186,-0.5759538397109397,0.0,0.45821390603202033,0.24287197955671072,0.20051172185047145,1.0
2025-12-16 17:59:50.232,0.007355071364848292,-0.5759285004245555,-0.8174552050266418,0.0,-0.9999628924015496,-0.00499587934255123,-0.00547739999723893,0.0,-0.0009293346981909126,0.8174808969354852,-0.5759549630679237,0.0,0.4581733326477324,0.242673398053217,0.20010941246771127,1.0
2025-12-16 17:59:50.282,0.007355050370667024,-0.5759295980263491,-0.8174544319119329,0.0,-0.9999628928310335,-0.004995632608080444,-0.00547754662634613,0.0,-0.0009290386758705803,0.8174801251491601,-0.5759560589778115,0.0,0.4581958729005984,0.24249569840170282,0.19971163009224063,1.0
2025-12-16 17:59:50.332,0.007354756441589473,-0.5759319683025678,-0.8174527645962323,0.0,-0.9999628954111607,-0.004995111096719906,-0.005477551210880482,0.0,-0.0009285884033227798,0.8174784583960785,-0.5759584253936635,0.0,0.45803357110399817,0.24223160126632734,0.19891758535059656,1.0
2025-12-16 17:59:50.382,0.007354264446593698,-0.5759347081587608,-0.817450838664773,0.0,-0.9999628993500108,-0.0049945640159252845,-0.0054773310123747134,0.0,-0.0009282433770433698,0.8174765314044699,-0.5759611609884381,0.0,0.4576974309810093,0.2419887404867017,0.19803701583316097,1.0
2025-12-16 17:59:50.432,0.007353327677532107,-0.5759389611323902,-0.8174478506443199,0.0,-0.9999629063603327,-0.004993946144592369,-0.00547661451167612,0.0,-0.0009281127387993922,0.8174735387681707,-0.575965408701415,0.0,0.457195744808789,0.24179290041351856,0.19674783989232855,1.0
2025-12-16 17:59:50.482,0.007352235118973562,-0.5759434112822027,-0.8174447250674403,0.0,-0.9999629139609144,-0.004993727985904206,-0.005475425536703095,0.0,-0.0009285792166958816,0.8174704047348,-0.5759698560891537,0.0,0.4565789072289878,0.2416862844768774,0.19542057014093517,1.0
2025-12-16 17:59:50.532,0.007350933866330907,-0.5759485478172349,-0.8174411177202426,0.0,-0.9999629227980292,-0.0049936548109760686,-0.005473878155368736,0.0,-0.0009293644888266126,0.8174667861759273,-0.5759749905862648,0.0,0.4559575587595676,0.24169372516313287,0.1939641444036226,1.0
2025-12-16 17:59:50.582,0.007349592354054778,-0.5759532401555452,-0.8174378236586355,0.0,-0.9999629317832703,-0.0049936832869136505,-0.005472210508125508,0.0,-0.0009303061364030039,0.8174634799178728,-0.5759796815262274,0.0,0.455503270436323,0.2418791475275701,0.19262165522290656,1.0
2025-12-16 17:59:50.632,0.007348575383140941,-0.5759570363661887,-0.8174351580408832,0.0,-0.9999629386080042,-0.004993693281278095,-0.005470954127566188,0.0,-0.0009310038558902447,0.8174608051285235,-0.5759834765949859,0.0,0.45524697008132614,0.2419954588866479,0.1914699432409331,1.0
2025-12-16 17:59:50.682,0.007347865773767743,-0.5759602101676713,-0.8174329281802826,0.0,-0.9999629434606823,-0.004993623457450652,-0.005470130841429725,0.0,-0.0009313924681703038,0.8174585693426211,-0.575986649078245,0.0,0.4550302741980359,0.24194640015366906,0.19046317055276935,1.0
2025-12-16 17:59:50.732,0.007347656308595691,-0.5759629117679554,-0.8174310265189092,0.0,-0.9999629451225881,-0.004993413139535905,-0.005470019029771826,0.0,-0.0009312606703240801,0.8174566671062308,-0.5759893489962614,0.0,0.4547962308562366,0.24149721059489213,0.189527252614293,1.0
2025-12-16 17:59:50.782,0.007347594485670152,-0.5759646204420915,-0.8174298231380354,0.0,-0.9999629458954602,-0.004993109242322086,-0.005470155150922229,0.0,-0.0009309184926657343,0.8174554650405639,-0.5759910555434652,0.0,0.4545728779836983,0.2410461655011226,0.18885604418531993,1.0
2025-12-16 17:59:50.832,0.007347464172727562,-0.5759661378265908,-0.8174287551515175,0.0,-0.9999629471775843,-0.004992759234629166,-0.005470240246376122,0.0,-0.0009305697345964405,0.8174543980335249,-0.5759925704170294,0.0,0.45437425564968886,0.2406956087906089,0.1882080842601623,1.0
2025-12-16 17:59:50.882,0.007347324869616757,-0.5759673180234814,-0.8174279248272023,0.0,-0.9999629483904962,-0.004992520531130488,-0.005470236387945301,0.0,-0.0009303662285329624,0.8174535679250912,-0.5759937488421375,0.0,0.4542455829352036,0.24051590911130658,0.18774428144137892,1.0
2025-12-16 17:59:50.932,0.007347117323860537,-0.5759687818960969,-0.8174268952324508,0.0,-0.9999629499632932,-0.004992368727259578,-0.005470087422321224,0.0,-0.0009303147905222848,0.817452537404501,-0.5759952114430583,0.0,0.4540865228093061,0.24037405738655346,0.18723924303160086,1.0
2025-12-16 17:59:50.982,0.007346845065808807,-0.5759701043566436,-0.8174259658563485,0.0,-0.9999629519132616,-0.004992265016901938,-0.005469825602873263,0.0,-0.000930368942437359,0.8174516062260365,-0.5759965328820165,0.0,0.453920595287443,0.24031924886748482,0.1868188810556774,1.0
2025-12-16 17:59:51.032,0.007346502103318062,-0.5759716033157379,-0.8174249127485366,0.0,-0.9999629543672653,-0.004992135235768354,-0.00546949541426577,0.0,-0.000930439580289266,0.8174505508412081,-0.575998030562252,0.0,0.4537367664244892,0.2402770315175373,0.18634706483161936,1.0
2025-12-16 17:59:51.082,0.007346133154192893,-0.5759733324011462,-0.8174236977183914,0.0,-0.9999629570410951,-0.004991966512270316,-0.005469160555114206,0.0,-0.0009304790095847007,0.8174493335404042,-0.5759997580756104,0.0,0.4535806478988261,0.2402237879683301,0.18579115982624644,1.0
2025-12-16 17:59:51.132,0.00734573512119578,-0.5759751796114799,-0.8174223997103707,0.0,-0.9999629599332577,-0.004991777590564115,-0.005468804184904804,0.0,-0.0009305132595026322,0.8174480331248396,-0.5760016035441266,0.0,0.4534953805668016,0.2401876842661704,0.18517187203076094,1.0
2025-12-16 17:59:51.182,0.007345480519230315,-0.5759772756412228,-0.8174209250820931,0.0,-0.9999629618789944,-0.004991578659887493,-0.005468629981932422,0.0,-0.0009304321610041655,0.8174465574412839,-0.5760036979250982,0.0,0.4534863582947308,0.2400354502955543,0.18445979219963998,1.0
2025-12-16 17:59:51.232,0.00734537394902952,-0.5759800770340822,-0.8174189520940716,0.0,-0.9999629628072385,-0.00499140824936605,-0.005468615790677153,0.0,-0.0009302758669796112,0.8174445845600851,-0.5760064980190771,0.0,0.4535780120087549,0.239805981611379,0.18361432804619193,1.0
2025-12-16 17:59:51.282,0.007345361172491566,-0.5759831631892908,-0.8174167775944612,0.0,-0.9999629631143152,-0.004991234150232905,-0.005468718543158931,0.0,-0.0009300466365020698,0.8174424110350591,-0.576009582953655,0.0,0.45374808727123683,0.2395546456271082,0.1827267116872054,1.0
2025-12-16 17:59:51.332,0.007345372290449938,-0.5759864080348179,-0.8174144910425011,0.0,-0.9999629632458551,-0.004991074846477982,-0.00546883988188805,0.0,-0.0009298173675682247,0.8174401255833854,-0.5760128267025674,0.0,0.45394581133672884,0.2392957895586981,0.18181378162595233,1.0
2025-12-16 17:59:51.382,0.007345431015061877,-0.5759895354014274,-0.8174122868249896,0.0,-0.9999629630452841,-0.004990926665154294,-0.00546901178711839,0.0,-0.0009295691174585247,0.8174379228250253,-0.5760159531026585,0.0,0.4541420469746375,0.23904023559832377,0.18096109234114016,1.0
2025-12-16 17:59:51.432,0.007345484321140092,-0.5759928395115286,-0.8174099580949222,0.0,-0.9999629628752786,-0.004990784614275091,-0.005469172500141363,0.0,-0.0009293307367770643,0.8174355954694806,-0.5760192562786743,0.0,0.4543784484720991,0.23882172850316516,0.1800887937434182,1.0
2025-12-16 17:59:51.482,0.007345592147381344,-0.5759955361079598,-0.8174080569464168,0.0,-0.9999629622716779,-0.0049906989746355355,-0.0054693610050622135,0.0,-0.0009291279159741619,0.8174336958358267,-0.5760219523885325,0.0,0.45461831863229263,0.23864592618240218,0.1793912822619479,1.0
2025-12-16 17:59:51.532,0.007345816995644183,-0.5759979366849907,-0.8174063633276344,0.0,-0.9999629608492722,-0.004990642778828444,-0.00546967233198799,0.0,-0.0009288810707804631,0.817432004601254,-0.57602435281291,0.0,0.45487786111271844,0.23843569513972437,0.17879197897451715,1.0
2025-12-16 17:59:51.582,0.007346243926728744,-0.5760001675719867,-0.8174047874574876,0.0,-0.9999629581668854,-0.004990504029046965,-0.005470289286285897,0.0,-0.0009283922140279585,0.8174304334341008,-0.576026583226534,0.0,0.4552133773902473,0.23813887517090332,0.17827688366332936,1.0
2025-12-16 17:59:51.632,0.007346827390266693,-0.5760025318627515,-0.8174031161649714,0.0,-0.9999629544819787,-0.004990326002325724,-0.00547112522895916,0.0,-0.0009277439029064395,0.8174287684926235,-0.57602894695656,0.0,0.45566078336019267,0.23770702881120953,0.17776450369412747,1.0
2025-12-16 17:59:51.682,0.007347285681798422,-0.5760049513551655,-0.8174014070875166,0.0,-0.9999629514847984,-0.00499028009270602,-0.005471714869762346,0.0,-0.0009273449664162581,0.8174270638353927,-0.5760313666292508,0.0,0.45616451635786315,0.23727921547034903,0.1772079452855494,1.0
2025-12-16 17:59:51.732,0.0073476061036601625,-0.5760070595905362,-0.817399918575735,0.0,-0.9999629492473445,-0.0049903757234029305,-0.0054720365404835125,0.0,-0.0009272188841528131,0.8174255776380167,-0.5760334758399859,0.0,0.45655063788814476,0.23695983335399134,0.1765868394337193,1.0
2025-12-16 17:59:51.782,0.007347836417769102,-0.5760088599671849,-0.817398647809311,0.0,-0.9999629476686367,-0.004990420262430441,-0.005472284410021666,0.0,-0.0009270963195551132,0.8174243086854027,-0.576035276751872,0.0,0.45679400702345824,0.23674373304273424,0.1759536970915612,1.0
2025-12-16 17:59:51.835,0.007348132853085983,-0.5760107753983216,-0.8173972953648708,0.0,-0.999962945819333,-0.004990313734765135,-0.0054727194664914375,0.0,-0.000926741409031823,0.8174229595725143,-0.5760371917802464,0.0,0.4570140345889558,0.23642966861582873,0.1753774473172343,1.0
2025-12-16 17:59:51.883,0.007348426169126199,-0.5760126569411912,-0.8173959668224421,0.0,-0.9999629440643432,-0.004990141999969412,-0.005473196707581107,0.0,-0.0009263092014730828,0.8174216347314919,-0.5760390724804686,0.0,0.4572882017524711,0.23614925380705418,0.17479974279156058,1.0
2025-12-16 17:59:51.932,0.007348752026305856,-0.5760146164626606,-0.8173945830296642,0.0,-0.9999629421280285,-0.004989938245804165,-0.005473736216578803,0.0,-0.0009258142491556454,0.8174202551288953,-0.5760410309804225,0.0,0.457566136996713,0.23585831192255036,0.1742243491951376,1.0
2025-12-16 17:59:51.982,0.007349048015594815,-0.5760166453523679,-0.817393150614487,0.0,-0.9999629404196048,-0.004989710037905361,-0.005474256326077436,0.0,-0.0009253098588721756,0.8174188267853236,-0.5760430586497595,0.0,0.4578808530012734,0.2356452830450363,0.17361963741874883,1.0
2025-12-16 17:59:52.032,0.007349312388718123,-0.5760189181856618,-0.8173915465680089,0.0,-0.9999629390602816,-0.004989361765044751,-0.005474822034490405,0.0,-0.0009246788668845942,0.8174172272612097,-0.5760453294191257,0.0,0.458197639446419,0.2354705473396642,0.17294877404243025,1.0
2025-12-16 17:59:52.082,0.007349672647987412,-0.5760214345923759,-0.8173897700016297,0.0,-0.9999629371382946,-0.0049889442472211155,-0.005475553511872228,0.0,-0.0009238935895056717,0.8174154565040416,-0.57604784340272,0.0,0.4585412278973081,0.23525476821650512,0.17228704699718034,1.0
2025-12-16 17:59:52.132,0.007350200553779219,-0.5760245633061493,-0.817387560414879,0.0,-0.9999629341582713,-0.004988472455520432,-0.005476527490069283,0.0,-0.0009229187437590457,0.8174132545704679,-0.5760509695100842,0.0,0.45904609445260236,0.2350146876835434,0.17152878328310334,1.0
2025-12-16 17:59:52.182,0.007350771123563528,-0.5760283543514718,-0.8173848836675611,0.0,-0.9999629310210757,-0.004987889872535202,-0.005477630835220982,0.0,-0.0009217728544353915,0.8174105865418807,-0.5760547572445378,0.0,0.45967039129753984,0.23478446543972917,0.17059214896126088,1.0
2025-12-16 17:59:52.232,0.007351251171932268,-0.5760323832012167,-0.8173820401201277,0.0,-0.9999629286691367,-0.004987148930766748,-0.005478734725613532,0.0,-0.0009204950688731253,0.8174077518673489,-0.5760587816152054,0.0,0.4602511685856812,0.2345532994113419,0.16953545227558997,1.0
2025-12-16 17:59:52.282,0.007351581013640912,-0.5760367636696526,-0.8173789500952428,0.0,-0.9999629275182346,-0.004986236148017214,-0.005479775492345904,0.0,-0.0009191100230621604,0.8174046704153606,-0.5760631562770886,0.0,0.46078441307271417,0.23433073387477088,0.16833945122412178,1.0
2025-12-16 17:59:52.332,0.0073516911981931325,-0.5760410100362956,-0.8173759565182346,0.0,-0.9999629276668874,-0.004985474980235672,-0.005480440885249467,0.0,-0.0009180663533068631,0.8174016825088607,-0.576067397607133,0.0,0.46127833914930155,0.23420848722135829,0.1671775810187542,1.0
2025-12-16 17:59:52.382,0.007351616825586778,-0.5760446432514608,-0.8173733966875578,0.0,-0.9999629288352418,-0.004984902874521626,-0.005480748104533317,0.0,-0.0009173890706607067,0.8173991255297983,-0.5760710268538197,0.0,0.46175920817382543,0.2341956110980348,0.16613224357040512,1.0
2025-12-16 17:59:52.432,0.0073514051590156245,-0.5760475743626485,-0.8173713328801697,0.0,-0.999962930782085,-0.004984452376311865,-0.005480802625520986,0.0,-0.0009169630788927178,0.8173970625912085,-0.5760739546672596,0.0,0.462173630943804,0.23425978775838724,0.16523419095234565,1.0
2025-12-16 17:59:52.482,0.007351019840386619,-0.5760498408832174,-0.8173697389963335,0.0,-0.9999629338048559,-0.004984076106837064,-0.005480593303170271,0.0,-0.0009167557367351479,0.8173954675558806,-0.5760762182020905,0.0,0.4625269558816549,0.2343975552026394,0.1644662247486845,1.0
2025-12-16 17:59:52.532,0.007350432271409588,-0.5760518238869773,-0.8173683467342727,0.0,-0.9999629381518451,-0.00498372613995986,-0.005480118401972079,0.0,-0.0009167254448283741,0.8173940721606955,-0.5760781981736632,0.0,0.4627510238446316,0.2345655021140251,0.16374060713381416,1.0
2025-12-16 17:59:52.582,0.0073497077539819875,-0.5760534382686635,-0.8173672154888465,0.0,-0.9999629433357384,-0.0049834457718938635,-0.005479427412960203,0.0,-0.000916879845911524,0.8173929361234589,-0.5760798098413269,0.0,0.4628590297704797,0.2347703275494902,0.1631222273397414,1.0
2025-12-16 17:59:52.632,0.007349112846806433,-0.5760544838358579,-0.8173664839557447,0.0,-0.9999629475748608,-0.0049832288375351325,-0.0054788510618121525,0.0,-0.0009170251688332282,0.8173922005727997,-0.576080853272868,0.0,0.46300069513673914,0.2349726978549386,0.1626593113706995,1.0
2025-12-16 17:59:52.682,0.007348736268433371,-0.5760551850970234,-0.817365993114039,0.0,-0.9999629502964557,-0.004983057547199115,-0.005478510116590462,0.0,-0.0009170752780832426,0.8173917073955916,-0.5760815529539663,0.0,0.4632769902850514,0.2351614932362497,0.1623027540182731,1.0
2025-12-16 17:59:52.738,0.007348851360403181,-0.5760562141265769,-0.8173652668489445,0.0,-0.9999629496527603,-0.00498295057583371,-0.00547872489893989,0.0,-0.0009168548558842863,0.8173909828262568,-0.5760825813817835,0.0,0.4637133613550315,0.23517655618419792,0.16196545906608217,1.0
2025-12-16 17:59:52.782,0.007349585991076379,-0.5760584392872663,-0.8173636920079622,0.0,-0.9999629447647925,-0.004982932845876653,-0.005479633088627586,0.0,-0.0009162971445912704,0.8173894147178422,-0.5760848072174497,0.0,0.46433773104526377,0.23483958772678384,0.161563120557058,1.0
2025-12-16 17:59:52.833,0.007350187104378219,-0.5760611916865198,-0.8173617467703304,0.0,-0.9999629406292332,-0.004983045365860852,-0.005480285414729584,0.0,-0.0009159885533025251,0.8173874742232821,-0.5760875610077462,0.0,0.46505069455417314,0.23447967206465245,0.16100936018182738,1.0
2025-12-16 17:59:52.882,0.007350870317407245,-0.5760648763987907,-0.8173591436978184,0.0,-0.9999629357246479,-0.0049833587555673875,-0.005480895334310074,0.0,-0.0009158601850220448,0.8173848754160377,-0.5760912485372696,0.0,0.4658321828648609,0.2339539233877426,0.16034812031176865,1.0
2025-12-16 17:59:52.932,0.007351679878868966,-0.576069266915173,-0.8173560420159517,0.0,-0.999962929766914,-0.004983860141673868,-0.005481526362868547,0.0,-0.0009158669592027061,0.8173817779961495,-0.5760956432638304,0.0,0.4666663885250682,0.23342025111833625,0.15963184404716713,1.0
2025-12-16 17:59:52.982,0.007352439880135949,-0.5760733479092525,-0.8173531588962281,0.0,-0.9999629240749163,-0.0049844183713214285,-0.005482057118527893,0.0,-0.000915980738827614,0.8173788983438055,-0.5760997287983678,0.0,0.4674083929171179,0.23296538387338303,0.1589706322467673,1.0
2025-12-16 17:59:53.032,0.007353116568800586,-0.5760772737938197,-0.8173503858176213,0.0,-0.9999629188973865,-0.004985014622558863,-0.005482459360512582,0.0,-0.0009162010226743603,0.817376127750193,-0.5761036593876021,0.0,0.4680823063216401,0.23251278436285303,0.1583908278470591,1.0
2025-12-16 17:59:53.082,0.007353719288382869,-0.5760809987697424,-0.8173477549796611,0.0,-0.9999629142124672,-0.00498561227027573,-0.005482770395428665,0.0,-0.0009164767959034288,0.8173734987216106,-0.5761073889978118,0.0,0.4687180269397043,0.2320928263487668,0.15787820078124273,1.0
2025-12-16 17:59:53.132,0.007354269362825751,-0.5760842732697496,-0.8173454420956979,0.0,-0.9999629098804789,-0.0049862067137648215,-0.005483019896132625,0.0,-0.0009167894496932645,0.8173711871890148,-0.5761106680580785,0.0,0.46927817350131973,0.23175915960254004,0.1574191439363891,1.0
2025-12-16 17:59:53.182,0.007354731148488323,-0.5760873045137818,-0.8173433014400907,0.0,-0.9999629061422427,-0.004986797870017984,-0.005483164029297501,0.0,-0.0009171623070665152,0.8173690471082199,-0.5761137037449316,0.0,0.4697799180347176,0.23142318813138382,0.15700743920430377,1.0
2025-12-16 17:59:53.233,0.007355153762744456,-0.5760902948665958,-0.8173411899414182,0.0,-0.9999629026451707,-0.004987407702292681,-0.005483247127779009,0.0,-0.0009175859578192941,0.8173669357173845,-0.5761166986227556,0.0,0.47027870408421263,0.2310725650142354,0.15660584601637273,1.0
2025-12-16 17:59:53.282,0.007355452558241157,-0.5760926786843195,-0.8173395070502816,0.0,-0.9999629001150663,-0.004987891784064591,-0.005483268206503905,0.0,-0.0009179480163219009,0.8173652525817322,-0.5761190859912909,0.0,0.4706889519034561,0.23076999992352953,0.15629482256747101,1.0
2025-12-16 17:59:53.333,0.007355693525534033,-0.576094484804806,-0.8173382318547517,0.0,-0.9999628982452718,-0.004988129345987521,-0.0054833930874741265,0.0,-0.0009180539795857121,0.8173639781205947,-0.5761208939517525,0.0,0.47104691534302584,0.23057920902916013,0.1561288801602245,1.0
2025-12-16 17:59:53.382,0.007355787046641542,-0.5760954438638237,-0.817337555026977,0.0,-0.9999628976014935,-0.004988150341436213,-0.005483491388257835,0.0,-0.0009180058733923961,0.8173633020146224,-0.5761218532437125,0.0,0.47126340673362294,0.23046346903599713,0.15609343577369145,1.0
2025-12-16 17:59:53.433,0.007355878149105241,-0.5760961681091082,-0.817337043726678,0.0,-0.9999628968825623,-0.004988251112485435,-0.005483530822474715,0.0,-0.0009180589985898799,0.8173627909254779,-0.5761225782576035,0.0,0.47139824772993133,0.23037848230819677,0.15603181396853574,1.0
2025-12-16 17:59:53.483,0.007356067567402809,-0.5760970178178383,-0.8173364431080665,0.0,-0.9999628952965606,-0.004988537397010796,-0.005483559607305961,0.0,-0.0009182687551080611,0.8173621902717138,-0.5761234300883104,0.0,0.4715165530491618,0.23032386245765415,0.15588316546621664,1.0
2025-12-16 17:59:53.532,0.007356241201338966,-0.5760978571325146,-0.8173358499563818,0.0,-0.99996289382034,-0.004988820085560411,-0.005483571629287495,0.0,-0.0009184853235344653,0.8173615969646154,-0.5761242714833009,0.0,0.47162986558948594,0.23025841768446345,0.15573818127888742,1.0
2025-12-16 17:59:53.582,0.007356422501201735,-0.5760986558388916,-0.817335285357126,0.0,-0.9999628921639192,-0.004989216989709418,-0.005483512579373165,0.0,-0.0009188365561912536,0.8173610315813479,-0.5761250730454784,0.0,0.4716914339124171,0.2301930080226763,0.15554655221163052,1.0
2025-12-16 17:59:53.632,0.007356704187753521,-0.5760996390231837,-0.8173345898235677,0.0,-0.9999628897554631,-0.0049896848328087875,-0.005483526090103296,0.0,-0.0009192023025826114,0.8173603357357141,-0.5761260596719504,0.0,0.4717786386297238,0.23017759413626276,0.1553129842231357,1.0
2025-12-16 17:59:53.682,0.007356932571724143,-0.5761006828707819,-0.817333852009179,0.0,-0.9999628877821307,-0.004990083993568622,-0.005483522715160635,0.0,-0.0009195210952017231,0.8173595975491419,-0.5761271064402891,0.0,0.47187790431456816,0.2301018609356673,0.15511088345216462,1.0
2025-12-16 17:59:53.732,0.007357191992717148,-0.5761019762973558,-0.8173329379961826,0.0,-0.9999628856197591,-0.004990467639084317,-0.005483567903869761,0.0,-0.0009197969797895181,0.8173586835400946,-0.5761284027151583,0.0,0.47204916042439876,0.2299825309223152,0.15491612457089746,1.0
2025-12-16 17:59:53.782,0.007357486196034325,-0.5761034680439642,-0.8173318838793704,0.0,-0.9999628831978232,-0.004990875765959939,-0.0054836381165696375,0.0,-0.0009200766698732565,0.817357629592461,-0.5761298975108952,0.0,0.47227517100055066,0.2298625452321389,0.154718941737462,1.0
2025-12-16 17:59:53.832,0.00735775651440741,-0.576105023013701,-0.8173307854098402,0.0,-0.9999628808926813,-0.0049913227627349475,-0.005483651620576301,0.0,-0.0009204202317705727,0.8173565308401719,-0.5761314557629327,0.0,0.4724889850709459,0.22972288412791744,0.15452005137052147,1.0
2025-12-16 17:59:53.883,0.007358068249676226,-0.5761065280099917,-0.8173297217874277,0.0,-0.999962878239407,-0.004991831618785374,-0.005483672260342458,0.0,-0.0009208106900000084,0.8173554669294733,-0.5761329645040076,0.0,0.47267386911469433,0.22961809423627866,0.15430365521093803,1.0
2025-12-16 17:59:53.932,0.007358416406795007,-0.5761076542201831,-0.8173289248265415,0.0,-0.9999628752653344,-0.004992405527359584,-0.005483692127017978,0.0,-0.000921258171287387,0.817354669607392,-0.5761340949417704,0.0,0.4727668620184386,0.2296131173876032,0.1540653693478687,1.0
2025-12-16 17:59:53.982,0.007358691064700754,-0.5761086667794273,-0.8173282086338715,0.0,-0.9999628725963857,-0.004993145077352338,-0.00548350546905622,0.0,-0.0009219610470727904,0.8173539513786563,-0.5761351127587391,0.0,0.4727186154619542,0.2296585098060748,0.15375555334583718,1.0
2025-12-16 17:59:54.032,0.007358781192409714,-0.5761093962106785,-0.8173276936690315,0.0,-0.9999628713661445,-0.004993704390547531,-0.005483220481011858,0.0,-0.0009225758142287077,0.817353433814512,-0.5761358460341566,0.0,0.4726193934414721,0.229765086522823,0.15351129162761556,1.0
2025-12-16 17:59:54.082,0.007358730618685113,-0.5761097947247387,-0.8173274132238006,0.0,-0.9999628712413621,-0.004994118073573631,-0.005482866458961346,0.0,-0.0009231143090437884,0.8173531503897886,-0.5761362472608887,0.0,0.472462729443311,0.22992784091662524,0.15331960707027248,1.0
2025-12-16 17:59:54.132,0.00735854067065572,-0.5761101281024367,-0.8173271799458285,0.0,-0.9999628720621444,-0.004994521613090284,-0.005482349158123079,0.0,-0.000923739174258604,0.8173529129387151,-0.5761365831263755,0.0,0.4722340274410136,0.23016154789379217,0.15312401810568158,1.0
2025-12-16 17:59:54.182,0.007358302098335775,-0.5761108740603414,-0.8173266562891897,0.0,-0.9999628730979736,-0.00499502574924816,-0.005481700887333181,0.0,-0.0009245180040090167,0.8173523840598379,-0.5761373321857901,0.0,0.4719953015087164,0.23041111074812826,0.15286376723585532,1.0
2025-12-16 17:59:54.232,0.00735796981304858,-0.5761122500218834,-0.8173256894018207,0.0,-0.9999628745563824,-0.0049957153328661665,-0.005480806369303422,0.0,-0.0009255846095083272,0.817351409978282,-0.5761387123771886,0.0,0.4717135101314407,0.23070690043207373,0.1524997323608261,1.0
2025-12-16 17:59:54.282,0.007357479970321546,-0.5761133818305836,-0.8173248960269247,0.0,-0.9999628772182387,-0.004996272438086566,-0.0054798128028608825,0.0,-0.0009266022052904051,0.817350608798138,-0.5761398473510284,0.0,0.47138601164497024,0.23102459662069028,0.1522071623065761,1.0
2025-12-16 17:59:54.332,0.007357034005973001,-0.5761143781984087,-0.817324197723831,0.0,-0.9999628797268894,-0.004996703318354231,-0.005478962078985038,0.0,-0.0009274355556390829,0.8173499038551706,-0.5761408460882056,0.0,0.4711165608005608,0.2313006985156061,0.15196609533390432,1.0
2025-12-16 17:59:54.382,0.007356770850540267,-0.5761151022423344,-0.8173236897289626,0.0,-0.9999628811727199,-0.0049969884845047765,-0.005478438102857773,0.0,-0.0009279640041149794,0.8173493917544201,-0.5761415717351827,0.0,0.4709357587620486,0.23144086749270537,0.15179490334934254,1.0
2025-12-16 17:59:54.432,0.007356703844931427,-0.5761153847538191,-0.8173234911953193,0.0,-0.9999628814931153,-0.004997103751804716,-0.005478274480885075,0.0,-0.0009281499437106334,0.8173491919153608,-0.5761418549393793,0.0,0.4708519775158052,0.23142169294131876,0.15172531971697895,1.0
2025-12-16 17:59:54.482,0.007356732397216486,-0.5761154646291821,-0.8173234346357295,0.0,-0.9999628812762983,-0.004997126689306097,-0.005478293134069234,0.0,-0.0009281572246071852,0.8173491354732179,-0.576141934999831,0.0,0.4708410585998124,0.23133386345903323,0.15170862770864055,1.0
2025-12-16 17:59:54.532,0.007356750721311676,-0.576115758348417,-0.817323227433713,0.0,-0.9999628810415024,-0.0049972272594096066,-0.005478244253808412,0.0,-0.0009282649411564172,0.8173489278237751,-0.5761422294099993,0.0,0.47081818942193354,0.23127490793929825,0.1516428455515701,1.0
2025-12-16 17:59:54.582,0.007356728511366749,-0.5761162296080601,-0.8173228954513699,0.0,-0.9999628810120302,-0.004997387427531151,-0.005478103524723884,0.0,-0.0009284726898717461,0.8173485946662753,-0.576142701711589,0.0,0.47077043635991866,0.23128487079376414,0.15154058470780546,1.0
2025-12-16 17:59:54.632,0.007356604730644899,-0.5761169752033014,-0.8173223710083092,0.0,-0.9999628815262366,-0.004997670018643387,-0.005477751850811101,0.0,-0.0009288995661462979,0.8173480673875922,-0.5761434490501166,0.0,0.470635283903139,0.23132078864053468,0.15137844357454905,1.0
2025-12-16 17:59:54.682,0.007356406138507467,-0.5761179655592524,-0.8173216747094143,0.0,-0.9999628824244909,-0.004998057234985923,-0.00547723455660208,0.0,-0.0009295051758067453,0.8173473669419552,-0.5761444417619431,0.0,0.4704477083230113,0.23138291735050565,0.15116958838444966,1.0
2025-12-16 17:59:54.732,0.007356252532510372,-0.5761192823075406,-0.8173207479339615,0.0,-0.9999628829442551,-0.004998513983498705,-0.00547672283202477,0.0,-0.0009301614686587159,0.8173464360020815,-0.5761457613784358,0.0,0.4702673246537809,0.23139492235095652,0.15090518355006105,1.0
2025-12-16 17:59:54.782,0.0073562064882719096,-0.5761206507335812,-0.8173197837600809,0.0,-0.999962882694666,-0.004999013407123521,-0.0054763125492697596,0.0,-0.0009307937280817702,0.8173454683710676,-0.5761471330800109,0.0,0.4701490695344361,0.23137156107110182,0.15063587887027716,1.0
2025-12-16 17:59:54.832,0.007356283983088381,-0.5761218583739856,-0.8173189318074517,0.0,-0.9999628816858169,-0.004999451331387923,-0.005476096985103579,0.0,-0.0009312649798359966,0.8173446144477033,-0.5761483437265723,0.0,0.4701420707814711,0.23134429480660898,0.15041116116502762,1.0
2025-12-16 17:59:54.882,0.007356409909811151,-0.5761228502233076,-0.8173182315261416,0.0,-0.9999628804485403,-0.004999803335863823,-0.005476001540310503,0.0,-0.0009315987413784947,0.8173439131550916,-0.5761493380644529,0.0,0.4701423931459787,0.23122005732951295,0.15023393679093203,1.0
2025-12-16 17:59:54.933,0.007356442340731976,-0.5761239048093928,-0.8173174878616472,0.0,-0.9999628798024204,-0.005000186556974923,-0.0054757696129421485,0.0,-0.000932036088924406,0.8173431674471906,-0.5761503952407936,0.0,0.47003765967924843,0.23104966171233748,0.15002543536965518,1.0
2025-12-16 17:59:54.982,0.007356359493629861,-0.5761250046520157,-0.8173167133314501,0.0,-0.9999628798850347,-0.005000608081052133,-0.005475369581664164,0.0,-0.0009326011912194029,0.817342389601865,-0.5761514977980455,0.0,0.46983367281187194,0.23087232732029447,0.1497827596361173,1.0
2025-12-16 17:59:55.032,0.0073562034776923435,-0.5761260034457621,-0.8173160106869415,0.0,-0.9999628804859064,-0.005001004009043409,-0.005474898212609735,0.0,-0.0009331873863466095,0.8173416831392077,-0.5761524990525244,0.0,0.4695852920624464,0.2307059758420007,0.14954486253066115,1.0
2025-12-16 17:59:55.082,0.0073560726415853196,-0.5761275133181432,-0.8173149475534831,0.0,-0.9999628807208332,-0.0050015757095375245,-0.0054743330299489995,0.0,-0.0009339666948584613,0.8173406153428239,-0.5761540125845058,0.0,0.46932668729538785,0.2305605986408934,0.1492252464248607,1.0
2025-12-16 17:59:55.132,0.0073558537734964395,-0.5761289349881419,-0.8173139473824612,0.0,-0.999962881561471,-0.005002132156464467,-0.005473671014723384,0.0,-0.0009347901235472807,0.8173396098087887,-0.576155437711944,0.0,0.46903915699046583,0.23050009854223605,0.14894603644216825,1.0
2025-12-16 17:59:55.182,0.007355622738582666,-0.5761304833716169,-0.8173128579958369,0.0,-0.9999628824138015,-0.00500274977137907,-0.005472950814230914,0.0,-0.0009356959304581832,0.8173385145760027,-0.5761569899461595,0.0,0.46876228270514964,0.23052290907183431,0.14867242700640737,1.0
2025-12-16 17:59:55.232,0.007355440900035631,-0.5761315767159807,-0.8173120889238897,0.0,-0.9999628830864915,-0.0050032328763705055,-0.0054723862569072725,0.0,-0.0009364062196896859,0.8173377409197428,-0.5761580863023648,0.0,0.4685366820250463,0.2305158083894485,0.1484697996587468,1.0
2025-12-16 17:59:55.282,0.0073553577671505626,-0.5761323022170574,-0.8173115782584993,0.0,-0.9999628832874186,-0.0050035481150912725,-0.005472061310055925,0.0,-0.0009368445635631503,0.8173372275826074,-0.5761588138090408,0.0,0.46842157139110957,0.2305601281083254,0.1483443427676061,1.0
2025-12-16 17:59:55.332,0.0073553352153207475,-0.5761331004954514,-0.8173110157452771,0.0,-0.9999628830722876,-0.005003872803210026,-0.005471803718684792,0.0,-0.0009372511666925922,0.8173366628854872,-0.5761596142246226,0.0,0.4683563264245376,0.23064542861856316,0.1482167875231202,1.0
2025-12-16 17:59:55.382,0.007355305901467873,-0.5761340759758777,-0.8173103283794508,0.0,-0.9999628828101174,-0.005004278991279693,-0.005471480153055761,0.0,-0.000937760798265343,0.8173359727772886,-0.576160592377584,0.0,0.4682700592597818,0.2307336293987515,0.14805882243687984,1.0
2025-12-16 17:59:55.432,0.007355216601617748,-0.576135230332715,-0.8173095154587526,0.0,-0.9999628828416526,-0.005004780083159285,-0.005471016042671519,0.0,-0.0009384273644806742,0.8173351559945775,-0.5761617499707886,0.0,0.46812500467516627,0.23082118754046366,0.1478648265799929,1.0
2025-12-16 17:59:55.482,0.007355061003457167,-0.5761363541006725,-0.817308724694915,0.0,-0.9999628832416599,-0.0050053460921826365,-0.005470425096149785,0.0,-0.0009392203438840058,0.8173343603739742,-0.5761628773334951,0.0,0.467904495147817,0.2308065668379061,0.14765227179868834,1.0
2025-12-16 17:59:55.532,0.007354875780940687,-0.5761375875061565,-0.8173078569095253,0.0,-0.9999628837032483,-0.005006031095292396,-0.0054697138650666504,0.0,-0.0009401788969045052,0.8173334867369714,-0.5761641150939782,0.0,0.4676342027334384,0.23072435128695423,0.14740265957158788,1.0
2025-12-16 17:59:55.582,0.007354690557072595,-0.5761391162041617,-0.8173067809626355,0.0,-0.9999628839477444,-0.005006905763186261,-0.005468868511539067,0.0,-0.0009413670852517526,0.81733240377856,-0.5761656494113235,0.0,0.4673295078544044,0.2305956197222677,0.14708913001949178,1.0
2025-12-16 17:59:55.632,0.0073545439478979345,-0.5761406240441623,-0.8173057193673186,0.0,-0.9999628840061481,-0.005007716376847061,-0.005468115580736115,0.0,-0.0009424498578156748,0.8173313359105698,-0.5761671624857745,0.0,0.4670656766424997,0.23053571217998123,0.14680231284057688,1.0
2025-12-16 17:59:55.682,0.007354392510556186,-0.5761417180616893,-0.8173049495267564,0.0,-0.999962884274448,-0.005008369326329668,-0.0054674684659263275,0.0,-0.0009433465264041777,0.8173305607157261,-0.57616826068211,0.0,0.4668312716988186,0.23041991619003357,0.14657207551498264,1.0
2025-12-16 17:59:55.732,0.00735432057215818,-0.576142593556004,-0.8173043330123066,0.0,-0.9999628841364584,-0.005008911475644672,-0.005466997030666515,0.0,-0.0009440533804613558,0.817329940239026,-0.5761691397081978,0.0,0.46668199362248597,0.23027808741618705,0.14638105649524208,1.0
2025-12-16 17:59:55.782,0.007354364279927388,-0.5761440826857631,-0.8173032828842833,0.0,-0.9999628829538434,-0.005009691824642736,-0.00546649830040438,0.0,-0.0009449651192361151,0.8173288857342278,-0.5761706340880008,0.0,0.4665623657721293,0.23016796031039927,0.14610829361995828,1.0
2025-12-16 17:59:55.832,0.007354551216564051,-0.57614674959766,-0.8173014012013332,0.0,-0.9999628802764853,-0.00501094311493021,-0.005465841148692816,0.0,-0.0009463424375606156,0.8173269980854012,-0.576173309549043,0.0,0.46645844487944094,0.23012642205144906,0.1456872803997723,1.0
2025-12-16 17:59:55.882,0.0073547232010470415,-0.5761502460504456,-0.8172989348603455,0.0,-0.9999628772778574,-0.005012561486879517,-0.0054649057391174625,0.0,-0.0009481726331750275,0.8173245233979041,-0.576176816976392,0.0,0.46628206636019837,0.23014802280572869,0.14515214694397272,1.0
2025-12-16 17:59:55.933,0.00735481494536732,-0.5761545246158616,-0.8172959178675728,0.0,-0.9999628742738123,-0.0050146481808844125,-0.005463540874398237,0.0,-0.0009506259950668019,0.8173214944666668,-0.5761811095419492,0.0,0.4659546801713901,0.230138896801478,0.14448635073273025,1.0
2025-12-16 17:59:55.982,0.007354730664950504,-0.5761583312238165,-0.8172932351362279,0.0,-0.9999628724832633,-0.005016694725305912,-0.005461989588264482,0.0,-0.0009531582066488792,0.8173187984498488,-0.5761849296796372,0.0,0.46550303178912084,0.23014839029727566,0.14388818987162563,1.0
2025-12-16 17:59:56.032,0.0073545346718675835,-0.5761617969449875,-0.8172907936971342,0.0,-0.9999628714940769,-0.005018686451230479,-0.005460340724935257,0.0,-0.0009557049093137462,0.8173163430485382,-0.5761884084341602,0.0,0.4649679322235385,0.23020713821878283,0.14334466310008495,1.0
2025-12-16 17:59:56.082,0.007354387617754044,-0.5761643424509815,-0.8172890005206264,0.0,-0.9999628707188692,-0.005020204997686656,-0.005459086614802495,0.0,-0.0009576457128148502,0.8173145392441329,-0.5761909638781568,0.0,0.46456236782522586,0.23023589754762083,0.14293753155223662,1.0
2025-12-16 17:59:56.132,0.0073542323009872105,-0.576165557035033,-0.8172881456713915,0.0,-0.9999628707026647,-0.0050211117202235925,-0.005458255617579024,0.0,-0.0009588546596119118,0.8173136774375677,-0.5761921843197991,0.0,0.4643223410496154,0.23008739603310208,0.14268901701905481,1.0
2025-12-16 17:59:56.183,0.007354081559643646,-0.5761659427195873,-0.8172878751307106,0.0,-0.9999628711891578,-0.005021557545524346,-0.005457756330337729,0.0,-0.0009595032484361729,0.8173134028046649,-0.5761925727995597,0.0,0.46421794306403386,0.2298497176682862,0.14255083317555395,1.0
2025-12-16 17:59:56.232,0.007353988626847116,-0.576166363775593,-0.8172875791336213,0.0,-0.9999628713676934,-0.005021936785285807,-0.0054573746628409124,0.0,-0.0009600293260977048,0.8173131036447383,-0.576192996273209,0.0,0.4641357575728701,0.22966567967361082,0.14242328816029365,1.0
2025-12-16 17:59:56.282,0.007353923202266123,-0.5761668960122638,-0.8172872045091228,0.0,-0.999962871347162,-0.005022329623901378,-0.0054570169045157916,0.0,-0.0009605517406778894,0.8173127260221248,-0.5761935310489321,0.0,0.46402849457777406,0.22955566940206057,0.14228971292845316,1.0
2025-12-16 17:59:56.333,0.007353909371092139,-0.5761677211435127,-0.8172866229362019,0.0,-0.9999628708611753,-0.0050228270684909765,-0.0054566481034497944,0.0,-0.0009611633749261441,0.8173121412747416,-0.5761943594741825,0.0,0.46391542136385283,0.22947671427852961,0.1421230508099865,1.0
2025-12-16 17:59:56.385,0.0073538960972911625,-0.5761684009333906,-0.8172861438194446,0.0,-0.9999628704653386,-0.005023243448386237,-0.005456337341723514,0.0,-0.0009616766215190296,0.8173116594852462,-0.5761950420192354,0.0,0.4638249627368032,0.22939910615860923,0.14198418624782275,1.0
2025-12-16 17:59:56.432,0.00735387432261735,-0.5761692349633335,-0.817285556042331,0.0,-0.9999628700205345,-0.0050237504273056436,-0.005455952084434412,0.0,-0.0009623054502750946,0.8173110684031005,-0.5761958793969308,0.0,0.4637035108036581,0.22932647424154248,0.14181815973573167,1.0
2025-12-16 17:59:56.485,0.007353872073483457,-0.5761706193079186,-0.8172845801268154,0.0,-0.9999628691096614,-0.0050245456545369264,-0.005455386709313171,0.0,-0.0009632686926343502,0.8173100875905265,-0.5761972690287517,0.0,0.46351936429758844,0.22929318963023412,0.1415754180052018,1.0
2025-12-16 17:59:56.532,0.007353930287127459,-0.5761727790290261,-0.8172830570350209,0.0,-0.9999628673063367,-0.005025759582835707,-0.005454599005741568,0.0,-0.0009646952615289641,0.8173085575768626,-0.5761994368920197,0.0,0.46330382398694375,0.22927341994605493,0.14123731310795837,1.0
2025-12-16 17:59:56.582,0.00735398649812934,-0.5761758476911326,-0.8172808931580369,0.0,-0.999962864819089,-0.005027567509498047,-0.005453388758030185,0.0,-0.0009668425888433931,0.817306383112047,-0.5762025176443717,0.0,0.46300311931259164,0.2292226607824953,0.14076585569018127,1.0
2025-12-16 17:59:56.632,0.007354088019219463,-0.5761789035919678,-0.8172787378527425,0.0,-0.9999628620038709,-0.005029393126569582,-0.0054522214751782224,0.0,-0.0009689797308016915,0.817304217513611,-0.5762055858048803,0.0,0.462739411853218,0.22913623981490847,0.14028467252050078,1.0
2025-12-16 17:59:56.682,0.007354198808378463,-0.576181255406086,-0.8172770788293048,0.0,-0.9999628594423988,-0.005030944557993415,-0.005451259840068664,0.0,-0.0009707806244487674,0.8173025499582395,-0.5762079480680031,0.0,0.46258463409785744,0.22893547355942742,0.13987739808717634,1.0
2025-12-16 17:59:56.733,0.00735418948211721,-0.5761824267797008,-0.8172762530922603,0.0,-0.9999628584045616,-0.005031877953514241,-0.005450588669886051,0.0,-0.0009719196651382004,0.8173017184009008,-0.5762091256402482,0.0,0.4625203918546962,0.22864244621150145,0.13961371005570558,1.0
2025-12-16 17:59:56.782,0.007354192208840144,-0.5761833853797269,-0.8172755772507343,0.0,-0.9999628575496734,-0.005032587632204419,-0.005450090276723347,0.0,-0.0009727782249024537,0.8173010382222851,-0.5762100889634789,0.0,0.462458142848085,0.22843281843255372,0.13939643136726357,1.0
2025-12-16 17:59:56.832,0.007354133513511188,-0.576183988428807,-0.8172751526259355,0.0,-0.9999628574030542,-0.005033043545747399,-0.005449696156134318,0.0,-0.0009733725054941572,0.8173006102668798,-0.576210694974808,0.0,0.4623544411061999,0.2283132768895268,0.13925029901221553,1.0
2025-12-16 17:59:56.882,0.007354111916988038,-0.5761846095277855,-0.8172747149413311,0.0,-0.9999628570515782,-0.005033463609222928,-0.005449372674714086,0.0,-0.0009738966201715379,0.8173001698061865,-0.5762113188407113,0.0,0.4622774957366071,0.22819922579746965,0.1391157399496578,1.0
2025-12-16 17:59:56.932,0.007354115584637313,-0.5761851703089756,-0.8172743195532288,0.0,-0.9999628566031104,-0.00503382310391015,-0.005449122894019433,0.0,-0.000974329308132848,0.8172997722416647,-0.576211882015741,0.0,0.4622181565754701,0.22812679278691925,0.13900420612841305,1.0
2025-12-16 17:59:56.982,0.007354174126265447,-0.5761859919415094,-0.8172737397680827,0.0,-0.9999628556650544,-0.005034287923859945,-0.005448865615691547,0.0,-0.0009748500477533163,0.8172991901271286,-0.5762127068061966,0.0,0.4621570401407336,0.2280802286269033,0.13886334712405896,1.0
2025-12-16 17:59:57.033,0.007354323980058898,-0.5761876547951023,-0.8172725660890159,0.0,-0.9999628536343419,-0.005035163513157511,-0.005448429229435477,0.0,-0.0009758021322653559,0.8172980124165445,-0.5762143756538574,0.0,0.4620503445740001,0.22805956786232023,0.13860882708934344,1.0
2025-12-16 17:59:57.082,0.00735445424904316,-0.5761902109305759,-0.8172707628024418,0.0,-0.9999628512175078,-0.005036476481348751,-0.005447659204912578,0.0,-0.0009772958853661478,0.817296202233548,-0.5762169406632986,0.0,0.46184515768608736,0.2280499809096216,0.13822376288271548,1.0
2025-12-16 17:59:57.132,0.0073544907298556195,-0.5761948895642713,-0.8172674639353568,0.0,-0.9999628491574206,-0.005038025716597823,-0.005446604727780074,0.0,-0.0009791275422609464,0.8172928941852722,-0.5762216296040243,0.0,0.4615315857021801,0.22819531844366397,0.13753335801583855,1.0
2025-12-16 17:59:57.182,0.007351954516141533,-0.5762020178518633,-0.817262461079329,0.0,-0.9999628655357002,-0.005038505729297705,-0.00544315265770888,0.0,-0.0009814449434971371,0.8172878656104265,-0.5762287579527565,0.0,0.46104441191027007,0.22935340605544718,0.1361153705217223,1.0
2025-12-16 17:59:57.232,0.007342914090303038,-0.5762126961801758,-0.817255013612424,0.0,-0.9999629254151327,-0.005038800609677514,-0.005431867527337217,0.0,-0.0009880930514848689,0.8172803351376995,-0.5762394272082842,0.0,0.4601850914483407,0.23180761884111775,0.1333223529631508,1.0
2025-12-16 17:59:57.282,0.007331002537654231,-0.5762248492243417,-0.8172465518063603,0.0,-0.999963006126671,-0.005037528535007842,-0.005418171793003752,0.0,-0.0009948367540563953,0.817271774336319,-0.5762515571978938,0.0,0.45912153782129417,0.2343190487155483,0.13008719680966124,1.0
2025-12-16 17:59:57.332,0.00732263163528909,-0.5762343411394678,-0.8172399342045797,0.0,-0.999963061410628,-0.005037722733274204,-0.005407778208802006,0.0,-0.0010008999523301414,0.817265080567355,-0.5762610400543489,0.0,0.45807905066822574,0.2361509789023261,0.1270697092452736,1.0
2025-12-16 17:59:57.382,0.007319130371829976,-0.5762418098231472,-0.8172346993633789,0.0,-0.9999630831343939,-0.005038940400066829,-0.00540262428919355,0.0,-0.0010047982902399275,0.8172598069151372,-0.5762685123980211,0.0,0.4568559418636924,0.2368296308281136,0.1250897061578647,1.0
2025-12-16 17:59:57.432,0.007318684090014235,-0.5762452683833278,-0.8172322646776895,0.0,-0.9999630853111169,-0.005039591900895627,-0.005401613624903855,0.0,-0.0010058821755834166,0.8172573642433627,-0.5762719746708495,0.0,0.45598344793855855,0.23624598960850268,0.12406163588057646,1.0
2025-12-16 17:59:57.482,0.007318397781395618,-0.5762450829274778,-0.8172323980099088,0.0,-0.9999630878978136,-0.005039026442161496,-0.005401662299073979,0.0,-0.0010053936804307012,0.8172574984968654,-0.5762717851276369,0.0,0.45563496373954576,0.23505891081108943,0.12384841979803411,1.0
2025-12-16 17:59:57.533,0.007317306907642965,-0.576245247198616,-0.8172322919475427,0.0,-0.999963095715711,-0.005038533173921529,-0.005400675079573326,0.0,-0.0010055580276174191,0.8172573857089617,-0.5762719447944752,0.0,0.4557479120913037,0.23381165595791192,0.12384791396095968,1.0
2025-12-16 17:59:57.582,0.007315735003922159,-0.5762461775208395,-0.8172316500327077,0.0,-0.9999631071498281,-0.0050376880259641885,-0.005399346240354066,0.0,-0.0010056248270873577,0.8172567349388318,-0.576272867586031,0.0,0.4560208510376014,0.2326740236715901,0.1242286055396341,1.0
2025-12-16 17:59:57.632,0.007314220626188393,-0.5762477821262333,-0.8172305321464909,0.0,-0.9999631182960106,-0.005036770514095745,-0.005398137800670355,0.0,-0.0010055570723758508,0.8172556091657394,-0.5762744642460834,0.0,0.4563949640898499,0.23167809824525032,0.1247284924472597,1.0
2025-12-16 17:59:57.682,0.007313098957252171,-0.5762494761935423,-0.8172293476567749,0.0,-0.9999631267278871,-0.005035949900787079,-0.005397341418961685,0.0,-0.0010053302424605488,0.8172544197086435,-0.5762761514914458,0.0,0.4567651444405722,0.23097806585331798,0.1252334599217196,1.0
2025-12-16 17:59:57.734,0.007312089663574203,-0.576251256953516,-0.8172281010253214,0.0,-0.9999631344257853,-0.0050351222060368355,-0.005396687404059452,0.0,-0.0010050148085448457,0.8172531691603014,-0.5762779255209057,0.0,0.45714466164050893,0.2303407308472026,0.12576865210847385,1.0
2025-12-16 17:59:57.782,0.007311482694585055,-0.5762526726385658,-0.8172271082134541,0.0,-0.9999631390638632,-0.005034619195130853,-0.005396297278020426,0.0,-0.0010048159028011902,0.8172521740282169,-0.5762793371197293,0.0,0.45744501257094244,0.22987553705401895,0.12608943354120208,1.0
2025-12-16 17:59:57.832,0.0073110786233224435,-0.5762535038089482,-0.8172265257433107,0.0,-0.9999631421867224,-0.0050342547786793364,-0.005396058569758095,0.0,-0.0010046482274968906,0.8172515901946826,-0.5762801653763568,0.0,0.4576175834455231,0.22957857841001683,0.12633910488153224,1.0
2025-12-16 17:59:57.883,0.007310988848316757,-0.576253709511626,-0.8172263814986387,0.0,-0.9999631429122469,-0.00503414814375959,-0.005396023604132712,0.0,-0.001004579394225241,0.8172514458054004,-0.5762803702619266,0.0,0.4576623500699587,0.22950184574417842,0.1264103719385345,1.0
2025-12-16 17:59:57.932,0.00731099497872339,-0.5762536707039024,-0.8172264088084206,0.0,-0.9999631428554601,-0.005034161154969146,-0.005396021988923099,0.0,-0.0010045913052180635,0.8172514730895643,-0.5762803315481506,0.0,0.45764968826523883,0.2295120025861578,0.12640325677701403,1.0
2025-12-16 17:59:57.982,0.007311028816509625,-0.5762536046147646,-0.8172264551073607,0.0,-0.9999631425429334,-0.0050342332013360944,-0.005396012689356946,0.0,-0.0010046561332664478,0.8172515192468818,-0.5762802659771697,0.0,0.4576211453835076,0.22954559542341607,0.12635114194719269,1.0
2025-12-16 17:59:58.033,0.007311051326800865,-0.5762535302716161,-0.8172265073278064,0.0,-0.9999631423530707,-0.005034266250122879,-0.005396017040747957,0.0,-0.0010046812986376033,0.8172515714645261,-0.5762801918808688,0.0,0.4576059494689007,0.22959136801402957,0.12632795460949534,1.0
2025-12-16 17:59:58.083,0.00731109619403172,-0.5762534141994362,-0.8172265887727485,0.0,-0.999963142128788,-0.005034206935997639,-0.005396113940146133,0.0,-0.0010045780213029292,0.8172516536753046,-0.5762800754737047,0.0,0.4576708522502126,0.2296988623446531,0.1263549293433635,1.0
2025-12-16 17:59:58.132,0.0073111619428549565,-0.5762531180123577,-0.8172267970357368,0.0,-0.9999631419478177,-0.005033998984502924,-0.005396341471880346,0.0,-0.0010042796028503142,0.8172518638050781,-0.5762797779981572,0.0,0.45781035476179766,0.22991390298652503,0.1264666638960903,1.0
2025-12-16 17:59:58.182,0.007311245903266509,-0.5762528616372343,-0.8172269770629509,0.0,-0.9999631416358581,-0.005033799952905987,-0.0053965849374933835,0.0,-0.0010039789350596742,0.8172520458073352,-0.5762795204152438,0.0,0.45799027333873865,0.23014842190089244,0.12653336171862775,1.0
2025-12-16 17:59:58.232,0.007311349456384467,-0.5762531800614554,-0.817226751605327,0.0,-0.9999631408924996,-0.005033850519141356,-0.005396675510555847,0.0,-0.0010039652125485687,0.8172518209672446,-0.5762798392964783,0.0,0.4581668887775926,0.23018344400685783,0.12640966959605845,1.0
2025-12-16 17:59:58.282,0.007311425394927789,-0.5762534497189261,-0.8172265607816107,0.0,-0.9999631402932513,-0.005033931889627699,-0.005396710646146491,0.0,-0.0010040090486780403,0.8172516303238767,-0.5762801095810923,0.0,0.45828288102650866,0.23019939305530204,0.12628575073130358,1.0
2025-12-16 17:59:58.332,0.007311426270451281,-0.5762532397890845,-0.817226708802205,0.0,-0.9999631402131771,-0.005033990974377196,-0.005396670369777483,0.0,-0.0010040824231703656,0.8172517779866664,-0.5762799000452123,0.0,0.4582906819385953,0.23038587172217254,0.1262143846662209,1.0
2025-12-16 17:59:58.382,0.007311282586813763,-0.576252865267731,-0.8172269741747846,0.0,-0.9999631410540529,-0.005034076346337562,-0.005396434921331144,0.0,-0.0010042912303526792,0.8172520415448817,-0.576279525915894,0.0,0.458195374148955,0.2306628588421123,0.12613223926636244,1.0
2025-12-16 17:59:58.432,0.0073110971869786295,-0.5762525927353672,-0.8172271680046483,0.0,-0.9999631421586035,-0.005034171921929636,-0.005396141080573262,0.0,-0.0010045411150901718,0.8172522331251618,-0.5762792537902819,0.0,0.4580322302534558,0.2308905462675734,0.1260749478330315,1.0
2025-12-16 17:59:58.482,0.0073108596426041395,-0.5762527647064493,-0.8172270488674905,0.0,-0.9999631434819412,-0.005034372421351938,-0.005395708780709539,0.0,-0.0010049525628176208,0.8172521106291976,-0.5762794267909171,0.0,0.457872487824925,0.23109819434211623,0.12584633416040422,1.0
2025-12-16 17:59:58.532,0.007310787693299886,-0.576253035501691,-0.8172268585647432,0.0,-0.9999631438147317,-0.005034489874925698,-0.005395537514111872,0.0,-0.0010051448264439488,0.8172519189614278,-0.5762796982696351,0.0,0.4577804892513973,0.2311050080878999,0.12570322734596376,1.0
2025-12-16 17:59:58.582,0.007310830072142184,-0.5762530573786356,-0.817226842759487,0.0,-0.9999631435920592,-0.0050344435701545655,-0.005395621987667067,0.0,-0.0010050581075187253,0.8172519038207177,-0.5762797198927038,0.0,0.4578205873681455,0.23103995856130008,0.1257431584793733,1.0
2025-12-16 17:59:58.633,0.007310858143415194,-0.5762531456404018,-0.817226780272133,0.0,-0.9999631435009718,-0.005034367509632517,-0.0053957098365954356,0.0,-0.0010049445325990313,0.8172518420537513,-0.5762798076856733,0.0,0.45788386562225775,0.2309380562023003,0.12580641293530873,1.0
2025-12-16 17:59:58.682,0.007310901558247387,-0.5762534343167718,-0.8172265763285845,0.0,-0.999963143252718,-0.005034338192263626,-0.005395783197852502,0.0,-0.0010048757133239996,0.817251638681515,-0.5762800962181317,0.0,0.45799409400011276,0.23083964842157914,0.12580467179830226,1.0
2025-12-16 17:59:58.732,0.007310994672474144,-0.5762539122330589,-0.8172262385008214,0.0,-0.9999631425849962,-0.005034384391433842,-0.005395863836861091,0.0,-0.0010048627202318078,0.8172513014060053,-0.5762805745477667,0.0,0.45816391841890236,0.2307649666587849,0.1257058494207903,1.0
2025-12-16 17:59:58.782,0.0073110716776027445,-0.5762544637187877,-0.8172258489403684,0.0,-0.9999631420386587,-0.005034418853630687,-0.005395932930276879,0.0,-0.0010048461309823122,0.8172509123265945,-0.5762811263485924,0.0,0.4583341903973356,0.23063740921421133,0.12562132458492814,1.0
2025-12-16 17:59:58.832,0.007311083815169896,-0.5762550637047669,-0.8172254257604022,0.0,-0.9999631419960651,-0.005034392276135444,-0.005395965620271185,0.0,-0.0010048002045692334,0.8172504894237681,-0.5762817261662565,0.0,0.45849700262865817,0.2304319050510324,0.12560308867699038,1.0
2025-12-16 17:59:58.885,0.007311018739249363,-0.576255511545326,-0.8172251105539019,0.0,-0.9999631425842841,-0.005034266281240965,-0.005395974164146307,0.0,-0.001004688309362794,0.817250174414845,-0.5762821730891093,0.0,0.45862647531904194,0.23024369154632512,0.1256810693843806,1.0
2025-12-16 17:59:58.932,0.0073108364818449696,-0.5762559926990138,-0.8172247729049934,0.0,-0.9999631440776583,-0.0050340335662699244,-0.005395914527330328,0.0,-0.0010045281958059175,0.817249836572848,-0.5762826524759851,0.0,0.4587303763420573,0.23001189575989442,0.1258558206350838,1.0
2025-12-16 17:59:58.982,0.007310592827265663,-0.5762567183182714,-0.8172242634227026,0.0,-0.9999631460017424,-0.005033781808569598,-0.005395792824953096,0.0,-0.001004386102251033,0.8172493264674657,-0.5762833761241348,0.0,0.45887233970491464,0.22974473151379882,0.12602355778838525,1.0
2025-12-16 17:59:59.032,0.007310374653229509,-0.576257323931137,-0.8172238383327803,0.0,-0.9999631476796581,-0.005033592614798074,-0.005395658364535342,0.0,-0.0010043035632305694,0.8172489005960651,-0.5762839802119053,0.0,0.45896640216386797,0.22950758699312931,0.12616063839351732,1.0
