timestamp,ee_pose_cmd
2025-12-16 18:45:47.832,0.009934939969312719,-0.5625894219513522,-0.8266650991649871,0.0,-0.9999394947917537,-0.007033626067522343,-0.007230612779212691,0.0,-0.0017466205546447637,0.8267028339162478,-0.5626360935022593,0.0,0.4303452737843298,0.2437214308292911,0.23433436754304526,1.0
2025-12-16 18:45:47.882,0.009934911184230708,-0.5625894332203445,-0.8266650918417815,0.0,-0.9999394950645447,-0.0070336162187238215,-0.007230584634670336,0.0,-0.0017466281139639456,0.8267028263310989,-0.5626361046239429,0.0,0.43034979615161245,0.2437338578029194,0.23432078821234364,1.0
2025-12-16 18:45:47.932,0.009934922462001767,-0.5625894455543293,-0.8266650833123138,0.0,-0.9999394949957574,-0.0070336021952672285,-0.007230607788877251,0.0,-0.0017466033452976392,0.8267028180567038,-0.5626361168587196,0.0,0.4303709747287445,0.24372372181811794,0.23431107946129365,1.0
2025-12-16 18:45:47.982,0.009934947459319953,-0.5625895187947618,-0.8266650331678891,0.0,-0.9999394948939513,-0.007033547532142935,-0.00723067504117823,0.0,-0.001746519437880194,0.8267027686790966,-0.5626361896715932,0.0,0.4304354769646689,0.24369334847752477,0.23427036459356154,1.0
2025-12-16 18:45:48.032,0.009934976337599582,-0.5625897331334025,-0.8266648869519417,0.0,-0.9999394948903912,-0.0070334315227424254,-0.007230788378366413,0.0,-0.001746357193290311,0.8267026238010754,-0.5626364030499368,0.0,0.4305331447550028,0.24364063232407832,0.23418081049615183,1.0
2025-12-16 18:45:48.082,0.00993502250662116,-0.5625900986101103,-0.8266646376704809,0.0,-0.9999394948679298,-0.007033254165848281,-0.007230963996358165,0.0,-0.0017461073768760902,0.8267023765899771,-0.562636767061585,0.0,0.43066802773685114,0.2435639963880381,0.23404884203259171,1.0
2025-12-16 18:45:48.132,0.00993507063521726,-0.5625904762024309,-0.826664380119891,0.0,-0.999939494856533,-0.007033063528372324,-0.007231150992482911,0.0,-0.001745840034503751,0.8267021212464687,-0.5626371430763908,0.0,0.4308108114264018,0.24348312439289072,0.23390962985768116,1.0
2025-12-16 18:45:48.183,0.009935133448063646,-0.5625909232746428,-0.8266640751076354,0.0,-0.9999394948017807,-0.007032833161226851,-0.007231382612889626,0.0,-0.0017455139064257651,0.8267018189569751,-0.562637588252359,0.0,0.43097010873874014,0.2433789813526332,0.23374558238016824,1.0
2025-12-16 18:45:48.232,0.009935184817691777,-0.5625913352124586,-0.8266637941434893,0.0,-0.9999394948564843,-0.0070325980051059375,-0.007231603740910693,0.0,-0.0017451901455786808,0.8267015406181127,-0.5626379982288742,0.0,0.4311582467391423,0.243290183757989,0.2335851440939175,1.0
2025-12-16 18:45:48.282,0.009935176371845864,-0.5625917601828297,-0.8266635050285299,0.0,-0.9999394955239723,-0.007032320504378344,-0.007231781301716999,0.0,-0.0017448557387228824,0.8267012537699321,-0.5626384207407753,0.0,0.43134034034068874,0.2432239408038829,0.23337777549643693,1.0
2025-12-16 18:45:48.332,0.009935068815845037,-0.5625922955283276,-0.8266631419877142,0.0,-0.9999394972345381,-0.007031960498154194,-0.007231894848499965,0.0,-0.001744487822696923,0.8267008925084619,-0.5626389526934205,0.0,0.4315599679816768,0.24321491810297566,0.23310673983193853,1.0
2025-12-16 18:45:48.382,0.009934845279432532,-0.5625932834391908,-0.8266624723426076,0.0,-0.9999395003895893,-0.00703140063180952,-0.007232002971655048,0.0,-0.0017439523091436896,0.8267002249567758,-0.5626399352043543,0.0,0.4317864258473845,0.24320179730283878,0.23271330033110804,1.0
2025-12-16 18:45:48.432,0.009934443632205747,-0.5625948772447499,-0.826661392487209,0.0,-0.9999395054716288,-0.007030671031083468,-0.007232009624951082,0.0,-0.0017433263019261973,0.8266991465084531,-0.562641521730844,0.0,0.4320394342702488,0.24319675375666824,0.23215701037526568,1.0
2025-12-16 18:45:48.482,0.00993378228647414,-0.5625969302948013,-0.8266600032017757,0.0,-0.9999395133696719,-0.007029687085817236,-0.007231874079898176,0.0,-0.0017425645410071564,0.8266977576799874,-0.5626435647154434,0.0,0.4323318886741691,0.24323157532883116,0.23143636495152564,1.0
2025-12-16 18:45:48.532,0.009932942761228691,-0.5625995242732694,-0.8266582479094984,0.0,-0.9999395233144007,-0.00702847578714787,-0.007231676367682143,0.0,-0.001741643327552834,0.8266960026457789,-0.5626461462482525,0.0,0.4326244281745581,0.24325957341550616,0.2305584131801071,1.0
2025-12-16 18:45:48.583,0.009931971882067094,-0.5626025343240268,-0.8266562110139403,0.0,-0.9999395346669953,-0.007027144476568115,-0.007231400394571906,0.0,-0.0017406619516857971,0.826693965456835,-0.5626491425153182,0.0,0.43292685501499384,0.24328857499036446,0.22957677154023876,1.0
2025-12-16 18:45:48.632,0.009931124823045695,-0.5626055901728376,-0.8266541414444316,0.0,-0.999939544838762,-0.007025859089655466,-0.007231242832995749,0.0,-0.0017396513656074597,0.8266918966909803,-0.5626521852428868,0.0,0.4332438834885577,0.24327673425285953,0.22860962996250034,1.0
2025-12-16 18:45:48.682,0.009930494809215252,-0.5626087420051276,-0.8266520039251464,0.0,-0.9999395532478208,-0.007024509082522048,-0.007231391560839285,0.0,-0.0017384138705208252,0.8266897631323646,-0.5626553238434427,0.0,0.433603262089242,0.2431819195865342,0.22764036557294862,1.0
2025-12-16 18:45:48.733,0.009930137261442222,-0.5626117107030711,-0.8266499877547576,0.0,-0.9999395590650169,-0.007023255677064898,-0.007231804599332823,0.0,-0.0017371097070880246,0.8266877533698986,-0.562658280733604,0.0,0.43394641204889217,0.2430064229144034,0.22676076322883007,1.0
2025-12-16 18:45:48.782,0.009929874403227436,-0.562614471917009,-0.8266481116443013,0.0,-0.9999395637107503,-0.007022162955460725,-0.007232223350359,0.0,-0.001735937647921116,0.826685883434427,-0.5626610317506656,0.0,0.43431130264075185,0.24282889445725028,0.22594746819852704,1.0
2025-12-16 18:45:48.832,0.009929779107557582,-0.5626172831217381,-0.8266461994836712,0.0,-0.9999395667251157,-0.007021148751776322,-0.0072327912317310585,0.0,-0.0017347459787177034,0.826683978794241,-0.5626638337953775,0.0,0.4346893028692109,0.2425980248785762,0.22516976223527382,1.0
2025-12-16 18:45:48.882,0.009929847322485679,-0.5626197769329285,-0.8266445013651891,0.0,-0.999939567918297,-0.007020317264996146,-0.00723343335331641,0.0,-0.0017336673837154632,0.8266822886017308,-0.5626663203974513,0.0,0.43498989478144134,0.24232276685430354,0.22450954790553682,1.0
2025-12-16 18:45:48.932,0.009930024881176383,-0.5626221046912052,-0.8266429149396406,0.0,-0.9999395681852473,-0.007019469141132295,-0.007234219493903518,0.0,-0.0017324959906128365,0.8266807115531175,-0.5626686410345557,0.0,0.43523204598976806,0.24200830657658917,0.22391065423428952,1.0
2025-12-16 18:45:48.982,0.00993020949390386,-0.5626241258343415,-0.8266415371064767,0.0,-0.9999395683933354,-0.0070186162943942755,-0.007235018166548971,0.0,-0.0017313173238319261,0.8266793432154036,-0.5626706550383386,0.0,0.43544246242189566,0.2417145133829293,0.22337425545367695,1.0
2025-12-16 18:45:49.033,0.009930345337400557,-0.5626260842706176,-0.826640202531307,0.0,-0.9999395691445622,-0.00701770667750326,-0.007235796651672141,0.0,-0.0017301038423479136,0.8266780180298209,-0.5626726057371033,0.0,0.4356151876374211,0.24143442589701014,0.2228273672583228,1.0
2025-12-16 18:45:49.082,0.009930340335545766,-0.5626280672355797,-0.8266388529465479,0.0,-0.999939571245957,-0.00701674053220863,-0.007236443184589563,0.0,-0.001728917589383868,0.8266766766219864,-0.5626745801732977,0.0,0.4357082859947546,0.24117194971645883,0.22221611667721292,1.0
2025-12-16 18:45:49.132,0.009930221624691577,-0.562630238263029,-0.82663737672076,0.0,-0.9999395744522054,-0.00701572303969541,-0.007236986650580176,0.0,-0.001727744630248875,0.826675207645221,-0.562676741978219,0.0,0.4358153131722032,0.2409519420200809,0.2215509888905904,1.0
2025-12-16 18:45:49.182,0.009929988333566056,-0.5626327320737048,-0.8266356821672908,0.0,-0.9999395786811373,-0.007014698376380536,-0.007237395587271237,0.0,-0.0017266375683160605,0.8266735190298323,-0.5626792262537696,0.0,0.4359578878881306,0.24077037912114488,0.2208245161257227,1.0
2025-12-16 18:45:49.232,0.009929671241426626,-0.5626354366343373,-0.8266338451657627,0.0,-0.9999395834498878,-0.0070137678437667515,-0.007237638558722617,0.0,-0.001725699176161245,0.8266716861637263,-0.5626819219217684,0.0,0.4361299227650326,0.24063728125862913,0.22007668853205442,1.0
2025-12-16 18:45:49.283,0.009929270337532943,-0.5626385864499499,-0.8266317060997447,0.0,-0.9999395892057323,-0.007012719356430476,-0.007237859318005714,0.0,-0.001724670435648825,0.8266695512341838,-0.5626850616234282,0.0,0.43634909639708236,0.24051592281717313,0.2192124940901387,1.0
2025-12-16 18:45:49.332,0.009928731476411616,-0.5626417111693782,-0.8266295857546304,0.0,-0.9999395961943879,-0.007011658147702975,-0.007237921927782602,0.0,-0.0017237204782915515,0.826667433474852,-0.5626881758308184,0.0,0.43654607475276164,0.2404443061785241,0.2183104140712216,1.0
2025-12-16 18:45:49.382,0.009928171925369555,-0.5626449686553573,-0.8266273752727044,0.0,-0.9999396033515007,-0.007010603625612042,-0.007237954632095592,0.0,-0.0017227912860835152,0.8266652252749054,-0.562691422816604,0.0,0.43673904917524736,0.24035994315499853,0.2173510427627397,1.0
2025-12-16 18:45:49.432,0.009927771541785882,-0.562647978670645,-0.8266253313026766,0.0,-0.9999396088040702,-0.0070096956092634945,-0.0072380807840861745,0.0,-0.0017219335852746876,0.8266631842507125,-0.5626944239542457,0.0,0.436966743489192,0.24024992839025078,0.21644878954422295,1.0
2025-12-16 18:45:49.482,0.009927398381939331,-0.5626508788834026,-0.8266233617278846,0.0,-0.9999396140202934,-0.007008785224616406,-0.0072382417637215,0.0,-0.0017210556497271631,0.8266612179660083,-0.5626973153289485,0.0,0.4372156877406041,0.2401457019612543,0.2155812058583168,1.0
2025-12-16 18:45:49.532,0.009927015943289538,-0.5626534743763225,-0.8266215996620963,0.0,-0.999939619158161,-0.007007948434707923,-0.007238342198071278,0.0,-0.0017202762796274225,0.8266594584486503,-0.5626999026185326,0.0,0.43747569513675055,0.2400772505266429,0.21478027261064514,1.0
2025-12-16 18:45:49.582,0.009926715683623796,-0.5626558143929973,-0.8266200104925464,0.0,-0.9999396233199671,-0.007007232330701995,-0.007238460540351182,0.0,-0.001719589659875321,0.826657871786108,-0.5627022356677325,0.0,0.43772939017980894,0.2400096483465402,0.21406180880590345,1.0
2025-12-16 18:45:49.632,0.009926429080940059,-0.5626579906313535,-0.826618532628925,0.0,-0.9999396271723597,-0.007006605809646768,-0.007238534840631686,0.0,-0.001719003840685391,0.8266563958307316,-0.5627044057566466,0.0,0.4379317386462046,0.23994668343329703,0.2133888595070642,1.0
2025-12-16 18:45:49.682,0.009926112476775464,-0.5626600001988907,-0.8266171685662542,0.0,-0.9999396311844956,-0.00700602716083176,-0.007238540684793804,0.0,-0.001718498117853253,0.8266550329069322,-0.5627064095368542,0.0,0.4381064789823663,0.23990842584502028,0.2127485493883726,1.0
2025-12-16 18:45:49.732,0.009925836916939825,-0.5626621028546516,-0.8266157406400438,0.0,-0.9999396348389634,-0.007005448312801376,-0.007238596083886025,0.0,-0.0017179632274428765,0.8266536066155356,-0.5627085064861527,0.0,0.43825599152572076,0.23983385954055716,0.2120949061905565,1.0
2025-12-16 18:45:49.782,0.009925592926741082,-0.5626643145148769,-0.8266142381291073,0.0,-0.9999396382304263,-0.007004863771079253,-0.0072386932771767365,0.0,-0.0017173988037916222,0.8266521061683962,-0.5627107124524138,0.0,0.4383969417825145,0.23972844818714414,0.21141471333027143,1.0
2025-12-16 18:45:49.832,0.009925323712600088,-0.5626667710660477,-0.826612569217597,0.0,-0.9999396419587356,-0.007004225359342979,-0.007238796015895235,0.0,-0.0017167837924038265,0.8266504394783588,-0.5627131627780235,0.0,0.4385719545076617,0.23960952286404852,0.2106507827930654,1.0
2025-12-16 18:45:49.882,0.0099250113128619,-0.5626696205107445,-0.8266106333733811,0.0,-0.9999396463920845,-0.0070034327274271025,-0.00723895051190772,0.0,-0.0017160074636363718,0.8266485066504042,-0.5627160045449582,0.0,0.43880586171396174,0.2394834153418109,0.20978175553598136,1.0
2025-12-16 18:45:49.932,0.009924762857563491,-0.5626729035242067,-0.8266084016165504,0.0,-0.9999396503742416,-0.007002591113103651,-0.0072392146224669225,0.0,-0.001715123757765736,0.8266462790997444,-0.5627192795711224,0.0,0.4390645978165374,0.2393020223343036,0.20883952135453682,1.0
2025-12-16 18:45:49.982,0.009924557319120906,-0.5626765905061616,-0.8266058943411844,0.0,-0.9999396542084109,-0.007001642736696076,-0.0072396023205186615,0.0,-0.0017140774071957555,0.8266437774566687,-0.5627229577072644,0.0,0.43933550350694245,0.23905518932085643,0.20779962722987871,1.0
2025-12-16 18:45:50.032,0.009924331817005968,-0.5626803368116996,-0.8266033468990229,0.0,-0.9999396582331898,-0.007000686732900804,-0.00723997092312646,0.0,-0.001713034787703711,0.8266412354717784,-0.5627266950567639,0.0,0.43962952478199824,0.2388059265183819,0.20672784057361573,1.0
2025-12-16 18:45:50.082,0.009924032606924918,-0.5626839426958428,-0.8266008959045995,0.0,-0.9999396628281234,-0.006999765388635281,-0.007240227129794341,0.0,-0.0017120857569180915,0.8266387887526525,-0.5627302921399454,0.0,0.4399854454488674,0.2386327782135996,0.20567642633377356,1.0
2025-12-16 18:45:50.132,0.009923687646619609,-0.5626873593785416,-0.8265985742307476,0.0,-0.9999396677668453,-0.006998869424362893,-0.007240411198292166,0.0,-0.0017112005753373827,0.8266364705856397,-0.5627337001551516,0.0,0.44037049426223057,0.2385394984577439,0.2046741666151247,1.0
2025-12-16 18:45:50.182,0.00992337185278114,-0.5626903735206836,-0.8265965262081817,0.0,-0.9999396720648223,-0.006998155693977851,-0.0072405075089071345,0.0,-0.0017105202446550621,0.8266344248691909,-0.5627367072989593,0.0,0.44068272903930567,0.23847426610164693,0.20379513390586976,1.0
2025-12-16 18:45:50.232,0.009922980141493109,-0.5626931265049455,-0.8265946568605494,0.0,-0.9999396768816113,-0.006997510076174032,-0.007240466272315659,0.0,-0.0017099767585218551,0.8266325563345112,-0.5627394537326813,0.0,0.44089073924044847,0.23843914558263257,0.20295783424579303,1.0
2025-12-16 18:45:50.282,0.009922306015983144,-0.5626954619410405,-0.8265930751315864,0.0,-0.9999396841372553,-0.006996877436824925,-0.007240075609299764,0.0,-0.0017096456633377266,0.8266309719106619,-0.5627417821610018,0.0,0.4409826921580834,0.2385099150557538,0.20216863147116906,1.0
2025-12-16 18:45:50.332,0.009921388799031995,-0.5626975636942121,-0.8265916553886236,0.0,-0.9999396934495082,-0.006996277513613859,-0.0072393691896693755,0.0,-0.0017095221194245425,0.8266295462739307,-0.5627438766979865,0.0,0.4410131562934416,0.23864903121423567,0.20138154005950806,1.0
2025-12-16 18:45:50.382,0.009920331776712392,-0.5626994976374428,-0.8265903515510074,0.0,-0.9999397039372732,-0.0069956992930046156,-0.0072384792911532065,0.0,-0.0017095217907508358,0.8266282346785143,-0.5627458033317798,0.0,0.4410919186307976,0.23885098989536,0.2005618821037862,1.0
2025-12-16 18:45:50.432,0.009919341300891673,-0.5627016461153712,-0.8265889008621011,0.0,-0.9999397139139072,-0.006995087806991952,-0.007237692004662031,0.0,-0.0017094336486108616,0.8266267773166929,-0.5627479443406433,0.0,0.44127312926288487,0.23903323378493999,0.19969231409106836,1.0
2025-12-16 18:45:50.482,0.00991849337555167,-0.5627041345807663,-0.8265872170050043,0.0,-0.9999397225662185,-0.006994515693478284,-0.007237049510381519,0.0,-0.0017092924888898698,0.8266250881708803,-0.5627504259666728,0.0,0.44156456948235073,0.2391707621849862,0.19876600815230236,1.0
2025-12-16 18:45:50.533,0.009917826521117503,-0.5627069996064132,-0.8265852746161484,0.0,-0.9999397297184565,-0.006993905329732782,-0.007236651161095826,0.0,-0.001708977798676461,0.8266231429967729,-0.5627532841814614,0.0,0.44188830567764864,0.23920428709023275,0.19778416465125395,1.0
2025-12-16 18:45:50.582,0.009917361486735353,-0.5627097635382469,-0.8265833986120701,0.0,-0.9999397353162479,-0.006993191047972396,-0.0072365679605265795,0.0,-0.001708401069694722,0.8266212675062723,-0.5627560408135208,0.0,0.44223261370362416,0.23915422679021503,0.19684026841161262,1.0
2025-12-16 18:45:50.632,0.009917071942268181,-0.5627127916503295,-0.8265813406425244,0.0,-0.9999397393630274,-0.006992485892270435,-0.007236690186511038,0.0,-0.0017077131048657483,0.8266192120829846,-0.5627590620605387,0.0,0.4426367031717256,0.23905844088012607,0.19589483641436053,1.0
2025-12-16 18:45:50.682,0.00991702706439238,-0.5627159725474276,-0.8265791757087853,0.0,-0.9999397410573415,-0.006991883664171175,-0.007237037944580549,0.0,-0.0017069814551175704,0.8266170517625566,-0.5627622374943884,0.0,0.4430754612738198,0.23888504403451885,0.19500655659563595,1.0
2025-12-16 18:45:50.732,0.00991714121224525,-0.5627190461791058,-0.8265770818735915,0.0,-0.9999397411910868,-0.006991361702399954,-0.007237523710311712,0.0,-0.0017062397657300616,0.826614963767385,-0.5627653066969452,0.0,0.4435239533640999,0.23864075991107028,0.1941672973607466,1.0
2025-12-16 18:45:50.782,0.009917242723983774,-0.5627220428833228,-0.8265750405445242,0.0,-0.9999397414543296,-0.006990829662385402,-0.007238001249531962,0.0,-0.0017054952981667665,0.8266129282102908,-0.5627682988596607,0.0,0.44397555989866533,0.2384298023965645,0.19335823431128696,1.0
2025-12-16 18:45:50.832,0.009917367335232912,-0.5627248751720241,-0.8265731108552808,0.0,-0.9999397414327221,-0.006990335945740471,-0.007238481058521053,0.0,-0.0017047832008623193,0.8266110042428039,-0.5627711269947504,0.0,0.4444006946641168,0.23823306569386066,0.19261519390076304,1.0
2025-12-16 18:45:50.882,0.009917487135168322,-0.5627277382228224,-0.8265711602667726,0.0,-0.9999397414221618,-0.006989857329292873,-0.007238944695522053,0.0,-0.0017040923161992427,0.8266090591909414,-0.5627739860128971,0.0,0.4448325883433435,0.23804986807170583,0.1918710136832984,1.0
2025-12-16 18:45:50.932,0.009917633033359857,-0.5627304143646051,-0.8265693365987294,0.0,-0.9999397411498389,-0.006989392943431935,-0.00723943068781836,0.0,-0.0017034028535439802,0.8266072412487374,-0.5627766583058237,0.0,0.4453045980325444,0.23789197771779577,0.19119064565002528,1.0
2025-12-16 18:45:50.982,0.009917836273996417,-0.5627328135455487,-0.8265677007867908,0.0,-0.9999397403277503,-0.006988948953755131,-0.007239972859166741,0.0,-0.0017027019528781868,0.8266056116729976,-0.5627790539428144,0.0,0.4458432180002334,0.23776066941811014,0.1905979356867746,1.0
2025-12-16 18:45:51.033,0.009918012959213277,-0.5627349763422834,-0.8265662262161448,0.0,-0.9999397397284392,-0.006988507417326718,-0.007240481828417867,0.0,-0.0017020246016497531,0.8266041429947218,-0.5627812131692181,0.0,0.44637954592170725,0.2376578873780561,0.19004466740478507,1.0
2025-12-16 18:45:51.082,0.009918210809238173,-0.5627373209339577,-0.8265646276145766,0.0,-0.9999397390633455,-0.006988009114502902,-0.007241054602204003,0.0,-0.0017012622384855846,0.8266025510225133,-0.5627835537308008,0.0,0.446963528586082,0.23754550200486066,0.18943976701999712,1.0
2025-12-16 18:45:51.132,0.009918390190516267,-0.5627395684626649,-0.8265630953071224,0.0,-0.9999397385335713,-0.006987522538480472,-0.007241597295881211,0.0,-0.0017005276610972111,0.8266010250216823,-0.5627857972966074,0.0,0.44753362417255693,0.2374567396531105,0.1888597207389286,1.0
2025-12-16 18:45:51.182,0.009918544334309717,-0.5627418117503725,-0.8265615661808895,0.0,-0.9999397382028384,-0.006987046388859687,-0.007242102374794134,0.0,-0.0016998229217397248,0.8265995018107942,-0.562788036660501,0.0,0.44813336201760084,0.23740205170135645,0.1882769926177308,1.0
2025-12-16 18:45:51.232,0.009918643834897961,-0.5627440873469545,-0.8265600157046842,0.0,-0.9999397383038434,-0.006986593166758602,-0.0072425256624603414,0.0,-0.0016991827781638893,0.8265979564007895,-0.5627903084203965,0.0,0.4487950793140248,0.23739833236559732,0.18766415974619793,1.0
2025-12-16 18:45:51.282,0.009918670177400876,-0.5627462870842084,-0.8265585177445443,0.0,-0.9999397388962907,-0.006986211887674125,-0.007242811656157657,0.0,-0.0016986802798316354,0.8265964620193033,-0.562792504803038,0.0,0.4494525736207598,0.2374491653061074,0.18706759773127843,1.0
2025-12-16 18:45:51.333,0.009918719767197383,-0.5627486954923261,-0.8265568774265164,0.0,-0.9999397393012434,-0.006985824419714072,-0.007243129471889423,0.0,-0.0016981522517140453,0.8265948256148281,-0.562794909843472,0.0,0.4501471356772265,0.237508716440882,0.18644233110832967,1.0
2025-12-16 18:45:51.382,0.009918929888092957,-0.5627512932500857,-0.8265551062551361,0.0,-0.9999397382383094,-0.006985468211917092,-0.007243619742205041,0.0,-0.0016975507255170112,0.8265930600225029,-0.5627975048311507,0.0,0.4508323355712789,0.23749040220851095,0.18583514762227593,1.0
2025-12-16 18:45:51.432,0.009919192177594542,-0.5627537872514657,-0.8265534050875868,0.0,-0.9999397366910111,-0.0069851241225126065,-0.0072441651356471995,0.0,-0.0016969294340118542,0.8265913649556969,-0.5627999962785839,0.0,0.4514971734314558,0.2374284278595371,0.185248572214013,1.0
2025-12-16 18:45:51.482,0.009919355834415673,-0.5627561020617142,-0.8265518270945531,0.0,-0.9999397360584337,-0.006984753776332387,-0.0072446095327797526,0.0,-0.0016963454339131454,0.826589792098308,-0.5628023081074248,0.0,0.4520759730436277,0.2373562686418366,0.18463974421754725,1.0
2025-12-16 18:45:51.532,0.009919440672137606,-0.5627582473112863,-0.8265503654836102,0.0,-0.9999397360505139,-0.006984414044131786,-0.00724493815690278,0.0,-0.0016958539322520353,0.82658833441522,-0.5628044504871235,0.0,0.4525079301720049,0.2372762782866365,0.1840554502239942,1.0
2025-12-16 18:45:51.582,0.00991952655789984,-0.5627604091678173,-0.826548892544988,0.0,-0.9999397359381083,-0.006984120800966748,-0.007245236357245206,0.0,-0.0016954177785646941,0.8265868650244074,-0.5628066098827185,0.0,0.45282416604663756,0.23717380238629052,0.18349748238180294,1.0
2025-12-16 18:45:51.632,0.009919567213228165,-0.5627625050155657,-0.8265474650835946,0.0,-0.9999397361551772,-0.006983859564447334,-0.00724545821237019,0.0,-0.0016950518409153098,0.82658544029629,-0.5628087034592171,0.0,0.4530761445602136,0.23708752917510809,0.1829610394520834,1.0
2025-12-16 18:45:51.682,0.00991956065854992,-0.5627644770399537,-0.8265461224877275,0.0,-0.9999397367820887,-0.006983599132761913,-0.0072456227150079055,0.0,-0.0016947203347708886,0.8265840998579989,-0.5628106731263443,0.0,0.45324515477649135,0.23699417289896132,0.1824422452580857,1.0
2025-12-16 18:45:51.732,0.009919481025326936,-0.5627664073437247,-0.826544809168162,0.0,-0.999939738091625,-0.006983317795920584,-0.007245713147902694,0.0,-0.0016944137408165584,0.8265827879947666,-0.5628126007410226,0.0,0.45340428202605937,0.23692540774570853,0.18191098496271377,1.0
2025-12-16 18:45:51.782,0.009919430104824763,-0.5627687568692494,-0.826543210061908,0.0,-0.9999397392688284,-0.0069829818392030014,-0.007245874469619522,0.0,-0.0016940170725584561,0.8265811911584072,-0.562814947144536,0.0,0.45357577415663364,0.2368263265689078,0.18129763088587564,1.0
2025-12-16 18:45:51.832,0.009919418499755946,-0.5627711805038185,-0.8265415600150868,0.0,-0.9999397400549745,-0.006982669095818533,-0.00724606736763682,0.0,-0.001693620928482929,0.8265795436584296,-0.5628173679388128,0.0,0.45379559906432815,0.2367357813737258,0.18068834818820834,1.0
2025-12-16 18:45:51.883,0.00991940915057892,-0.5627736416978611,-0.8265398843573365,0.0,-0.9999397408604284,-0.0069823375261552755,-0.007246275723303347,0.0,-0.0016932000732103024,0.8265778707342051,-0.5628198261309028,0.0,0.454045882704082,0.23664299920606482,0.18005783404480427,1.0
2025-12-16 18:45:51.932,0.00991934668996554,-0.5627757655269958,-0.8265384390323032,0.0,-0.9999397421535097,-0.00698199217763915,-0.007246430046052781,0.0,-0.0016928022910262632,0.8265764276154368,-0.5628219467388476,0.0,0.4541999273434252,0.23655245836876473,0.17949378734976043,1.0
2025-12-16 18:45:51.982,0.009919206523663257,-0.562777760420239,-0.8265370824225187,0.0,-0.9999397440587497,-0.0069816793743170975,-0.0072464685222986,0.0,-0.0016924981603568029,0.8265750720019989,-0.5628239385410572,0.0,0.45423957980449614,0.23646388524533946,0.17895710186148905,1.0
2025-12-16 18:45:52.033,0.009919018437312029,-0.56277982447452,-0.8265356792896946,0.0,-0.9999397465281479,-0.006981296769563921,-0.007246496384259465,0.0,-0.001692141483532967,0.826573669881174,-0.562825998792138,0.0,0.45431154275557495,0.23640775503092373,0.17839320358171892,1.0
2025-12-16 18:45:52.082,0.009918909621321552,-0.5627816004511882,-0.8265344713481293,0.0,-0.9999397481517566,-0.006980985234682328,-0.007246572470007652,0.0,-0.001691819860755786,0.8265724632972822,-0.5628277717599067,0.0,0.4544436627618464,0.2363651961861287,0.17790974683395763,1.0
2025-12-16 18:45:52.132,0.009918878718718412,-0.5627833892290764,-0.8265332537496636,0.0,-0.9999397490299341,-0.006980704209942243,-0.007246722010280712,0.0,-0.0016914819566299652,0.8265712477339526,-0.5628295579554501,0.0,0.45466944248793534,0.23631761397213183,0.17741978339450185,1.0
2025-12-16 18:45:52.182,0.009918889679885407,-0.5627853475363075,-0.8265319202106862,0.0,-0.999939749626075,-0.00698038306091934,-0.0072469491010950715,0.0,-0.001691065204955567,0.8265699170743536,-0.5628315134089141,0.0,0.4550276256441327,0.23629329708536198,0.1768929447522939,1.0
2025-12-16 18:45:52.233,0.009918898236180472,-0.5627874912250761,-0.8265304604668684,0.0,-0.9999397502510073,-0.0069800596863976395,-0.007247174341474191,0.0,-0.0016906454307389564,0.8265684602031059,-0.5628336542136533,0.0,0.4554611101104966,0.23628628679301802,0.17630965314724598,1.0
2025-12-16 18:45:52.282,0.00991885797068187,-0.5627898015045861,-0.8265288878679282,0.0,-0.9999397513750009,-0.006979702981542811,-0.007247362803054599,0.0,-0.0016902168115314128,0.8265668901752123,-0.5628359612117981,0.0,0.4558579170776625,0.23628614013690788,0.17568121703002637,1.0
2025-12-16 18:45:52.332,0.009918816645238639,-0.5627921992743615,-0.8265272556991052,0.0,-0.9999397524476525,-0.006979376614456984,-0.007247529110618846,0.0,-0.0016898246865290729,0.8265652603099944,-0.562838355961283,0.0,0.45620572312450736,0.2362749464455886,0.1750484886977635,1.0
2025-12-16 18:45:52.382,0.009918710477635147,-0.5627945989553476,-0.8265256229968667,0.0,-0.9999397542145944,-0.006978988689514948,-0.007247658886584083,0.0,-0.0016894022242772131,0.8265636296529076,-0.5628407519495509,0.0,0.4564560164872116,0.23624437457244643,0.1744014025683141,1.0
2025-12-16 18:45:52.432,0.009918553184155679,-0.56279692211843,-0.8265240430005429,0.0,-0.9999397565033411,-0.006978564039991945,-0.00724775200920856,0.0,-0.001688970959536914,0.8265620513967219,-0.5628430709957626,0.0,0.4566018133772967,0.23618810108789445,0.17376619698626175,1.0
2025-12-16 18:45:52.482,0.009918419570618313,-0.5627989443924335,-0.8265226675930868,0.0,-0.9999397584593882,-0.006978197861058664,-0.007247834711203568,0.0,-0.0016885974972527808,0.8265606775142659,-0.5628450897233183,0.0,0.45672514069378645,0.23613475321860347,0.17321026233012443,1.0
2025-12-16 18:45:52.532,0.00991833140024865,-0.5628007264046343,-0.8265214552338367,0.0,-0.9999397598716956,-0.00697790060731447,-0.007247926052230332,0.0,-0.0016882790219151479,0.8265594666389459,-0.5628468688937387,0.0,0.45682397274219994,0.23607746877245997,0.17272769695047346,1.0
2025-12-16 18:45:52.582,0.009918261940458068,-0.5628023804323842,-0.8265203297928796,0.0,-0.9999397610007026,-0.006977660557501327,-0.0072480013941997904,0.0,-0.0016880183667202242,0.82655834242111,-0.5628485206234981,0.0,0.45698768732154593,0.2360545729309945,0.1722725531753337,1.0
2025-12-16 18:45:52.632,0.009918196584570993,-0.5628041736803996,-0.8265191094981656,0.0,-0.9999397621633358,-0.006977387599863317,-0.007248103767272342,0.0,-0.0016877136278901945,0.826557123679036,-0.562850311289022,0.0,0.45718695145621596,0.23603186612166258,0.17177303501170468,1.0
2025-12-16 18:45:52.682,0.009918092567927772,-0.5628059038621095,-0.8265179326058064,0.0,-0.9999397636752577,-0.006977109020463466,-0.007248163353200716,0.0,-0.0016874290840594548,0.8265559479216195,-0.5628520387619464,0.0,0.4574865657060343,0.23606993902778836,0.17126241533359324,1.0
2025-12-16 18:45:52.733,0.009917992533639656,-0.5628076612539294,-0.8265167371319188,0.0,-0.9999397651161167,-0.00697684834006709,-0.0072482155026927396,0.0,-0.0016871631932811105,0.8265547534797935,-0.562853793609244,0.0,0.4577493173981976,0.23608859754010447,0.17074637650135432,1.0
2025-12-16 18:45:52.782,0.00991779375831141,-0.5628094962283152,-0.8265154900081463,0.0,-0.9999397675031285,-0.00697654898844748,-0.007248174336297731,0.0,-0.0016869169373443067,0.8265535065309896,-0.5628556254960697,0.0,0.45800998496756345,0.23614086976155113,0.17018408034872196,1.0
2025-12-16 18:45:52.832,0.009917455551938943,-0.5628113634029721,-0.8265142226247962,0.0,-0.9999397712735956,-0.006976171108424559,-0.007248017879634903,0.0,-0.0016866702894004465,0.8265522383128743,-0.5628574886090727,0.0,0.45827628763565137,0.23623187898915787,0.16956203288991098,1.0
2025-12-16 18:45:52.882,0.00991696975540448,-0.5628133760810913,-0.8265128579255636,0.0,-0.9999397764308556,-0.006975749053951671,-0.007247712587771164,0.0,-0.001686469166121887,0.8265508713834276,-0.5628594965327035,0.0,0.45850500144444567,0.23633345108833717,0.16885293258040723,1.0
2025-12-16 18:45:52.932,0.009916415987774976,-0.5628153418035017,-0.8265115260090287,0.0,-0.9999397821559566,-0.006975340259126719,-0.00724731614980751,0.0,-0.0016863308730858497,0.8265495363084706,-0.5628614574799365,0.0,0.45872625316852017,0.23644447720278416,0.1680959821407703,1.0
2025-12-16 18:45:52.982,0.00991587022330737,-0.5628173119912606,-0.826510190948578,0.0,-0.9999397877455747,-0.006974963356215843,-0.007246907666255716,0.0,-0.0016862256675038128,0.826548197916725,-0.5628634231886214,0.0,0.4589830251285358,0.23656076369248627,0.1673150701537692,1.0
2025-12-16 18:45:53.032,0.009915418277760385,-0.5628196117332374,-0.8265086303421356,0.0,-0.9999397925223317,-0.006974584427927974,-0.007246613254636411,0.0,-0.0016860506260762225,0.8265466351277707,-0.5628657186152362,0.0,0.45926324224710524,0.23662609432890713,0.16647647318659942,1.0
2025-12-16 18:45:53.082,0.00991510753425793,-0.5628219422222311,-0.8265070470945713,0.0,-0.9999397960849853,-0.006974193941078,-0.0072464974710970565,0.0,-0.0016857651153162978,0.8265450514897538,-0.5628680449748202,0.0,0.4595700870127249,0.23663267790680034,0.16565317469685206,1.0
2025-12-16 18:45:53.132,0.009914903122950744,-0.5628242038059432,-0.8265055094840426,0.0,-0.9999397986822552,-0.006973818998822688,-0.007246499918623799,0.0,-0.0016854267272794884,0.8265435146318649,-0.5628703027845322,0.0,0.45992025986334645,0.23662128961060544,0.16485496702587366,1.0
2025-12-16 18:45:53.182,0.00991472098855907,-0.5628266193428402,-0.8265038667592771,0.0,-0.9999398009840003,-0.006973494482056577,-0.007246494600507744,0.0,-0.0016851325401775643,0.826541872504214,-0.5628727150302717,0.0,0.46027404403178757,0.23661340321922567,0.16403504572646022,1.0
2025-12-16 18:45:53.232,0.009914534678527176,-0.5628289245929906,-0.826502299176968,0.0,-0.9999398032598243,-0.006973199615571063,-0.0072464643125846415,0.0,-0.0016848782378631327,0.8265403052166853,-0.5628750172441768,0.0,0.4605930320717233,0.23662008248005278,0.16326359064398185,1.0
2025-12-16 18:45:53.282,0.009914361625350539,-0.5628311037347712,-0.8265008173035701,0.0,-0.9999398053477969,-0.006972938733952623,-0.00724642723214096,0.0,-0.0016846573602945767,0.8265388235080222,-0.5628771936786503,0.0,0.46091803524897546,0.23664075949463018,0.16253090913835613,1.0
2025-12-16 18:45:53.332,0.00991421624781537,-0.5628331308979814,-0.8264994385847916,0.0,-0.9999398070694543,-0.006972737162591721,-0.007246383620284597,0.0,-0.0016844910012603891,0.8265374447827942,-0.5628792187156992,0.0,0.4612335901831179,0.2366632706662571,0.161840342288262,1.0
2025-12-16 18:45:53.382,0.00991412259706676,-0.5628350023627825,-0.8264981652669444,0.0,-0.99993980815562,-0.006972623499804072,-0.007246343108119379,0.0,-0.0016843974191752095,0.8265361713345161,-0.5628810889353221,0.0,0.46151600837919105,0.23667281441284888,0.16120858796241425,1.0
2025-12-16 18:45:53.432,0.00991400957423296,-0.5628368952007592,-0.826496877620321,0.0,-0.9999398093294743,-0.006972550330622492,-0.007246251529557217,0.0,-0.001684365793831368,0.826534882983868,-0.5628829808430135,0.0,0.4617323824196449,0.2366712889871729,0.1605770076211177,1.0
2025-12-16 18:45:53.482,0.009913850433130535,-0.5628388402478108,-0.8264955549664482,0.0,-0.9999398108432304,-0.00697250922869774,-0.007246082187554589,0.0,-0.0016844038196907629,0.8265335588032167,-0.5628849251453282,0.0,0.4618859504041422,0.23666518084926585,0.1599369993345169,1.0
2025-12-16 18:45:53.532,0.009913657912265011,-0.5628408921290633,-0.8264941599523661,0.0,-0.999939812608275,-0.006972489340119449,-0.007245857750337673,0.0,-0.0016844891111338102,0.8265321616849836,-0.5628869763964898,0.0,0.4620055318318686,0.2366540746824426,0.15927922631818128,1.0
2025-12-16 18:45:53.582,0.009913573737710304,-0.5628427493434024,-0.8264928961996679,0.0,-0.9999398132904294,-0.006972532998816755,-0.007245721598965604,0.0,-0.0016845795596778469,0.8265308965881231,-0.5628888337646613,0.0,0.46211785600943706,0.2366033796308634,0.15871692303158913,1.0
2025-12-16 18:45:53.632,0.009913806419133569,-0.5628442695961035,-0.8264918581125413,0.0,-0.9999398110861358,-0.0069726269825208026,-0.007245935356733384,0.0,-0.0016845186695124018,0.8265298605267951,-0.5628903552685982,0.0,0.4622006679967301,0.2363840411731493,0.15835540511569526,1.0
2025-12-16 18:45:53.682,0.009914080934540347,-0.5628452813785242,-0.8264911657908763,0.0,-0.9999398086028234,-0.00697267341900444,-0.0072462333628771185,0.0,-0.0016843771561688252,0.826529171124669,-0.5628913679863666,0.0,0.4622789514418781,0.23613374904614426,0.15814824076189213,1.0
2025-12-16 18:45:53.732,0.009914244073617665,-0.5628459508132653,-0.8264907079446013,0.0,-0.9999398070793911,-0.0069727249733361795,-0.007246393978014136,0.0,-0.0016843213193975177,0.8265287148125863,-0.5628920381848971,0.0,0.4623238597315899,0.23594231666808724,0.15801061151907933,1.0
2025-12-16 18:45:53.783,0.009914322084893465,-0.5628464162928464,-0.8264903900137648,0.0,-0.9999398062924347,-0.006972779587070725,-0.0072464500195903005,0.0,-0.0016843293245854347,0.8265283973652777,-0.5628925042879073,0.0,0.4623279213583325,0.2358315268318363,0.1579024020236182,1.0
2025-12-16 18:45:53.832,0.009914333586445946,-0.5628469938851666,-0.8264899965306152,0.0,-0.9999398060102102,-0.006972873655971721,-0.007246398446789311,0.0,-0.001684429171944118,0.8265280032370047,-0.5628930827105755,0.0,0.4623049107082141,0.23582041551434557,0.15771387118527253,1.0
2025-12-16 18:45:53.882,0.009914290587297762,-0.5628482349692494,-0.826489151855824,0.0,-0.9999398061637447,-0.0069729941832670835,-0.007246261280215438,0.0,-0.0016845911103277069,0.8265271570521626,-0.5628943247253969,0.0,0.46224555551472507,0.23580199271705662,0.157368222554905,1.0
2025-12-16 18:45:53.932,0.0099142064921044,-0.5628502661209831,-0.8264877696241966,0.0,-0.9999398064389025,-0.006973238710527708,-0.0072459879950644394,0.0,-0.001684922677572502,0.8265257717856994,-0.5628963577867815,0.0,0.4621863381177356,0.23578064217060143,0.15685645905849807,1.0
2025-12-16 18:45:53.982,0.009914099265791882,-0.5628529472865692,-0.8264859449910683,0.0,-0.9999398067043723,-0.006973593080442346,-0.007245610311067491,0.0,-0.0016853959976938532,0.826523942925241,-0.5628990417576176,0.0,0.46213932112263534,0.23575945048561642,0.15620647720721795,1.0
2025-12-16 18:45:54.032,0.009914044478150221,-0.5628559308636986,-0.8264839137665372,0.0,-0.9999398061513066,-0.006974125901921294,-0.007245173786724103,0.0,-0.0016860462961405403,0.8265219066019791,-0.5629020298017378,0.0,0.4621258475366328,0.2357251189547492,0.15550017567897056,1.0
2025-12-16 18:45:54.082,0.009914036025846203,-0.562859058196272,-0.8264817840686461,0.0,-0.9999398048978712,-0.006974803933813271,-0.00724469406532973,0.0,-0.0016868391970970402,0.8265197711380134,-0.5629051629639659,0.0,0.46211171652129535,0.23570673453457294,0.15479051019284396,1.0
2025-12-16 18:45:54.132,0.00991412219634755,-0.562862097206038,-0.8264797133693631,0.0,-0.9999398025690825,-0.006975601340494752,-0.007244247735336075,0.0,-0.0016877130171850292,0.8265176947980126,-0.5629082090452676,0.0,0.46211021063679125,0.23566543976473212,0.15413993602217066,1.0
2025-12-16 18:45:54.183,0.009914295910449568,-0.5628647086531504,-0.8264779327910773,0.0,-0.9999397995774674,-0.006976343481425104,-0.007243946011107213,0.0,-0.0016884648861090145,0.8265159100870927,-0.5629108272712771,0.0,0.4621316977926467,0.2355685055297787,0.15360745115632235,1.0
2025-12-16 18:45:54.232,0.00991456240000181,-0.5628672741940637,-0.8264761823518992,0.0,-0.9999397957291921,-0.006977106223346077,-0.007243742611273361,0.0,-0.0016891789786936894,0.8265141564528363,-0.5629133999625826,0.0,0.4621768187135073,0.235417573558196,0.15310935084382749,1.0
2025-12-16 18:45:54.283,0.0099148607337237,-0.5628698478473372,-0.826474425994026,0.0,-0.9999397915131032,-0.0069779121421997435,-0.007243548307001449,0.0,-0.00168992353518922,0.8265123969168903,-0.5629159812095781,0.0,0.4622029479701863,0.23523732224095506,0.15262444468893335,1.0
2025-12-16 18:45:54.332,0.009915179358308277,-0.5628723338188866,-0.8264727290968411,0.0,-0.9999397872112624,-0.006978671960408837,-0.007243410161806966,0.0,-0.0016905994272847092,0.8265106974720378,-0.5629184744151341,0.0,0.462208250748672,0.23502011293839342,0.15217380745596568,1.0
2025-12-16 18:45:54.382,0.009915526846426296,-0.5628749844636881,-0.8264709196902024,0.0,-0.9999397825963846,-0.006979462305828394,-0.007243285734034014,0.0,-0.001691290848420417,0.8265088856086339,-0.5629211326156089,0.0,0.46222403274520557,0.23486997529529355,0.15171950159205697,1.0
2025-12-16 18:45:54.432,0.00991581569278236,-0.5628773022122449,-0.826469337697788,0.0,-0.9999397785990609,-0.006980198823371812,-0.0072431278364668466,0.0,-0.0016919606178670025,0.8265073009038206,-0.5629234573385169,0.0,0.46224850219331115,0.2348290807560643,0.1513364738054236,1.0
2025-12-16 18:45:54.482,0.009916043702872107,-0.5628794587192968,-0.8264678662418538,0.0,-0.9999397750734021,-0.0069809636901966435,-0.007242877419797301,0.0,-0.001692707833594182,0.8265058257626183,-0.5629256209488446,0.0,0.4622465871430445,0.23481984848079598,0.15098109866294754,1.0
2025-12-16 18:45:54.532,0.009916257118348813,-0.562881883839042,-0.8264662120085627,0.0,-0.99993977132956,-0.0069818995084529505,-0.007242492240217516,0.0,-0.0016936689718884056,0.8265041662290455,-0.5629280546317124,0.0,0.4622259500582216,0.2348266951336299,0.15058507335620624,1.0
2025-12-16 18:45:54.583,0.00991650625833057,-0.5628845908464266,-0.8264643653494613,0.0,-0.9999397670422826,-0.006982949684040062,-0.007242071688711698,0.0,-0.0016947411485251618,0.8265023137362104,-0.5629307712686618,0.0,0.4622243735392071,0.2348316363631116,0.1501500007992529,1.0
2025-12-16 18:45:54.632,0.009916784372346957,-0.5628875571386179,-0.8264623417358107,0.0,-0.9999397621897128,-0.006984153308207224,-0.007241581026018565,0.0,-0.0016959764973888763,0.8265002833432161,-0.5629337485861936,0.0,0.46221939681194774,0.23482749938707592,0.14967121414289145,1.0
2025-12-16 18:45:54.683,0.009917073849616851,-0.5628906491217172,-0.8264602323637852,0.0,-0.9999397570673144,-0.0069854401638148,-0.007241047098754722,0.0,-0.0016973034775622853,0.8264981666253197,-0.5629368523430409,0.0,0.46220314719784805,0.2348339744326952,0.1491775780107622,1.0
2025-12-16 18:45:54.732,0.009917304233912188,-0.5628933277864495,-0.8264584051913545,0.0,-0.9999397526096492,-0.006986650957843374,-0.0072404944966158995,0.0,-0.0016985830692159366,0.8264963320314668,-0.5629395420061453,0.0,0.462140760625387,0.23481422775205918,0.14874805144208456,1.0
2025-12-16 18:45:54.783,0.009917517310178236,-0.5628959959606404,-0.826456585358898,0.0,-0.99993974816241,-0.006987929483459639,-0.00723987483582453,0.0,-0.0016999565127176622,0.8264945039952857,-0.5629422217363355,0.0,0.462048499946298,0.23474631547512573,0.14831402460556806,1.0
2025-12-16 18:45:54.832,0.009917720654484733,-0.5628984672990656,-0.8264548996954345,0.0,-0.9999397438644486,-0.006989174236496984,-0.007239266882874319,0.0,-0.0017012978150941853,0.826492810291386,-0.5629447043204079,0.0,0.46195492469160987,0.23463431935330145,0.14790427800129002,1.0
2025-12-16 18:45:54.882,0.00991802708434665,-0.5629011460659205,-0.8264530715035401,0.0,-0.999939738509749,-0.006990494584214202,-0.007238731638263082,0.0,-0.0017026581666565869,0.8264909746586592,-0.5629473952004284,0.0,0.4619178165348662,0.23448404306983694,0.14747724974058685,1.0
2025-12-16 18:45:54.932,0.00991852765053878,-0.5629046185448706,-0.8264507003634927,0.0,-0.9999397308440483,-0.006992117130973812,-0.00723822345384462,0.0,-0.0017042434996564263,0.8264885958634,-0.5629508828146906,0.0,0.46193846883921824,0.23426637651476834,0.14695891559877985,1.0
2025-12-16 18:45:54.982,0.009919173871282454,-0.5629085874588448,-0.8264479893229869,0.0,-0.9999397216490601,-0.006993865596165813,-0.007237804475904244,0.0,-0.0017058767091246137,0.826485877856352,-0.5629548682520372,0.0,0.4620005257803089,0.23402250745038905,0.14639234392865957,1.0
2025-12-16 18:45:55.032,0.009919920361046657,-0.5629132018354573,-0.8264448374093655,0.0,-0.9999397110902591,-0.006995853311327611,-0.007237342218220228,0.0,-0.0017077242505665266,0.8264827181630099,-0.5629595014348429,0.0,0.46204402759977786,0.23385746601573823,0.14575054762226164,1.0
2025-12-16 18:45:55.082,0.009920535199035492,-0.5629179765331599,-0.8264415778374089,0.0,-0.9999397013199981,-0.006998016593950622,-0.007236600654453415,0.0,-0.0017098721985916612,0.8264794477431372,-0.5629642961993802,0.0,0.4619767032941806,0.2337778046797845,0.14509456643655574,1.0
2025-12-16 18:45:55.132,0.009920811206256484,-0.5629217910905879,-0.8264389762841432,0.0,-0.9999396947533226,-0.007000054629731084,-0.0072355368163726915,0.0,-0.0017121096013690733,0.8264768323126476,-0.5629681290545363,0.0,0.461761911413508,0.23368144796253398,0.14453425216278248,1.0
2025-12-16 18:45:55.182,0.009920796428396675,-0.5629242510270178,-0.8264373008916681,0.0,-0.9999396917616337,-0.007001581969673267,-0.007234472391199561,0.0,-0.0017139415512830208,0.8264751438493846,-0.5629706022551246,0.0,0.4614696351623068,0.23351918476314,0.1441150936755061,1.0
2025-12-16 18:45:55.233,0.009920709129201687,-0.5629257727266715,-0.8264362654383348,0.0,-0.9999396903850731,-0.007002627165063101,-0.0072336509868351105,0.0,-0.0017152494950205762,0.8264740985202548,-0.5629721328754221,0.0,0.46121354190235203,0.23345283416482812,0.14384202637906804,1.0
2025-12-16 18:45:55.282,0.009920715055538893,-0.5629269290743739,-0.8264354777215762,0.0,-0.9999396888330088,-0.007003359954366583,-0.007233156095624858,0.0,-0.0017161198217419194,0.8264733046862326,-0.5629732956133667,0.0,0.4610696952968174,0.23343627432705133,0.1436510874679594,1.0
2025-12-16 18:45:55.332,0.009920801828246081,-0.5629280052234555,-0.8264347436594337,0.0,-0.9999396867881247,-0.007003988311376907,-0.0072328303595075175,0.0,-0.00171680957221356,0.8264725663602611,-0.5629743774087561,0.0,0.4610050457019988,0.23340783378152846,0.14348479124714528,1.0
2025-12-16 18:45:55.382,0.009920958132626046,-0.5629294174466386,-0.826433779842116,0.0,-0.9999396838108566,-0.007004775223501064,-0.007232479901137076,0.0,-0.0017176402373579615,0.8264715977755512,-0.5629757967997755,0.0,0.4609683525663761,0.2333207547825364,0.14326977634335542,1.0
2025-12-16 18:45:55.432,0.009921050669154254,-0.5629311390283662,-0.8264326060647985,0.0,-0.999939680826349,-0.007005836322738092,-0.0072318647336892606,0.0,-0.0017188428110795652,0.8264704161459484,-0.5629775278063356,0.0,0.46085109863298235,0.23315050049221486,0.14297774020667545,1.0
2025-12-16 18:45:55.482,0.009921107226560033,-0.5629331284879918,-0.8264312502460984,0.0,-0.9999396778089411,-0.007007066126986575,-0.0072310904330734034,0.0,-0.001720271180563889,0.8264690506161554,-0.5629795280831231,0.0,0.46065672360163534,0.23301420965510733,0.14264073924454285,1.0
2025-12-16 18:45:55.532,0.009921196394535488,-0.5629360163414731,-0.8264292820737308,0.0,-0.999939673773367,-0.007008654562531217,-0.007230109020163518,0.0,-0.0017221017446851466,0.8264670700972561,-0.5629824299304891,0.0,0.4603892315919171,0.2329562423922909,0.14219862604790692,1.0
2025-12-16 18:45:55.582,0.009921385441379648,-0.5629398099583138,-0.8264266957064186,0.0,-0.99993966865121,-0.007010351365967572,-0.007229172334526953,0.0,-0.0017239858070321145,0.8264644716764644,-0.5629862386679443,0.0,0.4601409087737586,0.23295473701441732,0.14164581587655511,1.0
2025-12-16 18:45:55.632,0.009921130792096831,-0.5629448923298125,-0.8264232367647888,0.0,-0.9999396691769527,-0.007011211310863312,-0.00722826559064348,0.0,-0.0017251459649151256,0.8264610024743823,-0.5629913278732086,0.0,0.45991305136582,0.23317792221548314,0.14075279130708293,1.0
2025-12-16 18:45:55.682,0.009917859410048758,-0.5629508712274093,-0.8264192032801704,0.0,-0.9999396972252106,-0.00701152998459617,-0.00722407514061228,0.0,-0.001727696892944111,0.8264569271275509,-0.5629973025391259,0.0,0.4596218802736584,0.2342611400864339,0.13906532751111467,1.0
2025-12-16 18:45:55.732,0.009913882112614082,-0.5629586877228996,-0.8264139264073278,0.0,-0.9999397323179214,-0.007011437268144178,-0.007219306102850191,0.0,-0.0017302116245305511,0.8264516034595525,-0.5630051096631974,0.0,0.45917645183895883,0.23508263288373066,0.1367114385811317,1.0
2025-12-16 18:45:55.782,0.009912233692510422,-0.5629645470051728,-0.8264099547680278,0.0,-0.9999397456881267,-0.007011979026052676,-0.007216927636541633,0.0,-0.0017319282170647373,0.8264476075555879,-0.5630109700443643,0.0,0.4586007553252953,0.2351845067746478,0.1348985854948046,1.0
2025-12-16 18:45:55.832,0.00991202937065071,-0.5629684298050971,-0.8264073121758708,0.0,-0.9999397466475164,-0.0070124064722571116,-0.007216379367587461,0.0,-0.0017325435800067746,0.8264449589554772,-0.5630148560294151,0.0,0.45799032857668404,0.23463840588696866,0.13376226410948638,1.0
2025-12-16 18:45:55.882,0.00991190827508632,-0.5629702286357356,-0.8264060882189713,0.0,-0.9999397474640015,-0.007012537100167246,-0.007216139290225196,0.0,-0.0017327651284524321,0.8264437324699634,-0.5630166556915747,0.0,0.45775672691896696,0.23444855034297452,0.133143025914737,1.0
2025-12-16 18:45:55.932,0.009911588508338181,-0.5629711290932492,-0.8264054786374071,0.0,-0.9999397499577893,-0.007012687224079138,-0.007215647819792656,0.0,-0.0017331551103082683,0.8264431177954396,-0.5630175567617024,0.0,0.4578380898712691,0.23470698024935366,0.1327628250711217,1.0
2025-12-16 18:45:55.982,0.009911635843111059,-0.5629710642207342,-0.8264055222627059,0.0,-0.9999397496594449,-0.007012631840373556,-0.007215742989211294,0.0,-0.0017330565354091402,0.8264431624572521,-0.5630174915068812,0.0,0.4579221641360652,0.2346899994143166,0.13280016764638064,1.0
2025-12-16 18:45:56.032,0.009911650400114061,-0.5629706662762786,-0.8264057931791119,0.0,-0.9999397499457947,-0.007012431186940242,-0.007215898308471243,0.0,-0.0017328080405797795,0.8264434352437382,-0.5630170918531902,0.0,0.4579122325556204,0.234585402790432,0.1330780352144124,1.0
2025-12-16 18:45:56.082,0.0099116013427014,-0.5629704136142273,-0.8264059658878665,0.0,-0.9999397506404881,-0.007012301948579829,-0.007215927634648678,0.0,-0.0017326877594335637,0.8264436084561968,-0.5630168379675947,0.0,0.45784453082397836,0.2345264150890563,0.13327787718979595,1.0
2025-12-16 18:45:56.132,0.009911558908415786,-0.562970146123226,-0.8264061486189503,0.0,-0.9999397512983941,-0.007012162534522051,-0.007215971944456833,0.0,-0.0017325508106244138,0.8264437918564764,-0.5630165691785435,0.0,0.4578147571388485,0.23452092260575677,0.13345211733582138,1.0
2025-12-16 18:45:56.182,0.009911519208137211,-0.5629699855088928,-0.8264062585098881,0.0,-0.9999397518517542,-0.007012062528300787,-0.0072159924445225196,0.0,-0.0017324585517210233,0.8264439021169273,-0.563016407612703,0.0,0.4577842225314004,0.23449363307436807,0.13357468195186137,1.0
2025-12-16 18:45:56.232,0.009911478720067125,-0.5629698167614804,-0.8264063739506945,0.0,-0.9999397523366024,-0.007011998411847766,-0.007215987561997727,0.0,-0.0017324103404196313,0.826444017613129,-0.5630162382257572,0.0,0.45773084043831824,0.2344866195885401,0.13367015449372674,1.0
2025-12-16 18:45:56.282,0.009911438567793357,-0.5629696377162932,-0.8264064964025336,0.0,-0.9999397528100274,-0.007011938254240892,-0.0072159804149064845,0.0,-0.0017323667991595737,0.8264441400906141,-0.563016058576626,0.0,0.4576754267005613,0.23448629519180553,0.13376487899460093,1.0
2025-12-16 18:45:56.332,0.009911399424510615,-0.5629695822153031,-0.8264065346807121,0.0,-0.9999397533877858,-0.00701182519494672,-0.007216010214647149,0.0,-0.0017322572566616935,0.8264441788575961,-0.5630160020081049,0.0,0.4576724684525781,0.234417639369906,0.1338952319156271,1.0
2025-12-16 18:45:56.382,0.009911326168455728,-0.5629694722843093,-0.8264066104471316,0.0,-0.9999397544106973,-0.007011641379301526,-0.007216047079283536,0.0,-0.001732085917757802,0.8264442553030245,-0.5630158903219362,0.0,0.45766757267550195,0.23431723011230807,0.13408955965685004,1.0
2025-12-16 18:45:56.432,0.009911219451458597,-0.562969350551326,-0.8264066946546426,0.0,-0.9999397557127194,-0.007011463678725166,-0.007216039320655026,0.0,-0.0017319448988304972,0.8264443397361153,-0.5630157668174168,0.0,0.45762711502007225,0.23420108758890792,0.13428597273609544,1.0
2025-12-16 18:45:56.482,0.009911110911871758,-0.5629694743498684,-0.826406611621624,0.0,-0.9999397570617237,-0.00701127328093078,-0.007216037384113109,0.0,-0.0017317871644934987,0.8264442570189134,-0.5630158887222215,0.0,0.4576453724068421,0.23401870251581883,0.13445828354722217,1.0
2025-12-16 18:45:56.532,0.009911131700926272,-0.5629695630299847,-0.8264065509611133,0.0,-0.9999397570742048,-0.007011181467149616,-0.0072161248619507425,0.0,-0.0017316609739671817,0.8264441973882424,-0.5630159766414937,0.0,0.45775010761167506,0.23402145606978708,0.1345185242832284,1.0
2025-12-16 18:45:56.582,0.009911232191931874,-0.5629697540410081,-0.8264064196342212,0.0,-0.99993975625974,-0.007011153055511846,-0.007216265325804405,0.0,-0.0017315561163711603,0.8264440675110076,-0.5630161676091341,0.0,0.45794277730498123,0.23410375044519058,0.13448679227681887,1.0
2025-12-16 18:45:56.632,0.009911292294430427,-0.5629696101301891,-0.8264065169492104,0.0,-0.9999397557466495,-0.007011146198536507,-0.007216343085103006,0.0,-0.0017315083934703326,0.8264441656024125,-0.5630160237687873,0.0,0.4581437518510333,0.23439013359008398,0.13436401237500906,1.0
2025-12-16 18:45:56.683,0.009911301189933752,-0.5629696874195729,-0.826406464190981,0.0,-0.9999397556002179,-0.0070111796894337,-0.007216330836881473,0.0,-0.0017315420389471493,0.8264441126681275,-0.5630161013668783,0.0,0.45819429380542753,0.23443396015458814,0.1342935967957019,1.0
2025-12-16 18:45:56.732,0.009911239425005313,-0.5629695410708117,-0.8264065646283241,0.0,-0.9999397560566224,-0.0070112179938463075,-0.007216230378321766,0.0,-0.0017316320110920675,0.8264442120371236,-0.5630159552276615,0.0,0.4581496633464761,0.2345312704057415,0.13425897971318076,1.0
2025-12-16 18:45:56.782,0.00991116874103501,-0.5629694249711721,-0.8264066445661136,0.0,-0.9999397565797522,-0.0070112618807100496,-0.007216115248149686,0.0,-0.0017317344944905897,0.8264442907527841,-0.5630158393666808,0.0,0.4580724915338791,0.23459801918937095,0.13423781758696227,1.0
2025-12-16 18:45:56.832,0.009911208778595769,-0.5629696164732421,-0.826406513629779,0.0,-0.9999397563650623,-0.007011199163781061,-0.0072162059334549755,0.0,-0.0017316293097853145,0.8264441608321318,-0.5630160303991414,0.0,0.4580750509794794,0.23439967857782973,0.13432080383773146,1.0
2025-12-16 18:45:56.882,0.009911217884896989,-0.5629697518410673,-0.8264064213044654,0.0,-0.9999397563494172,-0.007011169861861075,-0.00721623657072888,0.0,-0.0017315862216493124,0.826444068867046,-0.5630161655260338,0.0,0.45811584301133956,0.23433504322823787,0.13434136186529755,1.0
2025-12-16 18:45:56.932,0.009911204708712045,-0.5629697476697827,-0.826406424304078,0.0,-0.999939756494408,-0.0070111555379571006,-0.0072162303964910185,0.0,-0.0017315779111638726,0.8264440718300796,-0.5630161612021949,0.0,0.4581015985460317,0.23431090932565324,0.13436228377877313,1.0
2025-12-16 18:45:56.982,0.00991119755602549,-0.5629697707801921,-0.826406408646443,0.0,-0.9999397566232792,-0.0070111240417053185,-0.007216243140120973,0.0,-0.0017315444309884231,0.8264440563542793,-0.563016184021888,0.0,0.45811306540970786,0.23428644348644,0.13439212845681014,1.0
2025-12-16 18:45:57.032,0.0099111962417771,-0.5629697696722579,-0.8264064094169588,0.0,-0.9999397566374387,-0.007011122751205644,-0.007216242431863102,0.0,-0.001731543776623642,0.8264440571199614,-0.5630161828999656,0.0,0.45811171374478227,0.2342847841578992,0.13439404930551865,1.0
2025-12-16 18:45:57.082,0.009911202620927522,-0.5629697770098997,-0.8264064043418583,0.0,-0.9999397565516196,-0.007011137189222764,-0.007216240296020899,0.0,-0.0017315568224268555,0.8264440519990112,-0.5630161903768189,0.0,0.45811454894332787,0.23429421288409452,0.1343770000374057,1.0
2025-12-16 18:45:57.132,0.009911194813840942,-0.5629697793281228,-0.8264064028562552,0.0,-0.9999397566594475,-0.007011118282293586,-0.007216243724054941,0.0,-0.0017315392402569394,0.8264440505802181,-0.5630161925135205,0.0,0.4581132032597094,0.23427782191927146,0.134398372385744,1.0
2025-12-16 18:45:57.182,0.009911186691328896,-0.5629697988588382,-0.8264063896488321,0.0,-0.9999397567645545,-0.007011102138754785,-0.007216244844229987,0.0,-0.0017315250346979256,0.8264440374126863,-0.5630162118856548,0.0,0.4581142840891483,0.2342566896785533,0.13441511550242335,1.0
2025-12-16 18:45:57.232,0.009911167345132468,-0.5629698282584765,-0.8264063698530444,0.0,-0.9999397570158223,-0.007011063097043429,-0.007216247958305619,0.0,-0.0017314906656412986,0.8264440177166187,-0.5630162409029498,0.0,0.4581183620334745,0.23421724231650573,0.13445573763481164,1.0
2025-12-16 18:45:57.282,0.009911149938492654,-0.5629697588992935,-0.826406417311105,0.0,-0.999939757268335,-0.0070110145140819995,-0.0072162601695639,0.0,-0.0017314444741561828,0.8264440653768329,-0.563016171085206,0.0,0.45811120590339344,0.23421937715397828,0.1345070406073972,1.0
2025-12-16 18:45:57.332,0.009911148852121297,-0.5629696022198521,-0.8264065240582634,0.0,-0.9999397573139032,-0.007010995923586235,-0.0072162719170466615,0.0,-0.001731424376031976,0.8264441722658676,-0.5630160142459673,0.0,0.45808824332916603,0.23428171292927807,0.13453607881723784,1.0
2025-12-16 18:45:57.382,0.009911133044813336,-0.5629694052129519,-0.8264066584540274,0.0,-0.9999397574566476,-0.007010991953425109,-0.00721625599451812,0.0,-0.0017314324230192713,0.8264443065022047,-0.5630158171773282,0.0,0.4580408035153715,0.2343542851819501,0.1345635530966497,1.0
2025-12-16 18:45:57.434,0.009911124345588001,-0.5629693652316241,-0.8264066857946616,0.0,-0.999939757631057,-0.0070109446130361,-0.007216277820609606,0.0,-0.0017313814924044364,0.8264443341394024,-0.5630157767656314,0.0,0.4580343886847003,0.23433814608645948,0.13461386763800373,1.0
