timestamp,ee_pose_cmd
2025-12-16 18:12:35.739,0.009161127544061266,-0.5673458100958777,-0.8234169978874507,0.0,-0.9999475915421708,-0.006250708907064978,-0.0068183361885250015,0.0,-0.0012786101117457846,0.8234521615257184,-0.5673842638237373,0.0,0.39629658482625607,0.23883314284165372,0.14480072213332,1.0
2025-12-16 18:12:35.782,0.009161129702350673,-0.5673457900009047,-0.8234170117091548,0.0,-0.9999475915359439,-0.006250701240942302,-0.00681834412961458,0.0,-0.0012785995171919972,0.8234521754293038,-0.5673842436691572,0.0,0.39630133157519287,0.2388368421784255,0.14481519614547633,1.0
2025-12-16 18:12:35.832,0.009161131689023256,-0.5673457415894497,-0.8234170450432161,0.0,-0.9999475915353847,-0.006250690605374623,-0.0068183539617281625,0.0,-0.0012785857196581376,0.8234522088654209,-0.5673841951739728,0.0,0.39630778990504123,0.23885983224737242,0.1448435560315174,1.0
2025-12-16 18:12:35.883,0.009161136815531365,-0.5673457069042369,-0.8234170688847706,0.0,-0.999947591521209,-0.00625067210807633,-0.006818372997911811,0.0,-0.0012785600735982703,0.8234522329038634,-0.5673841603444526,0.0,0.3963186028876778,0.2388641016007616,0.14487213731645776,1.0
2025-12-16 18:12:35.932,0.009161142797538368,-0.5673456548980021,-0.8234171046512263,0.0,-0.9999475915106463,-0.006250646577505172,-0.006818397951802287,0.0,-0.0012785254713041762,0.8234522689298343,-0.5673841081374479,0.0,0.3963324358253253,0.2388786351397292,0.14491266945248074,1.0
2025-12-16 18:12:35.982,0.009161148521976314,-0.5673456395136195,-0.8234171151875874,0.0,-0.9999475915064919,-0.006250618595465618,-0.006818424212987438,0.0,-0.0012784877012737526,0.8234522797420448,-0.5673840925306478,0.0,0.39634735168125246,0.23886865374516197,0.1449435067533827,1.0
2025-12-16 18:12:36.032,0.009161153376989946,-0.5673456230504781,-0.8234171264769007,0.0,-0.999947591520743,-0.00625058338564123,-0.006818454400553549,0.0,-0.0012784417640511973,0.8234522913523811,-0.5673840757839165,0.0,0.39636551673740583,0.23886121910109379,0.14498236558331942,1.0
2025-12-16 18:12:36.082,0.009161174916517504,-0.5673454816994749,-0.8234172236300065,0.0,-0.9999475915188158,-0.006250468564691145,-0.006818559939541693,0.0,-0.001278288909551208,0.8234523896144277,-0.5673839335192286,0.0,0.3964139350744935,0.23892200947999517,0.1451340235824267,1.0
2025-12-16 18:12:36.132,0.009161212810038412,-0.5673453395822465,-0.8234173211290633,0.0,-0.9999475915100938,-0.006250270845796165,-0.006818742459195777,0.0,-0.0012780241260650156,0.8234524890335876,-0.5673837898272408,0.0,0.396507484854695,0.2389716124124563,0.14538624194926245,1.0
2025-12-16 18:12:36.183,0.00916125146243788,-0.5673454064694851,-0.8234172746128325,0.0,-0.9999475916373902,-0.006249983100280062,-0.006818987537556411,0.0,-0.0012776473932750042,0.8234524451325528,-0.5673838543899169,0.0,0.3966619457931951,0.2389714134188616,0.14575491583099634,1.0
2025-12-16 18:12:36.232,0.009161264452857457,-0.5673457695178007,-0.8234170243230872,0.0,-0.9999475920747571,-0.006249634825145159,-0.006819242601321837,0.0,-0.0012772118599375336,0.8234521976365831,-0.5673842145648278,0.0,0.39684912531112976,0.23887892403552047,0.146148357214083,1.0
2025-12-16 18:12:36.282,0.009161250161187857,-0.5673463673231601,-0.8234166125855767,0.0,-0.9999475928855751,-0.006249193237804547,-0.006819528387581419,0.0,-0.0012766794497497632,0.8234517891011277,-0.5673848086755008,0.0,0.39707908299101413,0.23872726122557525,0.14660625292104906,1.0
2025-12-16 18:12:36.332,0.009161208341201205,-0.5673470264332283,-0.8234161589137725,0.0,-0.9999475940629177,-0.006248662587103111,-0.006819841996936131,0.0,-0.0012760572361704852,0.8234513390017241,-0.5673854633088496,0.0,0.3973429207697613,0.23857987755109156,0.14713913910292375,1.0
2025-12-16 18:12:36.382,0.009161180701931811,-0.56734763998784,-0.823415736471913,0.0,-0.9999475950492269,-0.0062481788114102516,-0.006820140615595478,0.0,-0.00127548263195542,0.8234509199332811,-0.567386072797957,0.0,0.3976160533662501,0.238447534896874,0.1476954263098069,1.0
2025-12-16 18:12:36.432,0.009161154742384494,-0.5673482491263695,-0.8234153170534524,0.0,-0.9999475960416573,-0.006247681845707231,-0.00682045037181156,0.0,-0.0012748908967319375,0.8234505040066512,-0.567386677764286,0.0,0.3978855159321973,0.23836483311934858,0.14826174452936342,1.0
2025-12-16 18:12:36.482,0.009161139976567017,-0.5673487184307412,-0.8234149938582205,0.0,-0.9999475968447822,-0.006247245904715696,-0.006820731937183651,0.0,-0.0012743669604544593,0.8234501839622499,-0.5673871434227133,0.0,0.398143983390812,0.23835032973878967,0.14883214213485668,1.0
2025-12-16 18:12:36.532,0.009161140886086678,-0.5673490324241582,-0.8234147775005286,0.0,-0.9999475975580296,-0.0062467826591600046,-0.0068210516448872945,0.0,-0.001273800627153631,0.8234499711341874,-0.5673874535721319,0.0,0.39843162204594207,0.23846114159160972,0.1495240980770212,1.0
2025-12-16 18:12:36.583,0.009161147436015035,-0.5673493570584532,-0.8234145537481249,0.0,-0.9999475985864746,-0.006246085197293611,-0.006821539566619373,0.0,-0.001272945876284681,0.8234497527507413,-0.5673877724304068,0.0,0.3987809135148273,0.23862367587492597,0.15036486273910138,1.0
2025-12-16 18:12:36.632,0.009161068971346092,-0.5673506378852883,-0.8234136721039229,0.0,-0.9999476006862814,-0.006245157591495767,-0.006822081032534688,0.0,-0.00127186060702549,0.8234488772900499,-0.5673890454180028,0.0,0.3992487787591172,0.23862049322663756,0.15135747325977217,1.0
2025-12-16 18:12:36.683,0.009160946245019628,-0.5673531449030909,-0.8234119460717562,0.0,-0.9999476031056842,-0.006244269928691475,-0.0068225389308731515,0.0,-0.001270842002773099,0.8234471566648965,-0.5673915448269398,0.0,0.3998519898661747,0.23848789696631945,0.15254662201415914,1.0
2025-12-16 18:12:36.733,0.009160776875594977,-0.5673564928626961,-0.8234096411111455,0.0,-0.9999476060631048,-0.006243290294082465,-0.0068230019916621955,0.0,-0.0012697353859593694,0.8234448573024247,-0.5673948843215271,0.0,0.4005425037135103,0.2382744049810506,0.15384225857537953,1.0
2025-12-16 18:12:36.782,0.009160600662783814,-0.56735987572583,-0.8234073121566726,0.0,-0.9999476089212762,-0.006242411364075113,-0.006823387296095915,0.0,-0.0012687554218006472,0.8234425331059858,-0.5673982595423404,0.0,0.40123057231130144,0.23804399014078084,0.15509055642128003,1.0
2025-12-16 18:12:36.832,0.009160499780034052,-0.5673627978171499,-0.8234052998360432,0.0,-0.9999476110228395,-0.00624161392153845,-0.0068238088029318,0.0,-0.0012678271379256134,0.8234405257554257,-0.5674011747943216,0.0,0.4019398953041775,0.2378785534447952,0.15637728579606083,1.0
2025-12-16 18:12:36.882,0.009160402838192873,-0.5673653970691108,-0.8234035099085142,0.0,-0.9999476133544712,-0.006240642460172894,-0.006824355617161197,0.0,-0.0012666880589892497,0.8234387421547293,-0.5674037657788309,0.0,0.40262390046977403,0.23783929166086432,0.1576416311301886,1.0
2025-12-16 18:12:36.932,0.009160395749469833,-0.5673674614744052,-0.8234020875070764,0.0,-0.9999476149019825,-0.006239691324467137,-0.0068249985509608035,0.0,-0.0012655171246670545,0.8234373269159346,-0.5674058222365609,0.0,0.40325091575281136,0.23792507065104204,0.15882825317365434,1.0
2025-12-16 18:12:36.983,0.00916036712190357,-0.5673693020355004,-0.8234008195788666,0.0,-0.9999476169008646,-0.006238559747185991,-0.006825740089609485,0.0,-0.0012641441569995542,0.8234360672731579,-0.5674076533263063,0.0,0.40389861133896504,0.2381161142811266,0.16007057483983225,1.0
2025-12-16 18:12:37.032,0.009160327726841971,-0.5673712381789876,-0.8233994859024311,0.0,-0.9999476189654795,-0.006237443083537879,-0.006826458104793253,0.0,-0.0012627957537686913,0.8234347416494187,-0.5674095801020983,0.0,0.4045715866746646,0.2382821287346727,0.16131645633595168,1.0
2025-12-16 18:12:37.082,0.009160255104871383,-0.5673743484723489,-0.8233973435244977,0.0,-0.9999476213572643,-0.006236301241352099,-0.006827150941962241,0.0,-0.0012614278443245698,0.8234326071628134,-0.5674126807367325,0.0,0.4053505117110412,0.2383503938210349,0.16267031421561545,1.0
2025-12-16 18:12:37.132,0.009160201014487382,-0.5673781025668214,-0.8233947572982571,0.0,-0.9999476236168717,-0.006235149471682316,-0.006827871941124537,0.0,-0.0012600286188852142,0.8234300291181638,-0.5674164251009476,0.0,0.4062122060993315,0.23832392551929676,0.1640861139303919,1.0
2025-12-16 18:12:37.183,0.009160090328520751,-0.5673825929588487,-0.823391664309079,0.0,-0.9999476263586079,-0.006233994178311177,-0.006828525285803229,0.0,-0.001258656692070265,0.8234269437180508,-0.5674209056269264,0.0,0.40714265137255434,0.23819156448717468,0.16553018184002574,1.0
2025-12-16 18:12:37.232,0.009159908991169172,-0.5673876542282781,-0.8233881786847645,0.0,-0.9999476294480498,-0.006232998418651595,-0.006828981852877601,0.0,-0.0012575214325911254,0.8234234636969462,-0.5674259582299441,0.0,0.4080892920787932,0.23794607246954833,0.1669138820476922,1.0
2025-12-16 18:12:37.282,0.009159613638304207,-0.5673935256289019,-0.8233841360225553,0.0,-0.9999476334681884,-0.006232018333859243,-0.006829287668859016,0.0,-0.0012564756145826302,0.8234194252630166,-0.5674318208988226,0.0,0.4090897402762348,0.2376146550344762,0.16830814518346623,1.0
2025-12-16 18:12:37.332,0.009159374192766438,-0.5673987698052193,-0.8233805249027506,0.0,-0.9999476366526221,-0.006231276227819126,-0.0068294985625956765,0.0,-0.0012556865843301672,0.8234158171812594,-0.5674370584187471,0.0,0.4099812800463476,0.23731381617843716,0.16951496999836038,1.0
2025-12-16 18:12:37.382,0.009159252446329584,-0.5674032389865477,-0.8233774464869725,0.0,-0.9999476384630256,-0.006230788211491636,-0.006829678739862701,0.0,-0.0012551328141396105,0.8234127411769226,-0.5674415232507445,0.0,0.4108261832377896,0.237067509997547,0.17064665754697037,1.0
2025-12-16 18:12:37.432,0.009159180079946544,-0.5674067839345728,-0.8233750043974473,0.0,-0.9999476397901936,-0.006230340643981087,-0.006829892728955507,0.0,-0.0012546034421847402,0.8234103017267842,-0.5674450642841198,0.0,0.4115997968294229,0.2369026438133271,0.1716832772076398,1.0
2025-12-16 18:12:37.482,0.00915907144016289,-0.5674099522400106,-0.8233728222443046,0.0,-0.9999476417359924,-0.006229681130294675,-0.006830209429480945,0.0,-0.0012538454681725337,0.8234081234067623,-0.5674482268712236,0.0,0.4123288604129775,0.2368121055614407,0.17266658290637416,1.0
2025-12-16 18:12:37.532,0.009159003736792156,-0.5674126407629967,-0.8233709702522432,0.0,-0.9999476434435418,-0.006228950650864907,-0.006830625645185512,0.0,-0.0012529779293656111,0.823406276231744,-0.5674509091617367,0.0,0.4130600161418873,0.23685620464617435,0.173684957250476,1.0
2025-12-16 18:12:37.582,0.009158920922726464,-0.567415263710669,-0.823369163605786,0.0,-0.9999476454977984,-0.006228073565587783,-0.006831124671613572,0.0,-0.0012519434193794348,0.8234044753414872,-0.5674535246390536,0.0,0.4138245044528561,0.2369957830066464,0.17476441176835916,1.0
2025-12-16 18:12:37.632,0.00915882988700411,-0.5674180594498573,-0.823367237960357,0.0,-0.9999476475964766,-0.006227212871011713,-0.006831602106405591,0.0,-0.001250932735977441,0.8234025552387569,-0.567456313026453,0.0,0.41465024337749695,0.23716414410706638,0.1759120852086476,1.0
2025-12-16 18:12:37.682,0.009158701447744841,-0.567421650891621,-0.8233647643592885,0.0,-0.9999476501486841,-0.006226263789682626,-0.006832093570381104,0.0,-0.0012498324684271696,0.8234000874447985,-0.5674598963051918,0.0,0.415548514245381,0.23724688886468961,0.1770980954889421,1.0
2025-12-16 18:12:37.732,0.009158539814170285,-0.5674255912797603,-0.8233620506256619,0.0,-0.9999476530839467,-0.006225245850618063,-0.006832591544548136,0.0,-0.0012486679328025394,0.8233973796743067,-0.5674638278990821,0.0,0.4164638583759284,0.23728530414967944,0.17826246328195178,1.0
2025-12-16 18:12:37.782,0.009158446734653197,-0.5674294454415756,-0.8233593955257222,0.0,-0.9999476552077969,-0.006224386324712902,-0.006833063772380475,0.0,-0.0012476493959226026,0.8233947300999322,-0.5674676746869769,0.0,0.4174004148957721,0.23724896705754875,0.17940171258883422,1.0
2025-12-16 18:12:37.832,0.009158320539983103,-0.5674333334827886,-0.8233567174188268,0.0,-0.9999476579234855,-0.006223317002142656,-0.006833640320882346,0.0,-0.001246398548274751,0.8233920587356897,-0.5674715535616403,0.0,0.41834259944153795,0.23721453722730745,0.18052217312814295,1.0
2025-12-16 18:12:37.882,0.009158206849654156,-0.5674372450979378,-0.8233540228991233,0.0,-0.9999476604425629,-0.00622230821360641,-0.006834190306702333,0.0,-0.0012452123534773265,0.8233893706393265,-0.5674754565303848,0.0,0.41927073170410145,0.23714789670717248,0.1815929338803053,1.0
2025-12-16 18:12:37.932,0.009158083668600638,-0.5674407750760649,-0.823351591475842,0.0,-0.999947662936733,-0.006221363950171484,-0.0068346850091025434,0.0,-0.0012441149036254186,0.8233869450388664,-0.5674789783927411,0.0,0.4201158127054046,0.23709977762796478,0.1825507224458391,1.0
2025-12-16 18:12:37.982,0.009157970856262979,-0.5674441803610325,-0.8233492458522081,0.0,-0.9999476652686062,-0.00622046833523596,-0.006835159015107073,0.0,-0.0012430706406612341,0.8233846049827849,-0.5674823759842462,0.0,0.42096231662254824,0.2370438084091245,0.18349067836350522,1.0
2025-12-16 18:12:38.032,0.009157876396607808,-0.5674469115372631,-0.8233473645964589,0.0,-0.9999476672211557,-0.00621971684344987,-0.0068355572241297685,0.0,-0.0012421955522356766,0.8233827283980892,-0.5674851007083167,0.0,0.42167758566234714,0.23700982398840623,0.1842744217371177,1.0
2025-12-16 18:12:38.082,0.009157786364339768,-0.567449286567876,-0.8233457287335144,0.0,-0.9999476689700283,-0.006219072596374511,-0.006835887554403469,0.0,-0.0012414512448876574,0.8233810964389339,-0.5674874701928017,0.0,0.422315192695716,0.23698267513632654,0.1849632294033501,1.0
2025-12-16 18:12:38.132,0.009157736798676283,-0.5674512367698143,-0.8233443852036293,0.0,-0.99994767021779,-0.006218534024244523,-0.006836194980499199,0.0,-0.0012408116660450742,0.8233797564573978,-0.5674894157978327,0.0,0.4228794107790262,0.2369660087148422,0.18556717160328978,1.0
2025-12-16 18:12:38.182,0.009157724844218834,-0.5674529831125906,-0.8233431817495713,0.0,-0.9999476710369105,-0.0062180707281477565,-0.006836496579858875,0.0,-0.0012402396378334646,0.8233785563978698,-0.5674911582305054,0.0,0.42341172630516244,0.23694496604625542,0.18612902153466201,1.0
2025-12-16 18:12:38.232,0.009157687367809027,-0.5674549809930794,-0.8233418052118001,0.0,-0.9999476721124311,-0.006217579765800415,-0.0068367857940855965,0.0,-0.0012396490626717565,0.8233771831835396,-0.567493151926031,0.0,0.42392165825647155,0.23683623543504975,0.18663219362391228,1.0
2025-12-16 18:12:38.282,0.009157567111014736,-0.5674575389745973,-0.8233400435583763,0.0,-0.9999476739480144,-0.006217044944582941,-0.006837003680041998,0.0,-0.0012390566289200292,0.8233754242728796,-0.5674957052191021,0.0,0.4244283433921243,0.2365984693529899,0.18708540776390273,1.0
2025-12-16 18:12:38.333,0.00915743070541117,-0.5674603489724509,-0.8233381083784158,0.0,-0.9999476759297586,-0.006216503958648414,-0.006837205746115128,0.0,-0.0012384652956483656,0.8233734917064179,-0.5674985104464091,0.0,0.4249642872894462,0.2363287025571337,0.1875508215296301,1.0
2025-12-16 18:12:38.382,0.009157258642003339,-0.5674634713604927,-0.8233359582739422,0.0,-0.9999476782587583,-0.006215931310839154,-0.006837385762551805,0.0,-0.0012378569351081808,0.823371344062671,-0.5675016277391977,0.0,0.4255407369253665,0.23602555994518,0.18804304470494218,1.0
2025-12-16 18:12:38.432,0.009157026862359393,-0.56746677875665,-0.8233336813029097,0.0,-0.9999476812257859,-0.006215265366244677,-0.0068375572253148095,0.0,-0.00123717456049504,0.8233690695951589,-0.5675049291707599,0.0,0.426153587305023,0.23573653749280823,0.1885676441598754,1.0
2025-12-16 18:12:38.482,0.009156761645488794,-0.5674701447884938,-0.8233313642702444,0.0,-0.9999476844649174,-0.006214603286547661,-0.006837685313705197,0.0,-0.0012365193341541201,0.8233667546654662,-0.5675082892183995,0.0,0.4267579938836362,0.23543595552347626,0.1890728656939702,1.0
2025-12-16 18:12:38.533,0.009156542093972314,-0.5674733630052697,-0.8233291485897841,0.0,-0.9999476871804157,-0.006214035833156714,-0.006837803917186705,0.0,-0.001235949043211879,0.8233645408788206,-0.5675115023093111,0.0,0.4273379675046187,0.23515276920573555,0.18955121164158129,1.0
2025-12-16 18:12:38.583,0.009156313933697143,-0.5674764704824862,-0.8233270093134903,0.0,-0.999947689911268,-0.0062135046304936225,-0.006837887285828087,0.0,-0.001235429828113522,0.8233624031248986,-0.567514604951742,0.0,0.4278718458357008,0.2348449225359584,0.189970447758713,1.0
2025-12-16 18:12:38.632,0.009156074793409805,-0.5674796078383229,-0.8233248495480073,0.0,-0.999947692849775,-0.006212895810028438,-0.006838010768781653,0.0,-0.0012348236127676273,0.8233602453455999,-0.5675177368109993,0.0,0.4284468011982976,0.23460247416529015,0.19044268152877947,1.0
2025-12-16 18:12:38.682,0.009155885077854942,-0.5674829432892555,-0.8233225526762966,0.0,-0.9999476953818524,-0.0062122856368498625,-0.006838194856594349,0.0,-0.0012341796862633749,0.8233579510227854,-0.5675210668231291,0.0,0.4290765863785414,0.23435121949729804,0.19096274480017303,1.0
2025-12-16 18:12:38.732,0.009155703164000975,-0.5674863685786342,-0.8233201937753111,0.0,-0.9999476978503348,-0.0062116751065296235,-0.006838388508645753,0.0,-0.001233529039932513,0.8233555947612256,-0.5675244866800871,0.0,0.4297158542600537,0.23407867783563874,0.19147269538269562,1.0
2025-12-16 18:12:38.783,0.009155538638487741,-0.5674893672704461,-0.823318128701437,0.0,-0.9999477001054711,-0.0062111067531638205,-0.006838574989549724,0.0,-0.0012329219328964785,0.8233535321945873,-0.5675274803269037,0.0,0.43031842056110764,0.2338520751161192,0.19189786122259844,1.0
2025-12-16 18:12:38.832,0.00915547292521358,-0.5674910377997749,-0.8233169779821491,0.0,-0.9999477012450093,-0.006210724076681483,-0.006838755915630021,0.0,-0.0012324856152412893,0.8233523836586485,-0.5675291475359042,0.0,0.43074349733054423,0.23374686076478512,0.1921171992829267,1.0
2025-12-16 18:12:38.882,0.009155479304273762,-0.567492375768775,-0.8233160556822811,0.0,-0.9999477017212902,-0.006210381554736192,-0.006838997328761399,0.0,-0.0012320517247656837,0.8233514640353173,-0.5675304826345868,0.0,0.43122829320944017,0.23370734880737642,0.19219274605043365,1.0
2025-12-16 18:12:38.932,0.0091554904205397,-0.5674939998457145,-0.8233149361182998,0.0,-0.999947702204614,-0.006210010268322928,-0.006839263804528489,0.0,-0.0012315767465951334,0.8233503474220576,-0.5675321036018091,0.0,0.4317946518099267,0.2336291090592758,0.1922206843627942,1.0
2025-12-16 18:12:38.982,0.009155485515599573,-0.5674960286672007,-0.8233135377443626,0.0,-0.9999477029480386,-0.006209557250341886,-0.006839566426630917,0.0,-0.0012310094634332917,0.823348952443572,-0.5675341286000108,0.0,0.4325036565563276,0.233513118440554,0.1922191967002412,1.0
2025-12-16 18:12:39.033,0.009155470610935874,-0.5674981772706054,-0.8233120569101616,0.0,-0.9999477037828617,-0.006209099443968683,-0.006839859990204364,0.0,-0.0012304420473687367,0.8233474749314589,-0.5675362733221189,0.0,0.43331413133163105,0.2333644148388224,0.19212540163343447,1.0
2025-12-16 18:12:39.082,0.00915547454472946,-0.5675003042200834,-0.8233105907840503,0.0,-0.9999477043518572,-0.006208714423522265,-0.006840126304857154,0.0,-0.0012299502614831676,0.8233460117874539,-0.5675383970235389,0.0,0.4341486560662688,0.23318503733434212,0.1918714678973007,1.0
2025-12-16 18:12:39.133,0.009155557759693175,-0.567502423132517,-0.8233091293080862,0.0,-0.9999477042463224,-0.0062083397736228205,-0.006840481779270314,0.0,-0.0012294164984177833,0.8233445540967333,-0.5675405128925377,0.0,0.43507742376790715,0.23306652336800474,0.19151721191682544,1.0
2025-12-16 18:12:39.182,0.009155644331009951,-0.5675042835296374,-0.8233078459808366,0.0,-0.9999477040771554,-0.0062079867307746756,-0.006840826907972768,0.0,-0.001228909270343826,0.8233432744247472,-0.567542370437257,0.0,0.43593944255328954,0.232994604592616,0.19120464693993774,1.0
2025-12-16 18:12:39.232,0.009155779392540272,-0.5675059148542348,-0.8233067200080305,0.0,-0.99994770342758,-0.006207683541549016,-0.006841196983346462,0.0,-0.001228431473821009,0.8233421522666811,-0.567543999401794,0.0,0.4367588571577951,0.23297685023666825,0.19087367349434492,1.0
2025-12-16 18:12:39.282,0.00915595601612272,-0.5675071340217093,-0.823305877669475,0.0,-0.999947702283085,-0.006207477029097088,-0.006841551645644534,0.0,-0.0012280466005752705,0.8233413134693477,-0.5675452170850497,0.0,0.4374683504734587,0.23302371207591802,0.19050365268285419,1.0
2025-12-16 18:12:39.332,0.009156156583315436,-0.5675078922580765,-0.823305352783902,0.0,-0.9999477008140688,-0.006207350760684843,-0.006841880910928144,0.0,-0.0012277473309781372,0.823340791778727,-0.5675459745515512,0.0,0.43808433709049277,0.23319021753150546,0.1901245690963394,1.0
2025-12-16 18:12:39.382,0.00915620558900075,-0.5675081793790636,-0.8233051543251023,0.0,-0.9999477005562281,-0.006207252942479945,-0.006842007339097854,0.0,-0.0012275918483809888,0.8233405946071221,-0.5675462609252608,0.0,0.4386479855305166,0.23349474820771923,0.18970515794006287,1.0
2025-12-16 18:12:39.432,0.00915596358923289,-0.5675084146233311,-0.8233049948613661,0.0,-0.9999477029411551,-0.006207004159707071,-0.006841884482893178,0.0,-0.0012274541441852896,0.8233404343315309,-0.5675464937351739,0.0,0.4392816529157467,0.23386616067187774,0.18922959056773467,1.0
2025-12-16 18:12:39.482,0.009155548758355276,-0.5675089102443007,-0.8233046578402603,0.0,-0.999947707015609,-0.006206587564182565,-0.006841666919847067,0.0,-0.0012272291409119074,0.8233400958459163,-0.5675469852629587,0.0,0.4400884998223202,0.23427321982746735,0.18862519781280057,1.0
2025-12-16 18:12:39.532,0.009155190745395026,-0.567510168715338,-0.8233037943483026,0.0,-0.9999477107425346,-0.006206093532420235,-0.006841570363562642,0.0,-0.0012268632229374661,0.8233392321174793,-0.5675482390624005,0.0,0.4409454005645528,0.2345240148262194,0.18782281297702727,1.0
2025-12-16 18:12:39.582,0.009154809765862089,-0.5675118386771888,-0.8233026474636138,0.0,-0.9999477148429095,-0.006205480158447997,-0.006841527435813143,0.0,-0.0012263640400826238,0.8233380856470428,-0.567549903316267,0.0,0.44188320240221807,0.23473097718259833,0.1868840741292577,1.0
2025-12-16 18:12:39.632,0.009154484816899029,-0.5675136086128612,-0.8233014310373533,0.0,-0.9999477184224242,-0.006204904461200048,-0.006841526410345506,0.0,-0.0012258709826158552,0.8233368699754627,-0.56755166793812,0.0,0.4426759460979494,0.23487228856427866,0.18602025283650883,1.0
2025-12-16 18:12:39.682,0.009154144794484015,-0.5675151418881101,-0.8233003779071211,0.0,-0.9999477219346226,-0.006204455945830468,-0.006841419836810521,0.0,-0.0012255451710488426,0.8233358164697385,-0.5675531969402893,0.0,0.4432481742621836,0.23500321526222256,0.18529578688736031,1.0
2025-12-16 18:12:39.732,0.00915382399433283,-0.5675163738019203,-0.8232995322932037,0.0,-0.9999477250506873,-0.006204163626499186,-0.006841229484455893,0.0,-0.0012253988553273191,0.8233349695119963,-0.5675544259155465,0.0,0.44352229573149243,0.23509624133272866,0.18475524737161542,1.0
2025-12-16 18:12:39.782,0.009153484260632106,-0.5675170056407524,-0.8232991005313032,0.0,-0.9999477281318163,-0.006203995420544064,-0.006840931665294579,0.0,-0.0012254223881315472,0.8233345352507169,-0.5675550558346362,0.0,0.44359614034765205,0.23520110685711723,0.1844179620679377,1.0
2025-12-16 18:12:39.832,0.009153133087222138,-0.5675173881157026,-0.8232988407876126,0.0,-0.9999477312857161,-0.006203840033025759,-0.006840611566397867,0.0,-0.0012254718924770787,0.8233342727798909,-0.5675554364858546,0.0,0.4436708012719735,0.2353360252442888,0.18414816412541857,1.0
2025-12-16 18:12:39.882,0.009152815732089639,-0.5675180028071569,-0.8232984205955691,0.0,-0.9999477342235066,-0.00620364290886578,-0.006840360892744246,0.0,-0.0012254450500922879,0.8233338505550865,-0.567556049051161,0.0,0.44379788061009684,0.23543680924466062,0.1838154474550014,1.0
2025-12-16 18:12:39.932,0.009152588339930226,-0.5675189207745247,-0.8232977903473363,0.0,-0.9999477365463382,-0.006203359219693455,-0.006840278609445448,0.0,-0.00122524799389555,0.823333219931485,-0.5675569642992728,0.0,0.44413276011705227,0.23551177992468622,0.18338829338885068,1.0
2025-12-16 18:12:39.982,0.009152500393326591,-0.5675202587867901,-0.8232968689994717,0.0,-0.9999477378485867,-0.006202986210042484,-0.006840426505733053,0.0,-0.0012248420864349207,0.823332300438249,-0.5675582990468241,0.0,0.4447499542664037,0.23557385621875887,0.18286632617532858,1.0
2025-12-16 18:12:40.032,0.009152602626890717,-0.5675225245941746,-0.8232953059775191,0.0,-0.999947737701633,-0.006202532702858761,-0.006840859205130488,0.0,-0.0012241979425506287,0.8233307420066391,-0.5675605611793286,0.0,0.445550555279582,0.23558522582730423,0.18219618539701074,1.0
2025-12-16 18:12:40.082,0.009152841722240918,-0.5675253754389918,-0.8232933381380219,0.0,-0.999947736384775,-0.00620210572181505,-0.006841438795188473,0.0,-0.0012234857583080343,0.823328780088566,-0.5675634087575351,0.0,0.4463785936804189,0.23557704029334964,0.18148132178369117,1.0
2025-12-16 18:12:40.132,0.00915304948929855,-0.567528136634881,-0.8232914324308218,0.0,-0.9999477352537495,-0.006201727795795535,-0.006841946685869693,0.0,-0.001222855650720371,0.823326879583385,-0.5675661670497489,0.0,0.44711626634358353,0.23555828851057378,0.18078084037881287,1.0
2025-12-16 18:12:40.182,0.009153081746809373,-0.5675300863355901,-0.823290088061105,0.0,-0.9999477354987902,-0.006201398461534396,-0.006842209377921292,0.0,-0.0012224137417733098,0.8233255380849888,-0.5675681140107393,0.0,0.44772303427599625,0.2356096154596398,0.18020437869440734,1.0
2025-12-16 18:12:40.232,0.009153012126845978,-0.5675315759337679,-0.823289061987555,0.0,-0.9999477365056726,-0.00620112234935846,-0.006842312474502796,0.0,-0.0012221113500181695,0.8233245133415819,-0.5675696011721345,0.0,0.4482449130487954,0.23571582511265113,0.17971077478258782,1.0
2025-12-16 18:12:40.282,0.009152870889576755,-0.5675326709075507,-0.8232883087401575,0.0,-0.9999477379965293,-0.0062009178465446116,-0.006842279933865225,0.0,-0.001221949286865009,0.8233237600822239,-0.5675706942082271,0.0,0.44869586251237814,0.23586214913512937,0.17930579319045872,1.0
2025-12-16 18:12:40.332,0.00915276725374653,-0.5675336125565015,-0.8232876607671062,0.0,-0.9999477391345654,-0.006200739207485806,-0.006842275510378742,0.0,-0.0012217942619715428,0.8233231123179044,-0.567571634194258,0.0,0.4490511723868066,0.23595616564866692,0.17895225427969422,1.0
2025-12-16 18:12:40.382,0.009152658701011323,-0.5675346817940816,-0.8232869248936253,0.0,-0.9999477403425338,-0.006200542014982608,-0.006842277675558242,0.0,-0.0012216188047916678,0.8233223767402925,-0.5675727016041308,0.0,0.4493019123721026,0.23599576671611597,0.17856804394549058,1.0
2025-12-16 18:12:40.432,0.009152452517477346,-0.5675356031948653,-0.8232862920153379,0.0,-0.9999477424028537,-0.0062003159600211525,-0.006842181424085502,0.0,-0.0012214770915814526,0.8233217432874144,-0.5675736207963576,0.0,0.4496246756593023,0.2361083119415137,0.1781752698930942,1.0
2025-12-16 18:12:40.482,0.009152371346985943,-0.5675368639759009,-0.8232854237919768,0.0,-0.9999477434966131,-0.006200043874405356,-0.006842268132384706,0.0,-0.0012211898620219238,0.8233208762314106,-0.5675748791629726,0.0,0.4502014574512001,0.2362164358451145,0.17769231619485185,1.0
2025-12-16 18:12:40.532,0.009152468110044271,-0.5675388134224111,-0.8232840788499342,0.0,-0.9999477431969712,-0.006199719831222305,-0.006842605534929305,0.0,-0.0012207099068126481,0.8233195348372785,-0.5675768260091764,0.0,0.45098101075826014,0.23628491501691082,0.17708366369158432,1.0
2025-12-16 18:12:40.582,0.00915264933311066,-0.567541451611422,-0.8232822581679953,0.0,-0.9999477422321381,-0.0061993765035185805,-0.0068430575787339935,0.0,-0.001220141346857049,0.8233177187986244,-0.5675794615446573,0.0,0.45180265984098705,0.23633716167223298,0.17635893416262693,1.0
2025-12-16 18:12:40.632,0.009152730457485402,-0.5675444982623926,-0.8232801570051776,0.0,-0.9999477420877412,-0.0061990441813162865,-0.006843379726050066,0.0,-0.0012196510358977789,0.8233156210900086,-0.5675825054743354,0.0,0.4524845803825591,0.2363838099616948,0.175537247451588,1.0
2025-12-16 18:12:40.682,0.009152676209038514,-0.5675472442422875,-0.8232782646058415,0.0,-0.9999477431358809,-0.0061986637965195475,-0.006843571129477057,0.0,-0.001219198711316172,0.823313730996697,-0.5675852481405773,0.0,0.45305173353853706,0.23645938027959926,0.17475931268539469,1.0
2025-12-16 18:12:40.732,0.009152640487588291,-0.5675496325663281,-0.823276618547581,0.0,-0.9999477439884086,-0.006198308402202068,-0.0068437684539594925,0.0,-0.0012187675757189293,0.8233120872562512,-0.5675876333953652,0.0,0.4535721319898998,0.23652519355927087,0.17407277129348428,1.0
2025-12-16 18:12:40.783,0.009152689523006944,-0.5675516522051877,-0.8232752257021132,0.0,-0.9999477439660838,-0.006198064869260488,-0.006843992272357958,0.0,-0.0012184175906146655,0.8233106968225455,-0.5675896510298171,0.0,0.4540038682973616,0.236542867349591,0.17349803579345444,1.0
2025-12-16 18:12:40.832,0.009152780765618476,-0.5675528983336638,-0.8232743656269899,0.0,-0.9999477434333621,-0.006197922634034336,-0.0068441989127587905,0.0,-0.0012181693485662486,0.8233098388530696,-0.5675908960784788,0.0,0.45434604087322783,0.236554092177161,0.17314864814842607,1.0
2025-12-16 18:12:40.882,0.009152945134078175,-0.5675537937168806,-0.823273746535232,0.0,-0.9999477422108687,-0.006197832750727766,-0.006844458911288851,0.0,-0.0012179378171261817,0.8233092222800683,-0.5675917909343497,0.0,0.45465414850669583,0.23653379587089624,0.1729210160271044,1.0
2025-12-16 18:12:40.932,0.009153166421438302,-0.5675544199122888,-0.8232733123839829,0.0,-0.9999477404413238,-0.006197790488826237,-0.006844755697301825,0.0,-0.0012177276010042273,0.8233087909175071,-0.5675924170894485,0.0,0.4548941809589266,0.23646189862521166,0.17280734205873668,1.0
2025-12-16 18:12:40.982,0.009153410257853456,-0.5675550388870253,-0.8232728829591116,0.0,-0.999947738465133,-0.006197761062706637,-0.006845071035707835,0.0,-0.0012175175011154256,0.8233083644353442,-0.5675930361640573,0.0,0.45519557981153597,0.23638850117153173,0.17274603221159046,1.0
2025-12-16 18:12:41.032,0.00915362518136556,-0.5675557373542814,-0.8232723990536094,0.0,-0.9999477367613581,-0.006197710578548217,-0.0068453656316311215,0.0,-0.001217300954936952,0.823307883310985,-0.5675937345112,0.0,0.45555984080347633,0.23632965200134237,0.17269716708962854,1.0
2025-12-16 18:12:41.082,0.00915380732643791,-0.5675564634729178,-0.8232718964490124,0.0,-0.9999477353556059,-0.006197643036118728,-0.006845632125686308,0.0,-0.0012170860090455558,0.8233073832519967,-0.5675944603186297,0.0,0.455932835656382,0.23629600883705335,0.17261902949349178,1.0
2025-12-16 18:12:41.132,0.009154013220481177,-0.5675573330351932,-0.823271294690363,0.0,-0.9999477337727511,-0.006197562843033384,-0.006845935929729924,0.0,-0.0012168378752014822,0.8233067844006505,-0.5675953294958004,0.0,0.45639616623377893,0.23630056869362503,0.17250487116949448,1.0
2025-12-16 18:12:41.182,0.00915428162983605,-0.5675585981714637,-0.8232704195285367,0.0,-0.9999477316892653,-0.006197472846793393,-0.006846321714188519,0.0,-0.0012165307378469092,0.8233059129216076,-0.5675965942474303,0.0,0.4569831283734719,0.23630155236524925,0.1722562423702827,1.0
2025-12-16 18:12:41.232,0.00915461740400243,-0.5675603054271219,-0.8232692388185451,0.0,-0.99994772904082,-0.006197389610080546,-0.00684678386807061,0.0,-0.0012161808988483645,0.8233047365999581,-0.5675983012625168,0.0,0.4576996222356745,0.23628147086853338,0.1718364297338574,1.0
2025-12-16 18:12:41.282,0.009154963782890777,-0.5675621835154123,-0.8232679402130025,0.0,-0.9999477262756987,-0.0061973269185485015,-0.006847244433603693,0.0,-0.0012158469740820616,0.8233034423489829,-0.5676001792921235,0.0,0.45843839591721286,0.2362268033825957,0.17130336856749345,1.0
2025-12-16 18:12:41.332,0.00915525860876768,-0.5675639270778007,-0.823266734917086,0.0,-0.9999477239340098,-0.006197266590188941,-0.006847640996154785,0.0,-0.0012155528192775357,0.8233022408144816,-0.5676019227426885,0.0,0.4591363559884972,0.23620709807317583,0.17064042509570845,1.0
2025-12-16 18:12:41.382,0.009155445210278803,-0.5675656682027816,-0.8232655324995333,0.0,-0.9999477225404676,-0.006197173655888918,-0.006847928593308694,0.0,-0.0012152937001110287,0.8233010412002951,-0.5676036633247997,0.0,0.4597433687300302,0.23622325163607072,0.16985041172033238,1.0
2025-12-16 18:12:41.432,0.00915547860220912,-0.567568034575722,-0.8232639007272362,0.0,-0.9999477225672059,-0.006196987035657584,-0.006848093570229693,0.0,-0.001215020104387724,0.823299411243042,-0.567606028133076,0.0,0.46034528112455714,0.23630381232396236,0.16891030919474373,1.0
2025-12-16 18:12:41.482,0.009155278292084987,-0.5675704735648471,-0.8232622214810892,0.0,-0.9999477247640087,-0.00619664775925854,-0.006848079806664926,0.0,-0.0012147214882970386,0.8232977323631511,-0.5676084639409452,0.0,0.4609705715294852,0.23647567842722328,0.16793840737782045,1.0
2025-12-16 18:12:41.532,0.00915484758706994,-0.5675728397510226,-0.8232605949781795,0.0,-0.9999477290770926,-0.006196172317637787,-0.006847880210978245,0.0,-0.0012144170724779732,0.8232961046879509,-0.5676108254753609,0.0,0.46164616819873594,0.23669350117195537,0.16691238414552925,1.0
2025-12-16 18:12:41.582,0.009154267856691378,-0.5675751641974959,-0.8232589988985253,0.0,-0.9999477347432246,-0.006195619374219456,-0.006847553115660981,0.0,-0.0012141216952087695,0.8232945063614044,-0.5676131444070344,0.0,0.4623666774600758,0.23692966554255704,0.16583800843563734,1.0
2025-12-16 18:12:41.632,0.009153678864529197,-0.5675778235618502,-0.8232571720096016,0.0,-0.9999477403824759,-0.006195139405077668,-0.006847163861101007,0.0,-0.0012139179566565998,0.8232926765790224,-0.5676157988415615,0.0,0.46304755728656005,0.2371519811815088,0.16469298011098163,1.0
2025-12-16 18:12:41.682,0.0091531180688192,-0.5675805722094777,-0.8232552832391593,0.0,-0.9999477454855851,-0.006194864504262908,-0.006846667311762548,0.0,-0.0012139429537107189,0.8232907836871693,-0.5676185443044227,0.0,0.463655011876729,0.2373818189924424,0.16354800224005375,1.0
2025-12-16 18:12:41.732,0.00915270531271285,-0.5675831726792172,-0.8232534949686281,0.0,-0.999947749045481,-0.0061947998100379984,-0.006846205912608546,0.0,-0.0012141226971754044,0.8232889913572178,-0.5676211435597613,0.0,0.46413692181878385,0.23757260538357555,0.16254646292750785,1.0
2025-12-16 18:12:41.782,0.009152381926106751,-0.56758568661371,-0.8232517653534248,0.0,-0.9999477517259917,-0.006194826617682739,-0.00684579013113713,0.0,-0.0012143528371260641,0.8232872579863889,-0.5676236571747517,0.0,0.4645364147405603,0.23773335835809173,0.16165397809301588,1.0
2025-12-16 18:12:41.832,0.009152626778321937,-0.5675880397803729,-0.8232501402505431,0.0,-0.9999477495628006,-0.006194932340983454,-0.0068460104286954555,0.0,-0.00121428865783739,0.8232856348488262,-0.5676260115204558,0.0,0.4649584193187662,0.2376301920310691,0.16100765678154935,1.0
2025-12-16 18:12:41.882,0.009153166200082056,-0.5675898875273805,-0.8232488603249793,0.0,-0.9999477449460721,-0.006195036394610066,-0.006846590577992193,0.0,-0.001214024449158506,0.8232843601679712,-0.5676278608802169,0.0,0.46537640950664005,0.23733430352926638,0.16070267628043766,1.0
2025-12-16 18:12:41.932,0.009153450699407031,-0.5675911796780755,-0.8232479662854639,0.0,-0.9999477424142287,-0.00619515954248919,-0.006846848920367606,0.0,-0.0012139648109636583,0.8232834683862441,-0.5676291544409552,0.0,0.46566926110081136,0.23712347095181752,0.16046972698319517,1.0
2025-12-16 18:12:41.982,0.009153576984265619,-0.5675920184579752,-0.8232473865809739,0.0,-0.999947741309504,-0.00619520342562452,-0.006846970552340479,0.0,-0.0012139225651286735,0.8232828897694666,-0.5676299937501912,0.0,0.4658051347075806,0.23684836684028032,0.16040632282104209,1.0
2025-12-16 18:12:42.033,0.009153608672024924,-0.5675924277044588,-0.8232471040714607,0.0,-0.9999477408612584,-0.006195332085295732,-0.006846919601312814,0.0,-0.0012140528534538503,0.823282606650829,-0.5676304041027801,0.0,0.4657855799644331,0.23673097193716172,0.16027423176669808,1.0
2025-12-16 18:12:42.082,0.009153587070200081,-0.5675927016740677,-0.8232469154216671,0.0,-0.9999477408287026,-0.006195478261957538,-0.006846792087366557,0.0,-0.001214242527980741,0.8232824166653185,-0.5676306792491012,0.0,0.46567432881669363,0.23667700953028709,0.16010933862486637,1.0
2025-12-16 18:12:42.139,0.009153467925159227,-0.567593043559203,-0.8232466810314828,0.0,-0.9999477415981782,-0.006195631212045443,-0.006846541301663168,0.0,-0.0012145069999699625,0.8232821798049712,-0.5676310222215852,0.0,0.46558123264444656,0.23679174935858424,0.15989211349481455,1.0
2025-12-16 18:12:42.182,0.009153288353033072,-0.5675936827594874,-0.8232462423267153,0.0,-0.9999477428726679,-0.0061957848883488105,-0.0068462160849777,0.0,-0.001214811015834572,0.8232817379575916,-0.567631662418265,0.0,0.4655135973005869,0.23691544670967377,0.15962152089895526,1.0
2025-12-16 18:12:42.232,0.00915321861040243,-0.5675944689125527,-0.8232457010820984,0.0,-0.9999477432569357,-0.006195924049911996,-0.006846034015202091,0.0,-0.001215020190209175,0.8232811949031525,-0.567632449605178,0.0,0.46545771814491216,0.23690468874724346,0.15935885445339779,1.0
2025-12-16 18:12:42.282,0.009153358539883565,-0.5675956442795445,-0.8232448891572529,0.0,-0.9999477418450916,-0.006196101993080703,-0.006846079184579087,0.0,-0.0012151279679196154,0.8232803832142278,-0.5676336266278238,0.0,0.4654359675385321,0.2366739548489494,0.15904343346088637,1.0
2025-12-16 18:12:42.332,0.009153580916805336,-0.5675971498487997,-0.8232438486506455,0.0,-0.9999477398105934,-0.006196239987332377,-0.006846251449776135,0.0,-0.0012151270392542757,0.8232793441663558,-0.5676351336336515,0.0,0.46544640991865627,0.23640187137372878,0.1586489565255161,1.0
2025-12-16 18:12:42.382,0.00915386059184306,-0.5675989392432855,-0.8232426118146281,0.0,-0.9999477372280766,-0.00619642875356773,-0.0068464577965288275,0.0,-0.0012151454034412036,0.8232781090487533,-0.5676369249641515,0.0,0.46546599068560984,0.23609992088772497,0.158205734456349,1.0
2025-12-16 18:12:42.432,0.009154130912359037,-0.5676005655883865,-0.8232414874945209,0.0,-0.9999477347501029,-0.006196597992355246,-0.00684666653692228,0.0,-0.0012151481452472737,0.8232769864873971,-0.5676385530733576,0.0,0.46548408481216724,0.23581898964893183,0.15782113064885783,1.0
2025-12-16 18:12:42.482,0.009154400512526185,-0.5676022936847086,-0.8232402930228343,0.0,-0.999947732248472,-0.006196788115013509,-0.006846859820646038,0.0,-0.0012151757207659725,0.8232757936109897,-0.5676402831038007,0.0,0.46555849612772937,0.23563710525483186,0.15741482155323552,1.0
2025-12-16 18:12:42.539,0.009154729059291667,-0.5676043653658577,-0.8232388609964191,0.0,-0.9999477291159341,-0.006197076321793199,-0.006847056459327559,0.0,-0.0012152783143133878,0.8232743631027415,-0.5676423576129552,0.0,0.4656941945202099,0.23550823341429725,0.15695535765906796,1.0
2025-12-16 18:12:42.583,0.009155066521358222,-0.567606047905625,-0.8232376971684152,0.0,-0.999947725955284,-0.006197330024546499,-0.006847288414500977,0.0,-0.001215336781174572,0.8232732011454215,-0.5676440427171581,0.0,0.4658205762801213,0.23536472180970702,0.15663374362248508,1.0
2025-12-16 18:12:42.632,0.009155599818009634,-0.5676083713731127,-0.8232360892480013,0.0,-0.9999477209631428,-0.006197726186622363,-0.006847658865652466,0.0,-0.0012154267723850638,0.823271596211788,-0.5676463702065359,0.0,0.46601260537830924,0.23509170619629816,0.15624256828245137,1.0
2025-12-16 18:12:42.682,0.009156061245809628,-0.5676105140743362,-0.823234606753105,0.0,-0.9999477165169803,-0.006198155768302937,-0.006847919301293988,0.0,-0.0012156087358014159,0.8232701156499195,-0.567648517106466,0.0,0.4661639615751213,0.234778721056817,0.15587690468503212,1.0
2025-12-16 18:12:42.732,0.009156432443674539,-0.5676125977561782,-0.823233165946681,0.0,-0.9999477126928324,-0.006198671746011765,-0.006848010672170386,0.0,-0.0012159584500092025,0.8232686751214902,-0.5676506055741983,0.0,0.4662453174682928,0.23447498235923703,0.15545798575020237,1.0
2025-12-16 18:12:42.782,0.00915669390076242,-0.567614371274146,-0.8232319402094842,0.0,-0.9999477098302932,-0.00619915198466975,-0.006847993942070102,0.0,-0.0012163435584585803,0.8232674487055065,-0.5676523834269296,0.0,0.46624403257007097,0.23423856017727213,0.155068898307845,1.0
2025-12-16 18:12:42.832,0.009156802694884782,-0.5676155947879868,-0.8232310953912608,0.0,-0.9999477084874139,-0.006199458506981973,-0.006847912543121672,0.0,-0.0012166284901837965,0.8232666028093397,-0.5676536096193571,0.0,0.4661511607492813,0.23404510227961903,0.15478376403557387,1.0
2025-12-16 18:12:42.882,0.009156736999122844,-0.567616310255953,-0.8232306028083229,0.0,-0.9999477087457411,-0.0061996594163647575,-0.0068476929305947435,0.0,-0.0012169105928103445,0.8232661079944832,-0.5676543266427423,0.0,0.46598868816044975,0.2340122917627526,0.15457474620428743,1.0
2025-12-16 18:12:42.932,0.0091565528468187,-0.5676173266179385,-0.8232299040755725,0.0,-0.9999477096867284,-0.006200067424004659,-0.006847186094468742,0.0,-0.0012175228860159786,0.8232654041574778,-0.5676553460995912,0.0,0.4657834659868771,0.23419075821610638,0.15430712775133215,1.0
2025-12-16 18:12:42.983,0.009156349109341001,-0.5676190626824952,-0.8232287093218031,0.0,-0.9999477103591192,-0.006200772707859146,-0.006846449195674339,0.0,-0.0012185024978857643,0.8232642018542347,-0.5676570876832002,0.0,0.4655775754779149,0.23450198343660156,0.15391210050291443,1.0
2025-12-16 18:12:43.033,0.009156236574820087,-0.567621264407835,-0.8232271924718261,0.0,-0.9999477100525666,-0.006201630053704311,-0.006845717384888797,0.0,-0.0012195992211348216,0.8232626773307643,-0.5676592963141901,0.0,0.46544862288044636,0.23486921875089195,0.15345908894407562,1.0
2025-12-16 18:12:43.082,0.009156323835186742,-0.5676234923929501,-0.8232256552845422,0.0,-0.9999477081389937,-0.006202450188040574,-0.006845253862862997,0.0,-0.0012205127151166963,0.8232611349720648,-0.5676615311902155,0.0,0.46544876830220644,0.23507628328163943,0.15303436829853825,1.0
2025-12-16 18:12:43.132,0.009156612416893022,-0.567625133642576,-0.8232245204119607,0.0,-0.9999477049053199,-0.006203026325918877,-0.006845204174581259,0.0,-0.0012209969458247421,0.8232599989953558,-0.5676631776155866,0.0,0.46555918899130727,0.23494032540205723,0.1527522024728592,1.0
2025-12-16 18:12:43.182,0.009156793342828361,-0.5676263320786805,-0.8232236920593263,0.0,-0.9999477028820025,-0.0062033861176819865,-0.006845173693170204,0.0,-0.0012212971009259235,0.8232591699637991,-0.5676643792804935,0.0,0.46569861601450535,0.2345270722911434,0.15258053086860957,1.0
2025-12-16 18:12:43.232,0.009156795926006218,-0.5676274933719003,-0.82322289129853,0.0,-0.9999477023848984,-0.006203716335037997,-0.006844947041840771,0.0,-0.0012216846877183718,0.8232583667624706,-0.5676655432929792,0.0,0.4658460585694784,0.23411526098979046,0.15244350390217684,1.0
2025-12-16 18:12:43.282,0.009156920132507535,-0.5676287335800897,-0.8232220347689674,0.0,-0.999947700571285,-0.006204252736962714,-0.006844725807787951,0.0,-0.0012222380522357273,0.8232575075925189,-0.5676667881131477,0.0,0.46593661049453367,0.23387702233956972,0.15223766968644595,1.0
2025-12-16 18:12:43.332,0.009157217367154783,-0.5676302343996632,-0.823220996614325,0.0,-0.9999476969153119,-0.006205062894142721,-0.006844525509608824,0.0,-0.001223001986974984,0.8232564666627722,-0.5676682960709254,0.0,0.4659712839893979,0.23378181372941853,0.15192957358786313,1.0
2025-12-16 18:12:43.382,0.009157559829234194,-0.5676320767342824,-0.8232197224687392,0.0,-0.9999476927140355,-0.006205989310654017,-0.006844299362312783,0.0,-0.0012238725004779306,0.8232551893736958,-0.567670146568747,0.0,0.4659658114737929,0.23375220736500132,0.15156228995323842,1.0
2025-12-16 18:12:43.435,0.009157897918601483,-0.5676341544802437,-0.8232182860422986,0.0,-0.9999476885387719,-0.00620692404635295,-0.0068440617368834365,0.0,-0.001224753758112057,0.8232537496953546,-0.5676722325345591,0.0,0.4659742927108508,0.2336876034991206,0.1511866870696041,1.0
2025-12-16 18:12:43.482,0.009158216008209754,-0.567636076155696,-0.8232169574464074,0.0,-0.9999476847167048,-0.00620773131958845,-0.006843887986638956,0.0,-0.0012254955617586798,0.8232524185827282,-0.5676741613446188,0.0,0.46600367138566645,0.23355393026330806,0.15086347222516375,1.0
2025-12-16 18:12:43.532,0.00915851967815579,-0.5676377818626547,-0.823215777922507,0.0,-0.9999476812381265,-0.006208386223805553,-0.006843802174122228,0.0,-0.0012260644147870634,0.8232512375265428,-0.5676758729037781,0.0,0.46604932101524393,0.23338694837788218,0.15059306704476685,1.0
2025-12-16 18:12:43.582,0.009158763980684489,-0.5676392460913927,-0.8232147655626383,0.0,-0.9999476783822037,-0.00620895218682579,-0.006843706012899489,0.0,-0.001226568612480691,0.8232502236403215,-0.5676773421633095,0.0,0.4660667081029713,0.2332325761364135,0.1503551941664997,1.0
2025-12-16 18:12:43.632,0.009158879561790952,-0.5676404010011197,-0.8232139679194403,0.0,-0.9999476766730894,-0.006209463896063401,-0.006843491464335071,0.0,-0.0012270987989224018,0.8232494234424632,-0.5676785014690883,0.0,0.46600167584478847,0.2331173919113204,0.1501383004868172,1.0
2025-12-16 18:12:43.682,0.00915889413704013,-0.5676416878063855,-0.8232130804498388,0.0,-0.9999476755610466,-0.006210139149747922,-0.006843041210532576,0.0,-0.0012278959578130657,0.8232485310625866,-0.5676797938757466,0.0,0.4658139325250763,0.23305568247844316,0.14985782530233446,1.0
2025-12-16 18:12:43.732,0.009158904748504448,-0.5676436001166104,-0.8232117617063484,0.0,-0.9999476740193418,-0.0062111290840702734,-0.006842368012436565,0.0,-0.001229071767020967,0.8232472050002757,-0.5676817143803607,0.0,0.4655628681678484,0.23303737952777578,0.14948358594442782,1.0
2025-12-16 18:12:43.782,0.009159055510491013,-0.5676466009357873,-0.8232096908135927,0.0,-0.9999476706689936,-0.006212557917343371,-0.006841560420384137,0.0,-0.0012306730588399215,0.8232451250525855,-0.5676847272218752,0.0,0.46532988042556234,0.23304948551868548,0.14896550608579218,1.0
2025-12-16 18:12:43.832,0.009159413484274006,-0.5676504786855806,-0.823207012903719,0.0,-0.9999476650080786,-0.00621438551907729,-0.006840727937847571,0.0,-0.0012326069832188297,0.823242437395042,-0.5676886205939795,0.0,0.46517074677882003,0.2330472388481894,0.1483356559023019,1.0
2025-12-16 18:12:43.882,0.00915998725213459,-0.56765458815775,-0.823204172777449,0.0,-0.9999476573206014,-0.006216368188724723,-0.006840050203892041,0.0,-0.0012345781204650035,0.8232395887511565,-0.5676927472935434,0.0,0.4651664389736214,0.23292191790590683,0.14769070942010118,1.0
2025-12-16 18:12:43.932,0.009160695663959816,-0.567658902226744,-0.8232011900373375,0.0,-0.9999476483040575,-0.006218489818482012,-0.00683943979950135,0.0,-0.0012366231392061896,0.8232365979410015,-0.5676970799411758,0.0,0.465240898675904,0.2326253314531774,0.1470289002403997,1.0
2025-12-16 18:12:43.982,0.00916148229876107,-0.5676634855997331,-0.8231980206852174,0.0,-0.9999476385434465,-0.006220673183224869,-0.006838881322323034,0.0,-0.0012386864912809449,0.8232334209223816,-0.567701682516627,0.0,0.4653195805151473,0.23224345917033962,0.1463330469045189,1.0
2025-12-16 18:12:44.032,0.009162227778084632,-0.5676680965771806,-0.823194832716892,0.0,-0.9999476290378458,-0.006222911170475633,-0.0068382351059090955,0.0,-0.0012408443035709722,0.8232302244119413,-0.5677063130880958,0.0,0.4653489860251374,0.23185181660670207,0.14563826976445826,1.0
2025-12-16 18:12:44.082,0.00916275554723095,-0.5676718903893561,-0.8231922106493508,0.0,-0.9999476218227564,-0.006224819541070023,-0.006837553210258237,0.0,-0.0012427601293853183,0.8232275938526352,-0.5677101234493371,0.0,0.4652998599397459,0.2314785954689888,0.1450493827817906,1.0
2025-12-16 18:12:44.132,0.009162996601536837,-0.5676745950036618,-0.8231903428624009,0.0,-0.9999476176137648,-0.006226302926706309,-0.006836818092462045,0.0,-0.0012443684571973185,0.8232257175749308,-0.5677128406777348,0.0,0.4651649119278788,0.23113893324492166,0.14458061523918392,1.0
2025-12-16 18:12:44.182,0.009163058660668359,-0.567676410874817,-0.8231890899383176,0.0,-0.9999476155104483,-0.006227367994532151,-0.006836155647552011,0.0,-0.0012456010716264433,0.823224457315053,-0.5677146654405776,0.0,0.464984637666805,0.2309063291475975,0.14422460174122043,1.0
2025-12-16 18:12:44.232,0.009163092996686457,-0.567677726932647,-0.8231881819927478,0.0,-0.9999476140653976,-0.006228145240075298,-0.006835658929142767,0.0,-0.0012465082335279196,0.8232235438931601,-0.5677159879704023,0.0,0.4648275896116522,0.23078100048217526,0.14396394320336273,1.0
2025-12-16 18:12:44.282,0.00916309836884272,-0.5676785570247622,-0.8231876094935922,0.0,-0.999947613270438,-0.006228647563261598,-0.006835317512395321,0.0,-0.0012471063263980611,0.8232229676667875,-0.5677168222201082,0.0,0.46470655892241824,0.2307315658037801,0.14379911392976255,1.0
2025-12-16 18:12:44.333,0.009163198809779888,-0.5676796780318139,-0.8231868353165501,0.0,-0.9999476115673275,-0.006229230437578102,-0.006835035490821425,0.0,-0.0012477337663434798,0.8232221902156812,-0.5677179481898955,0.0,0.4646141917404085,0.23074412908344838,0.14361885321379925,1.0
2025-12-16 18:12:44.382,0.009163344971725315,-0.5676812212321208,-0.8231857694776712,0.0,-0.9999476092042768,-0.006230001397093854,-0.0068346785185324855,0.0,-0.0012485538843154125,0.8232211201947707,-0.5677194979727795,0.0,0.46449563245603653,0.23085403877756525,0.14339659635511923,1.0
2025-12-16 18:12:44.432,0.009163537947797626,-0.5676834761559284,-0.823184212295771,0.0,-0.999947606084552,-0.006231020267046549,-0.006834206129002833,0.0,-0.0012496356776083562,0.8232195574864275,-0.5677217615897101,0.0,0.46436354054295986,0.2310098270705833,0.14306895768433434,1.0
2025-12-16 18:12:44.482,0.009163655653932382,-0.5676867550122117,-0.8231819498142374,0.0,-0.9999476032891311,-0.00623224463549319,-0.006833498689105838,0.0,-0.0012510086803595656,0.8232172871002748,-0.5677250507037237,0.0,0.46421238678241405,0.23132693855930275,0.142569807389471,1.0
2025-12-16 18:12:44.532,0.00916219972556203,-0.5676910235273678,-0.8231790223298007,0.0,-0.9999476146829651,-0.006232734126037709,-0.006831384659833379,0.0,-0.0012525643504084367,0.8232143397734055,-0.5677293209567249,0.0,0.46398128598029104,0.23222264827797484,0.14154017906300526,1.0
2025-12-16 18:12:44.582,0.009156133686352947,-0.5676952018816894,-0.8231762082796331,0.0,-0.9999476650231272,-0.006232751361747391,-0.006823996370670478,0.0,-0.001256726831710941,0.823211458166386,-0.5677334901001024,0.0,0.46362262038737884,0.2341807356930628,0.1394834025363896,1.0
2025-12-16 18:12:44.632,0.009148675692428217,-0.5677001544496488,-0.8231728756902331,0.0,-0.9999477286091145,-0.0062316164648715915,-0.006815710301608362,0.0,-0.0012604421220965,0.823208051328183,-0.5677384217349681,0.0,0.4632073307312032,0.23598698283167865,0.1369934888619466,1.0
2025-12-16 18:12:44.682,0.009143009102937708,-0.5677037851849217,-0.8231704347050276,0.0,-0.9999477767330474,-0.00623084575483018,-0.0068093515861277305,0.0,-0.00126337766241885,0.8232055532770486,-0.5677420373115859,0.0,0.4627189718305514,0.2373489443347219,0.13494226880236754,1.0
2025-12-16 18:12:44.732,0.00914030221284702,-0.5677051539403575,-0.8231695207952133,0.0,-0.9999477990665413,-0.006230891408926504,-0.006806029344522813,0.0,-0.0012652863191405653,0.8232046089825737,-0.5677434022517376,0.0,0.4621607867553835,0.23819693357415792,0.1338671442110989,1.0
2025-12-16 18:12:44.782,0.00913946842690892,-0.5677052691144439,-0.8231694506222755,0.0,-0.9999478057956315,-0.006230999139154356,-0.0068049419864233095,0.0,-0.0012659910907464897,0.8232045287382892,-0.5677435170315287,0.0,0.46190138744428383,0.23857260563099014,0.1335837116461297,1.0
2025-12-16 18:12:44.832,0.0091395373483132,-0.5677049443442554,-0.8231696738372671,0.0,-0.999947805354746,-0.006230912647551039,-0.006805085966661742,0.0,-0.001265841753207822,0.8232047533679507,-0.5677431916606902,0.0,0.4619322849163529,0.23856524694185116,0.13379582854853553,1.0
2025-12-16 18:12:44.882,0.009139654765804571,-0.5677053191893005,-0.8231694140188547,0.0,-0.9999478046371868,-0.006230751104915914,-0.006805339311689449,0.0,-0.0012655607757635634,0.8232044960819951,-0.5677435653411769,0.0,0.4620925725412521,0.2383092446110404,0.1340243755389779,1.0
2025-12-16 18:12:44.932,0.009139676527908248,-0.5677062238273982,-0.8231687898856526,0.0,-0.9999478047008898,-0.006230600106121517,-0.006805468198218968,0.0,-0.001265353259400462,0.8232038733478982,-0.5677444687411286,0.0,0.46226031293528425,0.23795275896587753,0.13420634069617604,1.0
2025-12-16 18:12:44.982,0.009139629321313599,-0.5677074223809421,-0.8231679638145935,0.0,-0.9999478053414318,-0.0062304471892847685,-0.006805514079303927,0.0,-0.0012651880293092221,0.8232030479294112,-0.5677456659270751,0.0,0.46243358413779234,0.23753405299003338,0.13442447256667128,1.0
2025-12-16 18:12:45.032,0.009139561001488444,-0.5677084600022955,-0.8231672489644679,0.0,-0.9999478061161018,-0.00623031922912108,-0.006805517401795272,0.0,-0.001265069292818065,0.8232023333059357,-0.5677467023588487,0.0,0.46260234503433917,0.23720670988359513,0.1345932051672101,1.0
2025-12-16 18:12:45.082,0.009139528737679594,-0.5677087820724052,-0.823167027202577,0.0,-0.9999478064986659,-0.006230246521441235,-0.006805527752992993,0.0,-0.0012649999909520205,0.8232021117413011,-0.5677470237699936,0.0,0.46266086269667683,0.2371024278489152,0.1346753446021269,1.0
2025-12-16 18:12:45.132,0.009139531183626416,-0.5677086208832424,-0.8231671383417821,0.0,-0.9999478064504127,-0.006230263430304889,-0.006805519363394316,0.0,-0.001265020462416733,0.8232022227770914,-0.5677468627285274,0.0,0.4626466257124008,0.23716773474890063,0.1346495783818789,1.0
2025-12-16 18:12:45.182,0.009139509627335172,-0.5677084640551718,-0.8231672467397484,0.0,-0.9999478065457666,-0.006230316053314209,-0.006805457177432713,0.0,-0.0012651008276426982,0.8232023305349163,-0.5677467063064112,0.0,0.4626138320123566,0.2372459199335315,0.13457584942034925,1.0
2025-12-16 18:12:45.232,0.009139440954295888,-0.5677082695038794,-0.823167381677118,0.0,-0.9999478070482326,-0.0062303569193058765,-0.00680534593514989,0.0,-0.0012651997869762028,0.8232024643973899,-0.5677465119924233,0.0,0.4625585602023035,0.23733983267074354,0.1345240294128798,1.0
2025-12-16 18:12:45.282,0.009139416104192923,-0.5677082240632093,-0.8231674132917799,0.0,-0.9999478072267888,-0.0062303740364789435,-0.006805304027792291,0.0,-0.0012652381753761636,0.8232024956058619,-0.567746466656236,0.0,0.4625388785956012,0.23736845812004836,0.13450157250108433,1.0
2025-12-16 18:12:45.332,0.009139388599062626,-0.5677081399327712,-0.8231674716188173,0.0,-0.9999478074461464,-0.006230378567309408,-0.006805267648016328,0.0,-0.0012652634945231492,0.82320255359187,-0.5677463825231419,0.0,0.4624859744284047,0.23737503244446773,0.13452162358542719,1.0
2025-12-16 18:12:45.382,0.009139350537747937,-0.5677080676777909,-0.8231675218729814,0.0,-0.9999478077307388,-0.006230397530672078,-0.006805208469055306,0.0,-0.0012653135067007709,0.8232026032787604,-0.5677463103682855,0.0,0.4624136691718053,0.23738337255168818,0.13452390273197162,1.0
2025-12-16 18:12:45.435,0.009139330143427353,-0.5677080104788941,-0.8231675615473643,0.0,-0.9999478078908093,-0.006230402608083791,-0.006805180299941436,0.0,-0.0012653343149312706,0.8232026426873615,-0.5677462531814856,0.0,0.4623755223317026,0.23739033385750202,0.1345368218841799,1.0
2025-12-16 18:12:45.482,0.009139308441365498,-0.5677080156744917,-0.8231675582051038,0.0,-0.9999478080325156,-0.006230427180892084,-0.00680513698015774,0.0,-0.0012653790801396632,0.8232026389182521,-0.5677462585467292,0.0,0.46235337868301524,0.23740745310629516,0.13450211745991178,1.0
2025-12-16 18:12:45.533,0.009139286456593714,-0.5677079847489969,-0.8231675797773533,0.0,-0.9999478081934506,-0.006230440465201994,-0.0068051011698488,0.0,-0.0012654106906162409,0.8232026601453706,-0.5677462276980532,0.0,0.4623411267818017,0.23743647340447624,0.13448364823461456,1.0
2025-12-16 18:12:45.582,0.009139301599787061,-0.5677079986254165,-0.8231675700391752,0.0,-0.9999478080904662,-0.006230426135055237,-0.0068051294224366204,0.0,-0.0012653826996416402,0.8232026506840049,-0.5677462414789299,0.0,0.4623514360971666,0.23741646159847588,0.13450376206688447,1.0
2025-12-16 18:12:45.633,0.009139319712771874,-0.567708056421966,-0.8231675299779445,0.0,-0.9999478079537607,-0.0062304181327252775,-0.006805156836421117,0.0,-0.0012653599058933007,0.8232026108853738,-0.5677462992356819,0.0,0.46236617751464276,0.23738589938057644,0.134510046248622,1.0
2025-12-16 18:12:45.682,0.009139313883242371,-0.5677080766393717,-0.8231675160994735,0.0,-0.9999478079779193,-0.006230433935766906,-0.006805138818172824,0.0,-0.001265382919940588,0.8232025968228978,-0.5677463195742475,0.0,0.46234745250507325,0.2373786203797449,0.134492710950756,1.0
2025-12-16 18:12:45.732,0.009139306589652178,-0.5677081665042119,-0.8231674542040003,0.0,-0.9999478079803388,-0.006230472329905509,-0.00680510331076418,0.0,-0.0012654336863906924,0.8232025345573006,-0.5677464097429606,0.0,0.4623120702042393,0.23735340272595376,0.1344398481959716,1.0
2025-12-16 18:12:45.782,0.009139306015791333,-0.5677082980443923,-0.8231673634919556,0.0,-0.9999478079309149,-0.006230508654656643,-0.006805077315567151,0.0,-0.0012654768859378777,0.8232024435660711,-0.5677465415791632,0.0,0.4622782952866603,0.2373131736446874,0.13437928154888276,1.0
