timestamp,ee_pose_cmd
2025-12-16 18:00:26.032,0.007991995638468542,-0.5765388880748107,-0.8170188403240061,0.0,-0.9999575552721454,-0.00569264977713672,-0.005764398830523057,0.0,-0.0013276275880626965,0.8170459618986103,-0.5765710134494813,0.0,0.4446690178846487,0.24789246123443173,0.2439555348635862,1.0
2025-12-16 18:00:26.082,0.007991989624861702,-0.5765389116315103,-0.81701882375977,0.0,-0.9999575553180512,-0.005692647803315929,-0.005764392816441886,0.0,-0.0013276292127124163,0.8170459452895341,-0.5765710369820924,0.0,0.4446507717088317,0.24788631165097175,0.24394527163360635,1.0
2025-12-16 18:00:26.132,0.00799198869167241,-0.576538910442955,-0.8170188246076161,0.0,-0.9999575553247193,-0.005692647743248804,-0.005764391719053747,0.0,-0.0013276298080125875,0.8170459461286588,-0.5765710357916167,0.0,0.4446511884636626,0.24788713076152186,0.24394515512079848,1.0
2025-12-16 18:00:26.182,0.007991963275651796,-0.5765388948846986,-0.8170188358350984,0.0,-0.9999575554923128,-0.005692654849758514,-0.00576435562816787,0.0,-0.001327656576077654,0.817045957057857,-0.5765710202424561,0.0,0.4446280643347039,0.24790086974210493,0.24394179594321772,1.0
2025-12-16 18:00:26.232,0.007991895425917559,-0.5765389047164408,-0.8170188295609082,0.0,-0.9999575559857656,-0.005692645840569983,-0.005764278924225889,0.0,-0.001327693346525098,0.8170459501828412,-0.576571029900216,0.0,0.444600699220209,0.24792664332367906,0.2439052817816149,1.0
2025-12-16 18:00:26.282,0.00799172387144969,-0.5765388387027784,-0.8170188778223073,0.0,-0.9999575572076622,-0.005692638263133265,-0.005764074435517834,0.0,-0.0013278057087180114,0.8170459968182971,-0.5765709635553935,0.0,0.4445579383447273,0.248020558384171,0.24385379560136394,1.0
2025-12-16 18:00:26.332,0.007991488636668391,-0.576538807270883,-0.8170189023035184,0.0,-0.9999575588936125,-0.00569262179337635,-0.0057637982141839515,0.0,-0.0013279518282854148,0.8170460191130211,-0.5765709316255085,0.0,0.44447424938151703,0.24813759733421265,0.2437738454867332,1.0
2025-12-16 18:00:26.382,0.007991305452297395,-0.5765388630833143,-0.8170188647105867,0.0,-0.9999575602501602,-0.005692582648361737,-0.005763601525733007,0.0,-0.0013280327104692644,0.8170459800016218,-0.5765709868631178,0.0,0.44440528643578997,0.2482032519704431,0.2436828075762446,1.0
2025-12-16 18:00:26.432,0.007991181778688265,-0.5765388382326926,-0.8170188834563651,0.0,-0.9999575611531395,-0.005692563682381032,-0.00576346359367158,0.0,-0.001328096989273974,0.8170459976696505,-0.5765709616780859,0.0,0.4443942018620333,0.24826602287832836,0.2436409849745545,1.0
2025-12-16 18:00:26.482,0.007991046250084828,-0.5765388250527657,-0.8170188940825139,0.0,-0.9999575621467992,-0.005692540447495017,-0.005763314141419838,0.0,-0.0013281643087066613,0.8170460071319748,-0.5765709481141642,0.0,0.44437532722711653,0.2483279089253049,0.24359516813035986,1.0
2025-12-16 18:00:26.532,0.007990772984163277,-0.5765388281683683,-0.8170188945566489,0.0,-0.9999575641640959,-0.005692485286799111,-0.005763018607997448,0.0,-0.0013282896150244783,0.8170460053177666,-0.5765709503963746,0.0,0.44433278773012935,0.24844654142783815,0.24349606977685995,1.0
2025-12-16 18:00:26.582,0.007990476563792938,-0.5765388232176348,-0.8170189009492477,0.0,-0.9999575663291161,-0.005692439603728001,-0.005762688063518674,0.0,-0.0013284429306894081,0.8170460091295461,-0.5765709446415607,0.0,0.44427278017392385,0.24858051055701627,0.2434080043847779,1.0
2025-12-16 18:00:26.632,0.00799038684225493,-0.5765389595686401,-0.8170188056090444,0.0,-0.9999575670528957,-0.005692384627706638,-0.005762616776440718,0.0,-0.0013284377854581061,0.8170459132962362,-0.5765710804566678,0.0,0.4442268665087624,0.24858281205583588,0.24333497936255444,1.0
2025-12-16 18:00:26.682,0.007990411799709366,-0.5765392072934503,-0.8170186305549705,0.0,-0.9999575670450477,-0.005692282928931719,-0.005762718595769225,0.0,-0.0013282935660344905,0.8170457391972252,-0.5765713275006505,0.0,0.4442300277072476,0.24849859989846737,0.24323736782774139,1.0
2025-12-16 18:00:26.732,0.007990495469224042,-0.5765395618604887,-0.817018379531991,0.0,-0.999957566731115,-0.005692115501828287,-0.0057629384440472005,0.0,-0.0013280265464792125,0.8170454901624743,-0.5765716810169002,0.0,0.44429330353124163,0.24836502935765545,0.2431031963962788,1.0
2025-12-16 18:00:26.782,0.00799062937699164,-0.5765401284159952,-0.8170179784248544,0.0,-0.9999575662163438,-0.005691855034490018,-0.005763285014757395,0.0,-0.0013276083718352294,0.8170450921851384,-0.5765722459433766,0.0,0.4444411466153532,0.2481975861154964,0.24291874111401615,1.0
2025-12-16 18:00:26.832,0.007990693092890475,-0.5765409563110323,-0.81701739358539,0.0,-0.9999575664956243,-0.0056914122820792236,-0.005763673793093584,0.0,-0.0013270143771280027,0.8170445110613009,-0.5765730708049438,0.0,0.44464643823254946,0.24801586499750664,0.24258897706889135,1.0
2025-12-16 18:00:26.882,0.007990423914752166,-0.5765421069910008,-0.817016584221672,0.0,-0.9999575694599356,-0.005690764302017583,-0.005763799323806764,0.0,-0.0013264013425604044,0.8170437035898611,-0.5765742164575535,0.0,0.44479634406098106,0.2479177169219419,0.24206095010121745,1.0
2025-12-16 18:00:26.932,0.007989889109443277,-0.5765439831720525,-0.8170152654885533,0.0,-0.9999575746747833,-0.005689889067365116,-0.005763758681152429,0.0,-0.0013256913625664638,0.8170423857406938,-0.5765760855650942,0.0,0.44481627463674184,0.24781457427738895,0.24133947832785166,1.0
2025-12-16 18:00:26.982,0.007989340915831396,-0.5765463136987952,-0.8170136262592377,0.0,-0.9999575802571813,-0.0056888481326021634,-0.005763817687547579,0.0,-0.0013247841076672192,0.8170407484220612,-0.5765784078206417,0.0,0.44481156370888847,0.24765189474841232,0.24051939195024966,1.0
2025-12-16 18:00:27.032,0.007988660411650274,-0.5765489012563467,-0.8170118069319042,0.0,-0.9999575870660024,-0.005687627483758813,-0.005763841076288754,0.0,-0.001323748054363061,0.8170389309643411,-0.5765809856210447,0.0,0.44482755408186553,0.24749643851668374,0.23959814625974357,1.0
2025-12-16 18:00:27.082,0.007987903083717895,-0.5765516851094814,-0.8170098498200317,0.0,-0.9999575945252461,-0.005686340282809988,-0.005763817023469874,0.0,-0.0013226830686877092,0.8170369754348519,-0.5765837591207102,0.0,0.44488684820740626,0.2473621290622216,0.2386249100720287,1.0
2025-12-16 18:00:27.132,0.007987225819011054,-0.5765548488251796,-0.8170076238451505,0.0,-0.9999576015173262,-0.005684994322413003,-0.0057639316858042805,0.0,-0.0013214863838881801,0.8170347522363475,-0.5765869121926265,0.0,0.4449840025878856,0.24717165389908508,0.2375754592115956,1.0
2025-12-16 18:00:27.182,0.007986780551860324,-0.5765583380503058,-0.8170051658724649,0.0,-0.9999576069839374,-0.0056835805813080535,-0.005764377498128943,0.0,-0.0013200402002298856,0.8170322997810243,-0.5765903906660254,0.0,0.44509330403610164,0.2468267982642269,0.23644721797545065,1.0
2025-12-16 18:00:27.234,0.007986576315099818,-0.5765616973954856,-0.8170027971778356,0.0,-0.9999576106203911,-0.005682244688140815,-0.005765063648427773,0.0,-0.0013185203073310897,0.8170299384150345,-0.5765937401999125,0.0,0.44530874198834225,0.24639566420809683,0.23534177733821432,1.0
2025-12-16 18:00:27.282,0.007986812199693695,-0.5765649875926337,-0.817000472958493,0.0,-0.9999576110802605,-0.0056809505411078536,-0.005766259170015728,0.0,-0.001316741483476652,0.8170276255336935,-0.5765970215901575,0.0,0.44564704419227547,0.2457989075330787,0.2343225861094258,1.0
2025-12-16 18:00:27.333,0.00798743203375355,-0.5765682547016978,-0.8169981612592239,0.0,-0.9999576089672532,-0.005679568688212673,-0.005767986582707043,0.0,-0.0013145845277069607,0.8170253295336016,-0.5766002798889619,0.0,0.4460379635681773,0.24509271196290663,0.23344278319988956,1.0
2025-12-16 18:00:27.382,0.007987982693399589,-0.5765712572895514,-0.8169960368944541,0.0,-0.9999576069867901,-0.005678403416100951,-0.005769477021752052,0.0,-0.0013127437408923513,0.8170232186820137,-0.5766032750846575,0.0,0.44637405204807196,0.2444652386623065,0.23266039537988337,1.0
2025-12-16 18:00:27.432,0.007988492467406167,-0.576574129175778,-0.8169940051521185,0.0,-0.9999576050879345,-0.0056773640541720625,-0.005770828831901329,0.0,-0.0013110870314368603,0.817021199175629,-0.5766061404012388,0.0,0.44672812442124893,0.243889255497205,0.23192795144205955,1.0
2025-12-16 18:00:27.482,0.00798890727919567,-0.5765766058978196,-0.8169922532025891,0.0,-0.9999576035396365,-0.005676519895003301,-0.005771927438659678,0.0,-0.0013097396638442494,0.817019457172362,-0.5766086117842776,0.0,0.44702785563830166,0.24335556743212297,0.23125944833697887,1.0
2025-12-16 18:00:27.532,0.007989169326805165,-0.5765786560580172,-0.8169908037750527,0.0,-0.9999576030605992,-0.005675677847231894,-0.005772838425242248,0.0,-0.0013085063783146156,0.8170180161777097,-0.576610656380974,0.0,0.4471670583100995,0.24285239809784054,0.23056119996992716,1.0
2025-12-16 18:00:27.582,0.007989393790673815,-0.5765806079088355,-0.8169894240879398,0.0,-0.9999576031724118,-0.005674630830880784,-0.005773848268429416,0.0,-0.001307049594603566,0.8170166459778889,-0.5766126011599105,0.0,0.4472051614468473,0.24234385392822658,0.22984670244808836,1.0
2025-12-16 18:00:27.632,0.00798956899752949,-0.576582434611619,-0.8169881331976496,0.0,-0.9999576039847052,-0.005673361088756715,-0.005774955266715432,0.0,-0.001305356049552517,0.8170153656373688,-0.5766144191381453,0.0,0.44722635117087195,0.24186719225638373,0.2291381296064908,1.0
2025-12-16 18:00:27.682,0.00798966633713689,-0.5765844288090797,-0.8169867248541661,0.0,-0.9999576055422468,-0.005671968675486022,-0.0057760532173015714,0.0,-0.0013035658642743472,0.817013967933565,-0.5766164036146468,0.0,0.447355368838429,0.24144950330808254,0.22835964172159162,1.0
2025-12-16 18:00:27.732,0.007989559228142889,-0.5765868818762345,-0.8169849946558319,0.0,-0.9999576087454712,-0.005670451981219016,-0.005776987759747612,0.0,-0.0013017638855310678,0.8170122472403542,-0.5766188457465233,0.0,0.4476881463175266,0.2411929507718529,0.22746996676341488,1.0
2025-12-16 18:00:27.782,0.007989209686430876,-0.576590258377992,-0.8169826150986294,0.0,-0.999957613812348,-0.00566884604574659,-0.005777686771826796,0.0,-0.001300015787783238,0.8170098754431656,-0.5766222102792216,0.0,0.4481705515037453,0.24104852747801225,0.22641900656762032,1.0
2025-12-16 18:00:27.832,0.007988658992548057,-0.5765940636049884,-0.8169799349091725,0.0,-0.999957620288452,-0.005667249619992677,-0.0057781320518646056,0.0,-0.00129841758438692,0.8170072009821209,-0.5766260032769394,0.0,0.4486590615297876,0.24096121861459358,0.22525882256924762,1.0
2025-12-16 18:00:27.883,0.007988236844847925,-0.5765982036673546,-0.816977017119147,0.0,-0.9999576258014167,-0.005665687728990402,-0.0057787096622192325,0.0,-0.0012967680168111358,0.8170042899385324,-0.5766301315529266,0.0,0.4490784740702471,0.24077329242278234,0.22403590444089888,1.0
2025-12-16 18:00:27.932,0.007988033007020442,-0.5766019236369768,-0.8169743936550429,0.0,-0.9999576293860853,-0.005664363241171968,-0.005779387756568244,0.0,-0.0012952585642582147,0.8170016737025279,-0.5766338417683444,0.0,0.44945456316951937,0.2405180940198776,0.2229577241679508,1.0
2025-12-16 18:00:27.982,0.00798801324875477,-0.5766055821301219,-0.8169718117548055,0.0,-0.9999576315605414,-0.005663104956365209,-0.005780244570405669,0.0,-0.0012937007387343277,0.8169991003686615,-0.5766374912674309,0.0,0.44993634995937615,0.24019603952428847,0.2218910633289353,1.0
2025-12-16 18:00:28.032,0.00798800417703285,-0.5766093612753579,-0.8169691445704054,0.0,-0.9999576336055261,-0.0056618800468494134,-0.0057810906911897175,0.0,-0.0012921751659888748,0.8169964416231456,-0.5766412616683432,0.0,0.450605006477106,0.23991472900628036,0.22078226355095867,1.0
2025-12-16 18:00:28.082,0.007987979462114322,-0.5766137000905777,-0.8169660824986398,0.0,-0.9999576359948842,-0.005660509713549376,-0.0057820192418956,0.0,-0.0012904777822558338,0.8169933888487229,-0.5766455906746992,0.0,0.4515372408381446,0.23968844766048225,0.21953689504595195,1.0
2025-12-16 18:00:28.132,0.007988058622293093,-0.5766187354036921,-0.8169625277833139,0.0,-0.9999576378886013,-0.005658990549799002,-0.005783178660099451,0.0,-0.0012885188666465527,0.8169898454820702,-0.5766506152761074,0.0,0.45253052178870296,0.2393955958448069,0.21817309219955033,1.0
2025-12-16 18:00:28.182,0.00798822848677756,-0.5766240680907495,-0.8169587622428234,0.0,-0.9999576391138162,-0.005657487754038396,-0.0057844370032326614,0.0,-0.0012865133658932187,0.8169860920640702,-0.5766559375028042,0.0,0.45341001893480104,0.23904034485298672,0.21680960393378376,1.0
2025-12-16 18:00:28.232,0.007988308801002162,-0.5766295559556348,-0.816954887996954,0.0,-0.9999576411119145,-0.0056558952858168894,-0.005785648763936261,0.0,-0.0012844599519175237,0.816982229684802,-0.5766614141260722,0.0,0.45418946755046,0.23868346798594417,0.2153865810592972,1.0
2025-12-16 18:00:28.283,0.007988286998718295,-0.5766347569572813,-0.8169512171732481,0.0,-0.9999576436446663,-0.005654418300336097,-0.005786654603446264,0.0,-0.0012826224364686821,0.8169785689240362,-0.576666604545919,0.0,0.45486598220679847,0.23835804681411576,0.21400970385912954,1.0
2025-12-16 18:00:28.332,0.00798796054625977,-0.5766395113171213,-0.816947864539391,0.0,-0.9999576483520438,-0.0056529255489386225,-0.005787299559905498,0.0,-0.0012809845284575299,0.8169752234762757,-0.5766713477402248,0.0,0.45565911166541656,0.2382086587953005,0.21262236988755903,1.0
2025-12-16 18:00:28.382,0.007987571256919792,-0.5766441247152599,-0.8169446119768438,0.0,-0.9999576532534362,-0.005651590403882058,-0.0057877566462273084,0.0,-0.0012795851002012158,0.8169719763912047,-0.576675950992774,0.0,0.4565078513139217,0.23814023258851394,0.21126205685107807,1.0
2025-12-16 18:00:28.432,0.007987205410654103,-0.5766486897849377,-0.8169413932591804,0.0,-0.9999576578601032,-0.005650335783332638,-0.0057881856985074875,0.0,-0.0012782680985638458,0.8169687628208491,-0.5766805065247476,0.0,0.45744105413393893,0.23811513433607462,0.20992656884440686,1.0
2025-12-16 18:00:28.483,0.007986950395598762,-0.5766530337140514,-0.8169383295163519,0.0,-0.9999576614788741,-0.005649208002777308,-0.005788661317736621,0.0,-0.0012770300256485078,0.8169657044278473,-0.5766848419917282,0.0,0.458376936975129,0.2380867330189044,0.2086648335403348,1.0
2025-12-16 18:00:28.532,0.007986649005074233,-0.5766573799048686,-0.8169352645957513,0.0,-0.9999576655433109,-0.00564800427698135,-0.005789133792519725,0.0,-0.0012757317055291063,0.8169626449273305,-0.5766891791094714,0.0,0.45927923186382,0.23804869596300143,0.20736757038621087,1.0
2025-12-16 18:00:28.582,0.007986212048712518,-0.5766617930181928,-0.8169321537259778,0.0,-0.9999576706694461,-0.005646735178417023,-0.005789486364867261,0.0,-0.0012744484800883793,0.8169595386032709,-0.5766935824735719,0.0,0.46019984473206504,0.23804392306753938,0.20600235100133182,1.0
2025-12-16 18:00:28.632,0.007985688984380275,-0.5766661324067507,-0.8169290957039619,0.0,-0.9999576762466275,-0.005645566541804658,-0.005789662777362668,0.0,-0.0012733496438984819,0.816956483588544,-0.5766979126920139,0.0,0.4609943285053064,0.23806782815520003,0.20467277677165507,1.0
2025-12-16 18:00:28.682,0.007985076310684854,-0.5766702300521794,-0.816926209170135,0.0,-0.9999576822571083,-0.005644524802739013,-0.005789640399164622,0.0,-0.0012724714877818957,0.8169535983055889,-0.5767020019315549,0.0,0.46159030854561,0.23810337174546287,0.2034126673894874,1.0
2025-12-16 18:00:28.732,0.00798441193072015,-0.5766736421446426,-0.8169238070487124,0.0,-0.9999576883458026,-0.00564366262535356,-0.005789429289533736,0.0,-0.0012718555704289505,0.8169511956814524,-0.5767054068222814,0.0,0.4620472215669485,0.23817442107174336,0.20229245547752414,1.0
2025-12-16 18:00:28.782,0.007983589894614326,-0.5766762843224991,-0.8169219499398943,0.0,-0.9999576953311591,-0.005642936187563598,-0.005788930850153282,0.0,-0.0012715237816376635,0.8169493355834351,-0.5767080425285023,0.0,0.46234873303390533,0.23829541510940386,0.20129666392218312,1.0
2025-12-16 18:00:28.832,0.00798266865808966,-0.5766784904543152,-0.8169204015995902,0.0,-0.9999577029965515,-0.005642220842058705,-0.005788303986359613,0.0,-0.0012712793871312075,0.8169477832037397,-0.5767102421209593,0.0,0.46265226685577404,0.2384614235114428,0.20035610242651036,1.0
2025-12-16 18:00:28.882,0.007981795821221169,-0.5766803733925856,-0.8169190809256843,0.0,-0.9999577103487385,-0.005641483531447897,-0.005787752489632573,0.0,-0.0012709767449834615,0.8169464591121638,-0.5767121184457731,0.0,0.4629797246902208,0.23860844358050182,0.19946844144247894,1.0
2025-12-16 18:00:28.933,0.007981096412256961,-0.57668235747908,-0.8169176871470205,0.0,-0.999957716489165,-0.00564073554642688,-0.005787420623933644,0.0,-0.001270537729050419,0.816945063685141,-0.5767140961120684,0.0,0.463390853559816,0.23869681705395937,0.19857034453149072,1.0
2025-12-16 18:00:28.982,0.00798063394742761,-0.5766844515422984,-0.8169162134101416,0.0,-0.9999577209712704,-0.0056399748741527665,-0.005787387542752614,0.0,-0.0012699149567643546,0.8169435907032347,-0.5767161840324131,0.0,0.4638528201958342,0.23870524144236813,0.19770693469658146,1.0
2025-12-16 18:00:29.032,0.007980458864232043,-0.5766868508468634,-0.8169145213777583,0.0,-0.9999577234377712,-0.005639202854561108,-0.005787713669734685,0.0,-0.0012690727646666778,0.8169419023141715,-0.5767185775554838,0.0,0.46429315119015774,0.23860211723974353,0.1968707578913937,1.0
2025-12-16 18:00:29.082,0.007980335619323925,-0.5766896863403557,-0.8169125209061697,0.0,-0.9999577255319824,-0.005638436671897199,-0.005788098306865984,0.0,-0.0012681973352442254,0.8169399059557342,-0.576721407381896,0.0,0.4645438972778387,0.2384030370331778,0.19598908680425936,1.0
2025-12-16 18:00:29.132,0.00798002154831525,-0.5766928116249883,-0.8169103177077411,0.0,-0.9999577291186532,-0.005637581589761878,-0.005788311575344595,0.0,-0.0012673452909729307,0.816937705622083,-0.5767245260684173,0.0,0.4645676494954525,0.2381901658222658,0.19503479897036533,1.0
2025-12-16 18:00:29.182,0.007979417417833291,-0.5766960383643313,-0.8169080457026766,0.0,-0.9999577349525203,-0.005636602907972018,-0.005788256861211032,0.0,-0.0012665458499903888,0.8169354345015825,-0.5767277448825578,0.0,0.464541933938862,0.23806930037290355,0.19400411034239606,1.0
2025-12-16 18:00:29.232,0.007978581953138395,-0.5766994842377573,-0.8169056212385433,0.0,-0.9999577424407927,-0.005635615242530367,-0.005787924909661851,0.0,-0.001265896832988553,0.8169330087260405,-0.5767311824056572,0.0,0.4644075628907698,0.23798769005432974,0.19292841039949646,1.0
2025-12-16 18:00:29.282,0.0079776151385546,-0.576702778923865,-0.8169033047670947,0.0,-0.999957750713556,-0.005634720090872628,-0.005787367155395436,0.0,-0.001265455106434312,0.8169306890204677,-0.5767344691969757,0.0,0.4642724089860722,0.23796139643915215,0.1918634096522804,1.0
2025-12-16 18:00:29.332,0.007976516120135266,-0.5767061004246309,-0.8169009706352472,0.0,-0.9999577600187607,-0.005633762440461652,-0.0057866916485734814,0.0,-0.0012650299866801636,0.8169283507950337,-0.5767377821561884,0.0,0.4642141641537134,0.2379719058181432,0.19072486323649865,1.0
2025-12-16 18:00:29.382,0.007975591666559523,-0.5767092546848558,-0.8168987528449377,0.0,-0.9999577679949508,-0.005632862503487674,-0.005786189400757478,0.0,-0.0012645537238475254,0.8169261302161392,-0.5767409285580164,0.0,0.464244766380389,0.23794760982127286,0.18963251104011672,1.0
2025-12-16 18:00:29.432,0.007974910104622878,-0.5767124115848351,-0.8168965308005876,0.0,-0.9999577743120863,-0.005631922276722301,-0.005786012918745952,0.0,-0.0012638566389188684,0.8169239080322181,-0.5767440776911058,0.0,0.4643439945123957,0.2378363323652453,0.18856393226903284,1.0
2025-12-16 18:00:29.483,0.007974493172420992,-0.5767154880019328,-0.8168943629739059,0.0,-0.9999577786102924,-0.00563107437607596,-0.005786095345615861,0.0,-0.0012630864327585675,0.8169217420114896,-0.5767471474065359,0.0,0.4644076057668197,0.2376475614437195,0.18756681895281432,1.0
2025-12-16 18:00:29.533,0.007974138245734754,-0.5767183477259102,-0.816892347507762,0.0,-0.9999577823332667,-0.005630312480058036,-0.005786193370478708,0.0,-0.0012623796035109854,0.8169197283609656,-0.5767500011377397,0.0,0.4644355135137293,0.23747626212774817,0.18665195942217852,1.0
2025-12-16 18:00:29.582,0.007973808017046608,-0.576721171516985,-0.8168903571538788,0.0,-0.9999577857097599,-0.005629660988811721,-0.005786243755108304,0.0,-0.0012617907920595634,0.8169177393020304,-0.5767528197570059,0.0,0.4643811089478489,0.23729098567042534,0.18576970451146252,1.0
2025-12-16 18:00:29.632,0.007973409426386854,-0.5767237848865834,-0.8168885160102458,0.0,-0.9999577894215784,-0.005629104151981367,-0.005786144032476743,0.0,-0.0012613679361117042,0.8169158981313414,-0.5767554285233852,0.0,0.46419724952262087,0.23711768658516003,0.1849296799056386,1.0
2025-12-16 18:00:29.682,0.007972958747849338,-0.5767265908073539,-0.8168865394200963,0.0,-0.9999577935982251,-0.005628486336898713,-0.005786023239921514,0.0,-0.0012609055447695878,0.8169139214276486,-0.5767582293256931,0.0,0.4639457186948447,0.23691923702522705,0.18401834503869485,1.0
2025-12-16 18:00:29.732,0.00797253247024864,-0.5767293107787133,-0.8168846232583458,0.0,-0.9999577975754324,-0.005627884888525518,-0.005785920927602459,0.0,-0.0012604467056131295,0.8169120052766595,-0.5767609443339322,0.0,0.46374641538054,0.23673478534596365,0.18312690747933957,1.0
2025-12-16 18:00:29.782,0.007972161616655555,-0.5767319837822301,-0.8168827397019598,0.0,-0.9999578009558011,-0.005627415291918938,-0.005785793461500597,0.0,-0.0012601105413307873,0.816910121362948,-0.5767636133947748,0.0,0.46363031880622974,0.23656490071788663,0.18221884891418458,1.0
2025-12-16 18:00:29.838,0.007971908413473163,-0.5767344370206368,-0.8168810101428141,0.0,-0.9999578033151183,-0.005627065734767945,-0.005785725678603043,0.0,-0.0012598401553791337,0.8169083917654291,-0.5767660637260161,0.0,0.4636815735327178,0.23645527489400847,0.18140488530485765,1.0
2025-12-16 18:00:29.882,0.00797182757135423,-0.5767361266319874,-0.8168798180295025,0.0,-0.9999578041801473,-0.005626888059759205,-0.005785748973915828,0.0,-0.0012596650939036857,0.8169072001040782,-0.5767677519261689,0.0,0.4638067298939775,0.23638713732591368,0.18087479642997972,1.0
2025-12-16 18:00:29.933,0.007971862494387676,-0.5767378524813763,-0.8168785991962022,0.0,-0.9999578041370094,-0.005626767837769986,-0.005785873347953951,0.0,-0.0012594783087517577,0.8169059824570738,-0.5767694769491818,0.0,0.4639685354852001,0.23628005684375594,0.18036750109447172,1.0
2025-12-16 18:00:29.983,0.007971909405996855,-0.5767393699807859,-0.8168775273416432,0.0,-0.9999578039286294,-0.005626698223720758,-0.005785977060109587,0.0,-0.0012593468140483172,0.8169049115551126,-0.5767709940025899,0.0,0.4640950018226874,0.2361699363871471,0.1799253448084439,1.0
2025-12-16 18:00:30.032,0.00797194655005472,-0.5767407600017525,-0.8168765455820189,0.0,-0.9999578037997244,-0.005626621019127034,-0.005786074415957993,0.0,-0.0012592140290895461,0.816903930703761,-0.5767723835108384,0.0,0.46422274230960525,0.23607477411525069,0.1795165771192248,1.0
2025-12-16 18:00:30.082,0.007971904662865108,-0.576741937295508,-0.8168757147827806,0.0,-0.999957804227669,-0.0056265442080775385,-0.00578607515171646,0.0,-0.0012591393717266166,0.8169031000366669,-0.576773560176371,0.0,0.46434042131164976,0.23604321998624905,0.1791445468558516,1.0
2025-12-16 18:00:30.133,0.00797177903878371,-0.5767430001250604,-0.8168749656140221,0.0,-0.9999578052805854,-0.0056264459153854696,-0.0057859887663105425,0.0,-0.0012590985354362855,0.8169023503296714,-0.5767746220983868,0.0,0.4644634627867923,0.2360746667521379,0.178778878387017,1.0
2025-12-16 18:00:30.182,0.007971637211203074,-0.5767437998792575,-0.8168744023423774,0.0,-0.9999578064440356,-0.005626348495853345,-0.005785882425726843,0.0,-0.0012590724900986765,0.8169017863530065,-0.5767754209306527,0.0,0.4646520381933847,0.23615585800613828,0.17846737911829208,1.0
2025-12-16 18:00:30.232,0.007971481074289619,-0.5767444875247434,-0.8168739183622599,0.0,-0.999957807754795,-0.005626220448786764,-0.00578578040494232,0.0,-0.0012590200290281722,0.8169013017380581,-0.5767761074171093,0.0,0.4649169287867702,0.23626714017658526,0.17816184121311845,1.0
2025-12-16 18:00:30.282,0.007971319924552083,-0.5767452939980869,-0.8168733505329507,0.0,-0.9999578090961752,-0.005626096394611472,-0.005785669204539913,0.0,-0.0012589749651087789,0.8169007331987075,-0.5767769127500261,0.0,0.46510787043577884,0.23632445160576437,0.1778214754329155,1.0
2025-12-16 18:00:30.332,0.007970998281750524,-0.5767464345049169,-0.816872548426905,0.0,-0.9999578116032927,-0.0056259558368801565,-0.0057853725622326845,0.0,-0.001259020124297959,0.8168999289335601,-0.5767780517466585,0.0,0.46512256519196643,0.23635543892548358,0.17737332044514006,1.0
2025-12-16 18:00:30.382,0.007970419307710433,-0.5767478832919494,-0.8168715311696958,0.0,-0.9999578161010416,-0.005625708230585392,-0.005784835913638511,0.0,-0.0012591132696819812,0.8168989077467947,-0.5767794978636702,0.0,0.46506973154969833,0.23643718495441213,0.17679640329246452,1.0
2025-12-16 18:00:30.432,0.007969713672951267,-0.5767497273099343,-0.8168702360920589,0.0,-0.9999578216008055,-0.005625394994817656,-0.005784189807819348,0.0,-0.0012592120868936995,0.8168976079600977,-0.5767813385451984,0.0,0.4650272666809043,0.23652989272804836,0.1760842495600774,1.0
2025-12-16 18:00:30.482,0.007968894605910593,-0.5767515698096364,-0.8168689431861688,0.0,-0.9999578278782442,-0.0056250979114899485,-0.005783393443145547,0.0,-0.001259410786676889,0.8168963091277934,-0.5767831776481167,0.0,0.46503463137593964,0.23667583180369456,0.17532465838462305,1.0
2025-12-16 18:00:30.532,0.00796813665263888,-0.5767535582944273,-0.8168675466036155,0.0,-0.9999578336803799,-0.005624829075204673,-0.005782651669000656,0.0,-0.0012595996514502851,0.8168949070226186,-0.5767851630279905,0.0,0.4651092856798443,0.2368071525707661,0.17451668300197426,1.0
2025-12-16 18:00:30.582,0.00796742576456598,-0.5767556074330529,-0.8168661067288964,0.0,-0.9999578391759938,-0.005624543010110266,-0.00578197955833258,0.0,-0.001259733672243327,0.8168934622041671,-0.5767872090114029,0.0,0.4652167863713684,0.23691012062094016,0.17368711293654993,1.0
2025-12-16 18:00:30.632,0.007966903496055808,-0.5767575530631837,-0.8168647380897659,0.0,-0.9999578434176725,-0.005624203320634583,-0.00578157640215652,0.0,-0.0012596697664646037,0.816892090829562,-0.5767891513995266,0.0,0.46529240308498615,0.23690468923308816,0.17293014890705152,1.0
2025-12-16 18:00:30.682,0.007966604888337166,-0.5767593755559869,-0.816863454205187,0.0,-0.9999578461046209,-0.005623844275502864,-0.005781460938217805,0.0,-0.0012594253081112882,0.8168908065229714,-0.5767909708604516,0.0,0.4653304190350224,0.23679895578208324,0.17225999830834343,1.0
2025-12-16 18:00:30.732,0.007966407524977228,-0.5767610308600348,-0.8168622873738413,0.0,-0.9999578479150791,-0.005623587701768007,-0.005781397375401087,0.0,-0.0012592362474656991,0.8168896395498239,-0.5767926240168402,0.0,0.4653506127360293,0.2366851313828324,0.17168325202391263,1.0
2025-12-16 18:00:30.782,0.007966197932716686,-0.5767625454293124,-0.8168612200255349,0.0,-0.9999578497177388,-0.00562339129571595,-0.005781276625441355,0.0,-0.0012591306943466362,0.8168885715248139,-0.5767941368478388,0.0,0.46528030324238545,0.2365783200180289,0.1711766783219732,1.0
2025-12-16 18:00:30.832,0.007965935648120061,-0.5767638755803244,-0.8168602833998128,0.0,-0.9999578518798166,-0.005623202306280738,-0.005781086483859339,0.0,-0.00125907302508445,0.816887633655634,-0.5767954652349618,0.0,0.4651779271874883,0.23651208116240327,0.17071731588397465,1.0
2025-12-16 18:00:30.882,0.007965790144549222,-0.5767647639787403,-0.8168596575429155,0.0,-0.9999578530742,-0.005623101777448128,-0.0057809776720875615,0.0,-0.0012590450101650863,0.8168870070807551,-0.5767963526829105,0.0,0.4651189663582009,0.2364531549951366,0.1704037331936438,1.0
2025-12-16 18:00:30.932,0.007965635834197333,-0.5767654287058287,-0.8168591896996364,0.0,-0.9999578542184133,-0.005623072638498122,-0.005780808093740307,0.0,-0.0012591125424716637,0.8168865379399591,-0.5767970169549016,0.0,0.464969161236065,0.2364009286156748,0.17017916527532775,1.0
2025-12-16 18:00:30.982,0.007965454202980124,-0.5767658373855115,-0.8168589029113524,0.0,-0.9999578555171418,-0.0056230668557880545,-0.005780589061892237,0.0,-0.0012592301760353409,0.8168862494244217,-0.5767974253068969,0.0,0.46479511781280974,0.23639326405138816,0.17003711845608604,1.0
2025-12-16 18:00:31.032,0.007965407632714128,-0.5767658010807732,-0.8168589289994369,0.0,-0.9999578557994957,-0.005623097219741794,-0.005780510681644965,0.0,-0.0012593005440607555,0.8168862748490051,-0.576797389145838,0.0,0.46464879697512124,0.2363818666776173,0.1700760961230694,1.0
2025-12-16 18:00:31.083,0.007965364063869766,-0.5767655212351851,-0.8168591270169195,0.0,-0.9999578559768951,-0.005623180155901402,-0.005780399314393426,0.0,-0.0012594352577261097,0.8168864718679151,-0.5767971098246087,0.0,0.46431626900807027,0.23635399706137727,0.1702627860687134,1.0
2025-12-16 18:00:31.132,0.007965205055298632,-0.5767652482202708,-0.8168593213369391,0.0,-0.9999578569437644,-0.00562328089527757,-0.005780134048185127,0.0,-0.0012596732193683971,0.8168866639412067,-0.5767968372818858,0.0,0.46388308100250336,0.23638375934039224,0.17045498944634832,1.0
2025-12-16 18:00:31.182,0.007964939785666671,-0.5767652057713508,-0.8168593538957306,0.0,-0.9999578586830351,-0.005623369899029566,-0.005779746553866267,0.0,-0.0012599698503150748,0.8168866933002679,-0.576796795054316,0.0,0.46340062818342376,0.2364342545226982,0.17055659057835001,1.0
2025-12-16 18:00:31.233,0.007964613806136396,-0.5767654092600834,-0.8168592133955374,0.0,-0.9999578608977844,-0.005623430754192793,-0.005779304152608319,0.0,-0.0012602727617924327,0.8168865492047254,-0.5767969984673651,0.0,0.46289172925216837,0.23646866945268258,0.17057082126661163,1.0
2025-12-16 18:00:31.282,0.007964196464298244,-0.5767659597939351,-0.8168588287451309,0.0,-0.9999578638245407,-0.005623451380692954,-0.005778777659574741,0.0,-0.001260587935301723,0.8168861603487485,-0.5767975484940415,0.0,0.4623219556914619,0.23648649342188424,0.17048258949585518,1.0
2025-12-16 18:00:31.332,0.007963791649970112,-0.5767668126869838,-0.8168582304822923,0.0,-0.9999578666988649,-0.005623450525041563,-0.0057782810986925365,0.0,-0.0012608653485530186,0.8168855581536004,-0.5767984007421079,0.0,0.4618379984254576,0.23647576327318354,0.170271484202709,1.0
2025-12-16 18:00:31.382,0.007963369445202841,-0.5767680678237267,-0.8168573483706764,0.0,-0.9999578697678055,-0.005623405972168853,-0.005777793342811737,0.0,-0.0012610980686650897,0.8168846722451829,-0.5767996548911425,0.0,0.46142394612753634,0.23643181498573046,0.16990006092269308,1.0
2025-12-16 18:00:31.432,0.007962958331430136,-0.5767696390054109,-0.8168562429934585,0.0,-0.9999578728881374,-0.005623279414004154,-0.005777376469643853,0.0,-0.0012612198370212284,0.8168835637471811,-0.5768012245169281,0.0,0.461152207014849,0.23636031979340985,0.16937717869634777,1.0
2025-12-16 18:00:31.483,0.007962581740203138,-0.5767713958396411,-0.8168550061880206,0.0,-0.9999578758239602,-0.005623115420627275,-0.005777027939031265,0.0,-0.001261269796864713,0.8168823244172138,-0.5768029795807486,0.0,0.46098374559242306,0.2362556628117279,0.16876646493636657,1.0
2025-12-16 18:00:31.532,0.007962136918418263,-0.5767733323217863,-0.8168536431940076,0.0,-0.9999578793120352,-0.005622907437921149,-0.0057766266047076156,0.0,-0.0012613125338075569,0.8168809585383388,-0.5768049138731197,0.0,0.4608094359214787,0.23616193314517736,0.16809651462827718,1.0
2025-12-16 18:00:31.582,0.007961677434692635,-0.5767752676621983,-0.8168522811419663,0.0,-0.9999578829536357,-0.0056226670342423134,-0.0057762302164451294,0.0,-0.0012613259482869932,0.8168795936818585,-0.5768068467719624,0.0,0.46061512679899014,0.23606575736410537,0.16743423308545727,1.0
2025-12-16 18:00:31.632,0.007961184491063273,-0.576777178304376,-0.8168509368483026,0.0,-0.9999578868986353,-0.005622383049225746,-0.005775823687757388,0.0,-0.0012613098561950965,0.8168782465575471,-0.5768087546132722,0.0,0.46040098559479475,0.2359847497628679,0.16679798428738982,1.0
2025-12-16 18:00:31.682,0.007960716899268463,-0.5767790816881411,-0.8168495974257701,0.0,-0.999957890734514,-0.005622053434709145,-0.005775480427389798,0.0,-0.001261220070025245,0.8168769048655999,-0.5768106549129729,0.0,0.4602309473200589,0.23590008516402314,0.16616935225190654,1.0
2025-12-16 18:00:31.732,0.007960323767670004,-0.5767808472592837,-0.8168483545809373,0.0,-0.9999578940000674,-0.005621751124471955,-0.0057752092994598995,0.0,-0.0012611123233664985,0.8168756602878123,-0.5768124177105225,0.0,0.4601216058511555,0.23581345526176203,0.1655796266129309,1.0
2025-12-16 18:00:31.782,0.007960015877687155,-0.5767823922725788,-0.8168472666372558,0.0,-0.9999578965482142,-0.005621521488682562,-0.005774991621760676,0.0,-0.0012610352582560456,0.8168745709395662,-0.5768139605994094,0.0,0.4600545799944363,0.23574213412387163,0.16507235411973506,1.0
2025-12-16 18:00:31.835,0.007959727200582526,-0.5767837086378851,-0.8168463399526424,0.0,-0.9999578988750641,-0.005621345538211395,-0.005774759987688791,0.0,-0.0012610123246992815,0.8168736426659241,-0.5768152752533702,0.0,0.45997015716108325,0.2356912585215906,0.16464441415466313,1.0
2025-12-16 18:00:31.883,0.007959492813460456,-0.5767847730087048,-0.816845590672226,0.0,-0.9999579007452216,-0.00562121497491883,-0.005774563240919257,0.0,-0.0012610087966721235,0.8168728920106967,-0.576816338321736,0.0,0.4599001415553512,0.23564813334017026,0.1642926244613983,1.0
2025-12-16 18:00:31.932,0.00795931352033642,-0.5767856339878528,-0.8168449844705687,0.0,-0.9999579021447708,-0.005621135500320474,-0.005774398247766964,0.0,-0.001261030664977699,0.8168722846175093,-0.5768171984480289,0.0,0.4598450394859693,0.23560724462863372,0.16399927523928898,1.0
2025-12-16 18:00:31.982,0.007959094797392078,-0.5767865378361668,-0.8168443483811236,0.0,-0.9999579038228811,-0.005621056414674627,-0.005774184630001604,0.0,-0.0012610804824001783,0.8168716469501222,-0.5768181013846669,0.0,0.45977102503982464,0.2355787738679434,0.16368845380662547,1.0
2025-12-16 18:00:32.032,0.007958855574752127,-0.5767875464902992,-0.8168436384846549,0.0,-0.999957905694986,-0.0056209462393088105,-0.005773967672298755,0.0,-0.001261105810818835,0.8168709354910059,-0.576819108873989,0.0,0.4597272761037845,0.23554909844605562,0.16332807486356538,1.0
2025-12-16 18:00:32.082,0.007958582646559777,-0.57678878248578,-0.8168427683844901,0.0,-0.9999579078781565,-0.005620790463111218,-0.005773741223701112,0.0,-0.0012610971516184783,0.8168700638159037,-0.5768203433265645,0.0,0.45968469754908114,0.23549969030768222,0.1628902187566672,1.0
2025-12-16 18:00:32.133,0.007958295019640118,-0.5767902452282903,-0.8168417383135348,0.0,-0.9999579102274772,-0.005620595912447861,-0.005773523732859193,0.0,-0.001261049444884202,0.8168690322959297,-0.5768218042257147,0.0,0.4596571486811502,0.23544375187431577,0.16239522021921143,1.0
2025-12-16 18:00:32.182,0.007957994997622772,-0.5767918576030251,-0.8168406027002316,0.0,-0.9999579127393394,-0.005620353820313922,-0.005773324356574205,0.0,-0.001260950999014775,0.8168678954415077,-0.5768234143995371,0.0,0.45964346574861825,0.2353836759852513,0.1618603817482959,1.0
2025-12-16 18:00:32.233,0.007957655477765814,-0.5767937086233198,-0.8168392989524086,0.0,-0.999957915590002,-0.005620074707612362,-0.005773102319188362,0.0,-0.0012608330622232513,0.8168665903249062,-0.5768252628924563,0.0,0.45964372728343333,0.23531947759806562,0.1612447284340363,1.0
2025-12-16 18:00:32.283,0.007957255663718623,-0.5767954400126467,-0.8168380802607871,0.0,-0.9999579188843561,-0.0056197832779871955,-0.005772815394961834,0.0,-0.001260743661646086,0.8168653697607298,-0.5768269915764048,0.0,0.45964726029656267,0.2352966322455867,0.160642936940438,1.0
2025-12-16 18:00:32.332,0.00795686132760983,-0.5767972609810358,-0.8168367982551938,0.0,-0.9999579221633728,-0.005619477225184728,-0.00577254533407267,0.0,-0.0012606317179728065,0.8168640860375244,-0.5768288097431955,0.0,0.4596851702584751,0.23525640583760737,0.15998327925644446,1.0
2025-12-16 18:00:32.382,0.007956570446410793,-0.5767989745910721,-0.8168355910454852,0.0,-0.9999579246157876,-0.005619232203515974,-0.005772359027157668,0.0,-0.0012605223593061107,0.8168628776970788,-0.5768305211444945,0.0,0.45976282345455377,0.23519108311834275,0.15935136177899425,1.0
2025-12-16 18:00:32.433,0.007956274892589923,-0.5768007359990476,-0.8168343501236948,0.0,-0.9999579270693314,-0.00561900812353763,-0.005772152122193397,0.0,-0.0012604415239551936,0.8168616354554868,-0.5768322804838093,0.0,0.45984144038644764,0.23513143772077325,0.1586960067538323,1.0
2025-12-16 18:00:32.483,0.007956026514782819,-0.5768024304454211,-0.8168331560212031,0.0,-0.9999579290607634,-0.0056188669540903225,-0.005771944548347684,0.0,-0.0012604294506624945,0.8168604399217474,-0.5768339735213669,0.0,0.45989796975355285,0.23506074444733777,0.1580793169902291,1.0
2025-12-16 18:00:32.532,0.007955758248527756,-0.5768041377844861,-0.8168319530029384,0.0,-0.9999579311561012,-0.005618749571415964,-0.005771695805576796,0.0,-0.0012604604309331918,0.8168592351150818,-0.5768356795888285,0.0,0.45996177448681247,0.23501613484566722,0.15746513928504857,1.0
2025-12-16 18:00:32.583,0.007955582580817895,-0.5768058525071278,-0.8168307438634602,0.0,-0.9999579325358997,-0.005618671895160909,-0.005771532367757051,0.0,-0.0012604745640336747,0.8168580248160866,-0.5768373934632142,0.0,0.45999913278452176,0.23491903956195642,0.15688746294450395,1.0
2025-12-16 18:00:32.635,0.007955504235581326,-0.5768074309151037,-0.8168296300298393,0.0,-0.9999579330971267,-0.005618678081980813,-0.005771429107412263,0.0,-0.0012605238117955116,0.8168569101926287,-0.5768389717679205,0.0,0.46001067966937104,0.23479762614838665,0.15639243185987933,1.0
2025-12-16 18:00:32.682,0.007955551659523283,-0.5768088156761483,-0.8168286517117774,0.0,-0.9999579327275623,-0.005618710211970765,-0.005771461858359757,0.0,-0.0012605176764340894,0.816855932129276,-0.5768403568062824,0.0,0.46005332880377636,0.23464857330248023,0.15598714642651634,1.0
2025-12-16 18:00:32.732,0.007955516819365351,-0.5768097976903735,-0.8168279585945474,0.0,-0.9999579329171709,-0.0056187538019423534,-0.005771386569971639,0.0,-0.0012605871482765424,0.8168552383826877,-0.5768413390585007,0.0,0.46009821031388975,0.2346130076107772,0.15568536789779142,1.0
2025-12-16 18:00:32.783,0.007955616960312757,-0.5768103570187842,-0.8168275626445596,0.0,-0.9999579321611378,-0.005618789162934678,-0.0057714831345208545,0.0,-0.0012605548792104196,0.8168548431703812,-0.5768418987820567,0.0,0.46010637789430625,0.2344867369515489,0.15554768781455805,1.0
2025-12-16 18:00:32.832,0.007955777353531835,-0.5768104714071807,-0.8168274803059306,0.0,-0.9999579310604997,-0.005618768794474498,-0.005771693655043506,0.0,-0.0012604156857363717,0.8168547625351932,-0.5768420132721545,0.0,0.4601399783550019,0.234327218025019,0.15558237136482747,1.0
2025-12-16 18:00:32.882,0.007955851755954388,-0.5768105371410783,-0.8168274331626395,0.0,-0.9999579305862023,-0.005618735923743091,-0.005771807826596266,0.0,-0.0012603223345860762,0.816854716343337,-0.5768420788875058,0.0,0.46016040302780586,0.23419216640444596,0.1556364716537182,1.0
2025-12-16 18:00:32.932,0.007955884632139257,-0.5768106835990237,-0.8168273294197222,0.0,-0.9999579303827195,-0.005618718275548394,-0.005771860259618887,0.0,-0.00126027624601226,0.8168546130434912,-0.5768422252690525,0.0,0.4601799126790016,0.23408274529058473,0.15564599810167787,1.0
2025-12-16 18:00:32.982,0.007955892515233721,-0.5768108069458624,-0.816827242240339,0.0,-0.999957930283274,-0.005618747498695749,-0.0057718490404538286,0.0,-0.0012603053863946955,0.8168545257411062,-0.5768423488325086,0.0,0.4601727664889527,0.2340493369739239,0.15559328550791326,1.0
2025-12-16 18:00:33.032,0.007955898458029577,-0.5768110843237745,-0.8168270463091714,0.0,-0.9999579301202435,-0.00561882790507449,-0.005771799010679525,0.0,-0.0012603972221249154,0.8168543293175011,-0.5768426267831614,0.0,0.4601576686516607,0.23404485762268465,0.15544660744486227,1.0
2025-12-16 18:00:33.082,0.007955901879176903,-0.5768116250299802,-0.816826664450158,0.0,-0.9999579299642708,-0.005618917140089528,-0.005771739161808947,0.0,-0.0012604993687078097,0.8168539468833812,-0.5768431681162428,0.0,0.46015960751432683,0.2340319410292868,0.1552262723869128,1.0
2025-12-16 18:00:33.132,0.007955859185140978,-0.5768124400507137,-0.8168260893290421,0.0,-0.9999579301667383,-0.00561898718698441,-0.0057716358905797295,0.0,-0.0012606082194193645,0.8168533708727213,-0.5768439835525629,0.0,0.46015979110473987,0.2340272255029242,0.15494580295945473,1.0
2025-12-16 18:00:33.182,0.007955784801958367,-0.5768135424179616,-0.8168253116013457,0.0,-0.9999579306017645,-0.005619053650633374,-0.005771495812707649,0.0,-0.0012607325773139062,0.8168525919743462,-0.5768450862564064,0.0,0.4601492368421221,0.23400660338605103,0.1546171805541686,1.0
2025-12-16 18:00:33.232,0.007955695372649675,-0.5768150586094482,-0.8168242417887246,0.0,-0.9999579310476928,-0.005619184832328616,-0.0057712908301549085,0.0,-0.0012609432087537153,0.8168515204034257,-0.5768466032116653,0.0,0.4601509772551364,0.2339783503217507,0.15417959245390328,1.0
2025-12-16 18:00:33.282,0.007955601258015173,-0.5768168827014966,-0.8168229545870754,0.0,-0.9999579314699195,-0.005619354946198357,-0.005771052035490091,0.0,-0.0012612021470572387,0.8168502311330718,-0.5768484283301735,0.0,0.46017799187026803,0.23394689469782884,0.15366564285769008,1.0
2025-12-16 18:00:33.332,0.007955564501733486,-0.5768190545055184,-0.8168214212751934,0.0,-0.999957931308252,-0.005619643152019734,-0.005770799405061427,0.0,-0.0012615621389041735,0.8168486955021346,-0.5768506020777224,0.0,0.46027189458786,0.2339030434140387,0.15307821010937972,1.0
2025-12-16 18:00:33.382,0.007955647030682945,-0.57682134495522,-0.8168198030077275,0.0,-0.9999579301770868,-0.005620014176469799,-0.005770634091786219,0.0,-0.0012619382506779337,0.8168470755086829,-0.5768528952382608,0.0,0.460422022499397,0.23382192745033753,0.15249179617993663,1.0
2025-12-16 18:00:33.432,0.007955878442617172,-0.5768235036371154,-0.8168182763327575,0.0,-0.9999579278974705,-0.005620446712287228,-0.005770607850081984,0.0,-0.0012622856604610027,0.8168455481331189,-0.5768550572977719,0.0,0.46058120615724596,0.23367196052196093,0.15198950179989784,1.0
2025-12-16 18:00:33.483,0.007956248054366472,-0.5768255094585741,-0.8168168562511197,0.0,-0.9999579247113173,-0.005620832881744984,-0.00577078382536387,0.0,-0.0012624800305917909,0.8168441290143881,-0.5768570663855113,0.0,0.460701162333795,0.2333903281330671,0.15158041331967595,1.0
2025-12-16 18:00:33.532,0.007956516730573852,-0.5768266957249043,-0.8168160159067726,0.0,-0.9999579225503133,-0.005621011285338486,-0.005770984508738159,0.0,-0.0012624984252089261,0.8168432900713164,-0.5768582543079307,0.0,0.4607423678669176,0.23303796546046635,0.15133255760040742,1.0
2025-12-16 18:00:33.582,0.007956612219820762,-0.5768274734125683,-0.8168154657813871,0.0,-0.9999579217231259,-0.0056211154670172785,-0.0057710263629490504,0.0,-0.0012625518004999643,0.816842740166917,-0.5768590328663958,0.0,0.4608061260113521,0.2325751506520502,0.15119971802805113,1.0
2025-12-16 18:00:33.632,0.007956591062208133,-0.5768281788393965,-0.8168149678211721,0.0,-0.999957921621042,-0.005621283195004863,-0.0057708806759660496,0.0,-0.001262765973582663,0.8168422408533852,-0.5768597394338734,0.0,0.46086097587292985,0.23224980971706577,0.15106850680906028,1.0
2025-12-16 18:00:33.684,0.007956682961422648,-0.5768289543428704,-0.8168144192710916,0.0,-0.9999579203996831,-0.0056216586834492415,-0.005770726539748955,0.0,-0.0012631540367693504,0.8168416906220959,-0.5768605177194185,0.0,0.46086333362914655,0.2321098596470387,0.15084259268749323,1.0
2025-12-16 18:00:33.732,0.007956822547078779,-0.5768297393877215,-0.8168138635172987,0.0,-0.9999579188460918,-0.005622031122606893,-0.00577063291656716,0.0,-0.0012635046070843662,0.8168411336725387,-0.5768613055983819,0.0,0.46085411316260855,0.23209118138742546,0.15060955781596577,1.0
2025-12-16 18:00:33.783,0.007956893704478944,-0.5768304751053474,-0.8168133432636389,0.0,-0.9999579178811484,-0.005622335112662451,-0.005770503954380889,0.0,-0.001263820135173523,0.816840612027035,-0.5768620435615129,0.0,0.4608097080107268,0.23206588983521556,0.15040314124595897,1.0
2025-12-16 18:00:33.832,0.007956968536053629,-0.5768312105680476,-0.8168128231532149,0.0,-0.9999579170007742,-0.005622567612968486,-0.00577042997692958,0.0,-0.0012640455530222173,0.8168400910525465,-0.5768627807703557,0.0,0.46079008163763197,0.2320137570475194,0.1502300221997458,1.0
2025-12-16 18:00:33.883,0.007957115269951512,-0.5768323919443684,-0.8168119874374565,0.0,-0.9999579154931453,-0.005622880304915123,-0.00577038654582563,0.0,-0.0012643145052805551,0.8168392546255357,-0.5768639645632502,0.0,0.46079576805130945,0.23193823498061567,0.14998233494056037,1.0
2025-12-16 18:00:33.932,0.007957258107291507,-0.5768339297946333,-0.8168109000143804,0.0,-0.9999579138499354,-0.005623300806233534,-0.005770261531001454,0.0,-0.0012647151074057356,0.8168381657145181,-0.5768655055798002,0.0,0.4607869751153372,0.23190666994478218,0.14966180472019233,1.0
2025-12-16 18:00:33.983,0.007957462901680607,-0.5768361909218666,-0.8168093012007936,0.0,-0.9999579114119768,-0.00562395682623211,-0.0057700446638171594,0.0,-0.0012653540218786816,0.8168365644020462,-0.5768677716210721,0.0,0.4607858958273951,0.2318601276114206,0.1492133612368148,1.0
2025-12-16 18:00:34.032,0.00795770300266166,-0.5768389557793274,-0.8168073462938152,0.0,-0.9999579083994622,-0.005624825888870565,-0.005769719603297732,0.0,-0.0012662244552919916,0.8168346058776541,-0.5768705429438449,0.0,0.46078801166657724,0.2318059072138941,0.14868826127567583,1.0
2025-12-16 18:00:34.082,0.00795800078044536,-0.5768421368870569,-0.8168050968476878,0.0,-0.9999579047980487,-0.005625814368156316,-0.005769380018715564,0.0,-0.0012671967487838593,0.8168323525568526,-0.5768737314428847,0.0,0.46080822734832144,0.23174690554750846,0.1480988430110911,1.0
2025-12-16 18:00:34.132,0.007958426905739455,-0.57684592568616,-0.8168024169661054,0.0,-0.9999578999355971,-0.005627034804589311,-0.005769032579794685,0.0,-0.0012683571097403543,0.8168296684581526,-0.5768775294607917,0.0,0.4609003548842982,0.23169653390874584,0.14744182981542317,1.0
2025-12-16 18:00:34.182,0.007959132247012985,-0.5768503526953341,-0.8167992836127804,0.0,-0.9999578927601561,-0.005628478149279589,-0.005768868311846536,0.0,-0.0012695876433165222,0.8168265320771685,-0.5768819676866337,0.0,0.461138558978064,0.23159319781348967,0.14673858023516856,1.0
2025-12-16 18:00:34.233,0.007960132314382582,-0.5768547352709785,-0.8167961787313864,0.0,-0.9999578835635505,-0.005629881034806506,-0.005769093503050087,0.0,-0.001270560872720819,0.8168234273167926,-0.5768863616532437,0.0,0.4615011966215309,0.2311878986165913,0.14613089620522277,1.0
2025-12-16 18:00:34.283,0.007960652296721608,-0.5768581648809487,-0.8167937515226249,0.0,-0.9999578784139753,-0.005630854444129404,-0.005769036077081573,0.0,-0.0012713556386767901,0.8168209985000318,-0.5768897988907857,0.0,0.4619509787774703,0.23049333304436995,0.14575562198417663,1.0
2025-12-16 18:00:34.332,0.007960330426752553,-0.5768602377203622,-0.8167922907189517,0.0,-0.9999578800143044,-0.005631301285295553,-0.005768322489296537,0.0,-0.0012721120862214772,0.8168195314995083,-0.5768918743506134,0.0,0.46227511914552916,0.22979450403182494,0.14559970188825463,1.0
2025-12-16 18:00:34.382,0.007959711213172864,-0.5768614437945149,-0.8167914449612698,0.0,-0.9999578840048396,-0.005631555075938956,-0.005767382872530874,0.0,-0.0012728497033922463,0.8168186779695498,-0.5768930812323106,0.0,0.46246351244557854,0.22917152274986824,0.14551147457170835,1.0
2025-12-16 18:00:34.433,0.007959368123523873,-0.5768621335388284,-0.8167909611701843,0.0,-0.999957885892238,-0.0056319031958837655,-0.00576671566201841,0.0,-0.0012735122433366816,0.8168181884417212,-0.5768937728883465,0.0,0.46251778744609506,0.22882077296822068,0.145403052882072,1.0
2025-12-16 18:00:34.483,0.007959462981918984,-0.5768626701344876,-0.8167905812725544,0.0,-0.9999578846442682,-0.005632277816885063,-0.005766566184661787,0.0,-0.0012738992316585517,0.8168178068906763,-0.5768943122679001,0.0,0.4625256247330332,0.22876731996614313,0.14529902133830405,1.0
2025-12-16 18:00:34.532,0.007959449865372746,-0.57686266635881,-0.8167905840669645,0.0,-0.9999578846426487,-0.0056323382030964006,-0.0057665074849078835,0.0,-0.0012739824553578843,0.8168178091408339,-0.5768943088981477,0.0,0.4625043494413744,0.22875807126371947,0.14528399329274128,1.0
2025-12-16 18:00:34.582,0.007959551108407275,-0.5768628947467705,-0.8167904217801145,0.0,-0.9999578837066827,-0.005632481628201733,-0.005766529698892427,0.0,-0.0012740845600972502,0.8168176468538384,-0.5768945384528197,0.0,0.4625109207752329,0.2287797330479845,0.1452433421065266,1.0
2025-12-16 18:00:34.632,0.007959665580284008,-0.5768632926116021,-0.8167901396701357,0.0,-0.9999578826214147,-0.005632662075218711,-0.005766541637070042,0.0,-0.0012742211800966872,0.816817364619,-0.5768949377635898,0.0,0.4625460406342439,0.22877417286791976,0.14518967638373348,1.0
2025-12-16 18:00:34.682,0.007959921643199717,-0.5768640170118577,-0.8167896255619224,0.0,-0.9999578803932067,-0.0056329366532785596,-0.0057666598125629695,0.0,-0.0012743702112050284,0.8168168511198413,-0.57689566448989,0.0,0.46262869745097984,0.2287996104212046,0.14510577395021718,1.0
2025-12-16 18:00:34.732,0.007960242969883092,-0.5768647293133202,-0.8167891193615023,0.0,-0.9999578776785519,-0.00563322753637148,-0.005766846394480117,0.0,-0.0012744932121962166,0.8168163460519366,-0.5768963793346383,0.0,0.46269974416508525,0.22888925006202004,0.14501809203652583,1.0
2025-12-16 18:00:34.783,0.00796061913289495,-0.5768655061253727,-0.8167885670642966,0.0,-0.9999578744278135,-0.005633614220133221,-0.005767032324873386,0.0,-0.0012746942071396093,0.81681579476161,-0.5768971594510042,0.0,0.4627376675490064,0.22908460234374362,0.1449017742130627,1.0
2025-12-16 18:00:34.832,0.007961092905336887,-0.5768669295612144,-0.8167875571282766,0.0,-0.9999578700258975,-0.005634301304357197,-0.005767124351885564,0.0,-0.0012751884325696004,0.8168147847181543,-0.5768985884540685,0.0,0.4628096303226918,0.2292882468708378,0.14468574408436394,1.0
2025-12-16 18:00:34.882,0.007961463196144936,-0.576868307156275,-0.8167865805726967,0.0,-0.9999578665172706,-0.0056348836363341,-0.00576716376064282,0.0,-0.0012756279013412752,0.8168138077683722,-0.5768999707162327,0.0,0.462929206413847,0.2293091281318273,0.14450067636365016,1.0
2025-12-16 18:00:34.932,0.007961725652368327,-0.5768694748261272,-0.8167857533280518,0.0,-0.9999578639914385,-0.00563532255527667,-0.005767172841710808,0.0,-0.001275969776501248,0.8168129800655116,-0.5769011418758223,0.0,0.4630694080459155,0.22920039655231655,0.14436296173595295,1.0
2025-12-16 18:00:34.982,0.007962010323112398,-0.5768706295295193,-0.8167849350220895,0.0,-0.9999578611550913,-0.005635859600557975,-0.00576713983755471,0.0,-0.0012764162039277033,0.8168121608405373,-0.5769023007968391,0.0,0.4631473400368668,0.2291675047823317,0.1442041032577297,1.0
2025-12-16 18:00:35.032,0.007962396537374659,-0.5768722717067426,-0.8167837714343327,0.0,-0.999957857124114,-0.005636705434108236,-0.005767012121333112,0.0,-0.0012771647289201722,0.8168109951973578,-0.5769039495227583,0.0,0.4631822483053971,0.22919760267298245,0.14395750288465237,1.0
2025-12-16 18:00:35.082,0.007962830058896827,-0.5768745595663457,-0.8167821513499154,0.0,-0.9999578520704437,-0.005637995477168692,-0.005766627339472741,0.0,-0.001278418082011013,0.8168093704583581,-0.5769062471308734,0.0,0.46317606138596096,0.22920154243375046,0.14359858762932248,1.0
2025-12-16 18:00:35.134,0.0079634275456188,-0.576878105538505,-0.8167796410741635,0.0,-0.9999578448589462,-0.005639931600317827,-0.005765984547626095,0.0,-0.00128033571622162,0.8168068526763869,-0.5769098076487773,0.0,0.46315765889559735,0.22919441544341157,0.143055883384525,1.0
2025-12-16 18:00:35.182,0.00796400644387573,-0.5768819486021393,-0.8167769211232457,0.0,-0.9999578376082693,-0.005641975777523912,-0.00576524208756591,0.0,-0.00128239620508076,0.8168041242903752,-0.5769136659866938,0.0,0.4631404534011941,0.22909791139200655,0.1424804943415191,1.0
2025-12-16 18:00:35.232,0.007964730683543812,-0.5768867378875088,-0.8167735314123835,0.0,-0.9999578286412942,-0.005644462763539536,-0.005764362957626448,0.0,-0.0012848879797524655,0.8168007245063706,-0.5769184738840901,0.0,0.46314131482201953,0.2289252435279681,0.14180289278865368,1.0
2025-12-16 18:00:35.282,0.007965454486862164,-0.5768917958071168,-0.8167699519243261,0.0,-0.9999578193891325,-0.005647130242166079,-0.005763355252571987,0.0,-0.0012875987251391543,0.8167971336886796,-0.5769235516838264,0.0,0.4630979421861326,0.22870298163157615,0.14110282568834104,1.0
2025-12-16 18:00:35.332,0.007966181615773046,-0.5768963268017138,-0.8167667445325888,0.0,-0.9999578106202197,-0.005649468197737477,-0.005762585349318153,0.0,-0.0012899082620345791,0.8167939172656622,-0.5769281002468939,0.0,0.46311500591257665,0.22845517379884056,0.14050983214423018,1.0
2025-12-16 18:00:35.382,0.007966771931880905,-0.5768998560522837,-0.8167642459933272,0.0,-0.9999578036361945,-0.005651277122701873,-0.005762023530734188,0.0,-0.0012916754213269743,0.8167914120051426,-0.5769316431339601,0.0,0.4631631603428829,0.22814459772009127,0.14004552278449445,1.0
2025-12-16 18:00:35.432,0.007967122421026103,-0.5769023468910389,-0.8167624832306808,0.0,-0.9999577990966612,-0.005652601106244383,-0.005761512622884056,0.0,-0.0012930272572461113,0.8167896435241707,-0.5769341438259398,0.0,0.46318881174328397,0.2277907007969292,0.13968190221131166,1.0
2025-12-16 18:00:35.482,0.007967325632700858,-0.5769041205253705,-0.8167612284776498,0.0,-0.9999577960978095,-0.005653602075160547,-0.0057610509454135,0.0,-0.001294093862583283,0.8167883838429648,-0.576935924813382,0.0,0.46322883907476314,0.22746751380011573,0.13941925392297416,1.0
2025-12-16 18:00:35.532,0.007967699245791784,-0.5769063122995384,-0.8167596767096699,0.0,-0.9999577916075629,-0.005654787843671971,-0.005760666539318798,0.0,-0.0012952627392951181,0.8167868275326313,-0.5769381255070736,0.0,0.4632574055713156,0.22727521966961747,0.13911703350593488,1.0
2025-12-16 18:00:35.582,0.007968544216004642,-0.5769102721897964,-0.8167568714410556,0.0,-0.9999577827498525,-0.005656642211023814,-0.005760383503155627,0.0,-0.0012969019497954442,0.8167840177059348,-0.5769420997513389,0.0,0.46331835723524484,0.22719107907760877,0.13863636414448507,1.0
2025-12-16 18:00:35.632,0.007969485990099796,-0.5769153754732955,-0.816753257561161,0.0,-0.9999577723950822,-0.0056590146299484315,-0.0057598508046308615,0.0,-0.0012990971556188218,0.8167803966312454,-0.576947221178407,0.0,0.46330745246643945,0.22720532491955234,0.13803303164134176,1.0
2025-12-16 18:00:35.682,0.0079703932167499,-0.576920688903594,-0.8167494955297991,0.0,-0.9999577619177912,-0.005661614722394826,-0.005759114541753324,0.0,-0.0013015936992091845,0.8167766254860023,-0.5769525543002135,0.0,0.46327618896502293,0.22723703401116263,0.13740160146448235,1.0
2025-12-16 18:00:35.732,0.007971155142384168,-0.5769249003658619,-0.8167465132614553,0.0,-0.9999577534602329,-0.00566357909686183,-0.005758651559721867,0.0,-0.0013034240975610587,0.8167736370759215,-0.5769567807586566,0.0,0.46329035397582713,0.22726284521131462,0.13688974481637095,1.0
2025-12-16 18:00:35.782,0.007971522293424715,-0.5769287386210866,-0.8167437984378062,0.0,-0.9999577489732266,-0.005664795228260237,-0.005758234506134424,0.0,-0.0013046205197808284,0.8167709174396115,-0.5769606281109264,0.0,0.4632725351224429,0.2275016141088977,0.13631706146157405,1.0
2025-12-16 18:00:35.832,0.007968167342523832,-0.5769317132102492,-0.8167417299873301,0.0,-0.9999577731721406,-0.00566446981902589,-0.0057543510052407544,0.0,-0.0013065664510384114,0.8167688185374029,-0.576963594994627,0.0,0.46310675055089223,0.22880779052809663,0.1350206599638655,1.0
2025-12-16 18:00:35.882,0.007960772167709169,-0.5769335929099506,-0.8167404743121998,0.0,-0.9999578266252926,-0.005663616314525922,-0.005745896124262504,0.0,-0.0013107294151930818,0.8167674966853863,-0.5769654568054203,0.0,0.462569241199124,0.23076916154444146,0.13307212060531373,1.0
2025-12-16 18:00:35.932,0.007954817670728103,-0.5769355107846155,-0.8167391775669443,0.0,-0.9999578702467851,-0.00566253772280204,-0.005739364011831849,0.0,-0.0013135987857651574,0.8167661494205768,-0.5769673574985972,0.0,0.46199716587709416,0.23229594862795597,0.13140776913956875,1.0
2025-12-16 18:00:35.982,0.00795039245139708,-0.5769368153688573,-0.8167382991100137,0.0,-0.9999579021620723,-0.005662029921208382,-0.005734302224962859,0.0,-0.0013160919621737065,0.8167652314082816,-0.5769686513706991,0.0,0.4614460857877053,0.23350875127194465,0.13026980914737213,1.0
2025-12-16 18:00:36.033,0.007947631835455923,-0.5769375956403356,-0.8167377748005568,0.0,-0.9999579219584539,-0.005661775180683787,-0.0057311007269335796,0.0,-0.001317723558984985,0.8167646820042382,-0.5769694253902348,0.0,0.46108531061419156,0.23437118046115663,0.12952862411482263,1.0
2025-12-16 18:00:36.082,0.007946415609508524,-0.5769376822021411,-0.8167377254880482,0.0,-0.9999579308209526,-0.00566157180830508,-0.005729755155887582,0.0,-0.0013183330041743894,0.8167646222682114,-0.5769695085610295,0.0,0.4610792627903988,0.23482962287830503,0.12911096156202592,1.0
2025-12-16 18:00:36.132,0.007946124490824897,-0.5769374363683587,-0.8167379019755914,0.0,-0.999957932982063,-0.005661496456787372,-0.005729452444850428,0.0,-0.0013184485170518647,0.8167647964433258,-0.5769692617327205,0.0,0.461151248228713,0.23499706498061596,0.12904294506807779,1.0
2025-12-16 18:00:36.183,0.007946327893472495,-0.5769372958546639,-0.8167379992544279,0.0,-0.9999579315484909,-0.005661499598931061,-0.005729699535157108,0.0,-0.0013183098808878765,0.8167648956779742,-0.5769691215716886,0.0,0.4611371200762452,0.23488138110499668,0.12924464133384386,1.0
2025-12-16 18:00:36.232,0.007946403031568511,-0.576937280809969,-0.8167380091508336,0.0,-0.9999579310351674,-0.005661490942864025,-0.005729797673525882,0.0,-0.0013182463324717306,0.8167649063652841,-0.5769691065877924,0.0,0.4610910795118172,0.23478459587876127,0.1293757922676951,1.0
2025-12-16 18:00:36.282,0.007946399855340009,-0.5769371502009271,-0.8167381014429167,0.0,-0.999957931099133,-0.005661464200260435,-0.005729812934038245,0.0,-0.0013182169567205703,0.8167649988105746,-0.5769689757881413,0.0,0.46096598146060336,0.2347009283352661,0.12953976538532327,1.0
2025-12-16 18:00:36.332,0.007946338506649194,-0.5769370179781275,-0.8167381954408963,0.0,-0.9999579315582562,-0.0056614454687602365,-0.005729751316273558,0.0,-0.0013182384977511224,0.8167650923402319,-0.5769688433370691,0.0,0.46073934739274414,0.23457191915760886,0.12968496368425456,1.0
2025-12-16 18:00:36.382,0.00794631155999478,-0.5769370194328363,-0.8167381946754754,0.0,-0.999957931756393,-0.005661439843467965,-0.0057297222955211375,0.0,-0.0013182506340718323,0.8167650913516447,-0.5769688447087982,0.0,0.46064202235132573,0.23448742763767508,0.1297259782566518,1.0
2025-12-16 18:00:36.432,0.007946350412572908,-0.5769372293857704,-0.8167380459884305,0.0,-0.9999579314834146,-0.005661441571625495,-0.005729768228284814,0.0,-0.0013182234999250452,0.8167649430326595,-0.5769690547331464,0.0,0.4607121180327162,0.23442669887291723,0.12967673372588806,1.0
2025-12-16 18:00:36.482,0.007946397246382006,-0.5769374386966155,-0.8167378976772169,0.0,-0.9999579311321294,-0.005661457120214703,-0.0057298141711410065,0.0,-0.0013182076536303376,0.8167647950713555,-0.5769692642252519,0.0,0.4608056777425368,0.23440939332688118,0.1296019688569558,1.0
2025-12-16 18:00:36.532,0.00794639869058591,-0.576937545322912,-0.8167378223431504,0.0,-0.9999579310344048,-0.005661512139670446,-0.005729776862432624,0.0,-0.0013182730787057258,0.8167647193709905,-0.5769693712381248,0.0,0.4608138441962389,0.23442812179340308,0.12949207902201493,1.0
2025-12-16 18:00:36.583,0.007946353177736048,-0.5769376130874594,-0.8167377749175851,0.0,-0.9999579312631189,-0.005661568731183011,-0.005729681028978767,0.0,-0.0013183739342215997,0.8167646711109859,-0.5769694393251107,0.0,0.46073329316351036,0.2344301276749797,0.12940464693207468,1.0
2025-12-16 18:00:36.632,0.007946272678543436,-0.5769378258220749,-0.8167376254265648,0.0,-0.9999579317327367,-0.005661629139348029,-0.0057295393779736295,0.0,-0.0013185029328939741,0.8167645204200755,-0.5769696523500866,0.0,0.4606606976416742,0.23445256549605126,0.12925758600275652,1.0
2025-12-16 18:00:36.682,0.007946185194643721,-0.5769382365305877,-0.8167373361559004,0.0,-0.9999579322773425,-0.00566167482355286,-0.0057293991851073995,0.0,-0.0013186171387999043,0.8167642299855474,-0.5769700632311499,0.0,0.46061871970926743,0.23445705522292887,0.12906491100639741,1.0
2025-12-16 18:00:36.732,0.007946081204685367,-0.5769388047774401,-0.8167369357612497,0.0,-0.9999579329894308,-0.005661689581378612,-0.005729260318489844,0.0,-0.001318703788652648,0.8167638284823537,-0.5769706314043774,0.0,0.46057673630133494,0.23444607139442025,0.12882589432509403,1.0
2025-12-16 18:00:36.782,0.007945960246237635,-0.5769393894240455,-0.8167365239463601,0.0,-0.9999579338152919,-0.005661707697621562,-0.005729098271782947,0.0,-0.0013188063967928005,0.8167634153707256,-0.5769712159732366,0.0,0.4605058375450324,0.23442978589226868,0.12859313674962675,1.0
2025-12-16 18:00:36.832,0.007945844987596594,-0.576939794562923,-0.8167362388790727,0.0,-0.9999579345678684,-0.005661745162371469,-0.005728929890228738,0.0,-0.0013189302089667194,0.81676312892631,-0.576971621182193,0.0,0.460379397632488,0.2344120845181397,0.1284530206382114,1.0
2025-12-16 18:00:36.882,0.007945862965351738,-0.5769398553339614,-0.8167361957757057,0.0,-0.9999579344370537,-0.005661748506008575,-0.005728949418869733,0.0,-0.0013189210806157105,0.8167630859752532,-0.5769716820047274,0.0,0.46036539044124775,0.2343849468527717,0.12844447977310924,1.0
2025-12-16 18:00:36.932,0.007945977836320412,-0.5769397250310793,-0.8167362867036677,0.0,-0.9999579336822281,-0.00566171604408575,-0.005729113248412065,0.0,-0.0013188013070182974,0.8167631782445492,-0.5769715516617568,0.0,0.4604162525564654,0.2343235639036979,0.12855236952555568,1.0
2025-12-16 18:00:36.982,0.007946030188628226,-0.5769395743716444,-0.8167363926196234,0.0,-0.9999579334016059,-0.005661661343334355,-0.0057292162842154295,0.0,-0.0013186986463258172,0.816763285047569,-0.5769714007056016,0.0,0.46040548231157474,0.23424757711732383,0.1287082860598773,1.0
2025-12-16 18:00:37.032,0.007946024423619406,-0.5769393939398062,-0.816736520132066,0.0,-0.9999579336054814,-0.005661558846227737,-0.005729281987742406,0.0,-0.0013185787796000604,0.8167634132126808,-0.5769712195484051,0.0,0.4603911845881464,0.2341779933201829,0.12890883313206883,1.0
2025-12-16 18:00:37.082,0.007945991992947333,-0.5769393613827444,-0.81673654344576,0.0,-0.9999579340487512,-0.0056614249552626025,-0.005729336928268233,0.0,-0.0013184380444150447,0.8167634371386417,-0.5769711860003021,0.0,0.4603800024395368,0.23405072865182353,0.12909296781467805,1.0
2025-12-16 18:00:37.132,0.007945975615797308,-0.5769393876105597,-0.8167365250778696,0.0,-0.9999579342188957,-0.005661390905662046,-0.005729340878373946,0.0,-0.001318407701050428,0.8167634188476923,-0.5769712119624018,0.0,0.46035724455782623,0.2339826130172636,0.12914975840988815,1.0
2025-12-16 18:00:37.182,0.007945956355830676,-0.5769393503313636,-0.8167365515991208,0.0,-0.9999579343551601,-0.005661389926930625,-0.005729318062813307,0.0,-0.0013184204288567104,0.816763445187989,-0.5769711746458566,0.0,0.4603133872638538,0.23396525810873509,0.12916679924267035,1.0
2025-12-16 18:00:37.232,0.007945939123760471,-0.5769392798382879,-0.8167366015627849,0.0,-0.9999579344708966,-0.005661392619251355,-0.005729295202444173,0.0,-0.0013184365038691186,0.8167634949646609,-0.5769711041449974,0.0,0.46027070128190695,0.23397592279071072,0.12918289751257264,1.0
2025-12-16 18:00:37.282,0.007945937459461714,-0.5769392584360254,-0.8167366166974441,0.0,-0.9999579344538989,-0.00566141023154586,-0.0057292807655598904,0.0,-0.001318459426424791,0.8167635099608395,-0.5769710828639426,0.0,0.4602708571574654,0.23401155456043488,0.12915537454653622,1.0
2025-12-16 18:00:37.332,0.007945930530649082,-0.5769392663275884,-0.8167366111902873,0.0,-0.9999579344644863,-0.00566143383755811,-0.005729255591229152,0.0,-0.001318493154637224,0.8167635042227201,-0.5769710909097818,0.0,0.460278276494562,0.23404832395492475,0.12910634185591222,1.0
2025-12-16 18:00:37.382,0.007945917103158683,-0.5769392402415283,-0.8167366297480027,0.0,-0.9999579345446805,-0.0056614423249900115,-0.005729233207442417,0.0,-0.0013185132556226234,0.8167635225907172,-0.5769710648620064,0.0,0.4602752373682625,0.23407853149825208,0.12909137065051585,1.0
2025-12-16 18:00:37.432,0.007945928298254001,-0.5769392647080164,-0.8167366123560649,0.0,-0.9999579344756225,-0.005661436628373499,-0.0057292508897699955,0.0,-0.0013184981624300078,0.8167635053474185,-0.5769710893062089,0.0,0.4602979725500409,0.234072874145135,0.12908761719621167,1.0
2025-12-16 18:00:37.482,0.007945952472670575,-0.5769393294591216,-0.8167365663809658,0.0,-0.9999579343235864,-0.005661426215007384,-0.0057292877154634745,0.0,-0.0013184677794167781,0.816763459680317,-0.5769711540222386,0.0,0.4603603714862461,0.23407246515564153,0.12906651351616374,1.0
