timestamp,ee_pose_cmd
2025-12-16 18:27:11.082,0.008168375888719772,-0.5782072746578508,-0.8158372215517562,0.0,-0.9999569169407336,-0.004368700469252418,-0.00691560697272789,0.0,0.00043451417342354727,0.8158742701735654,-0.5782291816107044,0.0,0.49996792543597857,0.23483639515837434,0.20265637101965134,1.0
2025-12-16 18:27:11.132,0.00816836667882877,-0.5782072647536246,-0.8158372286633776,0.0,-0.999956917021349,-0.004368705165996281,-0.0069155923491740975,0.0,0.0004345017863991403,0.8158742771676415,-0.5782291717514569,0.0,0.4999519338051041,0.23484293541227144,0.20264767303479378,1.0
2025-12-16 18:27:11.182,0.008168370047159824,-0.578207274588165,-0.8158372216596319,0.0,-0.9999569169916502,-0.004368703096675655,-0.006915597950671662,0.0,0.0004345068121602541,0.8158742702088836,-0.5782291815664027,0.0,0.4999587682892668,0.23483841889603796,0.2026471159299351,1.0
2025-12-16 18:27:11.232,0.008168375344222175,-0.5782072786307394,-0.8158372187415079,0.0,-0.9999569169452854,-0.004368700383324574,-0.0069156063688395625,0.0,0.0004345139341012371,0.8158742673583992,-0.5782291855830494,0.0,0.49996617785518455,0.2348336411765382,0.20265531879305895,1.0
2025-12-16 18:27:11.282,0.008168374238060588,-0.5782072790508624,-0.8158372184548296,0.0,-0.999956916954834,-0.004368700709962798,-0.006915604781815391,0.0,0.0004345127541239,0.8158742670589045,-0.5782291860065192,0.0,0.49996634325019657,0.23483538873787255,0.20265200802577465,1.0
2025-12-16 18:27:11.332,0.008168344039982877,-0.5782072459880785,-0.8158372421897241,0.0,-0.9999569172193303,-0.004368716422921053,-0.006915556610856506,0.0,0.00043447174898058867,0.8158742904066969,-0.578229153093882,0.0,0.49991616170159564,0.23486106427877293,0.20262535227944528,1.0
2025-12-16 18:27:11.382,0.008168272586020422,-0.5782072571012188,-0.8158372350289327,0.0,-0.9999569178420542,-0.004368748518150193,-0.0069154462916440704,0.0,0.00043438188353528705,0.815874282358839,-0.5782291645168277,0.0,0.4998019899297915,0.2348851650094893,0.20253913197972184,1.0
2025-12-16 18:27:11.432,0.008168091220533422,-0.5782072708368909,-0.815837227109903,0.0,-0.9999569193992093,-0.004368785902077643,-0.006915197509349821,0.0,0.0004342076628344131,0.8158742724240449,-0.5782291786655541,0.0,0.4995630923577932,0.23495594749535967,0.20236709536390013,1.0
2025-12-16 18:27:11.483,0.008167854012160898,-0.578207319456337,-0.8158371950267785,0.0,-0.9999569214183097,-0.004368802325429327,-0.0069148951594298355,0.0,0.0004340199158791135,0.8158742378790017,-0.5782292275491363,0.0,0.49930509839314346,0.23506055705234788,0.20219368773195825,1.0
2025-12-16 18:27:11.533,0.008167609307450073,-0.578207460680311,-0.8158370973871166,0.0,-0.9999569234909056,-0.00436880082581441,-0.006914596384141296,0.0,0.000433849785061426,0.8158741378001326,-0.5782293688868234,0.0,0.4990541910140836,0.2351517596426015,0.20201706510080591,1.0
2025-12-16 18:27:11.582,0.008167356439347413,-0.5782076180641996,-0.8158369883760637,0.0,-0.9999569256290892,-0.0043687928614184095,-0.006914292195330157,0.0,0.0004336819596848978,0.8158740263031388,-0.5782295263334994,0.0,0.4988118993491911,0.23524765749178694,0.20186389924653755,1.0
2025-12-16 18:27:11.632,0.00816718254367182,-0.5782076824747031,-0.8158369444672996,0.0,-0.9999569271055272,-0.004368798448683865,-0.006914075136607915,0.0,0.0004335525310561638,0.8158739806247952,-0.578229590882077,0.0,0.4986372831926881,0.2353193558041754,0.20178332893863765,1.0
2025-12-16 18:27:11.682,0.008167154571588833,-0.5782077255448762,-0.8158369142222194,0.0,-0.999956927343961,-0.004368801403295548,-0.006914038785766502,0.0,0.00043352953171962627,0.8158739500846691,-0.5782296339910157,0.0,0.49858791227789584,0.23531403325736436,0.20175985434012111,1.0
2025-12-16 18:27:11.732,0.008167139736517106,-0.5782077814290054,-0.8158368747639935,0.0,-0.999956927468427,-0.004368799509895196,-0.006914021980975201,0.0,0.0004335219183879973,0.8158739104891071,-0.5782296898655055,0.0,0.49855927085737367,0.23530093631501225,0.20173347091989516,1.0
2025-12-16 18:27:11.783,0.008167015562365907,-0.5782079193378443,-0.8158367782669604,0.0,-0.9999569285199544,-0.004368799158883256,-0.006913870121468817,0.0,0.00043343577180960285,0.8158738127534414,-0.5782298278337034,0.0,0.49843462780875014,0.23532289526524375,0.20163742108660104,1.0
2025-12-16 18:27:11.832,0.008166630112072804,-0.578208249299308,-0.8158365482718032,0.0,-0.9999569317706893,-0.00436877242123934,-0.006913416846119928,0.0,0.0004331987793612478,0.8158735790490741,-0.578230157764598,0.0,0.4981259956572273,0.235436046607201,0.20140855637469884,1.0
2025-12-16 18:27:11.882,0.008165988759669982,-0.5782088595413305,-0.8158361221940956,0.0,-0.9999569371685513,-0.004368708474914371,-0.006912676468598233,0.0,0.000432828929414034,0.8158731469053163,-0.578230767789067,0.0,0.4976704932731639,0.23562828140056266,0.20109970007287306,1.0
2025-12-16 18:27:11.932,0.008165374765512113,-0.5782095274551694,-0.8158356549674797,0.0,-0.9999569423374202,-0.004368651318852805,-0.006911964847987771,0.0,0.00043247074490294007,0.8158726738516685,-0.5782314355266268,0.0,0.49720607406895667,0.2358024748410161,0.20081429789674335,1.0
2025-12-16 18:27:11.982,0.008164835661662328,-0.578210255693673,-0.8158351442359438,0.0,-0.9999569468680051,-0.004368588348358773,-0.006911349178602409,0.0,0.00043217339113422364,0.8158721580752974,-0.5782321634981201,0.0,0.4968024425648612,0.23593438211802947,0.20051199260630012,1.0
2025-12-16 18:27:12.032,0.008164352108851814,-0.5782108144347637,-0.8158347530759757,0.0,-0.9999569509394242,-0.004368546183848191,-0.006910786740877691,0.0,0.0004318881478120717,0.8158717623122136,-0.5782327221233601,0.0,0.49646283896222654,0.23607814342065883,0.20026667110110177,1.0
2025-12-16 18:27:12.082,0.008164030275783541,-0.578211062018264,-0.8158345808254119,0.0,-0.9999569536539574,-0.004368526398688019,-0.006910406457602027,0.0,0.0004316868648395878,0.8158715869515352,-0.5782329697030726,0.0,0.49621674986741654,0.23618425258281925,0.20013919015568965,1.0
2025-12-16 18:27:12.132,0.008163833661088681,-0.5782112320937572,-0.8158344622543116,0.0,-0.9999569553145699,-0.004368518850598153,-0.006910170929565963,0.0,0.000431558528676213,0.8158714664565042,-0.5782331398141667,0.0,0.49603138382986955,0.23623756947742447,0.2000511148013102,1.0
2025-12-16 18:27:12.182,0.008163585591995268,-0.5782115049567277,-0.8158342713487627,0.0,-0.9999569574026269,-0.004368496466131408,-0.0069098829161317295,0.0,0.00043141297471198533,0.8158712731935387,-0.5782334126115505,0.0,0.49583390934825017,0.23630563139852234,0.19990871407111216,1.0
2025-12-16 18:27:12.232,0.008163195620882868,-0.5782119655087393,-0.8158339488406839,0.0,-0.9999569606689163,-0.004368431225957931,-0.006909451469950631,0.0,0.00043122132006177523,0.8158709471411794,-0.5782338728050511,0.0,0.4955477370664499,0.23640173032666373,0.19968800673755369,1.0
2025-12-16 18:27:12.282,0.008162642628961683,-0.5782126218073803,-0.815833489229975,0.0,-0.9999569652977265,-0.004368333869096578,-0.006908843099841304,0.0,0.00043095551709766754,0.815870482530866,-0.5782345285541105,0.0,0.49517620486892566,0.23654605865959666,0.19941586226013125,1.0
2025-12-16 18:27:12.332,0.008161917158680443,-0.5782135111050363,-0.8158328662079565,0.0,-0.9999569713791048,-0.004368224218648698,-0.006908032188109746,0.0,0.0004305849518690339,0.8158698528541696,-0.5782354172828875,0.0,0.49472199702137665,0.23674280707340895,0.19908684790032058,1.0
2025-12-16 18:27:12.383,0.008161142959329326,-0.5782145527247282,-0.8158321357142954,0.0,-0.9999569778724918,-0.004368116065271104,-0.00690716058608294,0.0,0.0004301795925920917,0.8158691152137896,-0.5782364583678432,0.0,0.4942274597658352,0.23694096802478107,0.19873793343190957,1.0
2025-12-16 18:27:12.432,0.008160356957746496,-0.578215433429124,-0.8158315193836904,0.0,-0.9999569844798952,-0.0043680347793744485,-0.00690625537098,0.0,0.00042973126558405164,0.815868491472302,-0.5782373387751344,0.0,0.49370742968970355,0.2371663908846788,0.19846747392630237,1.0
2025-12-16 18:27:12.482,0.008159494844276952,-0.5782163460802262,-0.8158308811700662,0.0,-0.9999569917225972,-0.0043679383589076415,-0.006905267612067414,0.0,0.0004292478714632596,0.8158678451689181,-0.5782382510399073,0.0,0.4931520489549091,0.23741921507205127,0.19821521564171243,1.0
2025-12-16 18:27:12.532,0.008158649161460259,-0.5782172201472451,-0.8158302701360503,0.0,-0.9999569988208793,-0.004367833251754805,-0.006904306122510771,0.0,0.0004287863669817904,0.815867226256137,-0.5782391246390794,0.0,0.49263736364276633,0.23766512091024777,0.19797438038074863,1.0
2025-12-16 18:27:12.582,0.008157737800991428,-0.5782182536518222,-0.8158295467553351,0.0,-0.9999570064627252,-0.004367708057237468,-0.006903278470446603,0.0,0.00042830458314868967,0.8158664944512544,-0.5782401575357814,0.0,0.49209159990315376,0.23791520364492053,0.19768385861032364,1.0
2025-12-16 18:27:12.632,0.00815684292551113,-0.5782194466045197,-0.8158287101978328,0.0,-0.9999570139440799,-0.004367546151566272,-0.00690229714379754,0.0,0.0004278811292624341,0.8158656498348592,-0.5782413495568107,0.0,0.4915962168219059,0.23813793613447773,0.1973371514332672,1.0
2025-12-16 18:27:12.682,0.008156020854795156,-0.5782206776525222,-0.8158278459087325,0.0,-0.9999570208016664,-0.004367371380982263,-0.0069014141945764815,0.0,0.0004275254375079536,0.8158647782852125,-0.5782425795249097,0.0,0.49113350595452787,0.23833027917229818,0.19696369111280088,1.0
2025-12-16 18:27:12.732,0.00815512941986427,-0.5782220257508699,-0.815826899349313,0.0,-0.9999570282356022,-0.004367179357783557,-0.006900458527390214,0.0,0.000427142937779718,0.8158638238671535,-0.5782439264305134,0.0,0.49064716976293044,0.23853563598798533,0.1965642018343605,1.0
2025-12-16 18:27:12.782,0.008154164721090318,-0.5782235107669055,-0.8158258564763095,0.0,-0.9999570362830535,-0.004366978666229909,-0.0068994192907112385,0.0,0.0004267205496299321,0.815862772453069,-0.5782454102150437,0.0,0.49012656963171886,0.23874674183641847,0.1961302839628841,1.0
2025-12-16 18:27:12.832,0.008153149929833379,-0.5782252494807899,-0.8158246342874848,0.0,-0.9999570447607603,-0.004366795043379246,-0.00689830671864111,0.0,0.0004262443606327959,0.8158615411369321,-0.5782471478610292,0.0,0.4895184895195073,0.23893732905843854,0.1956256533824188,1.0
2025-12-16 18:27:12.882,0.008152153642591175,-0.5782270760005161,-0.8158233496732543,0.0,-0.9999570531089914,-0.004366666234929659,-0.006897178030387662,0.0,0.0004257150068138366,0.815860247289719,-0.5782489737639761,0.0,0.48889248182783474,0.23911835861757189,0.19509469497407722,1.0
2025-12-16 18:27:12.932,0.008151225978439003,-0.5782287184058098,-0.8158221948605171,0.0,-0.9999570609183495,-0.00436661735119133,-0.0068960766855518515,0.0,0.00042513441750477817,0.8158590834996426,-0.5782506161966884,0.0,0.48824627823606415,0.23929725100016427,0.19460034464312978,1.0
2025-12-16 18:27:12.982,0.008150479567179859,-0.5782302883448015,-0.8158210895930069,0.0,-0.9999570671657168,-0.004366512344512595,-0.006895237232429016,0.0,0.0004247503322516462,0.8158579713656594,-0.5782521855957541,0.0,0.487580220870973,0.23931856673052776,0.19414696670530313,1.0
2025-12-16 18:27:13.032,0.008149972438716348,-0.5782316355074242,-0.8158201398279314,0.0,-0.9999570713900465,-0.004366405183164004,-0.006894692453370687,0.0,0.0004245361801959856,0.8158570171325754,-0.5782535320813595,0.0,0.48691143593060715,0.23919221327721144,0.1937503135721865,1.0
2025-12-16 18:27:13.082,0.008149648385105169,-0.5782330292717822,-0.8158191552002109,0.0,-0.9999570740009353,-0.004366171531519927,-0.006894461752292398,0.0,0.00042460730892912173,0.8158560305437593,-0.5782549240032582,0.0,0.48621937205877064,0.2388724962506025,0.19333202058676072,1.0
2025-12-16 18:27:13.132,0.00814943278116775,-0.5782342474967085,-0.8158182939040218,0.0,-0.9999570756947014,-0.0043659353802941525,-0.006894365639029202,0.0,0.0004247565518843103,0.8158551683800065,-0.5782561403128398,0.0,0.4855522916096165,0.23847290794862058,0.19298154610380225,1.0
2025-12-16 18:27:13.182,0.008149313728544298,-0.5782352536370442,-0.8158175819619635,0.0,-0.9999570765309477,-0.004365617750143049,-0.006894445485185054,0.0,0.0004250719010721162,0.8158544569669348,-0.5782571438046114,0.0,0.4848965542529021,0.23794363513903055,0.1926463037676013,1.0
2025-12-16 18:27:13.232,0.008149267924249871,-0.5782360378270427,-0.8158170266006893,0.0,-0.9999570766793533,-0.00436516653220444,-0.006894709655680906,0.0,0.00042560060647936607,0.815853903576917,-0.5782579241847278,0.0,0.48434716717843795,0.23735558881473978,0.19229502077333968,1.0
2025-12-16 18:27:13.282,0.008149243552982782,-0.5782368758082573,-0.8158164328978844,0.0,-0.9999570765945742,-0.004364616691034015,-0.006895070034557517,0.0,0.000426265942356011,0.8158533125878356,-0.5782587575098211,0.0,0.48381654333471913,0.23673867844967766,0.19189442079629215,1.0
2025-12-16 18:27:13.332,0.008149229540258698,-0.5782378307654433,-0.815815756179533,0.0,-0.999957076390722,-0.004364008457308237,-0.006895484574191218,0.0,0.00042701140397672353,0.8158526390008164,-0.578259707308632,0.0,0.4833263213251208,0.23612301874689845,0.1914362205502367,1.0
2025-12-16 18:27:13.382,0.008149215569470123,-0.5782388384840204,-0.8158150420625141,0.0,-0.999957076158828,-0.004363348927913302,-0.006895935558671729,0.0,0.0004278203154148394,0.8158519282904185,-0.5782607094335424,0.0,0.48287500364270347,0.235500050604451,0.1909261261947786,1.0
2025-12-16 18:27:13.432,0.008149168585652913,-0.5782397970181603,-0.815814363134756,0.0,-0.9999570761979808,-0.004362674956203908,-0.006896356285765544,0.0,0.00042862302020793596,0.8158512525153121,-0.578261662270207,0.0,0.48245539357639683,0.23494168957248596,0.19041913953338171,1.0
2025-12-16 18:27:13.482,0.008149069265613573,-0.5782408522204262,-0.8158136162106562,0.0,-0.9999570766593631,-0.004361964630095641,-0.006896738695548878,0.0,0.00042943419013323015,0.8158505084166862,-0.5782627114923728,0.0,0.4820175449662088,0.23444409046121986,0.18988912918281717,1.0
2025-12-16 18:27:13.532,0.008148870280573078,-0.5782419063475607,-0.8158128710420652,0.0,-0.9999570779467525,-0.004361224114048145,-0.006897020344169834,0.0,0.00043021170909971276,0.8158497652388107,-0.5782637594365244,0.0,0.4815517363435064,0.23406482094360603,0.18938431471211858,1.0
2025-12-16 18:27:13.582,0.00814853409922178,-0.5782430811432643,-0.815812041712542,0.0,-0.9999570804257893,-0.004360545925981096,-0.006897089731711028,0.0,0.0004308168370893167,0.8158489361981077,-0.5782649286453994,0.0,0.48104005828864455,0.2337924083532398,0.18888484874584466,1.0
2025-12-16 18:27:13.632,0.00814806318074936,-0.5782442816571167,-0.8158111954971297,0.0,-0.9999570841471238,-0.004360064109706189,-0.006896854801243638,0.0,0.00043108603619701556,0.815848087876393,-0.578266125303275,0.0,0.48046944450526957,0.23363008224627316,0.18843534392458608,1.0
2025-12-16 18:27:13.682,0.008147483326041578,-0.5782455437374296,-0.8158103067285094,0.0,-0.9999570887828608,-0.004359571067738301,-0.006896494342723868,0.0,0.0004312924148296145,0.8158471959746216,-0.5782673834889882,0.0,0.47979041346239387,0.2335053293895538,0.18798537923898695,1.0
2025-12-16 18:27:13.732,0.008146792975931677,-0.5782469414364513,-0.8158093229332481,0.0,-0.9999570944298256,-0.004359225920110815,-0.006895893709049723,0.0,0.00043124060204815303,0.8158462071551509,-0.5782687785987564,0.0,0.4789992421681456,0.2334402650786575,0.18752829701611587,1.0
2025-12-16 18:27:13.782,0.008146124582662527,-0.5782483842628383,-0.8158083069281098,0.0,-0.9999570999313323,-0.004358957981945561,-0.00689526529143878,0.0,0.00043111018282329563,0.815845185933781,-0.5782702194758818,0.0,0.47818437229290933,0.23335679458344114,0.18709049941124115,1.0
2025-12-16 18:27:13.832,0.008145529685139785,-0.5782497805766278,-0.81580732315323,0.0,-0.99995710481198,-0.00435869105611886,-0.006894726211294271,0.0,0.00043103013453829435,0.8158441976706765,-0.5782716138114624,0.0,0.47741630764105625,0.23324588630153992,0.18669017483415834,1.0
2025-12-16 18:27:13.882,0.008145092237545452,-0.5782510183038978,-0.8158064502099475,0.0,-0.9999571083698525,-0.004358438263509589,-0.0068943700012734175,0.0,0.0004310427244953784,0.8158433217330651,-0.5782728496010581,0.0,0.4767245074644448,0.23307605721966204,0.18633350201770768,1.0
2025-12-16 18:27:13.933,0.00814478599775541,-0.5782520873045195,-0.8158056955490233,0.0,-0.9999571108458754,-0.004358235392240378,-0.006894139122749066,0.0,0.0004310853820938971,0.8158425651181093,-0.5782739170210749,0.0,0.4761376885222516,0.23288280462734187,0.186025383524758,1.0
2025-12-16 18:27:13.982,0.008144439393716956,-0.578253223894742,-0.8158048933804624,0.0,-0.9999571136584761,-0.004358024725115096,-0.006893864338190445,0.0,0.0004311096826270797,0.8158417606354946,-0.5782750519844494,0.0,0.4755868733065904,0.23271795751443008,0.18566306853926012,1.0
2025-12-16 18:27:14.032,0.00814408466885394,-0.5782542918836695,-0.8158041399160898,0.0,-0.9999571165529864,-0.00435783885301637,-0.006893561980348321,0.0,0.00043109712408008163,0.8158410046423809,-0.5782761185622146,0.0,0.47513102647411615,0.23260479647773274,0.1852944733394864,1.0
2025-12-16 18:27:14.082,0.008143818341370136,-0.5782552512294816,-0.8158034625751232,0.0,-0.9999571187035103,-0.004357657877542628,-0.006893364432874039,0.0,0.00043114009751381386,0.8158403256270568,-0.578277076494438,0.0,0.47480057616179144,0.23247593514625498,0.1849300283028697,1.0
2025-12-16 18:27:14.132,0.008143645220061911,-0.5782561596719056,-0.8158028203832332,0.0,-0.9999571200793499,-0.004357500961981085,-0.006893264044511982,0.0,0.000431219121681409,0.815839682561822,-0.5782779836786927,0.0,0.4745323436711818,0.2322996138955725,0.1845846551338685,1.0
2025-12-16 18:27:14.182,0.008143475431470823,-0.5782571214183505,-0.8158021403735519,0.0,-0.9999571214122588,-0.004357316626712575,-0.006893187211422373,0.0,0.0004313346684464298,0.8158390018594982,-0.5782789439321664,0.0,0.4742408984277323,0.23208967519893853,0.1842144821135364,1.0
2025-12-16 18:27:14.232,0.008143236495133441,-0.5782582153689622,-0.8158013673431146,0.0,-0.9999571232985018,-0.00435707500720869,-0.006893066311509034,0.0,0.00043147278240386724,0.8158382277545535,-0.5782800359389448,0.0,0.47392261274171915,0.23190119175027368,0.18379632719436187,1.0
2025-12-16 18:27:14.283,0.008142946556659782,-0.5782594886941713,-0.8158004676743814,0.0,-0.9999571255737377,-0.004356755778658113,-0.0068929380239215205,0.0,0.00043167172655962774,0.8158373269199856,-0.5782813066869559,0.0,0.47355943626266944,0.2317044776197519,0.18333251510896306,1.0
2025-12-16 18:27:14.332,0.008142683509887675,-0.5782607900817032,-0.8157995478428204,0.0,-0.9999571276281748,-0.004356449136007223,-0.006892833796321036,0.0,0.00043187459653183473,0.8158364061242853,-0.5782826055887752,0.0,0.4732150319038874,0.2314972041048468,0.1828691417136003,1.0
2025-12-16 18:27:14.382,0.008142459238289317,-0.5782621008644009,-0.8157986209614788,0.0,-0.999957129366428,-0.004356164363624677,-0.006892761601699383,0.0,0.00043207824287476,0.8158354785491785,-0.5782839140498591,0.0,0.4728690258372504,0.2312601763993692,0.1824155072921142,1.0
2025-12-16 18:27:14.432,0.00814224145943948,-0.5782633645338038,-0.8157977274075173,0.0,-0.9999571310551012,-0.004355889325365864,-0.006892690435881818,0.0,0.0004322740722863633,0.815834584313376,-0.5782851754777635,0.0,0.4725488964486809,0.23103923460212467,0.18197370077161276,1.0
2025-12-16 18:27:14.482,0.008142039820956045,-0.5782644917260273,-0.8157969304291367,0.0,-0.999957132629844,-0.0043556556275061485,-0.006892609662786906,0.0,0.0004324292579945651,0.8158337865909833,-0.5782863007728567,0.0,0.472256159789788,0.23084742211558595,0.18158310971757344,1.0
2025-12-16 18:27:14.532,0.008141862542388217,-0.5782657366649655,-0.815796049742136,0.0,-0.9999571339803194,-0.004355388246383282,-0.006892582701483734,0.0,0.00043264421664657003,0.8158329055850589,-0.5782875435141432,0.0,0.471964619170956,0.23061667293828655,0.18115808494581487,1.0
2025-12-16 18:27:14.582,0.008141756561968716,-0.5782670518974534,-0.8157951185139084,0.0,-0.9999571347160888,-0.004355098401811649,-0.00689265910289635,0.0,0.0004329379777179122,0.81583197487063,-0.5782888563195692,0.0,0.4716500381817405,0.23029090852280548,0.18070673819040567,1.0
2025-12-16 18:27:14.632,0.008141649367575525,-0.5782683030845778,-0.8157942326925748,0.0,-0.9999571354455566,-0.0043547770196310735,-0.006892756330710685,0.0,0.00043326887142680615,0.8158310897180613,-0.5782901048155034,0.0,0.4713468242960411,0.2299688198878337,0.18025339792361905,1.0
2025-12-16 18:27:14.683,0.008141481586415537,-0.578269501195294,-0.8157933850958418,0.0,-0.9999571366926482,-0.00435446616733571,-0.006892771797077327,0.0,0.0004335433610660255,0.8158302421281549,-0.5782913003575882,0.0,0.47105246305980797,0.2297206073304727,0.1798203167218657,1.0
2025-12-16 18:27:14.732,0.008141311812484911,-0.578270481916935,-0.8157926916115001,0.0,-0.9999571380137029,-0.004354261119572009,-0.006892709681640758,0.0,0.0004336845003715654,0.8158295480619681,-0.5782922794113363,0.0,0.4708027880323541,0.22955586425504607,0.17948674678654025,1.0
2025-12-16 18:27:14.782,0.008141153322126018,-0.5782713976903056,-0.8157920440511136,0.0,-0.9999571392615392,-0.004354097208418029,-0.0068926321957844296,0.0,0.00043378254362694794,0.8158288998115795,-0.578293193860115,0.0,0.47059219132323565,0.22941797362478292,0.17917817617657264,1.0
2025-12-16 18:27:14.832,0.008140982247650887,-0.5782722055187146,-0.8157914731313225,0.0,-0.9999571406282284,-0.004353956012613249,-0.006892523113214193,0.0,0.00043384270560484385,0.8158283279529888,-0.5782940005654023,0.0,0.4703946932399947,0.22931779071863792,0.17890477881317154,1.0
2025-12-16 18:27:14.882,0.008140694949221866,-0.5782731504368487,-0.8157908061940843,0.0,-0.9999571429504751,-0.004353766432448704,-0.006892305955405848,0.0,0.00043388120425671576,0.8158276591779002,-0.5782949440098959,0.0,0.4701613818045517,0.22927058638822162,0.17859040965649728,1.0
2025-12-16 18:27:14.932,0.008140375763173207,-0.5782740767444613,-0.815790152765393,0.0,-0.9999571455392923,-0.004353571537275406,-0.006892053466742382,0.0,0.000433903419870475,0.8158270036212425,-0.5782958688164799,0.0,0.46992195647621127,0.22924420486303537,0.1782880342456131,1.0
2025-12-16 18:27:14.982,0.008140180052411631,-0.5782748642135502,-0.815789596519055,0.0,-0.9999571470985781,-0.004353401227938523,-0.006891934810293478,0.0,0.00043398159085608325,0.8158264463453281,-0.5782966549302635,0.0,0.46973112930243405,0.2291639539985667,0.17802180833883108,1.0
2025-12-16 18:27:15.032,0.008140042833501872,-0.5782755868790341,-0.8157890856242107,0.0,-0.9999571481759592,-0.004353253456635987,-0.006891871832346829,0.0,0.0004340729289149016,0.8158259348830984,-0.578297376401459,0.0,0.46954179003812957,0.22904614238054477,0.17777201161527456,1.0
2025-12-16 18:27:15.082,0.008139823352693537,-0.5782762428894679,-0.8157886227979871,0.0,-0.9999571499626336,-0.004353132137121738,-0.006891689227804631,0.0,0.00043407284006379807,0.8158254705263138,-0.5782980314866101,0.0,0.4692985280657258,0.22898958702626643,0.17755761454579871,1.0
2025-12-16 18:27:15.133,0.008139453509092957,-0.5782769901891837,-0.8157880967601333,0.0,-0.9999571530178386,-0.004353008545577872,-0.006891323985231205,0.0,0.00043396989128566103,0.8158249414714925,-0.5782987779194846,0.0,0.46898738797363687,0.229015094359471,0.17734020945765827,1.0
2025-12-16 18:27:15.182,0.008138910323833758,-0.5782778437853947,-0.8157874971013368,0.0,-0.9999571575347153,-0.004352881382597891,-0.006890748868599318,0.0,0.00043374954053452213,0.8158243370874767,-0.5782996307080919,0.0,0.4685842392019672,0.22911675719938487,0.17711153839663774,1.0
2025-12-16 18:27:15.232,0.00813823914466424,-0.5782789192872264,-0.8157867414176514,0.0,-0.9999571631277001,-0.004352747475521499,-0.006890021786957322,0.0,0.0004334490187941992,0.8158235754420943,-0.5783007054075119,0.0,0.46811775995239613,0.2292529985857858,0.17682526890983838,1.0
2025-12-16 18:27:15.287,0.008137429988967049,-0.5782802785258648,-0.8157857859771956,0.0,-0.9999571698728745,-0.00435259248220122,-0.006889140710091302,0.0,0.00043307946762637117,0.8158226127818481,-0.5783020637313803,0.0,0.4676086515265111,0.2294223181034675,0.17646471110527495,1.0
2025-12-16 18:27:15.332,0.008136821772349322,-0.5782814925236824,-0.81578493148454,0.0,-0.999957174931738,-0.004352457339788799,-0.006888491768996818,0.0,0.00043282652193532155,0.8158217529657728,-0.5783032768790574,0.0,0.4672313394210628,0.22951537199862002,0.17612923727132268,1.0
2025-12-16 18:27:15.382,0.008136323734285801,-0.5782827401629596,-0.8157840520425232,0.0,-0.9999571790494179,-0.004352302721087103,-0.006887991707525248,0.0,0.0004326758996751367,0.8158208694041515,-0.5783045234443702,0.0,0.4668562996656332,0.2295249907576952,0.17575832000958108,1.0
2025-12-16 18:27:15.432,0.008135960369448938,-0.5782840435112105,-0.8157831317638282,0.0,-0.9999571819972723,-0.004352087247260611,-0.0068876998972355495,0.0,0.00043269591352244956,0.8158199466748973,-0.5783058251320093,0.0,0.46648130501275015,0.2294114054445706,0.17534369022605553,1.0
2025-12-16 18:27:15.482,0.008135647644946462,-0.5782853535729687,-0.8157822062178067,0.0,-0.9999571845008378,-0.004351840510897401,-0.006887492325487003,0.0,0.00043279021414029014,0.8158190193503329,-0.5783071332422692,0.0,0.46615379488719855,0.22926296710543415,0.17490009599080028,1.0
2025-12-16 18:27:15.532,0.008135466688856008,-0.5782863724822527,-0.8157814857449759,0.0,-0.9999571859437157,-0.004351689111272726,-0.006887378500712171,0.0,0.00043285805425362443,0.815818297899181,-0.57830815094272,0.0,0.4659200432875754,0.22910178896542543,0.17453957368778622,1.0
2025-12-16 18:27:15.582,0.008135408896262256,-0.5782869829592795,-0.815781053569616,0.0,-0.9999571864034313,-0.004351641103732353,-0.006887342088620188,0.0,0.0004328822470016573,0.8158178654147586,-0.5783087610291471,0.0,0.4657799250744642,0.22895793664476016,0.1743204283783544,1.0
2025-12-16 18:27:15.632,0.008135381205551165,-0.5782874389955953,-0.8157807305727222,0.0,-0.9999571866084583,-0.004351590763076801,-0.006887344127887329,0.0,0.00043292904056656126,0.8158175424186064,-0.5783092166432342,0.0,0.46566260844274604,0.2288258567585732,0.17415589966693426,1.0
2025-12-16 18:27:15.682,0.008135328397211969,-0.5782879286041989,-0.8157803840273085,0.0,-0.9999571870233901,-0.004351536652782505,-0.006887318072870734,0.0,0.0004329629961622357,0.8158171956441707,-0.5783097058102388,0.0,0.46554020073386987,0.22871497261306242,0.1739774758424483,1.0
2025-12-16 18:27:15.732,0.008135253769209348,-0.5782884001141513,-0.8157800505287772,0.0,-0.9999571876248912,-0.004351486835125109,-0.006887262217345433,0.0,0.0004329760347319855,0.8158168616757945,-0.5783101769268901,0.0,0.4653783493215432,0.22860805568514242,0.17380961590251642,1.0
2025-12-16 18:27:15.782,0.008135134041765605,-0.578288899623835,-0.8157796976311588,0.0,-0.9999571886131308,-0.004351448549791834,-0.006887142923611153,0.0,0.0004329432561396371,0.8158165077975924,-0.57831067616384,0.0,0.46518849022030245,0.22852572792937598,0.17363292998324362,1.0
2025-12-16 18:27:15.832,0.00813499633163008,-0.5782893647416324,-0.8157793692920972,0.0,-0.9999571897582694,-0.004351419585179757,-0.006886994957604835,0.0,0.00043288594868481727,0.8158161782482909,-0.5783111410980324,0.0,0.46498210088532466,0.2284593462684679,0.17347199286661247,1.0
2025-12-16 18:27:15.883,0.008134822560740069,-0.5782900245346104,-0.8157789033107397,0.0,-0.9999571911921922,-0.004351362822962654,-0.006886822620974718,0.0,0.0004328391643206016,0.8158157108489599,-0.5783118004867822,0.0,0.4647904413726631,0.22839984592921972,0.17323943315463286,1.0
2025-12-16 18:27:15.932,0.008134636635188562,-0.5782907247514965,-0.8157784087939633,0.0,-0.9999571927289458,-0.0043513068846459954,-0.006886634827661891,0.0,0.00043278317147397435,0.8158152147893862,-0.5783125003117898,0.0,0.4646306137174819,0.22835957706775825,0.17298898106526242,1.0
2025-12-16 18:27:15.982,0.008134495600614968,-0.5782913633207541,-0.8157779575295936,0.0,-0.9999571938883498,-0.004351253516504616,-0.006886500198272984,0.0,0.0004327552136593228,0.8158147624150447,-0.5783131384886645,0.0,0.46448163905836937,0.22829407940485746,0.1727623203118059,1.0
2025-12-16 18:27:16.032,0.008134414583612658,-0.5782918648318924,-0.8157776028243496,0.0,-0.9999571945554109,-0.004351225982699485,-0.006886420734143511,0.0,0.00043273671837412795,0.8158144070579986,-0.578313639797246,0.0,0.4643832198923834,0.22822830792702084,0.17258413261256644,1.0
2025-12-16 18:27:16.082,0.008134401523521715,-0.5782922608957829,-0.8157773221909924,0.0,-0.999957194650247,-0.00435120027305788,-0.0068864232080078575,0.0,0.00043276307140230206,0.8158141264388022,-0.5783140356406871,0.0,0.4643150689541482,0.22813625836690363,0.17245241406985293,1.0
2025-12-16 18:27:16.132,0.008134385275026799,-0.5782926348133669,-0.8157770572883376,0.0,-0.9999571947676289,-0.004351166141867295,-0.006886427729111702,0.0,0.0004327972576230723,0.815813861563027,-0.5783144092690031,0.0,0.4642477271719374,0.22804690700566477,0.17232300760969785,1.0
2025-12-16 18:27:16.182,0.008134358576732479,-0.5782930943330714,-0.815776731807444,0.0,-0.9999571949671381,-0.00435112126623835,-0.00688642711336957,0.0,0.00043283809149461294,0.8158135360636893,-0.5783148684120494,0.0,0.46417771837752675,0.227948881699223,0.17215857192214706,1.0
2025-12-16 18:27:16.232,0.00813431571918076,-0.5782936548175244,-0.8157763349146498,0.0,-0.999957195297515,-0.0043510668035829725,-0.006886413551828526,0.0,0.0004328802657626856,0.8158131390443043,-0.5783154284448531,0.0,0.4640645962500626,0.22782748405217254,0.1719621890479493,1.0
2025-12-16 18:27:16.282,0.008134259758102492,-0.578294352492499,-0.8157758408991267,0.0,-0.999957195739203,-0.004351014820500668,-0.006886382259896231,0.0,0.0004329115309323684,0.8158126447608218,-0.5783161256924795,0.0,0.463939538675606,0.2276968655208856,0.17172249579051893,1.0
2025-12-16 18:27:16.332,0.00813420980590398,-0.5782952139224795,-0.8157752307384648,0.0,-0.9999571961230767,-0.00435095086682013,-0.006886366925861931,0.0,0.000432963423115658,0.8158120344589614,-0.5783169865865989,0.0,0.4637775147272128,0.227518925353361,0.1714373817088911,1.0
2025-12-16 18:27:16.382,0.008134123308645602,-0.5782961735417504,-0.815774551335219,0.0,-0.9999571968067534,-0.004350871377485704,-0.006886317872782997,0.0,0.0004330094665110241,0.8158113546347783,-0.5783179455557038,0.0,0.4635954645829251,0.2273466059832325,0.17111556534194725,1.0
2025-12-16 18:27:16.433,0.008133943984982227,-0.5782972336774816,-0.8157738016003147,0.0,-0.9999571982777542,-0.0043507998136734565,-0.006886149482392287,0.0,0.00043298102858120986,0.8158106035129499,-0.578319005154824,0.0,0.4633743188028888,0.22721848029145222,0.17075660520047123,1.0
2025-12-16 18:27:16.482,0.008133684289657581,-0.5782981696757645,-0.8157731406651885,0.0,-0.999957200423792,-0.004350720894990535,-0.006885887707081581,0.0,0.00043290334366485596,0.8158099404265279,-0.5783199406003223,0.0,0.46317832751314925,0.22718526237954695,0.17042767095293404,1.0
2025-12-16 18:27:16.532,0.008133387022828275,-0.5782988728025262,-0.8157726451849638,0.0,-0.9999572029232126,-0.004350708498437707,-0.006885532568730445,0.0,0.00043271507404869504,0.8158094420614497,-0.5783206437617896,0.0,0.4630099081630006,0.22723175724200734,0.17016670858292857,1.0
2025-12-16 18:27:16.582,0.008133093576567383,-0.5782992937865642,-0.8157723496760869,0.0,-0.9999572054024767,-0.004350716756593575,-0.006885167287819668,0.0,0.0004325012758368832,0.8158091435905909,-0.5783210649601422,0.0,0.4628753723182009,0.22733613795138408,0.16998542536051178,1.0
2025-12-16 18:27:16.632,0.008132856251890844,-0.5782995683142079,-0.8157721574299992,0.0,-0.9999572074129016,-0.004350733099049019,-0.006884864973321637,0.0,0.00043231583877966005,0.8158089488963298,-0.578321339744334,0.0,0.46277599111345064,0.22744582872217886,0.16986309372168334,1.0
2025-12-16 18:27:16.682,0.008132692653117692,-0.5782998133528765,-0.8157719853534113,0.0,-0.9999572088028379,-0.004350752596698962,-0.006884650774583914,0.0,0.00043217849512630527,0.8158087750892625,-0.5783215850278333,0.0,0.46269308029115075,0.2275150856772752,0.16976412515219075,1.0
2025-12-16 18:27:16.732,0.00813251583098391,-0.5783002638260404,-0.8157716677760998,0.0,-0.9999572103080859,-0.004350780933374435,-0.006884414234227464,0.0,0.00043202306757691067,0.8158084556063013,-0.5783220358220242,0.0,0.46259120586743196,0.22754576502510154,0.16959211409728164,1.0
2025-12-16 18:27:16.784,0.008132288487946532,-0.5783009999356044,-0.8157711482141528,0.0,-0.9999572122389305,-0.004350810386849563,-0.006884115159721192,0.0,0.00043183340972762505,0.8158079336343801,-0.5783227722812835,0.0,0.46244380085464165,0.2275454339802203,0.1693301779213533,1.0
2025-12-16 18:27:16.832,0.008131998455905688,-0.5783019603530986,-0.8157704702635937,0.0,-0.9999572146881553,-0.004350821837892016,-0.006883752149059025,0.0,0.000431623695749021,0.8158072527491088,-0.5783237329238156,0.0,0.4622541264174387,0.22753738985761152,0.16900886726780454,1.0
2025-12-16 18:27:16.882,0.00813151186857091,-0.5783032707862703,-0.8157695461426843,0.0,-0.9999572187842584,-0.004350814526862,-0.006883161730772068,0.0,0.00043130125421280297,0.8158063238407903,-0.5783250435184385,0.0,0.4619796712580367,0.22758497969151695,0.16858081688027124,1.0
2025-12-16 18:27:16.932,0.0081309054241638,-0.5783048696629023,-0.8157684187331385,0.0,-0.9999572238939113,-0.00435081471638796,-0.006882419261733193,0.0,0.0004308876286554664,0.8158051904147474,-0.5783266426754081,0.0,0.4616494830421785,0.2276657372561713,0.16808525848062528,1.0
2025-12-16 18:27:16.982,0.008130179370906336,-0.5783066820606013,-0.815767141143025,0.0,-0.9999572300481786,-0.004350885259567092,-0.00688148043959469,0.0,0.0004303051757566237,0.8158039052451943,-0.5783284560041516,0.0,0.4612799662291562,0.2278232919740282,0.16755235082214953,1.0
2025-12-16 18:27:17.032,0.00812937559598305,-0.5783086776682257,-0.8157657344405047,0.0,-0.9999572368916738,-0.004351022966822812,-0.006880398848838673,0.0,0.00042958718488862155,0.8158024898344579,-0.5783304531448695,0.0,0.46088512374804613,0.22802471217054335,0.16698107803800852,1.0
2025-12-16 18:27:17.082,0.008128525328561525,-0.5783106259186142,-0.815764361765585,0.0,-0.9999572441034149,-0.0043511171623498565,-0.006879291079134064,0.0,0.0004288890723823945,0.8158011082200058,-0.5783324025862413,0.0,0.46051654766597183,0.22826561410855645,0.16644632191184008,1.0
2025-12-16 18:27:17.132,0.008127667100567514,-0.5783125613283499,-0.8157629982651543,0.0,-0.9999572513659116,-0.004351182373556939,-0.006878194086486942,0.0,0.0004282207049940684,0.8157997358559353,-0.5783343389462654,0.0,0.4601698152571276,0.22851631177790238,0.16589850280794302,1.0
2025-12-16 18:27:17.183,0.008126932321111394,-0.5783140949752472,-0.8157619183470244,0.0,-0.9999572575755649,-0.004351223316933448,-0.0068772653584041185,0.0,0.0004276654453572986,0.8157986484269665,-0.578335873283857,0.0,0.4598940710321599,0.22875762029936486,0.16544067895312894,1.0
2025-12-16 18:27:17.232,0.008126314145947453,-0.5783154693054889,-0.815760950206359,0.0,-0.9999572627943457,-0.00435124932714165,-0.006876490045126923,0.0,0.00042720950703502986,0.8157976740144055,-0.5783372481214771,0.0,0.4596367592327045,0.22893042239424152,0.165006929724849,1.0
2025-12-16 18:27:17.283,0.008125859781983876,-0.57831665354653,-0.8157601151899712,0.0,-0.9999572666256887,-0.004351262019283976,-0.0068759248490268075,0.0,0.0004268840614948854,0.815796834425862,-0.5783384326765261,0.0,0.45940896088597843,0.22900555980133389,0.16461091015984478,1.0
2025-12-16 18:27:17.332,0.008125542287170441,-0.5783176956041548,-0.815759379605805,0.0,-0.9999572693083546,-0.004351283467166884,-0.006875521127549205,0.0,0.00042664344710542954,0.8157960955837886,-0.578339475053895,0.0,0.4592173738685879,0.22900280376377624,0.16425763703664165,1.0
2025-12-16 18:27:17.382,0.008125339396904662,-0.5783187044876894,-0.8157586663962414,0.0,-0.9999572710300473,-0.004351314329870834,-0.006875251191910521,0.0,0.0004264721984382827,0.8157953802071183,-0.578340484277374,0.0,0.45905354215958827,0.22892572728291172,0.16392205001694518,1.0
2025-12-16 18:27:17.432,0.008125270026409817,-0.5783197024170507,-0.8157579596206584,0.0,-0.9999572716348301,-0.0043513612514597295,-0.006875133532818708,0.0,0.0004263758117696481,0.8157946725085151,-0.5783414826124715,0.0,0.4589288860165693,0.22875784087261825,0.16359481617086558,1.0
2025-12-16 18:27:17.482,0.00812521649280655,-0.5783208201474456,-0.8157571677540683,0.0,-0.9999572720885456,-0.004351375534219006,-0.006875058501781228,0.0,0.0004263318978932397,0.8157938800529302,-0.5783426004621293,0.0,0.4588190582993498,0.2285749701218773,0.1632330590874588,1.0
2025-12-16 18:27:17.532,0.008125064035301544,-0.5783220177293148,-0.8157563202606063,0.0,-0.9999572733899271,-0.004351417235813578,-0.006874842822264946,0.0,0.00042618506572146466,0.8157930308403757,-0.5783437984439389,0.0,0.4586641446432388,0.22845143703355061,0.1628448009599389,1.0
2025-12-16 18:27:17.582,0.00812483471460497,-0.5783231387097342,-0.8157555278359994,0.0,-0.9999572753284003,-0.004351437974383387,-0.006874547735324842,0.0,0.000426008643850683,0.8157922360415683,-0.5783449196897416,0.0,0.4584714059734809,0.22838882795192283,0.16248774594880805,1.0
2025-12-16 18:27:17.632,0.00812449583367602,-0.5783243650040669,-0.8157546618385333,0.0,-0.9999572781852792,-0.004351450496950325,-0.006874124240168721,0.0,0.0004257657048169937,0.815791366624537,-0.5783461462346187,0.0,0.45825932100966144,0.22838393896251208,0.16210693895100856,1.0
2025-12-16 18:27:17.682,0.00812413241218652,-0.5783254836509348,-0.8157538723988197,0.0,-0.99995728124995,-0.004351464378913677,-0.0068736696295306435,0.0,0.00042550258749400816,0.8157905735117754,-0.5783472651589843,0.0,0.45805948953664694,0.22840860511697256,0.16175584761010545,1.0
2025-12-16 18:27:17.732,0.00812383833233082,-0.5783264991871916,-0.8157531553661597,0.0,-0.9999572837239843,-0.004351465524477302,-0.006873308981059311,0.0,0.00042530317719250836,0.8157898535628283,-0.5783482808318414,0.0,0.457888422672219,0.2283994585320482,0.16143019850557316,1.0
2025-12-16 18:27:17.783,0.00812364275507699,-0.5783273566162022,-0.815752549440645,0.0,-0.9999572853785182,-0.004351485572579833,-0.006873055575557291,0.0,0.00042514879863407427,0.8157892455983432,-0.578349138509417,0.0,0.45775159048371766,0.22835428712623787,0.16115320035462724,1.0
2025-12-16 18:27:17.832,0.00812350093744234,-0.5783281120521963,-0.8157520152864289,0.0,-0.9999572865872752,-0.004351518615225573,-0.006872858791187939,0.0,0.00042501555204876607,0.8157887098693762,-0.5783498942780567,0.0,0.45763196564607506,0.22829277906551118,0.16090814131891648,1.0
2025-12-16 18:27:17.882,0.008123377671640453,-0.5783288400667256,-0.8157515003869057,0.0,-0.9999572876363526,-0.00435154500766792,-0.006872689444687122,0.0,0.0004249033263841204,0.8157881936148392,-0.5783506225602256,0.0,0.4575371530874097,0.2282324777814452,0.16067538576872226,1.0
2025-12-16 18:27:17.932,0.00812326254453558,-0.578329497715139,-0.8157510352916483,0.0,-0.9999572886162407,-0.004351569664182561,-0.0068725312602124855,0.0,0.0004247982717327075,0.8157877272536058,-0.5783512804592247,0.0,0.45746382407337155,0.22818737953455337,0.16046327869877192,1.0
2025-12-16 18:27:17.982,0.008123128841658377,-0.578330089203415,-0.8157506172850869,0.0,-0.9999572897550437,-0.004351598462242122,-0.006872347326745029,0.0,0.00042467428705829466,0.8157873077728086,-0.5783518722443481,0.0,0.4573998196572408,0.22817463529746027,0.160272298616472,1.0
2025-12-16 18:27:18.032,0.008122985178346219,-0.5783306813091319,-0.8157501989393053,0.0,-0.9999572909763275,-0.004351624582590279,-0.006872153082179126,0.0,0.0004245465289563719,0.8157868878679227,-0.5783524646294975,0.0,0.45734697817131686,0.22817520133769403,0.16007776288854056,1.0
2025-12-16 18:27:18.082,0.008122895679657486,-0.5783312122259576,-0.8157498234337783,0.0,-0.9999572917354088,-0.004351638895866864,-0.006872033564734485,0.0,0.00042447101338183535,0.8157865114045291,-0.578352995699674,0.0,0.4572984400849652,0.22814114279782885,0.15990791988324712,1.0
2025-12-16 18:27:18.132,0.008122803029347975,-0.5783317281258848,-0.8157494586054483,0.0,-0.9999572925199354,-0.004351650986402344,-0.006871911750105165,0.0,0.0004243958327041526,0.8157861455985427,-0.5783535117362482,0.0,0.45726513489396414,0.22811956822195764,0.15974350039435703,1.0
2025-12-16 18:27:18.183,0.008122661467138925,-0.578332290689056,-0.815749061181346,0.0,-0.9999572937190816,-0.004351668481822008,-0.00687172617636494,0.0,0.0004242798306478316,0.8157857466817795,-0.5783540745058139,0.0,0.4572518232253025,0.22813869056919553,0.15955649845358166,1.0
2025-12-16 18:27:18.232,0.00812271512896276,-0.578332853104478,-0.8157486619174906,0.0,-0.9999572932592868,-0.004351658310374785,-0.006871799525508635,0.0,0.00042433615152488984,0.8157853480167662,-0.5783546367930271,0.0,0.45730762116867674,0.22803195039718102,0.15937485898004627,1.0
2025-12-16 18:27:18.282,0.008122748700915835,-0.5783331946689515,-0.815748419427678,0.0,-0.999957292970634,-0.004351649952182796,-0.006871846821909507,0.0,0.0004243737259043576,0.8157851059120564,-0.5783549782607524,0.0,0.45738181608853934,0.22799584630797967,0.15926367203101438,1.0
2025-12-16 18:27:18.332,0.008122854677381181,-0.5783336057538796,-0.8157481269293939,0.0,-0.9999572920677777,-0.004351633995321599,-0.006871988304428934,0.0,0.0004244726664473132,0.8157848145616478,-0.5783553891454403,0.0,0.4574185724061503,0.22787610729371358,0.15915421643384212,1.0
2025-12-16 18:27:18.382,0.008122998331365348,-0.5783339060393757,-0.8157479126081508,0.0,-0.9999572908414793,-0.004351605553833881,-0.006872184753163263,0.0,0.00042461247939325696,0.8157846018280527,-0.5783556891087763,0.0,0.4574267506220327,0.22769834493827165,0.15908984693988923,1.0
2025-12-16 18:27:18.432,0.008123044735120266,-0.5783343782529092,-0.8157475773646283,0.0,-0.9999572904333323,-0.004351576449260658,-0.006872262570864867,0.0,0.0004246859314306031,0.8157842672104728,-0.5783561610406959,0.0,0.4573736688114986,0.22752945052719328,0.15892802923877541,1.0
2025-12-16 18:27:18.482,0.008122949719779783,-0.5783351002508267,-0.815747066440894,0.0,-0.9999572912147294,-0.004351545930025086,-0.006872168196983046,0.0,0.0004246634323289119,0.8157837555165661,-0.5783568828122103,0.0,0.4572557672353144,0.22745734586029484,0.15868680843902608,1.0
2025-12-16 18:27:18.532,0.008122767149760587,-0.5783360160283789,-0.8157464190049881,0.0,-0.9999572927209933,-0.004351492636658074,-0.006871982766474788,0.0,0.0004246087747329816,0.8157831065636858,-0.5783577982120501,0.0,0.45710291985713797,0.22741767526261003,0.15842655390188828,1.0
2025-12-16 18:27:18.582,0.008122577021808254,-0.5783369107317206,-0.8157457865836777,0.0,-0.9999572943299405,-0.004351514212488732,-0.006871734978288258,0.0,0.0004244567667216634,0.8157824721504269,-0.5783586931728366,0.0,0.45699853262470147,0.22741844947500564,0.15818242519283618,1.0
2025-12-16 18:27:18.632,0.008122466981544467,-0.5783375343573551,-0.8157453455489632,0.0,-0.9999572952645714,-0.004351534220538339,-0.00687158630147128,0.0,0.0004243606625731798,0.8157820299246634,-0.578359317008055,0.0,0.45693519778257385,0.22740674911037853,0.1580125720364226,1.0
2025-12-16 18:27:18.683,0.008122508590269759,-0.5783379269200627,-0.815745066820029,0.0,-0.9999572949136094,-0.00435153664031896,-0.0068716358410986075,0.0,0.00042439125031054257,0.8157817516042825,-0.5783597095592978,0.0,0.4569297020431533,0.22731789355937354,0.15790214226492763,1.0
2025-12-16 18:27:18.732,0.008122489582483664,-0.578338341161729,-0.8157447733246534,0.0,-0.9999572950802609,-0.004351552691720592,-0.006871601425240749,0.0,0.00042436237557124664,0.815781457841573,-0.5783601239352971,0.0,0.4569498953357772,0.22730601891746025,0.15778569638801665,1.0
2025-12-16 18:27:18.782,0.008122505384387928,-0.5783389158714377,-0.8157443657152275,0.0,-0.9999572949491481,-0.004351561373822611,-0.006871615006722313,0.0,0.0004243688709297076,0.8157810503536537,-0.5783606986949844,0.0,0.4569200518960625,0.22721541018944486,0.15763472234546766,1.0
2025-12-16 18:27:18.834,0.008122487388683378,-0.5783397145365587,-0.8157437996635959,0.0,-0.9999572951093012,-0.004351584562087975,-0.006871577016753599,0.0,0.00042433593483181024,0.8157804840137031,-0.5783614975440385,0.0,0.4569358182587049,0.2271656886695245,0.15742046771781715,1.0
2025-12-16 18:27:18.882,0.008122438246233384,-0.5783406713884477,-0.8157431217706368,0.0,-0.9999572955473444,-0.004351638930193586,-0.006871478841597552,0.0,0.00042424432896425953,0.81577980535885,-0.5783624548545887,0.0,0.4569537675042362,0.22713092316598185,0.1571685019509977,1.0
2025-12-16 18:27:18.932,0.008122320277910136,-0.5783417770141224,-0.8157423390842592,0.0,-0.9999572965836624,-0.004351730209078751,-0.006871270223846968,0.0,0.0004240602162597045,0.8157790210310873,-0.5783635612817372,0.0,0.4569637383178489,0.2271347570823504,0.15688285079393274,1.0
2025-12-16 18:27:18.982,0.008122067675783913,-0.5783430891231874,-0.8157414113438933,0.0,-0.9999572987615706,-0.004351837894681893,-0.006870885067399098,0.0,0.0004237626674867963,0.8157780902250642,-0.5783648743950037,0.0,0.45692393684760296,0.22718960751479383,0.1565462403495634,1.0
2025-12-16 18:27:19.033,0.00812165075515975,-0.5783444836421855,-0.8157404268092108,0.0,-0.9999573023389386,-0.004351976478723266,-0.00687027662976088,0.0,0.00042331158976051023,0.8157771008254452,-0.5783662702614403,0.0,0.4567935683295876,0.22731254234226625,0.15620374188487565,1.0
2025-12-16 18:27:19.082,0.008121151197347078,-0.5783462983929106,-0.8157391451558863,0.0,-0.9999573066393421,-0.004352171658459436,-0.006869527032932506,0.0,0.0004227368819581062,0.8157758131903715,-0.578368086867798,0.0,0.45661589423691434,0.22744340302630747,0.1557682582001413,1.0
2025-12-16 18:27:19.132,0.008120698128167424,-0.5783485108695825,-0.8157375810504601,0.0,-0.9999573105741191,-0.004352421206249141,-0.0068687961264453055,0.0,0.0004221325920585068,0.8157742432834,-0.5783703016229922,0.0,0.4564125570030524,0.2275066998568882,0.15525120883759322,1.0
2025-12-16 18:27:19.182,0.008120491875188944,-0.5783508184415354,-0.8157359470569625,0.0,-0.9999573124453378,-0.004352700801712207,-0.006868346528506708,0.0,0.000421667443766533,0.8157726057868842,-0.5783726115958844,0.0,0.45625322473669794,0.2273821601773421,0.15469142235836117,1.0
2025-12-16 18:27:19.232,0.008120515764830478,-0.578353075702739,-0.8157343464327731,0.0,-0.9999573124014085,-0.004353024087032306,-0.006868148037004869,0.0,0.0004213113944919693,0.815771003716571,-0.5783748715080622,0.0,0.4561863689776513,0.2271205618306565,0.15411506352125157,1.0
2025-12-16 18:27:19.282,0.008120621485547834,-0.578355469053385,-0.8157326484970033,0.0,-0.9999573117068259,-0.0043534230179768756,-0.0068679963084102005,0.0,0.00042092204197904427,0.815769304747953,-0.5783772681007405,0.0,0.45621227253437174,0.22690798272201076,0.15354222436565865,1.0
2025-12-16 18:27:19.332,0.00812082397358246,-0.5783579761912638,-0.8157308689115204,0.0,-0.9999573102232965,-0.004353873203630825,-0.006867926930668504,0.0,0.00042053964541384487,0.8157675248212902,-0.5783797788593169,0.0,0.45627720033877706,0.2266880205691062,0.1529948111510482,1.0
2025-12-16 18:27:19.382,0.008121003601051871,-0.5783598325217649,-0.8157295509708569,0.0,-0.9999573088858328,-0.00435422818652082,-0.006867896614722798,0.0,0.0004202510235870981,0.8157662068079775,-0.5783816380377242,0.0,0.4563394364367455,0.2265458417566138,0.152611857230311,1.0
2025-12-16 18:27:19.432,0.00812109484828111,-0.5783608287547414,-0.8157288437230855,0.0,-0.9999573082130732,-0.004354421949195855,-0.006867871719940309,0.0,0.00042008848603113027,0.8157654994524948,-0.5783826358291593,0.0,0.45635104245242575,0.22645717917474192,0.15240769904957766,1.0
2025-12-16 18:27:19.482,0.00812110215721926,-0.5783611083793241,-0.8157286453933073,0.0,-0.9999573081794124,-0.0043544784382113086,-0.006867840805006851,0.0,0.00042002730918734593,0.815765300899036,-0.578382915918308,0.0,0.45633615838719227,0.22643488840445644,0.15234821609201873,1.0
2025-12-16 18:27:19.532,0.008121091426692236,-0.5783611726834714,-0.8157285999077435,0.0,-0.9999573082772834,-0.0043544936003364915,-0.006867816941577145,0.0,0.0004200017785319412,0.8157652552268781,-0.5783829803539626,0.0,0.45632221293626435,0.22643291858858638,0.15233244473951268,1.0
2025-12-16 18:27:19.583,0.00812102574518617,-0.5783617087036128,-0.8157282205167918,0.0,-0.9999573088942515,-0.00435462242240218,-0.006867645428631243,0.0,0.0004198028277304925,0.8157648745041218,-0.57838351747855,0.0,0.4562914102155526,0.22649747825639194,0.15222447577749681,1.0
2025-12-16 18:27:19.634,0.008120691040082149,-0.5783629631305002,-0.815727334442795,0.0,-0.9999573118957626,-0.004354990340773803,-0.006866975064784665,0.0,0.00041912745351078886,0.8157639831567525,-0.5783847751422985,0.0,0.4561390331673957,0.22671264080859316,0.1519748157328903,1.0
2025-12-16 18:27:19.682,0.008120129412901217,-0.5783649463744551,-0.8157259338802462,0.0,-0.9999573169204995,-0.004355586274561668,-0.006865865318287314,0.0,0.00041801919337744757,0.8157625738577007,-0.5783867636391874,0.0,0.4558826221123995,0.22703853436151547,0.15158455155270628,1.0
2025-12-16 18:27:19.732,0.008119405477513749,-0.5783681028725879,-0.8157237030609468,0.0,-0.9999573235044243,-0.004356573637967978,-0.006864279802970369,0.0,0.00041632812221625826,0.8157603306172091,-0.5783899287351019,0.0,0.45553818317436506,0.22746975675553296,0.15099300841759017,1.0
2025-12-16 18:27:19.782,0.008118850814763913,-0.5783714333644376,-0.8157213471710922,0.0,-0.9999573287368516,-0.004357711975416358,-0.0068627948393745,0.0,0.00041457378679491606,0.81575796318696,-0.578393269000978,0.0,0.45518606940043704,0.22780233881981743,0.1503864813947824,1.0
2025-12-16 18:27:19.832,0.008118648668499108,-0.5783738188402036,-0.8157196578023634,0.0,-0.9999573308758856,-0.004358596037436896,-0.006861921696232324,0.0,0.00041337134655506573,0.8157562671264855,-0.5783956619546793,0.0,0.454962768058627,0.22788034006807703,0.14991380633832355,1.0
2025-12-16 18:27:19.882,0.008118665780312138,-0.5783751004321476,-0.8157187489369477,0.0,-0.9999573310032879,-0.004359142713760708,-0.006861555857841108,0.0,0.0004127265637583748,0.8157553555335241,-0.578396948103253,0.0,0.45488582940746547,0.22771782654201783,0.14960924189703226,1.0
2025-12-16 18:27:19.932,0.008118657368252869,-0.5783754044521665,-0.8157185334590223,0.0,-0.9999573311707396,-0.004359336440777459,-0.00686140837555381,0.0,0.0004124862576355822,0.8157551389421384,-0.5783972537491684,0.0,0.4549116956471125,0.22739447208851657,0.14946347485665912,1.0
2025-12-16 18:27:19.982,0.008118601568518761,-0.578375769676846,-0.8157182750560978,0.0,-0.9999573317106978,-0.004359479180494727,-0.006861238991960245,0.0,0.00041227548323622434,0.8157548792276704,-0.5783976201932152,0.0,0.45504272156488307,0.22707464145833098,0.14934935815667041,1.0
2025-12-16 18:27:20.033,0.008118776939605846,-0.5783768953626964,-0.8157174751547386,0.0,-0.9999573304945018,-0.004360001207042707,-0.00686108453474042,0.0,0.00041177152362157867,0.8157540783022079,-0.5783987501521138,0.0,0.4551898455950394,0.22693058571109276,0.14911502704538002,1.0
2025-12-16 18:27:20.082,0.00811903331501975,-0.5783782163608961,-0.8157165359599046,0.0,-0.9999573286930261,-0.004360715977745359,-0.0068608928338153435,0.0,0.00041109074296458446,0.8157531378624364,-0.578400076998603,0.0,0.4552460811884719,0.22688219436125157,0.148824102992016,1.0
2025-12-16 18:27:20.132,0.00811917635640864,-0.5783798326490487,-0.815715388515725,0.0,-0.999957327939362,-0.0043616224210756465,-0.006860426476231604,0.0,0.00041009768510854433,0.8157519870252392,-0.5784017007964815,0.0,0.4551523765775049,0.22677859239894,0.1484418377682454,1.0
2025-12-16 18:27:20.182,0.008119250363774592,-0.5783819918281783,-0.81571385681721,0.0,-0.9999573277942128,-0.00436259119777599,-0.006859831623780228,0.0,0.00040898486073923514,0.8157504509220762,-0.5784038680297816,0.0,0.45498376124205003,0.2266431527202552,0.14799149988631125,1.0
2025-12-16 18:27:20.232,0.00811936210986394,-0.5783846010170767,-0.8157120056530087,0.0,-0.9999573273994844,-0.004363701788705731,-0.006859182749273071,0.0,0.0004077295896627329,0.8157485949772632,-0.5784064864342402,0.0,0.45482710982554975,0.22650562971891436,0.14749820497803082,1.0
2025-12-16 18:27:20.282,0.008119448517098159,-0.5783872752408833,-0.8157101086148272,0.0,-0.9999573272597861,-0.0043649003744409744,-0.0068584404491566515,0.0,0.00040634914874192033,0.8157466924350654,-0.5784091706237204,0.0,0.4546452885575962,0.22636420476259156,0.14700499480098325,1.0
2025-12-16 18:27:20.332,0.00811953834376252,-0.5783895479915977,-0.815708496199695,0.0,-0.9999573270054688,-0.004365926503448711,-0.006857824367301264,0.0,0.00040517839430233526,0.8157450754639294,-0.5784114518980559,0.0,0.4544937351197992,0.2262317442030182,0.14658133181706176,1.0
2025-12-16 18:27:20.382,0.008119625617606997,-0.5783915055819739,-0.8157071072705298,0.0,-0.99995732674577,-0.004366898570216213,-0.006857243290087551,0.0,0.00040406884981822983,0.8157436822357511,-0.5784134175663828,0.0,0.45436954814319486,0.22607880084992232,0.14620985346124898,1.0
2025-12-16 18:27:20.433,0.00811966824564619,-0.5783928077119841,-0.8157061835464021,0.0,-0.9999573267234589,-0.004367588576340027,-0.006856807078353489,0.0,0.00040326665321380385,0.8157427552654118,-0.578414725441876,0.0,0.4542685605777703,0.22597372551240894,0.14595793926949482,1.0
2025-12-16 18:27:20.482,0.008119641693405717,-0.578393498455969,-0.8157056940244097,0.0,-0.9999573271488938,-0.004368003750677765,-0.006856480560933875,0.0,0.00040274600189452707,0.8157422632685981,-0.5784154196709171,0.0,0.4541711500145619,0.22589239140250453,0.14580895561443655,1.0
2025-12-16 18:27:20.532,0.00811953128036763,-0.5783933945645019,-0.815705768789916,0.0,-0.9999573280969845,-0.004368043425246955,-0.0068563170130318575,0.0,0.00040261800272318863,0.815742336720714,-0.5784153161701143,0.0,0.4540822280892011,0.2258623915508048,0.1457941751043267,1.0
2025-12-16 18:27:20.582,0.008119406109294191,-0.5783930918720511,-0.8157059846662458,0.0,-0.9999573291193462,-0.004367980623972,-0.0068562079154501215,0.0,0.000402603110212063,0.8157425516818972,-0.5784150130194088,0.0,0.45399933081929583,0.22585863134299614,0.14581722217461138,1.0
2025-12-16 18:27:20.633,0.00811933666692274,-0.5783929149651961,-0.8157061107968733,0.0,-0.9999573296836359,-0.004367939852903212,-0.006856151589794611,0.0,0.00040260202519480626,0.8157426773364177,-0.5784148358087147,0.0,0.45395288572498577,0.2258628429417026,0.14583307373082816,1.0
2025-12-16 18:27:20.682,0.008119336554522471,-0.5783929263753649,-0.815706102707381,0.0,-0.9999573296868797,-0.004367944607344332,-0.006856148087699328,0.0,0.00040259623483374893,0.8157426692205552,-0.5784148472586054,0.0,0.45395004926047555,0.22586928305311196,0.1458321863731345,1.0
2025-12-16 18:27:20.732,0.008119341931855805,-0.5783929787384487,-0.8157060655247491,0.0,-0.9999573296520834,-0.004367966122646503,-0.006856139455585489,0.0,0.0004025742129139647,0.8157426319771901,-0.5784148997985182,0.0,0.4539467089086621,0.22587957068523967,0.14582599037295504,1.0
2025-12-16 18:27:20.782,0.008119360375624388,-0.578393267410991,-0.815705860651949,0.0,-0.9999573295556031,-0.004368087192962217,-0.006856076393230244,0.0,0.00040244185181448317,0.815742426644906,-0.5784151894720917,0.0,0.4539222757925143,0.22593647010862214,0.1457913523141399,1.0
2025-12-16 18:27:20.832,0.008119354490966428,-0.5783946202082271,-0.8157049014797196,0.0,-0.9999573298581291,-0.004368611927241817,-0.0068556979249723635,0.0,0.00040180837191914465,0.8157414646285913,-0.5784165466475114,0.0,0.45378250603791787,0.22622329301020075,0.14564523854056696,1.0
2025-12-16 18:27:20.883,0.008119262863572098,-0.5783968968012342,-0.8157032881155151,0.0,-0.9999573310457491,-0.004369479959424337,-0.0068549714772737766,0.0,0.0004007027746290049,0.815739845744417,-0.5784188305217605,0.0,0.45355436919150005,0.22659128457547903,0.145389209864909,1.0
2025-12-16 18:27:20.932,0.008119249031075748,-0.5783988810581462,-0.8157018812575242,0.0,-0.9999573315811653,-0.00437035110778946,-0.006854338004420634,0.0,0.0003996455061857254,0.8157384341178716,-0.578420822054663,0.0,0.45338131257297865,0.22675931341490674,0.14511400339964417,1.0
2025-12-16 18:27:20.983,0.008119266897877446,-0.5783998239419705,-0.8157012124976564,0.0,-0.9999573316876249,-0.004370883185232035,-0.006853983188933765,0.0,0.00039901563818861785,0.8157377627020749,-0.5784217693762344,0.0,0.4533171064116066,0.22665350941933068,0.14492525009445487,1.0
2025-12-16 18:27:21.032,0.008119243987010825,-0.5784003010319702,-0.8157008744291094,0.0,-0.9999573320572789,-0.004371249559134871,-0.006853695600849852,0.0,0.0003985551844011565,0.8157374224509003,-0.5784222495434684,0.0,0.4533138083177383,0.2264152935651642,0.1447745908195347,1.0
2025-12-16 18:27:21.082,0.008119161952772682,-0.5784005610475796,-0.8157006908727233,0.0,-0.9999573328831818,-0.004371531567765635,-0.0068533952253090336,0.0,0.00039815398909933455,0.8157372365714214,-0.57842251196182,0.0,0.45332340154613165,0.22618538604715913,0.14465704109982472,1.0
2025-12-16 18:27:21.132,0.008119099067096475,-0.5784008613685347,-0.8157004785457,0.0,-0.9999573335656933,-0.004371850119898743,-0.006853092435267952,0.0,0.00039772199004652596,0.815737021916687,-0.5784228149820104,0.0,0.45330333631355557,0.22603712001827633,0.14454470991374604,1.0
2025-12-16 18:27:21.182,0.0081191277382535,-0.5784015430163718,-0.8156999949137298,0.0,-0.9999573335707851,-0.004372360708720349,-0.006852765941365139,0.0,0.0003971234324080057,0.815736535845787,-0.5784235008877966,0.0,0.4532470327411487,0.22594580135874148,0.14437892463026766,1.0
2025-12-16 18:27:21.232,0.008119230453313898,-0.5784027814051919,-0.8156991157656064,0.0,-0.9999573330506764,-0.0043730759356511665,-0.006852385442145069,0.0,0.00039633225573474355,0.8157356539084631,-0.5784247452031035,0.0,0.45316487002465056,0.2258736857223989,0.1441397719053485,1.0
2025-12-16 18:27:21.282,0.008119354090122708,-0.5784044431197357,-0.8156979362298987,0.0,-0.9999573324030859,-0.0043738955790312214,-0.006851956799074833,0.0,0.00039543227284510423,0.8157344712389765,-0.5784264136999494,0.0,0.453063836492708,0.225825151008031,0.1438604216980336,1.0
2025-12-16 18:27:21.332,0.0081194714384038,-0.5784062778339241,-0.8156966340785493,0.0,-0.9999573318805965,-0.004374867863678082,-0.006851412308565868,0.0,0.00039434249267744154,0.8157331650749364,-0.5784282564768296,0.0,0.4529506108969241,0.2257318967434825,0.14354443485264334,1.0
2025-12-16 18:27:21.386,0.0081196151091309,-0.5784082305154006,-0.8156952480085508,0.0,-0.9999573311812585,-0.00437593538296588,-0.0068508326199982605,0.0,0.00039315584528100585,0.8157317747443632,-0.5784302180046378,0.0,0.4528553945636261,0.22560166044424856,0.14320701256484797,1.0
2025-12-16 18:27:21.432,0.0081197223412563,-0.5784099258221537,-0.8156940447991021,0.0,-0.9999573307293693,-0.004376881848126031,-0.0068502939418854615,0.0,0.0003920891014103088,0.8157305675551217,-0.578431921164743,0.0,0.45275921062839725,0.2254865364566279,0.142911393214815,1.0
2025-12-16 18:27:21.482,0.00811979731575638,-0.5784111328194004,-0.8156931881677921,0.0,-0.9999573304208067,-0.00437756060279768,-0.006849905259994409,0.0,0.00039132263081840065,0.8157297080497018,-0.5784331337948637,0.0,0.4526889270922102,0.2254087449462827,0.1427034073126459,1.0
2025-12-16 18:27:21.533,0.008119836097445994,-0.5784118863248748,-0.8156926534676274,0.0,-0.9999573303031111,-0.004378000739161702,-0.006849641144711356,0.0,0.0003908183398150159,0.8157291713870949,-0.5784338909582918,0.0,0.4526450265859106,0.225334933254251,0.1425670000558359,1.0
2025-12-16 18:27:21.582,0.0081198146448332,-0.5784123000167054,-0.8156923603300001,0.0,-0.9999573306184129,-0.004378286453977458,-0.0068494124882159686,0.0,0.0003904571367362501,0.8157288765098965,-0.5784343070488875,0.0,0.4525888200520819,0.2252661366122829,0.14247612424871262,1.0
2025-12-16 18:27:21.632,0.008119647377668288,-0.5784124239092945,-0.8156922741420598,0.0,-0.9999573321412071,-0.004378534738558876,-0.006849031449115602,0.0,0.00039003543299953114,0.8157287873264635,-0.5784344331030601,0.0,0.45244757987465983,0.22515760309628505,0.1423908249046929,1.0
2025-12-16 18:27:21.682,0.008119431219927935,-0.5784125931628469,-0.8156921562749663,0.0,-0.9999573340954788,-0.004378827783493188,-0.006848558761798087,0.0,0.000389524655722236,0.8157286657377187,-0.5784346049159781,0.0,0.45225553252531736,0.22504273613844863,0.1422850544760689,1.0
2025-12-16 18:27:21.732,0.008119332289674833,-0.5784132873825619,-0.8156916649835745,0.0,-0.9999573351519921,-0.004379307124398903,-0.006848097987402959,0.0,0.0003888740364665277,0.81572817090084,-0.5784353031893485,0.0,0.45207999557276085,0.22499921049844507,0.14213549581449775,1.0
2025-12-16 18:27:21.782,0.008119310829278218,-0.578413954198541,-0.8156911923523963,0.0,-0.9999573355247141,-0.004379716907353032,-0.006847781489930048,0.0,0.00038836333995094047,0.8157276958680028,-0.5784359734385436,0.0,0.45198348556621315,0.22495784966559393,0.14201208350125566,1.0
2025-12-16 18:27:21.832,0.008119369010092416,-0.5784147807833863,-0.815690605633897,0.0,-0.9999573352422247,-0.004380156667136733,-0.0068475414601851725,0.0,0.00038787401578677604,0.8157271073823004,-0.5784368036660987,0.0,0.45194223808591844,0.2249080499336307,0.1418784616463516,1.0
2025-12-16 18:27:21.883,0.008119455154361542,-0.5784159129844824,-0.8156898019195363,0.0,-0.9999573347959014,-0.004380748839806884,-0.0068472278104668265,0.0,0.00038722082720358766,0.815726301365862,-0.578437940768067,0.0,0.451885540006473,0.22486603245115944,0.14170408499284576,1.0
2025-12-16 18:27:21.932,0.008119547599060719,-0.5784172666194969,-0.8156888411179993,0.0,-0.999957334365244,-0.004381488474441305,-0.0068468174440667615,0.0,0.00038639361422532274,0.8157253375364792,-0.5784393005328838,0.0,0.45181119267422054,0.22480506740477585,0.14149255520954432,1.0
2025-12-16 18:27:21.983,0.008119644555908375,-0.5784189740617135,-0.8156876293771339,0.0,-0.999957333988313,-0.004382426393494479,-0.006846272204590216,0.0,0.0003853301676967459,0.8157241217531432,-0.5784410157576353,0.0,0.4516992897061885,0.22472434127863586,0.1412215441045276,1.0
2025-12-16 18:27:22.032,0.008119740180011553,-0.5784208916388491,-0.8156862686329445,0.0,-0.9999573336665768,-0.00438346193260399,-0.006845656223080139,0.0,0.0003841482649513401,0.8157227564313473,-0.5784429419313155,0.0,0.45156188673980635,0.22463776516077996,0.14091513830023591,1.0
2025-12-16 18:27:22.083,0.008119893606915127,-0.5784236094871518,-0.8156843398134327,0.0,-0.9999573330307876,-0.004384871625370336,-0.006844846235808641,0.0,0.00038255691460010717,0.8157208216115744,-0.5784456714675504,0.0,0.45139129529966154,0.22454983701587516,0.1405021260061534,1.0
2025-12-16 18:27:22.132,0.008120115338769043,-0.5784271773484381,-0.8156818075284086,0.0,-0.9999573319290936,-0.004386523545599426,-0.006843948687753776,0.0,0.00038072579708588145,0.8157182827166085,-0.5784492529943611,0.0,0.4511988843011318,0.22452875779593423,0.13999193192485127,1.0
2025-12-16 18:27:22.182,0.008120272252171237,-0.578432145265617,-0.8156782830277972,0.0,-0.9999573314359881,-0.00438833409652982,-0.006842859963732315,0.0,0.0003786686379086513,0.8157147501293237,-0.5784542359007475,0.0,0.45092435228231864,0.22467190602654089,0.13929582321334025,1.0
2025-12-16 18:27:22.232,0.00811838683222116,-0.5784391555355498,-0.815673330469846,0.0,-0.9999573474671912,-0.004388861865505626,-0.006840178295398457,0.0,0.00037675663582654756,0.8157097760906649,-0.5784612512904861,0.0,0.4503843178993914,0.2255444452186025,0.13808117379138826,1.0
2025-12-16 18:27:22.282,0.008111990329245379,-0.5784478450714231,-0.8156672318086176,0.0,-0.9999574013472792,-0.004389527405590613,-0.0068318695215748015,0.0,0.0003714936871026217,0.8157036103651589,-0.5784699491154964,0.0,0.4494480357743096,0.22747663879671862,0.13618606859403048,1.0
2025-12-16 18:27:22.332,0.00810530078808918,-0.5784576831764057,-0.8156603213191923,0.0,-0.9999574573212432,-0.00438955923520383,-0.0068236514098395035,0.0,0.0003668113513585246,0.815696633379184,-0.5784797902634954,0.0,0.448346923106257,0.22912379717608683,0.1340300539355521,1.0
2025-12-16 18:27:22.382,0.008101925137324259,-0.5784639700629776,-0.8156558962266233,0.0,-0.9999574858179087,-0.004390206022097065,-0.006819057780858332,0.0,0.00036368881056761913,0.8156921713809341,-0.5784860839106727,0.0,0.44747443319655617,0.23008418621148535,0.1324860883853643,1.0
2025-12-16 18:27:22.432,0.008100951049364783,-0.5784668600034027,-0.8156538563453909,0.0,-0.9999574941983563,-0.004390764517886789,-0.006817469083252132,0.0,0.0003623428986639599,0.8156901188701291,-0.5784889788796829,0.0,0.4468687331387504,0.23032158021203405,0.13176316601054483,1.0
2025-12-16 18:27:22.482,0.008100968428535325,-0.5784670701010759,-0.8156537071701477,0.0,-0.9999574940552028,-0.0043907710168528055,-0.006817485894727875,0.0,0.0003623494100963619,0.8156899698362651,-0.5784891890186178,0.0,0.4467089938064538,0.23010609025808693,0.1317121966668312,1.0
2025-12-16 18:27:22.533,0.008101025299864784,-0.5784667721877846,-0.8156539178873262,0.0,-0.9999574934857917,-0.004390556885021044,-0.006817707317015354,0.0,0.0003626492025413024,0.8156901822656012,-0.5784888892978554,0.0,0.4468318252784645,0.22993887017854564,0.13202524675851285,1.0
2025-12-16 18:27:22.583,0.008100707627636265,-0.5784670422694366,-0.8156537294987313,0.0,-0.9999574959512949,-0.004390132480677964,-0.0068176189998095426,0.0,0.0003629469551349289,0.815689993011139,-0.5784891559666401,0.0,0.4469750938690449,0.22945989120347005,0.13233190243425094,1.0
2025-12-16 18:27:22.632,0.008100446956497644,-0.578467432728033,-0.8156534551715894,0.0,-0.9999574980154081,-0.004389878063734095,-0.006817480073983972,0.0,0.0003630779759814688,0.8156897174714354,-0.5784895444048694,0.0,0.4471198437994507,0.22912041994101834,0.1324749144477646,1.0
2025-12-16 18:27:22.682,0.008100468482624197,-0.5784673765090178,-0.8156534948287443,0.0,-0.9999574978625182,-0.004389938328586834,-0.006817463693443293,0.0,0.0003630187866336306,0.815689757017025,-0.5784894886813996,0.0,0.4471002017585175,0.22920121234557922,0.13242724475790066,1.0
2025-12-16 18:27:22.733,0.00810045143588208,-0.5784675816310212,-0.8156533495239883,0.0,-0.9999574980880406,-0.004390126698217433,-0.006817309314406392,0.0,0.00036277787069764186,0.815689610532817,-0.5784896953801667,0.0,0.4470248187711495,0.22923661807172166,0.132240082445614,1.0
2025-12-16 18:27:22.786,0.00810032530426246,-0.5784680567625377,-0.8156530138095163,0.0,-0.9999574992550809,-0.004390384538594573,-0.006816972079772436,0.0,0.00036237718818673127,0.8156892721864111,-0.5784901727106319,0.0,0.44691202124791934,0.22936182603194621,0.13192847251576834,1.0
2025-12-16 18:27:22.832,0.008100119406131354,-0.5784691926564071,-0.8156522102675007,0.0,-0.9999575010923087,-0.004390656325524575,-0.006816527522463402,0.0,0.00036190960408181207,0.8156884651569785,-0.578491310938454,0.0,0.4467387881371022,0.22936710878359373,0.1313995262544329,1.0
2025-12-16 18:27:22.882,0.008099871904672092,-0.5784705976687555,-0.815651216273898,0.0,-0.9999575032782523,-0.004390933327542337,-0.006816028407043521,0.0,0.0003614088754030112,0.8156874672395023,-0.5784927183396787,0.0,0.4465967661195792,0.2293936413302156,0.13084875871379628,1.0
2025-12-16 18:27:22.932,0.008099441929640828,-0.5784722238623765,-0.8156500672232874,0.0,-0.9999575069792146,-0.00439119096229701,-0.006815319438943265,0.0,0.0003608047351992482,0.8156863125612139,-0.5784943468351552,0.0,0.446397346737363,0.22954311216537732,0.13027825643830057,1.0
2025-12-16 18:27:22.982,0.008099111615883059,-0.578473512749276,-0.8156491564022823,0.0,-0.9999575098239617,-0.004391393695891477,-0.006814771403179132,0.0,0.00036033512626403106,0.8156853973918113,-0.5784956375292382,0.0,0.44625810402251886,0.22964597180563603,0.12983009421074126,1.0
2025-12-16 18:27:23.032,0.00809893071829364,-0.5784743456844117,-0.8156485674648247,0.0,-0.9999575113914959,-0.004391527843000696,-0.006814454940732975,0.0,0.0003600509010066702,0.8156848059507642,-0.5784964716438752,0.0,0.4461682553580074,0.22967912033752383,0.1295362050768332,1.0
2025-12-16 18:27:23.082,0.008098891330984051,-0.5784750681510831,-0.8156480554675632,0.0,-0.9999575117632747,-0.0043916306675179494,-0.006814334119265353,0.0,0.0003599043090268249,0.8156842930216991,-0.5784971949686353,0.0,0.4461102864240337,0.2295731104843461,0.12927244627967371,1.0
2025-12-16 18:27:23.133,0.008098898476695362,-0.5784756310660253,-0.8156476561649865,0.0,-0.9999575117194669,-0.004391671387729129,-0.006814314304667664,0.0,0.0003598652221474795,0.8156838935808829,-0.5784977582063328,0.0,0.44606598311305806,0.22945157682271705,0.12906540716975853,1.0
2025-12-16 18:27:23.185,0.008098743213711923,-0.5784763209732308,-0.8156471684085236,0.0,-0.9999575130629751,-0.004391782338967071,-0.006814045641576268,0.0,0.0003596261485555362,0.8156834036976965,-0.5784984490914162,0.0,0.44596727788860824,0.22948753493381033,0.12883125464378178,1.0
2025-12-16 18:27:23.232,0.008098750324249457,-0.5784768839225656,-0.8156467690806066,0.0,-0.9999575130374544,-0.004391863899959946,-0.006813996818441044,0.0,0.00035953696854667427,0.8156830040112799,-0.5784990127046912,0.0,0.44590766226552203,0.22936874448801645,0.12865096865407294,1.0
2025-12-16 18:27:23.282,0.008098778377731305,-0.5784772610524974,-0.81564650133204,0.0,-0.999957512815077,-0.0043918942407694846,-0.0068140098966006655,0.0,0.0003595235320081859,0.8156827363846287,-0.5784993900661557,0.0,0.4458968627066787,0.2292825849519851,0.12852428976172314,1.0
2025-12-16 18:27:23.333,0.008098753641171633,-0.5784775870264982,-0.8156462703884987,0.0,-0.9999575130362702,-0.004391929959054636,-0.006813954414293924,0.0,0.0003594655376043141,0.8156825050089678,-0.5784997163411773,0.0,0.445845332662025,0.22924090768086605,0.1284201033276062,1.0
2025-12-16 18:27:23.382,0.008098761759269128,-0.5784775781529343,-0.8156462766012548,0.0,-0.9999575129631392,-0.004391917831313274,-0.006813972963297221,0.0,0.00035948607237930216,0.8156825113674734,-0.5784997073629472,0.0,0.4458037464648311,0.22919696870082143,0.12842991808895632,1.0
2025-12-16 18:27:23.433,0.008098656718304028,-0.5784777586521956,-0.8156461496294207,0.0,-0.9999575138543703,-0.004391950475703475,-0.006813821131656092,0.0,0.0003593734002783852,0.8156823831801163,-0.5784998881766227,0.0,0.44567646048392995,0.2292114869470789,0.12837422448016855,1.0
2025-12-16 18:27:23.482,0.008098642655202186,-0.5784781800349453,-0.8156458509131331,0.0,-0.9999575139916062,-0.004391998837098248,-0.006813769819316147,0.0,0.00035930845336171007,0.8156820840713134,-0.5785003099588748,0.0,0.44558291240589326,0.22913015700136874,0.1282576352930758,1.0
2025-12-16 18:27:23.532,0.008098624088928337,-0.578478386797999,-0.8156457044554696,0.0,-0.9999575141563393,-0.004392022436430592,-0.006813730432080914,0.0,0.0003592684713114731,0.8156819373059215,-0.5785005169220024,0.0,0.44559899700309186,0.2291391614780774,0.12818409237802678,1.0
2025-12-16 18:27:23.582,0.008098464093360154,-0.5784784749129517,-0.815645643550508,0.0,-0.9999575155115354,-0.004392065524650622,-0.006813503770640733,0.0,0.00035910307253111116,0.815681874581924,-0.5785006054651126,0.0,0.4455518182782989,0.22924957881756106,0.12813338486314282,1.0
2025-12-16 18:27:23.632,0.00809847635197249,-0.5784784067322277,-0.8156456917844465,0.0,-0.9999575154052663,-0.004392056172598709,-0.006813525395230084,0.0,0.0003591225338284794,0.8156819229867176,-0.5785005372025996,0.0,0.44552964883855906,0.22923252548418768,0.12816486025236284,1.0
2025-12-16 18:27:23.682,0.008098302076247326,-0.5784784819776114,-0.8156456401486915,0.0,-0.9999575168828044,-0.004392106206223966,-0.006813276293927206,0.0,0.0003589383603041923,0.8156818693525412,-0.5785006129407275,0.0,0.44547912022595765,0.2293643183961317,0.12812016337684182,1.0
2025-12-16 18:27:23.732,0.008098006571646157,-0.5784789068728161,-0.8156453417350003,0.0,-0.9999575193907403,-0.004392199773797522,-0.006812847882707908,0.0,0.0003586184149279756,0.8156815675086709,-0.5785010387366905,0.0,0.44538179315943727,0.2295315276532519,0.1279711227960629,1.0
2025-12-16 18:27:23.782,0.008097800790589063,-0.5784794274805127,-0.8156449745479847,0.0,-0.9999575211464854,-0.004392288206385408,-0.006812533162992111,0.0,0.00035836938123618535,0.8156811978117079,-0.5785015601602507,0.0,0.4453226080720274,0.22963259349403797,0.12778796903074738,1.0
2025-12-16 18:27:23.832,0.008097568517405822,-0.5784801531158908,-0.815644462211526,0.0,-0.9999575231289215,-0.004392390959308743,-0.006812175918268147,0.0,0.00035808610069104293,0.8156806826288746,-0.5785022867374315,0.0,0.4452480772715397,0.22971030208433194,0.12753508089166174,1.0
2025-12-16 18:27:23.882,0.008097537273362251,-0.5784807536537298,-0.8156440366014622,0.0,-0.9999575234198219,-0.0043924642193241045,-0.006812085979112204,0.0,0.0003579802769036222,0.8156802563248274,-0.5785028878856052,0.0,0.4452304273021189,0.22965585218888124,0.12733359594437352,1.0
2025-12-16 18:27:23.932,0.008097575970342481,-0.5784815399460631,-0.8156434785531265,0.0,-0.9999575231256312,-0.004392536866045368,-0.00681208232050321,0.0,0.0003579267131083342,0.8156796982834782,-0.5785036747477427,0.0,0.4452394357650529,0.22953999789195287,0.12708128314925055,1.0
2025-12-16 18:27:23.982,0.008097528292044187,-0.5784822079930193,-0.8156430052248893,0.0,-0.9999575235607283,-0.00439262655596474,-0.006811960616716494,0.0,0.0003577897819439064,0.8156792240108109,-0.5785043435477327,0.0,0.4451993007597542,0.22950082067586422,0.12687159700043416,1.0
2025-12-16 18:27:24.033,0.008097381081389576,-0.5784826311007947,-0.8156427066035306,0.0,-0.9999575248246284,-0.004392708696391527,-0.006811722111138436,0.0,0.00035758900342958307,0.8156789234931777,-0.5785047673953216,0.0,0.4451376124343428,0.22956006513527677,0.12672200897587352,1.0
2025-12-16 18:27:24.082,0.008097073186107364,-0.5784831750914338,-0.8156423238424798,0.0,-0.9999575274388763,-0.004392811346498506,-0.006811272128693927,0.0,0.0003572503507352139,0.8156785371323997,-0.5785053123643163,0.0,0.4450449989637239,0.22970175677326635,0.126517148614681,1.0
2025-12-16 18:27:24.133,0.008097040326243525,-0.5784837042068809,-0.8156419489005268,0.0,-0.9999575277400167,-0.004392876815896387,-0.006811185694343263,0.0,0.0003571521993935434,0.8156781615210821,-0.5785058420274543,0.0,0.4449689982387145,0.22963129071718263,0.12635989812864787,1.0
2025-12-16 18:27:24.183,0.008097098541228686,-0.5784845215236449,-0.8156413686504514,0.0,-0.9999575272786981,-0.0043929403259456365,-0.006811212459802625,0.0,0.00035712399669441763,0.81567758152145,-0.578506659828363,0.0,0.4449331961492044,0.22946976747658357,0.12611162234804968,1.0
2025-12-16 18:27:24.233,0.008096893122945339,-0.5784850993139408,-0.8156409608980558,0.0,-0.9999575290347327,-0.004393038096319542,-0.006810891589508889,0.0,0.0003568643541743459,0.8156771712135669,-0.5785072385103459,0.0,0.4448665163135452,0.22956707258019374,0.12591720385842853,1.0
2025-12-16 18:27:24.282,0.008096688667577904,-0.5784856907283834,-0.8156405434726341,0.0,-0.9999575307839655,-0.0043931390628766465,-0.0068105696397254166,0.0,0.00035660161518075113,0.8156767512252818,-0.5785078308422954,0.0,0.4447368299322584,0.2296152512890158,0.12574377508566445,1.0
2025-12-16 18:27:24.332,0.008096643521106816,-0.5784862722425455,-0.815640131486812,0.0,-0.9999575311890967,-0.004393208346874397,-0.006810465463966399,0.0,0.0003564906083418445,0.8156763384285032,-0.578508412939964,0.0,0.4445925844137973,0.2295150009846931,0.1255829729126776,1.0
2025-12-16 18:27:24.382,0.00809654339061318,-0.5784869595620327,-0.8156396450044637,0.0,-0.9999575320550441,-0.004393282477626881,-0.006810290497887834,0.0,0.00035633574396872646,0.8156758505651676,-0.578509100904755,0.0,0.44443323741478064,0.22945038096592343,0.12539007323277682,1.0
2025-12-16 18:27:24.432,0.00809644928664375,-0.5784875080911753,-0.8156392568976923,0.0,-0.9999575328803898,-0.004393377778558755,-0.006810107830842921,0.0,0.0003561577794629641,0.8156754610207325,-0.5785096502568056,0.0,0.44433852564043425,0.22942876411755705,0.125229251252249,1.0
2025-12-16 18:27:24.482,0.008096506552571062,-0.5784876778724481,-0.8156391359128098,0.0,-0.9999575324019316,-0.004393378466042838,-0.006810177641038361,0.0,0.0003561992916222542,0.8156753406036265,-0.5785098200145117,0.0,0.44429629336519166,0.2293078721547419,0.1251816325408191,1.0
2025-12-16 18:27:24.532,0.008096330786021764,-0.5784877700177802,-0.8156390723039619,0.0,-0.99995753389281,-0.004393432704735954,-0.006809923735746291,0.0,0.0003560090746401074,0.8156752749595321,-0.5785099126870952,0.0,0.4441865914043507,0.22942756878396536,0.12516700174070522,1.0
2025-12-16 18:27:24.582,0.008096230062273183,-0.5784876666078825,-0.8156391466466983,0.0,-0.9999575347389498,-0.004393443725200076,-0.006809792378923134,0.0,0.0003559230651269409,0.815675348241251,-0.5785098094157832,0.0,0.4440228204910883,0.22945227476083152,0.12523265355203492,1.0
2025-12-16 18:27:24.632,0.008096222694539568,-0.5784876022257858,-0.8156391923824835,0.0,-0.9999575347974707,-0.004393436330112633,-0.006809788556678349,0.0,0.0003559262464237091,0.8156753939425873,-0.5785097449767915,0.0,0.4439647277117034,0.22943440267796614,0.12526732050617206,1.0
2025-12-16 18:27:24.682,0.00809619224175324,-0.5784876289729093,-0.8156391737145136,0.0,-0.9999575350569755,-0.004393448595890037,-0.00680974253708931,0.0,0.0003558898836710431,0.8156753749067452,-0.5785097718389303,0.0,0.44396114166924944,0.22946016196845276,0.12525446232240572,1.0
2025-12-16 18:27:24.732,0.008096252923790338,-0.5784876308397231,-0.8156391717881422,0.0,-0.9999575345419217,-0.004393429319067086,-0.006809830604966635,0.0,0.0003559565752402569,0.8156753736865832,-0.5785097735182781,0.0,0.4439734014615359,0.2294004130669261,0.12526274482324684,1.0
