timestamp,ee_pose_cmd
2025-12-16 18:12:13.286,0.009384670808949792,-0.5666981813922845,-0.8238603316471145,0.0,-0.9999455930107632,-0.006322911600092632,-0.007041214984573687,0.0,-0.0012189757903390127,0.8238974499506413,-0.5667375989493314,0.0,0.47051036578179123,0.23631168145369266,0.2075928323928988,1.0
2025-12-16 18:12:13.332,0.00938466469271752,-0.5666981590636179,-0.8238603470757164,0.0,-0.9999455930551908,-0.006322916711651319,-0.007041204085096003,0.0,-0.0012189864332430404,0.8238974652699476,-0.5667375766559254,0.0,0.47048566042942547,0.2363106406751337,0.20758198179413304,1.0
2025-12-16 18:12:13.382,0.00938466248037522,-0.5666981278346234,-0.8238603685820011,0.0,-0.9999455930649983,-0.006322922595938281,-0.007041197408338254,0.0,-0.0012189954208251053,0.8238974867053177,-0.566737545474821,0.0,0.4704779064424549,0.23632592951309647,0.2075936591178778,1.0
2025-12-16 18:12:13.432,0.009384648882852105,-0.56669803896802,-0.8238604298644003,0.0,-0.9999455931519484,-0.006322941613772574,-0.007041167982308536,0.0,-0.001219028778392918,0.8238975476852959,-0.5667374567531186,0.0,0.4704298822409241,0.23635564288475444,0.20760837057733683,1.0
2025-12-16 18:12:13.482,0.009384611916679197,-0.5666978759885287,-0.8238605423920191,0.0,-0.9999455934137155,-0.006322976827830475,-0.007041099185163782,0.0,-0.0012190986374782354,0.8238976595186857,-0.5667372940244396,0.0,0.47034418688098656,0.23642116446858788,0.20762344582580364,1.0
2025-12-16 18:12:13.533,0.009384576156876429,-0.5666977418809221,-0.8238606350461393,0.0,-0.9999455936697268,-0.006323009206736828,-0.007041033750631501,0.0,-0.0012191639261579918,0.82389775151459,-0.5667371601443867,0.0,0.47026586343078947,0.2364769848121491,0.20765219326298442,1.0
2025-12-16 18:12:13.586,0.009384541684435402,-0.5666976641392565,-0.8238606889139036,0.0,-0.9999455939224767,-0.006323036832564302,-0.007040973046910871,0.0,-0.0012192219757535528,0.8238978047762815,-0.5667370825899767,0.0,0.4701900005583255,0.23651596638419808,0.2076641123629217,1.0
2025-12-16 18:12:13.632,0.009384436699085846,-0.566697898278254,-0.8238605290557733,0.0,-0.9999455947534058,-0.00632308363313268,-0.007040813009463265,0.0,-0.0012193485688619615,0.8238976433672504,-0.5667373169670044,0.0,0.46992119178368286,0.23643374022992544,0.20747194766985047,1.0
2025-12-16 18:12:13.682,0.009384282902213806,-0.5666983178504278,-0.823860242201986,0.0,-0.9999455961760276,-0.006323014064227874,-0.007040673442248875,0.0,-0.0012193655787106118,0.8238973553029714,-0.566737735705286,0.0,0.4695510360456552,0.23626570645944223,0.2071694476911711,1.0
2025-12-16 18:12:13.732,0.00938405076298505,-0.5666989572789698,-0.8238598050101816,0.0,-0.9999455985060653,-0.006322785595271012,-0.007040547696818654,0.0,-0.0012192413433551096,0.823896917231724,-0.5667383728199531,0.0,0.4691940060884237,0.2361063438450563,0.20674711845261562,1.0
2025-12-16 18:12:13.782,0.009383846575877302,-0.5666997730422035,-0.8238592462056633,0.0,-0.9999456007040567,-0.006322486389681856,-0.007040504219439515,0.0,-0.001219010197613602,0.8238963584121082,-0.566739185701329,0.0,0.46890819446695164,0.23590923480200945,0.2062926650930751,1.0
2025-12-16 18:12:13.832,0.009383638087950587,-0.566700904058179,-0.8238584705986126,0.0,-0.9999456031521501,-0.006322045579895941,-0.0070405523630518154,0.0,-0.0012186068752558991,0.8238955838331214,-0.5667403126102496,0.0,0.4685876202014456,0.235625509891338,0.20573556156175785,1.0
2025-12-16 18:12:13.882,0.009383337065022593,-0.5667023631376201,-0.8238574703800223,0.0,-0.9999456066620697,-0.006321424118811325,-0.007040611872824788,0.0,-0.0012180445485904647,0.8238945849804149,-0.566741765892922,0.0,0.4681988714483282,0.23531951227909825,0.20506137747024994,1.0
2025-12-16 18:12:13.932,0.00938285847048578,-0.5667042153823882,-0.8238562017342366,0.0,-0.9999456119712905,-0.00632061504509794,-0.007040584210246303,0.0,-0.0012173725911721774,0.8238933171241067,-0.5667436104643886,0.0,0.4677202955932529,0.23503434016486605,0.20425544259932743,1.0
2025-12-16 18:12:13.982,0.009382266896985413,-0.5667063612049945,-0.8238547324248835,0.0,-0.9999456185034151,-0.00631963370936696,-0.00704053739500176,0.0,-0.0012165662332744396,0.8238918486436592,-0.5667457469669567,0.0,0.46720276708812847,0.23475308143895368,0.20333771474256337,1.0
2025-12-16 18:12:14.032,0.009381688006288896,-0.5667086268825743,-0.8238531805171527,0.0,-0.9999456249284903,-0.006318651814760976,-0.007040506148194374,0.0,-0.0012157492293098531,0.8238902977149327,-0.5667480033357072,0.0,0.4667410903946824,0.23446104753686797,0.20235326644176013,1.0
2025-12-16 18:12:14.082,0.009381179427500276,-0.5667109574535654,-0.8238515831603535,0.0,-0.9999456307289853,-0.006317685870443362,-0.00704054915914962,0.0,-0.0012149025419325276,0.8238887020158561,-0.5667503248366441,0.0,0.4664026216224126,0.23413856023883528,0.20130260200099578,1.0
2025-12-16 18:12:14.132,0.009380744854759761,-0.5667132554262985,-0.8238500073747073,0.0,-0.9999456358171658,-0.006316773179816425,-0.007040645425484497,0.0,-0.0012140699160056532,0.8238871283209024,-0.5667526143048447,0.0,0.46616327619612213,0.2337945120712541,0.20024643722664923,1.0
2025-12-16 18:12:14.182,0.009380347691412693,-0.5667155645595425,-0.8238484234762822,0.0,-0.999945640647932,-0.0063158176818103855,-0.007040816530438841,0.0,-0.0012131594821946665,0.823885547266701,-0.5667549146228191,0.0,0.4659778053097036,0.23345329468895235,0.19920051136413855,1.0
2025-12-16 18:12:14.232,0.009380031143604861,-0.5667177199477186,-0.8238469444103149,0.0,-0.9999456445956015,-0.006314992123263005,-0.007040996376805599,0.0,-0.0012123528934521116,0.8238840709631966,-0.5667570624293728,0.0,0.46579282524443766,0.2331147602384642,0.19826196348598188,1.0
2025-12-16 18:12:14.283,0.009379719137175143,-0.5667196260907659,-0.8238456367388605,0.0,-0.9999456483022945,-0.0063143013917802155,-0.007041089436006447,0.0,-0.0012117094073881478,0.8238827650674547,-0.5667589621568567,0.0,0.46557337889498907,0.23282858499081466,0.19744405816119187,1.0
2025-12-16 18:12:14.332,0.00937943559333078,-0.5667211617298503,-0.8238445836058691,0.0,-0.9999456515663345,-0.006313742783163236,-0.0070411268171121765,0.0,-0.001211210544064945,0.8238817130146652,-0.5667604925619274,0.0,0.46533042960133564,0.23260551687597047,0.19680490550740368,1.0
2025-12-16 18:12:14.382,0.009379120316127943,-0.5667226845805312,-0.8238435396269973,0.0,-0.9999456550246828,-0.0063132361741171095,-0.007041089935238726,0.0,-0.0012107967573040173,0.8238806693557501,-0.566762010576868,0.0,0.46507174164625303,0.23242270953338268,0.19619723878515521,1.0
2025-12-16 18:12:14.432,0.00937878061209453,-0.5667241760368492,-0.8238425175182408,0.0,-0.9999456587417731,-0.006312695094642622,-0.007041047175795757,0.0,-0.0012103582631031392,0.8238796475522461,-0.5667634968680162,0.0,0.4647792057513229,0.23224802240931888,0.19559824340471826,1.0
2025-12-16 18:12:14.482,0.009378326674116309,-0.5667259562775777,-0.8238412980491249,0.0,-0.9999456635208444,-0.006312097930198559,-0.007040903833045363,0.0,-0.0012099272892366147,0.8238784275225906,-0.5667652712886156,0.0,0.46448265222105256,0.23212686866052124,0.19492776068283482,1.0
2025-12-16 18:12:14.532,0.009377625267535411,-0.5667283914732452,-0.8238396308406742,0.0,-0.9999456706617794,-0.006311337872018201,-0.007040571016459378,0.0,-0.0012094620612755676,0.8238767581960103,-0.5667676988907848,0.0,0.4641188159384859,0.23204684645192783,0.19407993360390338,1.0
2025-12-16 18:12:14.582,0.00937655386044047,-0.5667313250731474,-0.8238376249721452,0.0,-0.9999456807451653,-0.006310731019951224,-0.007039682825970387,0.0,-0.0012094321645746945,0.8238747448332843,-0.5667706256500332,0.0,0.46371031866614815,0.23216126757406844,0.1931630264409836,1.0
2025-12-16 18:12:14.632,0.009375069032309315,-0.5667348002605657,-0.8238352512216653,0.0,-0.9999456943820149,-0.006310113466069113,-0.007038299235167624,0.0,-0.0012096680911986128,0.8238723589763487,-0.5667740932839606,0.0,0.4632335297828474,0.23244733427929445,0.1921340531083865,1.0
2025-12-16 18:12:14.682,0.009373401153311863,-0.5667382623272799,-0.8238328885558543,0.0,-0.9999457095624439,-0.006309507837901072,-0.0070366852787723325,0.0,-0.0012100445771362502,0.8238699820319245,-0.5667775476312004,0.0,0.46274159200749293,0.23281999372905043,0.1911206715628877,1.0
2025-12-16 18:12:14.732,0.00937173207728319,-0.5667413977074507,-0.8238307506179198,0.0,-0.9999457246624127,-0.00630895913697489,-0.0070350312848185895,0.0,-0.0012104943839260217,0.8238678293628818,-0.5667806757858279,0.0,0.4622191963366939,0.23322371031667308,0.19014913798361194,1.0
2025-12-16 18:12:14.782,0.009370382092499999,-0.5667438166948758,-0.8238291018644425,0.0,-0.9999457366576741,-0.006308661102317765,-0.007033593423409264,0.0,-0.001211036344229127,0.8238661675784461,-0.5667830901769888,0.0,0.46177162158925705,0.2335832155125229,0.18928246396753862,1.0
2025-12-16 18:12:14.832,0.009369238327536594,-0.566746064371601,-0.8238275686050275,0.0,-0.9999457468264815,-0.0063084051360485635,-0.007032377228060791,0.0,-0.0012114892727491204,0.823864623310241,-0.5667853339242439,0.0,0.46138312011309196,0.23384893850482133,0.18842601993468844,1.0
2025-12-16 18:12:14.883,0.009368502492324541,-0.5667478036070134,-0.8238263804764242,0.0,-0.9999457533953654,-0.006308224172356841,-0.007031605476362717,0.0,-0.0012117578576808232,0.8238634282298796,-0.5667870704843262,0.0,0.46107274528892706,0.23395847932454072,0.1877114210875677,1.0
2025-12-16 18:12:14.932,0.009367912257424778,-0.5667495689598803,-0.8238251727186633,0.0,-0.9999457587640367,-0.00630801417973907,-0.007031030374819074,0.0,-0.0012118907695154234,0.8238622153993318,-0.5667888331275307,0.0,0.46079922207886703,0.2339483161491497,0.1869774923044969,1.0
2025-12-16 18:12:14.982,0.00936734773436142,-0.5667513728530885,-0.8238239381486625,0.0,-0.9999457638367151,-0.006307856311507457,-0.007030450552419119,0.0,-0.0012120688615442504,0.8238609756508436,-0.5667906347927028,0.0,0.460533447476403,0.2339210037394236,0.18622325812152665,1.0
2025-12-16 18:12:15.032,0.0093666738786988,-0.5667535678123344,-0.8238224357794877,0.0,-0.9999457699297777,-0.006307642121477033,-0.0070297760718384325,0.0,-0.001212249766468823,0.823859467298564,-0.5667928268715388,0.0,0.4602945524234443,0.23390772920855898,0.1853355685704932,1.0
2025-12-16 18:12:15.082,0.009366005112591707,-0.5667556717927237,-0.8238209959331079,0.0,-0.9999457759497986,-0.006307446944576525,-0.007029094849580645,0.0,-0.0012124511935500584,0.8238580213802417,-0.566794928143801,0.0,0.4601758855777024,0.23393047721676175,0.1844553078108486,1.0
2025-12-16 18:12:15.132,0.00936527926661943,-0.5667580300427938,-0.8238193817988734,0.0,-0.9999457825878625,-0.00630716455540103,-0.0070284038889635025,0.0,-0.0012125834084683017,0.823856401197825,-0.5667972828506201,0.0,0.4601494158633512,0.23395774021388163,0.1834483627259862,1.0
2025-12-16 18:12:15.182,0.00936463052915021,-0.5667600433019682,-0.8238180041202133,0.0,-0.9999457886092359,-0.006306850926198871,-0.0070278286302528714,0.0,-0.0012126282303550168,0.8238550185810808,-0.5667992924232896,0.0,0.46025909691155814,0.23398470929760715,0.18249151690918125,1.0
2025-12-16 18:12:15.232,0.009364037954958066,-0.5667616889874253,-0.8238168786754174,0.0,-0.9999457942073375,-0.006306495953934668,-0.007027350642198637,0.0,-0.0012125880391474569,0.8238538891469541,-0.566800934162679,0.0,0.4604516203424045,0.2340085544870834,0.18159065865745772,1.0
2025-12-16 18:12:15.282,0.009363527937746538,-0.5667630309157736,-0.82381596126376,0.0,-0.9999457991948968,-0.006306074517143706,-0.0070270191313071915,0.0,-0.001212413521696127,0.8238529691879631,-0.5668022717082466,0.0,0.46068668897480436,0.2340300535375663,0.1808099160838119,1.0
2025-12-16 18:12:15.332,0.009363192046868106,-0.5667640848864548,-0.8238152399772177,0.0,-0.9999458025668337,-0.006305739050790673,-0.007026840342743308,0.0,-0.0012122265319797155,0.8238522466701146,-0.5668033222939327,0.0,0.46092428550686887,0.23402293915642278,0.18020047654630184,1.0
2025-12-16 18:12:15.382,0.009362998387125393,-0.56676505287052,-0.8238145762288305,0.0,-0.9999458045785753,-0.006305502693749103,-0.007026766161850842,0.0,-0.0012120628702967115,0.8238515825468444,-0.5668042879501338,0.0,0.4611560611074405,0.23398857235338655,0.1796918940887262,1.0
2025-12-16 18:12:15.432,0.009362849445385174,-0.5667660165364692,-0.8238139149412651,0.0,-0.9999458062160497,-0.00630526139172526,-0.0070267496699768965,0.0,-0.0012118624843015253,0.8238509214303739,-0.5668052493120039,0.0,0.46139407294641854,0.233954317467957,0.17921210566575208,1.0
2025-12-16 18:12:15.482,0.009362731361934698,-0.5667670266857631,-0.8238132213216973,0.0,-0.9999458075681871,-0.006305035490866331,-0.007026759955563737,0.0,-0.001211659079220799,0.8238502282155166,-0.5668062573327123,0.0,0.46162657122775924,0.23391357696077292,0.17874571863667196,1.0
2025-12-16 18:12:15.532,0.009362603817194516,-0.56676811991841,-0.8238124706479754,0.0,-0.9999458089981481,-0.006304812217799515,-0.007026756801386535,0.0,-0.001211464513116972,0.8238494778202897,-0.5668073484429865,0.0,0.46181603302173435,0.23386379211446298,0.178268154529127,1.0
2025-12-16 18:12:15.583,0.009362429895931737,-0.5667691194613258,-0.8238117849561788,0.0,-0.999945810828801,-0.0063045846249451,-0.007026700495033107,0.0,-0.0012112975822268425,0.8238487919112927,-0.5668083457611319,0.0,0.46198254378001746,0.2338427142863385,0.17780709535624725,1.0
2025-12-16 18:12:15.635,0.009362188411248095,-0.5667701225173006,-0.8238110976134546,0.0,-0.9999458132602337,-0.006304340353736225,-0.007026573648828527,0.0,-0.0012111568572393192,0.8238481037112074,-0.5668093463507061,0.0,0.4621238092373313,0.2338451745578286,0.1773287747475841,1.0
2025-12-16 18:12:15.682,0.009361779871464906,-0.566771013587761,-0.8238104892118991,0.0,-0.9999458171433774,-0.006304076786199255,-0.007026257506355237,0.0,-0.0012111088102602604,0.8238474926995388,-0.566810234547801,0.0,0.46220458596486985,0.23390735486572245,0.17683859035408925,1.0
2025-12-16 18:12:15.732,0.009361293371807565,-0.5667718123664505,-0.8238099451903118,0.0,-0.999945821674896,-0.006303823545587792,-0.007025839795492738,0.0,-0.0012111278932572427,0.8238469451014095,-0.5668110304292795,0.0,0.4622143191347293,0.23398570712800984,0.17636022119530506,1.0
2025-12-16 18:12:15.782,0.009360758265371529,-0.5667725770114156,-0.8238094252032715,0.0,-0.999945826597056,-0.0063035860906938395,-0.007025352285546186,0.0,-0.0012111999341538194,0.823846420864335,-0.5668117922412558,0.0,0.46217839124725185,0.23407764288981317,0.17587643076756043,1.0
2025-12-16 18:12:15.832,0.0093602514460816,-0.5667734527065641,-0.8238088284918744,0.0,-0.9999458313059193,-0.0063033303954764764,-0.007024911461903724,0.0,-0.0012112292243895897,0.8238458203661015,-0.566812664986476,0.0,0.46211348675216135,0.2341263052517488,0.17536551294775232,1.0
2025-12-16 18:12:15.882,0.009359743215072956,-0.5667743478845426,-0.8238082183907901,0.0,-0.9999458360737846,-0.006303042746403043,-0.007024490874410997,0.0,-0.0012112205005380319,0.8238452067071885,-0.5668135569395714,0.0,0.4620799953095591,0.2341633918433813,0.1748188259129443,1.0
2025-12-16 18:12:15.937,0.00935931485593055,-0.5667753814129861,-0.823807512196144,0.0,-0.9999458402399215,-0.006302702163966472,-0.007024203408078478,0.0,-0.001211091141331807,0.8238444982697551,-0.5668145869055443,0.0,0.46215822675871315,0.2341466875293793,0.1742012294506536,1.0
2025-12-16 18:12:15.982,0.009359080376052797,-0.5667761618662669,-0.8238069779116138,0.0,-0.9999458426278164,-0.0063024444461466786,-0.007024094714468604,0.0,-0.0012109315839696373,0.8238439633067197,-0.566815364795076,0.0,0.4623213267517222,0.2341157820807796,0.17372894318235887,1.0
2025-12-16 18:12:16.038,0.009358854890808418,-0.5667772570718052,-0.8238062269748281,0.0,-0.9999458450254843,-0.006302130522701472,-0.007024035047833955,0.0,-0.0012106943594401283,0.823843212229115,-0.5668164569621998,0.0,0.46258249919711225,0.23406067199885575,0.1731215528796521,1.0
2025-12-16 18:12:16.083,0.0093586270324323,-0.5667784440722026,-0.8238054129079084,0.0,-0.9999458474384059,-0.0063018206984895115,-0.007023969517350489,0.0,-0.0012104627934959014,0.8238423979646212,-0.5668176409531804,0.0,0.46284235384077305,0.2340220066557984,0.17250627707629534,1.0
2025-12-16 18:12:16.132,0.009358362206908648,-0.5667796549150064,-0.8238045828547198,0.0,-0.9999458501808474,-0.006301501249166591,-0.0070238656961429885,0.0,-0.001210244733460311,0.8238415673679034,-0.5668188486496203,0.0,0.4629951336823011,0.2339809882884897,0.17190771883857964,1.0
2025-12-16 18:12:16.183,0.009358123699225857,-0.5667805987613567,-0.8238039361946242,0.0,-0.9999458525707801,-0.006301266671652868,-0.007023735903106855,0.0,-0.0012101143448661094,0.8238409198093276,-0.5668197901193935,0.0,0.46299831050772144,0.23394077656816037,0.17146926677372612,1.0
2025-12-16 18:12:16.232,0.009357911603697179,-0.5667814086172637,-0.823803381419047,0.0,-0.9999458545965695,-0.006301125509905601,-0.007023574136649982,0.0,-0.001210080556908401,0.8238403637184369,-0.5668205984377416,0.0,0.4628420392994492,0.23387717659631715,0.17114402342896673,1.0
2025-12-16 18:12:16.283,0.00935761582869684,-0.5667822153606418,-0.8238028297342113,0.0,-0.9999458573048146,-0.006301005364958827,-0.007023296344188928,0.0,-0.0012101298874800986,0.823839809606991,-0.5668214036999416,0.0,0.4626273143243974,0.2338462339618601,0.17081977201529855,1.0
2025-12-16 18:12:16.332,0.009357242339513277,-0.5667829187006707,-0.823802350073218,0.0,-0.9999458607110637,-0.006300860120780667,-0.0070229416740211345,0.0,-0.001210203295279068,0.8238393268268891,-0.5668221052335578,0.0,0.4625061800894139,0.2338834233691274,0.1704755939427069,1.0
2025-12-16 18:12:16.383,0.00935690602792437,-0.5667835403934997,-0.8238019261629601,0.0,-0.9999458638528901,-0.006300678340974386,-0.007022657413598514,0.0,-0.001210207621825004,0.8238389004979213,-0.5668227248654453,0.0,0.46252930183721896,0.23393608041019423,0.17011082347158726,1.0
2025-12-16 18:12:16.435,0.009356552613108632,-0.5667842337968105,-0.8238014531085563,0.0,-0.9999458672466434,-0.006300424844481643,-0.007022401608118329,0.0,-0.0012101359260808726,0.8238384253803892,-0.5668234155694357,0.0,0.4626464702859797,0.23399319342392083,0.16967468660563217,1.0
2025-12-16 18:12:16.482,0.00935609619586875,-0.5667850501624013,-0.8238008966234416,0.0,-0.999945871724576,-0.006300031929157704,-0.00702211648134306,0.0,-0.0012099646054403485,0.8238378667307491,-0.5668242278927234,0.0,0.4628264147801494,0.2340545367342543,0.16912693955952665,1.0
2025-12-16 18:12:16.532,0.009355477473926843,-0.5667862848586667,-0.8238000541627523,0.0,-0.9999458778284043,-0.006299477297828318,-0.007021744866065633,0.0,-0.0012097043438424613,0.8238370215063459,-0.5668254569185767,0.0,0.4629921033712402,0.2341076036490544,0.16841889103229232,1.0
2025-12-16 18:12:16.582,0.009354570129794125,-0.5667879325227657,-0.8237989308474877,0.0,-0.9999458866977318,-0.006298717734086251,-0.007021163180092315,0.0,-0.0012093896567994325,0.8238358937241455,-0.5668270967309137,0.0,0.46311277588281935,0.2342012942372434,0.16753724872250622,1.0
2025-12-16 18:12:16.632,0.009353399968027452,-0.5667900882053967,-0.8237974609831991,0.0,-0.9999458978826329,-0.006297910202167664,-0.0070202945799152225,0.0,-0.0012091923305671403,0.8238344167847916,-0.5668292437540337,0.0,0.46320010077320045,0.23434362160270322,0.16648315325324742,1.0
2025-12-16 18:12:16.682,0.009352010558385925,-0.5667925479399614,-0.8237957844025732,0.0,-0.9999459109246482,-0.006297111808132985,-0.007019153022955693,0.0,-0.0012091538151477877,0.8238327305764473,-0.566831694577858,0.0,0.4632731182013439,0.23453916640028616,0.1653110993825009,1.0
2025-12-16 18:12:16.732,0.009350413336530623,-0.56679538705905,-0.8237938491395926,0.0,-0.9999459257165356,-0.006296329272395984,-0.007017747630270131,0.0,-0.0012092736246403968,0.8238307832139696,-0.5668345246069245,0.0,0.46338847893683305,0.2347983615203074,0.16400250777868886,1.0
2025-12-16 18:12:16.784,0.0093485390340123,-0.5667991424732364,-0.8237912865591269,0.0,-0.9999459428944757,-0.0062955349543898885,-0.0070160123805560115,0.0,-0.001209560326558549,0.82382820549805,-0.5668382703996606,0.0,0.46357076704723793,0.23510265913493414,0.16238618269398458,1.0
2025-12-16 18:12:16.832,0.009346584583528354,-0.5668033300291923,-0.8237884275259333,0.0,-0.9999459603568943,-0.0062950127804644014,-0.007013991818558219,0.0,-0.001210228060758684,0.8238253283515493,-0.5668424505226324,0.0,0.4637951962273724,0.2354432535754981,0.16056465806108877,1.0
2025-12-16 18:12:16.882,0.009344690628291873,-0.56680855833503,-0.82378485167939,0.0,-0.9999459767171979,-0.006294895962008004,-0.007011763909663143,0.0,-0.0012113354653396303,0.823821732003067,-0.5668476749055755,0.0,0.46398661284349246,0.2357210160939313,0.1585279130009015,1.0
2025-12-16 18:12:16.932,0.009344168041669758,-0.5668149278439969,-0.8237804750041251,0.0,-0.9999459801555876,-0.006295636270453508,-0.007010608806633562,0.0,-0.0012125278573715261,0.8238173438545067,-0.566854049770045,0.0,0.4642269721546598,0.23554118683313113,0.15657340095700056,1.0
2025-12-16 18:12:16.983,0.009344927872760797,-0.5668220125289621,-0.8237755916127147,0.0,-0.9999459718678141,-0.006296933534976209,-0.007010625834882878,0.0,-0.0012135064670649824,0.8238124592915943,-0.5668611464177004,0.0,0.46454613669962447,0.2348049405295253,0.15481576246486162,1.0
2025-12-16 18:12:17.034,0.009346311035434462,-0.5668291668817521,-0.8237706531209861,0.0,-0.9999459579706186,-0.00629843682725509,-0.007011257587881177,0.0,-0.0012143055006408443,0.823807525124979,-0.5668683154045641,0.0,0.46492923111438406,0.23358540170813494,0.15338779302474126,1.0
2025-12-16 18:12:17.082,0.009346784623173537,-0.566835405360525,-0.8237663550717432,0.0,-0.9999459507838684,-0.0063006291548475726,-0.007010312718190531,0.0,-0.001216576285091344,0.8238032157937927,-0.5668745730670482,0.0,0.46529940440299977,0.23210427202363937,0.1523270525316851,1.0
2025-12-16 18:12:17.132,0.009346108140632482,-0.5668406646245452,-0.8237627438114908,0.0,-0.9999459530824331,-0.0063030118651041436,-0.007007842514015517,0.0,-0.001219879726510791,0.8237995787230233,-0.5668798514581568,0.0,0.46558851625919095,0.23045326624420415,0.15146141269037977,1.0
2025-12-16 18:12:17.182,0.009344715508957723,-0.5668441671454088,-0.8237603494745867,0.0,-0.9999459621502572,-0.006304914463928135,-0.0070048364868216546,0.0,-0.0012231113865349577,0.8237971540887459,-0.5668833679989381,0.0,0.4657686961416047,0.22893395561464314,0.15083546300880288,1.0
2025-12-16 18:12:17.232,0.009343102651082218,-0.5668461006832086,-0.8237590372641147,0.0,-0.9999459737629594,-0.006306343233280251,-0.007001891992839665,0.0,-0.0012259356600182352,0.82379581268091,-0.5668853112324896,0.0,0.4658421720929602,0.2276539883958819,0.1503898342152468,1.0
2025-12-16 18:12:17.282,0.009342229682157316,-0.5668473970168136,-0.8237581551286985,0.0,-0.9999459792453002,-0.006307654568175496,-0.006999927586400621,0.0,-0.0012281148036276668,0.8237949106275373,-0.5668866173744067,0.0,0.4658588877607234,0.2268809413399181,0.15000770501443186,1.0
2025-12-16 18:12:17.336,0.009342546146864528,-0.5668492307363869,-0.8237568897109563,0.0,-0.9999459740875632,-0.006309324901219063,-0.006999158990446271,0.0,-0.0012299056467628229,0.8237936360394796,-0.5668884657081615,0.0,0.465818639097773,0.22669286751615342,0.14956180605933675,1.0
2025-12-16 18:12:17.382,0.009343051720123632,-0.5668510701880312,-0.8237556181978046,0.0,-0.9999459676983723,-0.006310742075748821,-0.006998794140948413,0.0,-0.00123125899662422,0.8237923594370922,-0.5668903179049294,0.0,0.46566243491007936,0.22688787341527422,0.14918070519943116,1.0
2025-12-16 18:12:17.432,0.009343326425316306,-0.5668526802117982,-0.8237545071738417,0.0,-0.9999459636575585,-0.0063118972520918035,-0.006998329746733202,0.0,-0.0012324555648758231,0.8237912427066396,-0.5668919381091345,0.0,0.46540335493106777,0.2272643963427646,0.14887274966509562,1.0
2025-12-16 18:12:17.482,0.009343408301307466,-0.5668539170236112,-0.823753655152748,0.0,-0.9999459616280676,-0.006312799003989334,-0.006997806346451597,0.0,-0.0012334810640550215,0.8237903847259194,-0.5668931826698803,0.0,0.46511129618959496,0.2276936972960726,0.14863609796112986,1.0
2025-12-16 18:12:17.532,0.009343444384560822,-0.5668548072473437,-0.823753042148445,0.0,-0.9999459604460252,-0.006313391128443322,-0.0069974410568115365,0.0,-0.0012341658083609701,0.8237897676085898,-0.5668940779529655,0.0,0.4649110402301798,0.228069257965024,0.14847665781395336,1.0
2025-12-16 18:12:17.582,0.009343477141843819,-0.5668552222615483,-0.8237527561901803,0.0,-0.9999459598165604,-0.006313629055540491,-0.006997316335217384,0.0,-0.0012344277961901609,0.8237894802056053,-0.5668944950258333,0.0,0.46481503697681703,0.22829076956748282,0.1484149040665766,1.0
2025-12-16 18:12:17.632,0.009343554713642276,-0.5668553554147069,-0.8237526636826054,0.0,-0.9999459591488908,-0.006313636016980509,-0.006997405466174826,0.0,-0.0012343814896695975,0.8237893885268641,-0.5668946283506954,0.0,0.4647854402728076,0.22852740596201954,0.14842117676116223,1.0
2025-12-16 18:12:17.682,0.009343612024928304,-0.5668556080565503,-0.8237524891800779,0.0,-0.9999459585134878,-0.00631373731070991,-0.0069974048704974905,0.0,-0.0012344624002692214,0.8237892139024547,-0.5668948819318781,0.0,0.46470596522132657,0.2288274571894711,0.1484028563396947,1.0
2025-12-16 18:12:17.732,0.009343669547116962,-0.5668566656668329,-0.8237517607445114,0.0,-0.9999459573307977,-0.006314209369828447,-0.006997147921555477,0.0,-0.0012349849234019282,0.8237884825195898,-0.5668959436089752,0.0,0.4645662445335417,0.229251314239461,0.148268201245068,1.0
2025-12-16 18:12:17.782,0.009343729382055148,-0.566858675336101,-0.8237503771280739,0.0,-0.9999459554391388,-0.0063151488421713965,-0.006996570389653542,0.0,-0.0012360634154347657,0.8237870924152796,-0.5668979612921645,0.0,0.46437997771453393,0.22971856813015626,0.1479926137033934,1.0
2025-12-16 18:12:17.834,0.009343845140899386,-0.5668613016288765,-0.8237485685418866,0.0,-0.9999459526973707,-0.006316342554648073,-0.006995884653751145,0.0,-0.0012374056808345446,0.8237852760358431,-0.5669005978244609,0.0,0.4642260140149697,0.23013256533232396,0.1476202326609224,1.0
2025-12-16 18:12:17.882,0.009344099736968599,-0.5668638546346086,-0.8237468088011675,0.0,-0.9999459489141819,-0.00631744292323383,-0.0069954318120147695,0.0,-0.0012385398517351365,0.823783510789583,-0.5669031604870661,0.0,0.46420583107267405,0.23039059921971916,0.14724381645544654,1.0
2025-12-16 18:12:17.932,0.009344638161296204,-0.5668666876748636,-0.8237448531210205,0.0,-0.9999459426869647,-0.006318567226621415,-0.006995306518550856,0.0,-0.001239504860896867,0.8237815526434933,-0.5669060038066059,0.0,0.4643743585189221,0.23051345780290694,0.14684034793903547,1.0
2025-12-16 18:12:17.983,0.00934526018187195,-0.5668698145692238,-0.823742694258101,0.0,-0.9999459355161028,-0.006319848435881902,-0.0069951741780715105,0.0,-0.0012405997740634318,0.8237793910631823,-0.5669091424309305,0.0,0.46458466885178373,0.2305974550415678,0.14639290320671883,1.0
2025-12-16 18:12:18.032,0.00934598681700151,-0.5668735383241214,-0.8237401234488433,0.0,-0.9999459270431618,-0.006321408104214312,-0.006994976095747662,0.0,-0.0012419545537205863,0.8237768165955103,-0.5669128804222509,0.0,0.4648277543367598,0.23064973406137548,0.1458553330499877,1.0
2025-12-16 18:12:18.082,0.009346671596996071,-0.5668775751938704,-0.8237373376104693,0.0,-0.9999459185661703,-0.0063232069983456965,-0.006994561982145027,0.0,-0.001243625305636431,0.8237740247906455,-0.5669169334887787,0.0,0.46499233989912053,0.23070223404338472,0.1452602003817909,1.0
2025-12-16 18:12:18.132,0.009347135252949784,-0.5668809245331402,-0.8237350273991167,0.0,-0.9999459122848198,-0.006324787432452535,-0.006994031028116905,0.0,-0.0012451901473014494,0.8237717077656254,-0.5669202968552126,0.0,0.4650285464273614,0.23077272988097322,0.14476317603564035,1.0
2025-12-16 18:12:18.182,0.009347276387574734,-0.5668827683546277,-0.823733756906888,0.0,-0.9999459096533838,-0.0063257508079171175,-0.006993535971954409,0.0,-0.0012462434399412169,0.8237704315096133,-0.5669221490184996,0.0,0.4649436160835899,0.2308519643442422,0.14446859176432478,1.0
2025-12-16 18:12:18.232,0.009347162592462413,-0.566883032750919,-0.8237335762440419,0.0,-0.9999459102416999,-0.006326002733312957,-0.0069932239721394495,0.0,-0.0012466248421998275,0.8237702476254715,-0.5669224153740722,0.0,0.4648024869075794,0.2309986688716288,0.14440400430613987,1.0
2025-12-16 18:12:18.282,0.00934691931215668,-0.5668836128801661,-0.8237331797666707,0.0,-0.9999459116541292,-0.006326438943556683,-0.00699262738134988,0.0,-0.001247315808805814,0.82376984504766,-0.5669229988220863,0.0,0.4645438190536531,0.2313062281470277,0.14429378704240203,1.0
2025-12-16 18:12:18.332,0.009346675631616896,-0.5668859082413104,-0.8237316028860798,0.0,-0.9999459118698073,-0.006327681231536444,-0.006991472398569367,0.0,-0.0012489678693004323,0.8237682559002083,-0.5669253042953635,0.0,0.46419501624743387,0.2318027801809618,0.1439537594969225,1.0
2025-12-16 18:12:18.382,0.009346538555570626,-0.5668894219047281,-0.8237291863535982,0.0,-0.9999459101770961,-0.006329592977006939,-0.006989983837790229,0.0,-0.0012513466682721956,0.8237658231860052,-0.5669288338779385,0.0,0.46379572883748327,0.23233532329007042,0.14344358539689103,1.0
2025-12-16 18:12:18.433,0.00934648580286466,-0.5668924991000438,-0.8237270692216276,0.0,-0.9999459079394439,-0.0063313852613002975,-0.006988680636760829,0.0,-0.0012535269280961082,0.8237636917352077,-0.5669319261154926,0.0,0.46343265353029583,0.23261852144859196,0.1429634270509736,1.0
2025-12-16 18:12:18.482,0.00934661987301012,-0.5668941097297417,-0.823725959255796,0.0,-0.999945905306083,-0.006332381549239897,-0.006988154743652993,0.0,-0.0012546274594308494,0.8237625756604112,-0.5669335453571812,0.0,0.46341822894753887,0.23234703649048324,0.14263732279455887,1.0
2025-12-16 18:12:18.533,0.009347010247154642,-0.5668959864942181,-0.823724663220299,0.0,-0.9999459008732218,-0.006333133375125514,-0.006988107734042125,0.0,-0.0012552520964293613,0.8237612783071834,-0.5669354290427524,0.0,0.46376765550278176,0.23197858005074992,0.14234722112166875,1.0
2025-12-16 18:12:18.582,0.009347849313261608,-0.5668989846126722,-0.8237225903540256,0.0,-0.9999458920462484,-0.006334279725716711,-0.006988331803584304,0.0,-0.0012560352826773028,0.8237592062002312,-0.5669384380827723,0.0,0.4641900660972946,0.2319560268899347,0.14187731802308587,1.0
2025-12-16 18:12:18.632,0.009346209685126733,-0.566901812663818,-0.8237206626425049,0.0,-0.9999459053742923,-0.006334683896939124,-0.006986057995831113,0.0,-0.001257625289190231,0.8237572568243189,-0.566941266982661,0.0,0.46431214843397134,0.23290641325240724,0.1406821273579724,1.0
2025-12-16 18:12:18.682,0.009335991741980585,-0.566903159575508,-0.8237198515409885,0.0,-0.999945994648513,-0.00633294050274736,-0.00697485141010716,0.0,-0.0012625278163543496,0.8237563432783029,-0.5669425834529205,0.0,0.4638833317601247,0.23537918623673473,0.13830959489743733,1.0
2025-12-16 18:12:18.732,0.009323306992675176,-0.5669078904968883,-0.8237167392619241,0.0,-0.9999461063702922,-0.006330104547922481,-0.006961395873866872,0.0,-0.0012677672360820458,0.8237531092078154,-0.5669472707727694,0.0,0.4632146440467304,0.23791741981911052,0.13526888391312178,1.0
2025-12-16 18:12:18.782,0.009314404603433933,-0.5669119135406256,-0.8237140711762776,0.0,-0.9999461846507567,-0.006328130060253627,-0.006951940271856025,0.0,-0.0012714564920039515,0.8237503556473088,-0.5669512633104553,0.0,0.46261978226554495,0.23983510466708374,0.13242735161302652,1.0
2025-12-16 18:12:18.832,0.009308955007068395,-0.5669147497939468,-0.8237121807548748,0.0,-0.9999462321058313,-0.00632719508711489,-0.006945962920213214,0.0,-0.0012740433615608911,0.8237484108513532,-0.5669540831790378,0.0,0.46211566153835226,0.24109697059678997,0.13028762586835227,1.0
2025-12-16 18:12:18.882,0.009306602745025197,-0.566915926222863,-0.8237113976639076,0.0,-0.9999462527260126,-0.006326695531611259,-0.006943449003479368,0.0,-0.0012750439444957527,0.8237476050373057,-0.5669552517247217,0.0,0.46200138987666245,0.2416640084452872,0.12902065451731215,1.0
2025-12-16 18:12:18.932,0.009306381155433944,-0.5669164008115631,-0.8237110735335912,0.0,-0.9999462548973236,-0.006326503482673002,-0.006943311292841527,0.0,-0.001274958474475978,0.8237472798864993,-0.5669557243387544,0.0,0.4622586643608624,0.24167903872226199,0.12861266106602096,1.0
2025-12-16 18:12:18.982,0.009306792191366554,-0.5669171757352686,-0.8237105355503606,0.0,-0.9999462515062922,-0.006326462295551057,-0.0069438371630076625,0.0,-0.0012746176327289413,0.8237467468768072,-0.566956499530403,0.0,0.4625872952146799,0.2413500631092073,0.12870799380568598,1.0
2025-12-16 18:12:19.032,0.009306967422848943,-0.566918383477804,-0.8237097023427077,0.0,-0.9999462501703028,-0.006326381194780087,-0.006944103436511498,0.0,-0.0012743862118126564,0.8237459162924567,-0.5669577068276646,0.0,0.4628288567888441,0.24085641627728824,0.12906850161548056,1.0
2025-12-16 18:12:19.082,0.009306935736191678,-0.566919454481049,-0.8237089655814852,0.0,-0.9999462505923451,-0.006326290085179126,-0.006944125666875643,0.0,-0.0012742864610814234,0.8237451798911586,-0.5669587769847981,0.0,0.4629504363582397,0.240426821017508,0.12939400808505036,1.0
2025-12-16 18:12:19.132,0.009306874472345359,-0.5669199490385904,-0.8237086258931895,0.0,-0.9999462512401628,-0.006326209346421572,-0.006944105936612369,0.0,-0.0012742255569412795,0.8237448401391416,-0.5669592707535261,0.0,0.4629602793684637,0.2401993574936566,0.12960425515220267,1.0
2025-12-16 18:12:19.182,0.00930685274023727,-0.5669201081401917,-0.8237085166365549,0.0,-0.9999462514879778,-0.006326168920980754,-0.006944107079663773,0.0,-0.0012741898134555714,0.8237447309501325,-0.5669594294764074,0.0,0.46296540892651544,0.24011353921050557,0.12970221516200273,1.0
2025-12-16 18:12:19.232,0.009306786738700912,-0.5669203313489206,-0.8237083637580952,0.0,-0.9999462521704057,-0.006326089333009267,-0.006944081315629699,0.0,-0.0012741363441828933,0.8237445779409638,-0.5669596519060592,0.0,0.46298223952533285,0.23997105309958894,0.12983732755523184,1.0
2025-12-16 18:12:19.282,0.009306675562860276,-0.5669205257396132,-0.8237082312240765,0.0,-0.9999462532854889,-0.006325975990180592,-0.0069440239985904175,0.0,-0.0012740732874671375,0.8237444450245671,-0.5669598451640346,0.0,0.46297193251847385,0.23980963089896498,0.13002483536259568,1.0
2025-12-16 18:12:19.332,0.009306592438836742,-0.5669203699571197,-0.82370833938116,0.0,-0.9999462540939444,-0.006325905039266228,-0.006943972215598314,0.0,-0.001274045966870756,0.8237445527847056,-0.5669596886590789,0.0,0.4628491975693072,0.23977719164231773,0.13023724625109595,1.0
2025-12-16 18:12:19.382,0.009306552515655833,-0.5669199266198315,-0.8237086449606115,0.0,-0.999946254520852,-0.006325842884562359,-0.006943967362246761,0.0,-0.0012740025317177,0.8237448583828709,-0.5669592447480977,0.0,0.4627064896547626,0.2399012831064556,0.13049195080376497,1.0
2025-12-16 18:12:19.432,0.009306544229015742,-0.566919476474862,-0.8237089548676706,0.0,-0.9999462548144014,-0.0063256944454680615,-0.006944060313904358,0.0,-0.0012738326479461426,0.8237451693285766,-0.5669587933511744,0.0,0.4626215402360008,0.24007381476815715,0.1308325708807407,1.0
2025-12-16 18:12:19.482,0.009306577348714462,-0.5669190556906715,-0.8237092440989467,0.0,-0.9999462550174116,-0.00632537901172992,-0.006944318412886704,0.0,-0.0012734312448399448,0.8237454613491549,-0.5669583699704348,0.0,0.4626151611894876,0.24029503336113844,0.13127042787288326,1.0
2025-12-16 18:12:19.532,0.009306627674284753,-0.5669187571729006,-0.8237094489855474,0.0,-0.9999462552497417,-0.0063249516595900186,-0.006944674199035004,0.0,-0.0012728808873949976,0.8237456700807813,-0.566958067935726,0.0,0.4626691324362788,0.24049679922969044,0.131738107337969,1.0
2025-12-16 18:12:19.582,0.009306651066474993,-0.5669185399616297,-0.8237095982170592,0.0,-0.9999462554457451,-0.006324695319592373,-0.006944879434158222,0.0,-0.0012725558321674728,0.8237458215411417,-0.5669578486053117,0.0,0.46266395552000833,0.2406182049053353,0.13203855673648315,1.0
2025-12-16 18:12:19.632,0.009306638743593446,-0.5669184668248888,-0.8237096486926822,0.0,-0.9999462554559009,-0.006324755380977724,-0.006944823273576683,0.0,-0.001272637972530976,0.8237458714151299,-0.5669577759578917,0.0,0.4625731432933736,0.24061088321793536,0.1320215879066057,1.0
2025-12-16 18:12:19.682,0.009306601502561672,-0.566918513043108,-0.8237096173037388,0.0,-0.9999462555531893,-0.006324896019793984,-0.006944681180781991,0.0,-0.0012728338573791,0.8237458385263445,-0.5669578233030221,0.0,0.4624175787796512,0.24052961162693262,0.1318751074893147,1.0
2025-12-16 18:12:19.732,0.009306571647389851,-0.5669187171323855,-0.8237094771764804,0.0,-0.9999462556669085,-0.006324987038051124,-0.006944581910142198,0.0,-0.0012729628072212227,0.8237456973663667,-0.5669580281079805,0.0,0.46227804014064205,0.2404061451726383,0.13170234560300212,1.0
2025-12-16 18:12:19.782,0.009306557822241933,-0.5669189144383645,-0.8237093415366465,0.0,-0.9999462557376593,-0.006325018342911782,-0.006944543210739137,0.0,-0.0012730083054991108,0.8237455613333139,-0.5669582256511654,0.0,0.4621918681967121,0.24030568744566091,0.1315627772699,1.0
2025-12-16 18:12:19.833,0.00930654421492831,-0.5669189833849317,-0.8237092942378271,0.0,-0.9999462558334677,-0.006325031161841634,-0.006944517739853862,0.0,-0.0012730325269973187,0.8237455137834968,-0.5669582946829053,0.0,0.46215942915771624,0.24028706959157045,0.13148661205722575,1.0
2025-12-16 18:12:19.882,0.009306535538521298,-0.566918999963099,-0.823709282925911,0.0,-0.9999462558980672,-0.006325036833712091,-0.006944503272210161,0.0,-0.0012730452145204164,0.823745502330282,-0.5669583112950308,0.0,0.4621331045284195,0.24027616921090136,0.13146639948559044,1.0
2025-12-16 18:12:19.932,0.009306530014104102,-0.5669190786224959,-0.8237092288508884,0.0,-0.9999462559359363,-0.006325043130159033,-0.006944492084593201,0.0,-0.0012730558553632203,0.8237454481458334,-0.5669583899968401,0.0,0.46211545657860476,0.24024704205641134,0.13140189189207488,1.0
2025-12-16 18:12:19.982,0.009306528947069641,-0.5669191697497901,-0.8237091661444434,0.0,-0.9999462559455573,-0.006325043493992073,-0.006944490367881632,0.0,-0.0012730560988435246,0.8237453854260894,-0.5669584811230824,0.0,0.46209601027831143,0.24019920756163712,0.13134113738510972,1.0
2025-12-16 18:12:20.032,0.009306526936912293,-0.566919237142304,-0.8237091197841437,0.0,-0.9999462559725435,-0.0063250375659900234,-0.006944491881265746,0.0,-0.0012730495965648941,0.8237453390897431,-0.5669585484606867,0.0,0.46206506092204214,0.24014413125960055,0.13130454326255023,1.0
2025-12-16 18:12:20.082,0.009306519952842283,-0.5669192651418506,-0.8237091005923146,0.0,-0.9999462560531667,-0.006325023733634467,-0.006944492870770246,0.0,-0.001273037325690544,0.823745319925694,-0.5669585763320661,0.0,0.46201752600566465,0.2400788197828567,0.1313033703422131,1.0
2025-12-16 18:12:20.133,0.009306481218092754,-0.5669191303571293,-0.8237091937957607,0.0,-0.9999462563884721,-0.006325016939829213,-0.006944450777342793,0.0,-0.0012730571190467113,0.8237454127413776,-0.566958441433858,0.0,0.4619144297719482,0.24006164405806404,0.13138190631320204,1.0
2025-12-16 18:12:20.182,0.009306416951152368,-0.5669188736422913,-0.8237093712061891,0.0,-0.9999462569268571,-0.00632501699349872,-0.006944373204843562,0.0,-0.0012731040463396228,0.8237455894209249,-0.5669581846271031,0.0,0.461747443208434,0.2400639335633295,0.13152580502434771,1.0
