timestamp,ee_pose_cmd
2025-12-16 17:36:11.532,0.00938217616783888,-0.5693355759299921,-0.822039976918415,0.0,-0.9999453961295651,-0.006482957478195051,-0.0069226384298993375,0.0,-0.0013879726010703672,0.8220758672752058,-0.5693762745107819,0.0,0.45041348913502505,0.26364653584810244,0.21871721844067368,1.0
2025-12-16 17:36:11.583,0.009382201621566427,-0.5693356612240558,-0.8220399175541953,0.0,-0.9999453959584447,-0.006482932589547388,-0.0069226864552145995,0.0,-0.001387923822829128,0.8220758083992159,-0.569376359635907,0.0,0.45043593150502137,0.2636245212904192,0.21869739945407352,1.0
2025-12-16 17:36:11.632,0.00938217848712189,-0.5693356605894125,-0.8220399182577823,0.0,-0.9999453961673348,-0.006482924252053877,-0.006922664089943911,0.0,-0.0013879297114908248,0.8220758089045028,-0.5693763588920101,0.0,0.45042850404228685,0.2636315178780646,0.21868201675044915,1.0
2025-12-16 17:36:11.682,0.00938217236554245,-0.5693356959867231,-0.8220398938118667,0.0,-0.9999453962330601,-0.0064829161549570915,-0.006922662178954477,0.0,-0.0013879237397090198,0.8220757844531735,-0.5693763942098337,0.0,0.45040839165013724,0.2636209340640608,0.2186636318829474,1.0
2025-12-16 17:36:11.732,0.009382266105641017,-0.5693359947177056,-0.8220396858441396,0.0,-0.9999453955867833,-0.006482833877986331,-0.006922832578513265,0.0,-0.0013877556706846613,0.8220755782092314,-0.5693766923980612,0.0,0.4504414688945236,0.26352244396899677,0.21858878855156685,1.0
2025-12-16 17:36:11.782,0.009382416876684473,-0.569336610710285,-0.8220392574930261,0.0,-0.9999453946918073,-0.0064826170257806254,-0.006923164908552766,0.0,-0.0013873811534468297,0.8220751532994429,-0.5693773068021172,0.0,0.45060041637465004,0.26336694931429927,0.21841714065025097,1.0
2025-12-16 17:36:11.833,0.009382566097467418,-0.5693372176066662,-0.8220388354588453,0.0,-0.9999453937650716,-0.006482426563194774,-0.006923477094428571,0.0,-0.0013870399026670933,0.8220747344806161,-0.569377912329705,0.0,0.45080451952975814,0.2632147440930393,0.21827323638883506,1.0
2025-12-16 17:36:11.882,0.009382616602508888,-0.5693375334365798,-0.8220386161411459,0.0,-0.9999453935343087,-0.006482313873368793,-0.006923615931900149,0.0,-0.0013868646101678065,0.8220745166333312,-0.5693782272871241,0.0,0.4509207406650277,0.26313387272968397,0.21816581934605853,1.0
2025-12-16 17:36:11.932,0.009382592970834856,-0.5693376158826444,-0.8220385593093661,0.0,-0.99994539382359,-0.006482261074030193,-0.006923623586066637,0.0,-0.001386815909106657,0.8220744599495636,-0.5693783092463809,0.0,0.45093163866198216,0.2631195746270617,0.21807785342179242,1.0
2025-12-16 17:36:11.982,0.009382526861625861,-0.5693375722956713,-0.8220385902519242,0.0,-0.9999453944033905,-0.0064822470744835695,-0.006923552955095937,0.0,-0.001386845116724251,0.8220744902472209,-0.5693782654311579,0.0,0.4508913594872915,0.26314495628170764,0.21802471621134947,1.0
2025-12-16 17:36:12.032,0.009382535534838973,-0.5693375848510128,-0.8220385814571975,0.0,-0.999945394333553,-0.006482245276030308,-0.00692356472524333,0.0,-0.001386836793041561,0.822074481565882,-0.5693782779856427,0.0,0.4508984302969054,0.2631401071995973,0.21802670798675028,1.0
2025-12-16 17:36:12.082,0.009382636654426459,-0.5693377571299869,-0.8220384609839222,0.0,-0.9999453935094659,-0.006482230369683263,-0.006923697700079595,0.0,-0.0013867468564024077,0.8220743623672215,-0.5693784503049641,0.0,0.4509765231934421,0.26307952793077366,0.2180638479404968,1.0
2025-12-16 17:36:12.132,0.009382729875821599,-0.5693380383536293,-0.8220382651464144,0.0,-0.9999453927938425,-0.006482191506222951,-0.006923837436883402,0.0,-0.0013866321328930879,0.8220741679049437,-0.5693787313508667,0.0,0.4510491183789821,0.2629909982033312,0.21806697501385297,1.0
2025-12-16 17:36:12.182,0.009382799092521108,-0.5693384268871515,-0.8220379952605971,0.0,-0.9999453923646167,-0.0064821036062887895,-0.006923981717074994,0.0,-0.0013864732888974097,0.8220738995088535,-0.5693791192501939,0.0,0.45114496275442956,0.26288367016462516,0.21797109202264742,1.0
2025-12-16 17:36:12.232,0.009382894328173142,-0.5693389660277419,-0.8220376207678676,0.0,-0.9999453917647732,-0.006481988170436637,-0.006924176410314737,0.0,-0.0013862613852563246,0.8220735270225046,-0.5693796575643979,0.0,0.45125577621422175,0.26271112128098556,0.2178383600670779,1.0
2025-12-16 17:36:12.282,0.009383001641609578,-0.5693397678685536,-0.8220370641916236,0.0,-0.9999453911945033,-0.006481797031722406,-0.006924437689781887,0.0,-0.0013859463394840805,0.8220729731918512,-0.5693804579543048,0.0,0.45139470026099215,0.2624568627778741,0.2175442490408311,1.0
2025-12-16 17:36:12.333,0.00938311193824616,-0.5693407484065321,-0.8220363838148849,0.0,-0.9999453906980503,-0.006481548628066028,-0.006924741895121094,0.0,-0.001385557738925427,0.8220722960492627,-0.5693814365590485,0.0,0.4515343257717049,0.26209485276313976,0.21710725899889163,1.0
2025-12-16 17:36:12.383,0.009383247988521767,-0.5693420445763269,-0.8220354845358211,0.0,-0.9999453901993267,-0.006481175366756254,-0.006925163260886967,0.0,-0.0013849961884633971,0.8220714012880047,-0.5693827297784276,0.0,0.4517194660471274,0.2615960778698146,0.21647043379476755,1.0
2025-12-16 17:36:12.432,0.009383396153252984,-0.5693434645493859,-0.8220344993689388,0.0,-0.9999453897776909,-0.00648069656688416,-0.006925672209853052,0.0,-0.0013842965996287806,0.8220704216111959,-0.5693841459286647,0.0,0.4519011167649853,0.2610856948756372,0.21574096381633973,1.0
2025-12-16 17:36:12.482,0.009383567572367083,-0.5693453969209857,-0.8220331590426924,0.0,-0.9999453897801557,-0.006479853322251984,-0.006926460823749063,0.0,-0.0013831323392525384,0.8220690899217367,-0.5693860714314847,0.0,0.45202863991732367,0.26053894499586977,0.21479701004645588,1.0
2025-12-16 17:36:12.532,0.00938373988414607,-0.569347942661835,-0.8220313938735742,0.0,-0.9999453908274142,-0.006478388280259518,-0.006927679951382419,0.0,-0.0013812048128094337,0.8220673383096572,-0.569388605047327,0.0,0.4521259870303915,0.2599883566219452,0.21370266403752952,1.0
2025-12-16 17:36:12.582,0.009383867176467425,-0.5693510150056825,-0.8220292644730002,0.0,-0.9999453930427337,-0.006476455353964,-0.006929167328692052,0.0,-0.001378733924176684,0.8220652256449421,-0.5693916612298574,0.0,0.4522389737692185,0.25944307068757233,0.21248855465021743,1.0
2025-12-16 17:36:12.632,0.00938394326329235,-0.5693542025649704,-0.8220270558391897,0.0,-0.9999453958053778,-0.006474450701338184,-0.0069306418858748374,0.0,-0.0013762100603096387,0.8220630337248845,-0.5693948319302775,0.0,0.45241890948133595,0.2589714210881761,0.21129407239961795,1.0
2025-12-16 17:36:12.682,0.009384103556801748,-0.5693574791618944,-0.8220247845558286,0.0,-0.9999453977194708,-0.006472525839213043,-0.006932163451496556,0.0,-0.0013737239990726572,0.822060779485042,-0.5693980924755714,0.0,0.4526761263047718,0.25849367594659467,0.21012843600390724,1.0
2025-12-16 17:36:12.733,0.00938442655870613,-0.5693606728970921,-0.8220225687884386,0.0,-0.9999453980563588,-0.0064707193237886675,-0.00693380116175681,0.0,-0.0013712700264544827,0.8220585816813266,-0.5694012714269263,0.0,0.45292558595341637,0.25797893108530007,0.20906543367942773,1.0
2025-12-16 17:36:12.782,0.009384793212031615,-0.5693636092158989,-0.8220205308009169,0.0,-0.9999453975503892,-0.006469191946829037,-0.0069352991685274765,0.0,-0.001369127992357104,0.8220565599510261,-0.5694041953920129,0.0,0.4531271797388754,0.2574688339334048,0.2081161249514696,1.0
2025-12-16 17:36:12.832,0.009385179029424782,-0.5693662007250981,-0.822018731409243,0.0,-0.9999453967732328,-0.006467724658572004,-0.006936779582143019,0.0,-0.0013670493029267305,0.8220547765541364,-0.5694067750920536,0.0,0.4532234041368726,0.2569108136966664,0.20723106927137663,1.0
2025-12-16 17:36:12.882,0.009385508332157472,-0.5693686127966531,-0.822017056937732,0.0,-0.9999453963305548,-0.006466339008221094,-0.006938135078638994,0.0,-0.0013651108981940477,0.822053116784536,-0.569409175950885,0.0,0.45322936195079755,0.25633416311004786,0.20635683424618864,1.0
2025-12-16 17:36:12.932,0.009385865109033978,-0.5693707117193522,-0.8220155990451528,0.0,-0.9999453955293286,-0.006465024740202814,-0.00693947519712695,0.0,-0.0013632434993743016,0.8220516733386898,-0.5694112643144861,0.0,0.4532168231684865,0.25571387973441817,0.2055419051193863,1.0
2025-12-16 17:36:12.983,0.009386435897973626,-0.5693729221261543,-0.8220140614806206,0.0,-0.9999453929431347,-0.0064636958832663665,-0.006941085544531241,0.0,-0.0013612089534523549,0.8220501527793507,-0.5694134643873738,0.0,0.4532525209486555,0.25493150159036576,0.20473222036887134,1.0
2025-12-16 17:36:13.032,0.009387077983620002,-0.5693751770552499,-0.8220124922538834,0.0,-0.9999453893625826,-0.0064626018934606485,-0.006942619857677893,0.0,-0.0013594102510555513,0.8220485995246292,-0.569415711078791,0.0,0.4533899467934525,0.25409153639467635,0.203977399756915,1.0
2025-12-16 17:36:13.082,0.009387520555980142,-0.5693771358444047,-0.8220111304213839,0.0,-0.9999453867510892,-0.006461936832997873,-0.006943614965502887,0.0,-0.0013582745503340169,0.8220472480080097,-0.5694176649285686,0.0,0.45358381815412463,0.2533091468283201,0.20332196044641587,1.0
2025-12-16 17:36:13.132,0.009387890316655831,-0.5693791283968707,-0.8220097460265484,0.0,-0.9999453844387785,-0.00646146251702788,-0.006944389313187972,0.0,-0.001357420962750598,0.8220458715985052,-0.5694196540304732,0.0,0.45380002751624227,0.2526240907648161,0.20271050948464422,1.0
2025-12-16 17:36:13.182,0.009388157341327818,-0.5693809136406668,-0.8220085063943453,0.0,-0.9999453828494453,-0.006461073807075961,-0.0069449798087774925,0.0,-0.0013567448026620172,0.8220446381017997,-0.569421436382247,0.0,0.4539260462594648,0.2520367889731771,0.20205791228488604,1.0
2025-12-16 17:36:13.232,0.009388355562765896,-0.5693824957482272,-0.8220074082491929,0.0,-0.9999453819033229,-0.006460645564363957,-0.006945514402640608,0.0,-0.0013560702997042486,0.8220435456134731,-0.5694230151553167,0.0,0.45391171406184166,0.25146446828737595,0.20136563697822635,1.0
2025-12-16 17:36:13.282,0.009388508608709309,-0.5693840539995683,-0.8220063271400831,0.0,-0.9999453816848074,-0.006460007038709557,-0.006946139754770661,0.0,-0.001355171537221291,0.8220424712972129,-0.5694245682210028,0.0,0.4537690435248534,0.25087289637480675,0.20062004965527788,1.0
2025-12-16 17:36:13.332,0.009388567582825613,-0.569385396439332,-0.8220053965890831,0.0,-0.9999453825549868,-0.0064591879055050285,-0.006946776214237342,0.0,-0.0013541204582041115,0.8220415478796366,-0.5694259037991121,0.0,0.45354017514626344,0.2503461209181529,0.19991255193190435,1.0
2025-12-16 17:36:13.382,0.00938852495338662,-0.5693867286887402,-0.8220044742539682,0.0,-0.9999453845561732,-0.00645820258936331,-0.006947404215221053,0.0,-0.001352937713355636,0.8220406328221298,-0.5694272276146761,0.0,0.4533108320948306,0.24991126712214481,0.19919358872242449,1.0
2025-12-16 17:36:13.432,0.009388419667521063,-0.569388161815103,-0.8220034827555008,0.0,-0.9999453872802576,-0.006457099726339273,-0.006948037224132303,0.0,-0.0013516543438134995,0.8220396488095648,-0.5694286512071395,0.0,0.4531119957775137,0.24953504804364582,0.19844781085436414,1.0
2025-12-16 17:36:13.482,0.009388324790794126,-0.5693897121093923,-0.8220024099738481,0.0,-0.9999453897367089,-0.00645610619831621,-0.006948606929851016,0.0,-0.0013504955559384192,0.8220385827745594,-0.5694301929049314,0.0,0.4530168336502872,0.24922289722420585,0.19771369605061523,1.0
2025-12-16 17:36:13.532,0.00938833695996574,-0.5693912604273688,-0.8220013373342325,0.0,-0.9999453910077089,-0.0064552827014030525,-0.006949189081739343,0.0,-0.0013494694646931538,0.8220375167677575,-0.5694317342390244,0.0,0.45307795359953973,0.2489429360213479,0.19704562989310626,1.0
2025-12-16 17:36:13.582,0.00938846615195024,-0.5693927607065982,-0.8220002966297766,0.0,-0.9999453911568584,-0.0064545389024218145,-0.006949858482240357,0.0,-0.0013484597467046725,0.822036483405262,-0.5694332284008563,0.0,0.4532409100832323,0.24863829608690885,0.1964208773457869,1.0
2025-12-16 17:36:13.632,0.009388691610556487,-0.569394654865882,-0.821998981983076,0.0,-0.9999453906776352,-0.006453684546018843,-0.006950720792855932,0.0,-0.0013472447985871828,0.8220351780741741,-0.5694351156541133,0.0,0.4534346111644532,0.2482582600578981,0.19571135557598313,1.0
2025-12-16 17:36:13.682,0.00938893017321641,-0.5693966588257718,-0.821997591121445,0.0,-0.9999453902679041,-0.006452720064916056,-0.006951675117633725,0.0,-0.0013458856767889845,0.822033797543391,-0.5694371117938628,0.0,0.45359990461480487,0.2478450307417309,0.19495855653108965,1.0
2025-12-16 17:36:13.732,0.00938932138343614,-0.5693989233558553,-0.8219960180112552,0.0,-0.9999453888583555,-0.006451578484737241,-0.006952937305643565,0.0,-0.001344202688413983,0.8220322379010919,-0.5694393672468167,0.0,0.4538030929180098,0.24730597323215106,0.1941392970378424,1.0
2025-12-16 17:36:13.782,0.009389876842224523,-0.5694013864043653,-0.8219943055002772,0.0,-0.9999453859121927,-0.006450526791505501,-0.006954336649650168,0.0,-0.0013425132078005305,0.822030540030956,-0.5694418222388499,0.0,0.4540769629701219,0.2467040434140286,0.19336455488017237,1.0
2025-12-16 17:36:13.832,0.009390488836834424,-0.5694039033862994,-0.821992554971795,0.0,-0.9999453820731619,-0.006449727696916595,-0.006955629691311826,0.0,-0.0013410912718809169,0.8220288028072855,-0.5694443333895084,0.0,0.45440117463943164,0.24604980636375043,0.19267461908017458,1.0
2025-12-16 17:36:13.882,0.009391003905530146,-0.5694065371821009,-0.8219907246198972,0.0,-0.9999453787077403,-0.006449140844278335,-0.006956657574774155,0.0,-0.0013399934547767597,0.82202698298946,-0.5694469629867098,0.0,0.4547254836238267,0.24536773474666312,0.19195862887258,1.0
2025-12-16 17:36:13.932,0.009391400270576918,-0.5694088985241587,-0.8219890843458145,0.0,-0.9999453760955953,-0.006448705164006565,-0.006957436881091523,0.0,-0.001339164565031932,0.8220253507025436,-0.569449321222379,0.0,0.45497949607514626,0.2447274965505659,0.19126676663383727,1.0
2025-12-16 17:36:13.982,0.009391725280372673,-0.5694110625422097,-0.8219875815680052,0.0,-0.9999453740275707,-0.006448304092506887,-0.006958105805475064,0.0,-0.0013384292351484237,0.8220238548217201,-0.5694514823154136,0.0,0.4551568642890905,0.24403137974512648,0.19056081066425784,1.0
2025-12-16 17:36:14.032,0.009391948920122607,-0.569412896745295,-0.8219863084120208,0.0,-0.9999453726941815,-0.006447975742816551,-0.006958601693070071,0.0,-0.0013378559880938088,0.8220225868283025,-0.569453314052575,0.0,0.4553010091419579,0.24333316745009684,0.189862674892953,1.0
2025-12-16 17:36:14.082,0.009392134001006887,-0.5694145122378093,-0.8219851871980988,0.0,-0.9999453715810869,-0.0064477105588199675,-0.006959007351669721,0.0,-0.0013373885427543201,0.8220214698370805,-0.5694549275568451,0.0,0.4554375087327037,0.2427228248502807,0.18922650935120702,1.0
2025-12-16 17:36:14.132,0.009392297154827272,-0.5694160116246215,-0.8219841466603066,0.0,-0.999945370531199,-0.006447519518290867,-0.006959335204806354,0.0,-0.0013370276753642406,0.8220204326878545,-0.5694564255504257,0.0,0.4555243454180558,0.24216011912035618,0.18865288454912277,1.0
2025-12-16 17:36:14.183,0.009392335688802936,-0.5694168054721934,-0.8219835962945728,0.0,-0.9999453704060722,-0.006447402577478421,-0.006959461521914927,0.0,-0.0013368505482948458,0.8220198836933488,-0.5694572184487479,0.0,0.4554289298088455,0.24168402812620357,0.18826698412403586,1.0
2025-12-16 17:36:14.232,0.009392263590365284,-0.5694169661827054,-0.8219834857885779,0.0,-0.9999453711269397,-0.00644733603127263,-0.006959419596141975,0.0,-0.00133681789009513,0.8220197728882541,-0.5694573784741682,0.0,0.4551713734952482,0.24132209281293301,0.18801669798731177,1.0
2025-12-16 17:36:14.282,0.009392197909201204,-0.5694171371727759,-0.8219833680881887,0.0,-0.9999453718776937,-0.006447217778558029,-0.006959421276581609,0.0,-0.0013367177806863533,0.8220196553678197,-0.5694575483515392,0.0,0.45494441640613736,0.24096129113934345,0.18776333333153242,1.0
2025-12-16 17:36:14.332,0.009392164103997057,-0.5694174111589709,-0.821983178674398,0.0,-0.9999453724084328,-0.006447069719632845,-0.006959482178945816,0.0,-0.0013365582688253477,0.8220194667337435,-0.5694578210216854,0.0,0.45481598685190505,0.24061597096420886,0.1874925929333722,1.0
2025-12-16 17:36:14.382,0.009392169839919574,-0.5694177865100601,-0.8219829185894862,0.0,-0.999945372583621,-0.00644693527474649,-0.006959581551699019,0.0,-0.0013363868804775352,0.8220192077753005,-0.5694581952334808,0.0,0.45483652206245523,0.24034561805237925,0.1872251416596904,1.0
2025-12-16 17:36:14.433,0.009392190016949901,-0.5694183239244739,-0.821982546071957,0.0,-0.9999453726235915,-0.006446810147964349,-0.006959691716661626,0.0,-0.001336215153416008,0.8220188364789411,-0.5694587316064894,0.0,0.45490999088169837,0.2400519625494024,0.1868845395708312,1.0
2025-12-16 17:36:14.483,0.009392198412597733,-0.5694189598075851,-0.8219821054754384,0.0,-0.9999453727513847,-0.006446693177609462,-0.006959781704661189,0.0,-0.0013360604960342853,0.822018396906688,-0.5694593664953715,0.0,0.45493381404784844,0.23966398953471466,0.18647691030019767,1.0
2025-12-16 17:36:14.532,0.009392150366099684,-0.5694194167134515,-0.8219817895077856,0.0,-0.9999453734157829,-0.006446538557110447,-0.006959829467051871,0.0,-0.0013359009839845272,0.8220180816105469,-0.5694598220014098,0.0,0.45486204066046254,0.2392161884501758,0.1860011203025553,1.0
2025-12-16 17:36:14.582,0.009392051415438295,-0.5694197094136259,-0.821981587873305,0.0,-0.9999453747204754,-0.006446253733401348,-0.006959905828457984,0.0,-0.0013356200400532745,0.822017881084164,-0.5694601121211299,0.0,0.45465420465825074,0.23865366454472345,0.18547389676396656,1.0
2025-12-16 17:36:14.632,0.009391919048076142,-0.5694200054094213,-0.8219813843374663,0.0,-0.9999453766224462,-0.00644577537223276,-0.0069600756068490255,0.0,-0.001335126779221941,0.8220176797922331,-0.5694604038433904,0.0,0.4543342106636799,0.23795536622348748,0.18483696803145644,1.0
2025-12-16 17:36:14.682,0.00939187961177607,-0.5694205845244421,-0.8219809836111835,0.0,-0.9999453779265365,-0.006445182808281442,-0.006960436992890177,0.0,-0.0013344272951285594,0.822017283271757,-0.5694609778609188,0.0,0.45407324970516716,0.2372876904178631,0.18420246055737416,1.0
2025-12-16 17:36:14.733,0.00939194261067883,-0.5694214797662713,-0.8219803627192049,0.0,-0.9999453784069388,-0.0064445656382096355,-0.006960939415539164,0.0,-0.0013336236546916543,0.822016667953952,-0.5694618679541499,0.0,0.45395611825983906,0.23667048060071127,0.18355652470043454,1.0
2025-12-16 17:36:14.782,0.009392085567252588,-0.569422672127951,-0.8219795350837938,0.0,-0.9999453781494516,-0.006443988031179255,-0.006961511115602598,0.0,-0.0013328096851759207,0.8220158465008507,-0.5694630556233065,0.0,0.4539491970681264,0.2360781503814023,0.18289368256613792,1.0
2025-12-16 17:36:14.832,0.009392273967823281,-0.5694240908287184,-0.8219785501306035,0.0,-0.9999453774697791,-0.0064434349265691596,-0.006962120680971211,0.0,-0.0013319917047682128,0.8220148680607038,-0.5694644699059301,0.0,0.4539956929525209,0.2354686077600205,0.18219531392696653,1.0
2025-12-16 17:36:14.882,0.009392445339906056,-0.5694254090009537,-0.8219776350095189,0.0,-0.9999453767911128,-0.006442968983549447,-0.006962649349575103,0.0,-0.0013312925854332203,0.8220139585728503,-0.5694657843729019,0.0,0.4540575900049175,0.23493844544498077,0.18155971388368533,1.0
2025-12-16 17:36:14.932,0.009392557683163683,-0.569426490897653,-0.8219768842402817,0.0,-0.9999453764515385,-0.006442600146743873,-0.0069630394044557726,0.0,-0.001330754922121211,0.8220132119969465,-0.5694668632974179,0.0,0.4540857360673523,0.23458152809368116,0.18103994480432395,1.0
2025-12-16 17:36:14.982,0.009392571446395506,-0.5694271903394924,-0.821976399542532,0.0,-0.9999453768552417,-0.0064422846353771445,-0.006963273347630529,0.0,-0.001330354364952273,0.8220127299413877,-0.5694675600695536,0.0,0.45402161852891254,0.23434988384577016,0.18063882946648432,1.0
2025-12-16 17:36:15.032,0.009392480038629338,-0.5694275381570215,-0.8219761596350383,0.0,-0.9999453779033034,-0.006442118449232571,-0.006963276593271775,0.0,-0.001330211945503057,0.8220124902978537,-0.5694679063217706,0.0,0.4539283651957279,0.23431419692741826,0.1803816480250529,1.0
2025-12-16 17:36:15.082,0.009392363108363451,-0.5694280947835207,-0.8219757753654657,0.0,-0.9999453791522058,-0.006441963512804634,-0.0069632405860398415,0.0,-0.001330098741408127,0.8220121059160272,-0.5694684614312158,0.0,0.45380520932528107,0.23425325983251694,0.1800715178199158,1.0
2025-12-16 17:36:15.132,0.009392297257706352,-0.5694288970162011,-0.821975220366371,0.0,-0.9999453800221085,-0.00644177744155276,-0.006963287804125448,0.0,-0.0013299097430455279,0.8220115516365658,-0.5694692619589937,0.0,0.4536614184376148,0.23409049349337355,0.17971522396267495,1.0
2025-12-16 17:36:15.182,0.00939221542728356,-0.5694300635899878,-0.8219744131482916,0.0,-0.9999453811508393,-0.006441518111307166,-0.006963365618189407,0.0,-0.0013296389422299078,0.8220107455358825,-0.5694704261713912,0.0,0.45353774005259023,0.2339215356514916,0.17925411328337976,1.0
2025-12-16 17:36:15.232,0.009392030285344828,-0.5694314058431205,-0.8219734854043984,0.0,-0.9999453832036753,-0.006441229985660164,-0.006963337356107574,0.0,-0.0013294028766811664,0.8220098179575304,-0.5694717656472701,0.0,0.45349397325283364,0.23386854841131927,0.17873004725728484,1.0
2025-12-16 17:36:15.282,0.009391752365079496,-0.5694331161347587,-0.8219723037534657,0.0,-0.9999453861422033,-0.0064408832461594935,-0.006963236110990903,0.0,-0.0013291559933607544,0.822008635877644,-0.5694734725050151,0.0,0.4534818351143123,0.23384694848571522,0.17809533651258438,1.0
2025-12-16 17:36:15.332,0.00939143052722097,-0.569434927583179,-0.8219710525208297,0.0,-0.999945389484893,-0.006440517406642691,-0.006963094473655241,0.0,-0.001328915259892868,0.8220073838656211,-0.5694752802840781,0.0,0.45345072393982444,0.2338153791187016,0.17740125106709898,1.0
2025-12-16 17:36:15.382,0.009390970738042771,-0.5694367041575015,-0.8219698270180285,0.0,-0.9999453939423257,-0.0064401844747765365,-0.006962762287069082,0.0,-0.0013288104938351153,0.8220061557488657,-0.5694770532459084,0.0,0.45335117844661565,0.23383155446315174,0.17670127549803738,1.0
2025-12-16 17:36:15.432,0.009390334610797104,-0.5694386787326781,-0.8219684663539638,0.0,-0.9999453998306177,-0.006439891914193171,-0.006962187222974439,0.0,-0.0013288749718157011,0.8220047901435528,-0.569479024260212,0.0,0.4531567505064965,0.2338915682234519,0.17594590977998323,1.0
2025-12-16 17:36:15.482,0.009389582548932313,-0.5694408135401388,-0.8219669960013664,0.0,-0.9999454066013789,-0.006439661947458774,-0.00696142744083546,0.0,-0.0013290942700902627,0.8220033130381073,-0.5694811558452104,0.0,0.45286547970495844,0.23399407834437752,0.1751891019296071,1.0
2025-12-16 17:36:15.533,0.009388793884939791,-0.5694431062079183,-0.8219654166951745,0.0,-0.9999454137213258,-0.0064394086767448795,-0.006960638964101813,0.0,-0.0013293089566577025,0.8220017267468718,-0.569483445029668,0.0,0.45257714945214683,0.2340958437937607,0.17443239109296732,1.0
2025-12-16 17:36:15.582,0.009388207794166383,-0.569444724379161,-0.8219643023467403,0.0,-0.99994541901642,-0.006439217022996704,-0.006960055561220132,0.0,-0.0013294652035689884,0.822000607233416,-0.5694850605855855,0.0,0.4524357674118918,0.23420857036353268,0.17388544438115744,1.0
2025-12-16 17:36:15.632,0.009387740165374907,-0.5694458761606884,-0.8219635097492964,0.0,-0.9999454232460261,-0.006439059814490428,-0.006959593324308201,0.0,-0.0013295860849737104,0.8219998105463937,-0.5694862102479178,0.0,0.45240659617001716,0.234338125530656,0.1734600814012766,1.0
2025-12-16 17:36:15.682,0.00938740848774667,-0.5694465853262173,-0.8219630222360392,0.0,-0.9999454262852554,-0.006438923030438111,-0.00695928319691461,0.0,-0.0013296421809752888,0.8219993203288055,-0.5694869176993025,0.0,0.45247450691409546,0.23444972811649975,0.17314221455588039,1.0
2025-12-16 17:36:15.733,0.009387240936359852,-0.5694471302587728,-0.8219626466262682,0.0,-0.9999454278661526,-0.0064388273022337895,-0.006959144613907233,0.0,-0.0013296362006854964,0.8219989435647677,-0.5694874615353527,0.0,0.45251993609991303,0.23447438146273591,0.17290402575867528,1.0
2025-12-16 17:36:15.782,0.00938726597529687,-0.5694478549806198,-0.8219621442601165,0.0,-0.9999454278418681,-0.006438717386965721,-0.006959249798843953,0.0,-0.0013294776760142456,0.8219984423580688,-0.5694881853471743,0.0,0.45253932360342686,0.234352343742783,0.17266561433351788,1.0
2025-12-16 17:36:15.832,0.00938740411440588,-0.5694487714426291,-0.8219615077652247,0.0,-0.9999454269284529,-0.006438566736062315,-0.006959520419369126,0.0,-0.00132918926059334,0.8219978086366878,-0.569489100731869,0.0,0.4525675269053699,0.23415587548866276,0.17240658208961315,1.0
2025-12-16 17:36:15.882,0.009387579582467689,-0.5694497927777795,-0.8219607981869541,0.0,-0.999945425755465,-0.0064383819586174475,-0.006959859889746278,0.0,-0.0013288323859006153,0.8219971025273751,-0.5694901207581128,0.0,0.4527072230768054,0.23398392978363894,0.17212024107243667,1.0
2025-12-16 17:36:15.932,0.00938779329733432,-0.5694507856606803,-0.8219601078815497,0.0,-0.9999454242363276,-0.006438210630413109,-0.00696023662797118,0.0,-0.001328465665236934,0.8219964160219219,-0.5694911125084321,0.0,0.4529029338399223,0.23380654427465522,0.17184502755501455,1.0
2025-12-16 17:36:15.982,0.009387994019441763,-0.5694519040864523,-0.8219593307468523,0.0,-0.9999454228508743,-0.006438025612689937,-0.006960606798623511,0.0,-0.0013280899987124478,0.821995642648194,-0.5694922296610708,0.0,0.45313945346062084,0.23362923882232373,0.17151471915685007,1.0
2025-12-16 17:36:16.032,0.009388246940525561,-0.5694534002096004,-0.8219582913447109,0.0,-0.9999454210995223,-0.006437796526002453,-0.006961070262312076,0.0,-0.0013276206633782515,0.821994607954917,-0.5694937242116164,0.0,0.4533612932695928,0.23336309618901213,0.1710798949059285,1.0
2025-12-16 17:36:16.083,0.009388569837717903,-0.5694554421901784,-0.8219568729669452,0.0,-0.9999454188593677,-0.006437507556182889,-0.006961659273197276,0.0,-0.0013270243701164726,0.8219931955637411,-0.5694957642100862,0.0,0.4536837797916474,0.23303943063061622,0.17048773306852555,1.0
2025-12-16 17:36:16.132,0.009388918204696273,-0.5694575704014002,-0.8219553945492957,0.0,-0.9999454164020904,-0.006437219892484702,-0.006962278198544308,0.0,-0.0013264111266506763,0.8219917234149214,-0.5694978904885343,0.0,0.4540996160236474,0.23271647448185273,0.16986412982945856,1.0
2025-12-16 17:36:16.183,0.009389347052547172,-0.5694603545540114,-0.8219534607594002,0.0,-0.9999454133434748,-0.0064368876095188465,-0.006963024663045863,0.0,-0.0013256810772456138,0.8219897971740254,-0.569500672441645,0.0,0.4545552410153486,0.23227044196549507,0.16901702157759887,1.0
2025-12-16 17:36:16.232,0.00938970764924431,-0.5694630024869094,-0.821951622110489,0.0,-0.9999454108360507,-0.006436570510610449,-0.006963677849514136,0.0,-0.0013250181861948875,0.8219879651733009,-0.5695033181967094,0.0,0.45502475138456594,0.23194532302993304,0.16817463382516323,1.0
2025-12-16 17:36:16.282,0.009389938681261988,-0.5694658954267408,-0.821949615182458,0.0,-0.9999454097349538,-0.006436063629901209,-0.00696430442725445,0.0,-0.0013242116623740261,0.8219859649036277,-0.5695062071346767,0.0,0.4554249825135111,0.23169984018347836,0.16722483831185808,1.0
2025-12-16 17:36:16.332,0.00938980147193974,-0.5694690401289515,-0.821947438017868,0.0,-0.9999454121176237,-0.006435332693096295,-0.006964637768953019,0.0,-0.001323385114015931,0.8219837919489279,-0.5695093453360546,0.0,0.4556282049084543,0.2315936046824296,0.1662809747931628,1.0
2025-12-16 17:36:16.383,0.009389188697577228,-0.5694717610553411,-0.8219455598744592,0.0,-0.9999454183566927,-0.006434705382846386,-0.006964321596750636,0.0,-0.001323018506479578,0.8219819117636668,-0.5695120598858104,0.0,0.4556148507030541,0.23163880509709814,0.16539925007369702,1.0
2025-12-16 17:36:16.432,0.009388074299478117,-0.5694738515897331,-0.8219441242065731,0.0,-0.9999454285498716,-0.006434256156276773,-0.006963273019007897,0.0,-0.0013232226116220512,0.8219804669193952,-0.569514144762791,0.0,0.4554645838827398,0.231904207303772,0.1646271878034272,1.0
2025-12-16 17:36:16.482,0.009386484821616328,-0.5694757153707601,-0.8219428510589181,0.0,-0.999945442522082,-0.006433956290996263,-0.006961543433131496,0.0,-0.0013239399406892681,0.8219791779980604,-0.5695160033929391,0.0,0.4552021518031902,0.23235262456358186,0.16384627510792843,1.0
2025-12-16 17:36:16.532,0.00938482648201442,-0.5694774020506711,-0.8219417013917283,0.0,-0.9999454566794169,-0.006433899937770876,-0.006959561695328785,0.0,-0.0013250030581831234,0.8219780098647389,-0.569517686876974,0.0,0.4548828915982116,0.2328767806844478,0.16308281967798902,1.0
2025-12-16 17:36:16.582,0.009383363161932282,-0.5694794632322906,-0.8219402900172506,0.0,-0.9999454689962851,-0.006433961893298067,-0.006957734499361829,0.0,-0.001326071127506346,0.8219765813341587,-0.5695197461665169,0.0,0.4545223501730537,0.23332000760006727,0.1622713351376783,1.0
2025-12-16 17:36:16.632,0.009382249804334325,-0.5694813466192976,-0.8219389978231286,0.0,-0.9999454783632884,-0.00643401293621737,-0.006956340960556782,0.0,-0.001326885273668035,0.8219752760635004,-0.5695216281369855,0.0,0.45422135372894046,0.23362133328900725,0.1615071869969326,1.0
2025-12-16 17:36:16.682,0.009381478261502658,-0.5694829646699628,-0.8219378855592113,0.0,-0.9999454848425973,-0.006434057633965419,-0.006955368176758188,0.0,-0.0013274575952284373,0.8219741546709597,-0.5695232452756375,0.0,0.4540243267860497,0.2338126718320833,0.16083280863979274,1.0
2025-12-16 17:36:16.732,0.009381001842292677,-0.569484511408194,-0.8219368193309103,0.0,-0.9999454888220899,-0.0064341028339185554,-0.00695475422157321,0.0,-0.0013278267735022896,0.8219730826778512,-0.5695247915842907,0.0,0.4539376703217998,0.23390891958950602,0.16022815739929153,1.0
2025-12-16 17:36:16.782,0.009380760357208372,-0.5694856538850579,-0.8219360305129817,0.0,-0.9999454909048662,-0.006434088043991443,-0.0069544684395885575,0.0,-0.0013279643475359796,0.8219722912392712,-0.5695259335144931,0.0,0.4539568543411755,0.23391304296362164,0.15976645906030776,1.0
2025-12-16 17:36:16.832,0.009380768105650071,-0.5694867717147293,-0.8219352559252414,0.0,-0.9999454908436839,-0.0064340947919790505,-0.0069544709935451445,0.0,-0.0013279556816567684,0.8219715167063973,-0.5695270513830683,0.0,0.4540208748881113,0.23377244689099075,0.1593771604940573,1.0
2025-12-16 17:36:16.882,0.009380940288203193,-0.5694881323355407,-0.8219343112375193,0.0,-0.9999454894283808,-0.006434080570516193,-0.006954687646242002,0.0,-0.001327805067900552,0.82197057411858,-0.5695284121243415,0.0,0.45409966816205216,0.23352534302859848,0.15898079978467175,1.0
2025-12-16 17:36:16.932,0.009381146548266467,-0.5694897419326694,-0.8219331936502564,0.0,-0.9999454878803243,-0.006433972084319747,-0.006955010582787481,0.0,-0.0013275135999414264,0.8219694597623731,-0.5695300210924745,0.0,0.4541459995216055,0.23321598452893366,0.15850206911912115,1.0
2025-12-16 17:36:16.982,0.0093812793799557,-0.569491447545413,-0.8219320103700994,0.0,-0.9999454869452177,-0.006433869541199328,-0.006955239882735421,0.0,-0.0013272792518508624,0.8219682788303615,-0.569531726005181,0.0,0.45422549190419303,0.23299102475685557,0.1579787647440202,1.0
2025-12-16 17:36:17.032,0.00938145643162813,-0.5694934115652025,-0.8219306475367958,0.0,-0.9999454856211923,-0.006433778253896977,-0.0069555146744138315,0.0,-0.0013270252945590448,0.8219669187662905,-0.5695336894844044,0.0,0.45428675988682693,0.23270995714094728,0.15739709034241864,1.0
2025-12-16 17:36:17.082,0.00938171933747126,-0.5694956410867982,-0.8219290997565531,0.0,-0.9999454834857916,-0.006433741696033043,-0.006955855473129936,0.0,-0.0013267756928528511,0.821965374311464,-0.5695359190597865,0.0,0.45429909400293034,0.23233750072230822,0.1567930240991606,1.0
2025-12-16 17:36:17.132,0.009382047260946975,-0.5694982015895336,-0.8219273218945145,0.0,-0.9999454807522022,-0.0064337375558828356,-0.0069562522608866886,0.0,-0.0013265170662650312,0.8219636002690502,-0.5695384799863954,0.0,0.45428585140361744,0.23189815432535954,0.15613745105153903,1.0
2025-12-16 17:36:17.182,0.009382413438169392,-0.5695010854105177,-0.8219253195610451,0.0,-0.9999454776314325,-0.006433775343289861,-0.0069566659030879125,0.0,-0.001326279607362862,0.8219616018694145,-0.5695413646388375,0.0,0.45422930002154427,0.23137342635505714,0.15540108216571566,1.0
2025-12-16 17:36:17.232,0.009382743046726616,-0.5695034981459625,-0.8219236440410016,0.0,-0.9999454747589286,-0.006433847001795604,-0.006957012513021559,0.0,-0.0013261135419021179,0.8219599295926778,-0.5695437784462876,0.0,0.4541483196765574,0.230861098867165,0.15478701279142887,1.0
2025-12-16 17:36:17.282,0.009383006529625783,-0.5695057476283252,-0.8219220823824943,0.0,-0.9999454723465706,-0.006433978927177919,-0.006957237236618192,0.0,-0.0013260682948871656,0.8219583699481587,-0.5695460294085484,0.0,0.45402058135692386,0.23032802512718242,0.15417654186099997,1.0
2025-12-16 17:36:17.332,0.00938320899769375,-0.5695080291254443,-0.8219204992283414,0.0,-0.9999454702989877,-0.006434205110649566,-0.006957322354079759,0.0,-0.0013261796678883284,0.8219567873742051,-0.5695483130841178,0.0,0.4538818796569058,0.22989070865648228,0.15357432092421205,1.0
2025-12-16 17:36:17.382,0.009383423476882324,-0.5695105757114082,-0.8219187322466388,0.0,-0.9999454680047666,-0.0064345233435114425,-0.006957357779954414,0.0,-0.0013263919715739382,0.8219550203937892,-0.5695508626398375,0.0,0.4537635383211461,0.22951254030188273,0.15293782653442628,1.0
2025-12-16 17:36:17.432,0.009383633229789638,-0.5695130010113779,-0.8219170493472143,0.0,-0.9999454656417961,-0.006434907875995397,-0.006957341751488914,0.0,-0.0013266894571902846,0.8219533369204797,-0.5695532914665427,0.0,0.45365959326399097,0.22914036681670255,0.15232772393688787,1.0
2025-12-16 17:36:17.482,0.009383829882463272,-0.5695151885909151,-0.8219155313061067,0.0,-0.9999454633329908,-0.006435325449670941,-0.006957287354647641,0.0,-0.0013270386658372879,0.8219518178929975,-0.5695554828379548,0.0,0.4535860642336049,0.22883685119913863,0.15179191674371795,1.0
2025-12-16 17:36:17.532,0.009384010609780146,-0.5695170349990055,-0.8219142498412016,0.0,-0.9999454611999187,-0.006435714690535312,-0.00695723388364804,0.0,-0.0013273679547998658,0.8219505354756861,-0.5695573327818241,0.0,0.4535326445019591,0.22857826048641294,0.15135783314417917,1.0
2025-12-16 17:36:17.582,0.009384162362521695,-0.5695185203152807,-0.8219132189080885,0.0,-0.9999454593747841,-0.006436061984185139,-0.006957174936479801,0.0,-0.0013276700088768424,0.8219495035814385,-0.5695588212419983,0.0,0.45349834402398886,0.22840855518764988,0.1510303276282771,1.0
2025-12-16 17:36:17.632,0.009384265384101802,-0.5695194886052429,-0.8219125467853815,0.0,-0.9999454581365949,-0.006436296845395848,-0.006957135626222093,0.0,-0.0013278743737591004,0.8219488308125947,-0.5695597916597135,0.0,0.45347735031270264,0.22830169434163572,0.15082487715813744,1.0
2025-12-16 17:36:17.682,0.00938428095603855,-0.569519762088941,-0.8219123571052466,0.0,-0.9999454578872421,-0.0064363719171163115,-0.006957102013547529,0.0,-0.0013279520972118,0.8219486407271048,-0.5695600657964816,0.0,0.45345776226264084,0.22828213462668248,0.15076470599438851,1.0
2025-12-16 17:36:17.732,0.0093842765944661,-0.5695198406234895,-0.8219123027368566,0.0,-0.9999454578836557,-0.006436397652496597,-0.006957078719810341,0.0,-0.0013279856200202787,0.8219485861087419,-0.5695601445396554,0.0,0.4534463065302765,0.2282969822652061,0.15074797420951727,1.0
2025-12-16 17:36:17.782,0.009384263148976658,-0.5695200754602467,-0.8219121401671311,0.0,-0.9999454578729765,-0.006436476688160489,-0.006957007133392706,0.0,-0.0013280886721370297,0.8219484227706345,-0.569560380017207,0.0,0.4534136314071035,0.22833566982266923,0.15069901265959354,1.0
2025-12-16 17:36:17.832,0.0093842679663086,-0.5695207950772536,-0.8219116414740197,0.0,-0.9999454574362888,-0.006436727780455495,-0.006956837587553696,0.0,-0.0013283833971655657,0.821947922178617,-0.5695611017474811,0.0,0.4533664137488093,0.2284553144738972,0.15056783329859094,1.0
2025-12-16 17:36:17.882,0.009384229570591023,-0.5695214871250627,-0.8219111623767084,0.0,-0.9999454572969305,-0.006437020912837517,-0.0069565863905241086,0.0,-0.0013287594970061128,0.8219474403592164,-0.5695617961952254,0.0,0.45328341243354797,0.22857843047775084,0.15043237840320497,1.0
2025-12-16 17:36:17.932,0.009384145580098981,-0.5695220068096428,-0.8219108032338162,0.0,-0.9999454576086312,-0.006437272199795903,-0.006956309057205418,0.0,-0.0013291180597625534,0.8219470782983089,-0.5695623178564897,0.0,0.4531704749759048,0.22869453457018615,0.1503189662114149,1.0
2025-12-16 17:36:17.982,0.009383998578262373,-0.5695226667886644,-0.8219103475962688,0.0,-0.999945458371093,-0.006437575602610412,-0.006955918673565593,0.0,-0.0013295822468630725,0.8219466186174886,-0.5695629801473456,0.0,0.4530153848882098,0.22887391011842084,0.15018145353567072,1.0
2025-12-16 17:36:18.032,0.00938379475153994,-0.5695238862132067,-0.8219095049516557,0.0,-0.9999454593235225,-0.006438063355467974,-0.006955330309107049,0.0,-0.0013303043302816929,0.8219457698464104,-0.5695642033361827,0.0,0.4528016208889034,0.22908655835347433,0.14994796542499314,1.0
2025-12-16 17:36:18.082,0.009383569256588422,-0.5695254794495093,-0.8219084035262213,0.0,-0.9999454601958135,-0.006438716619137171,-0.006954600153108973,0.0,-0.0013312389410886196,0.8219446607567771,-0.5695658016913484,0.0,0.45253882897381376,0.22925582403713327,0.14963968056055277,1.0
2025-12-16 17:36:18.132,0.009383433231531717,-0.5695271119456097,-0.8219072738702894,0.0,-0.9999454602255569,-0.006439422438066078,-0.006953942347458046,0.0,-0.0013321750880846543,0.8219435240465424,-0.5695674398940708,0.0,0.4523129642544445,0.22934661129565437,0.14932447038889046,1.0
2025-12-16 17:36:18.182,0.009383476635058022,-0.5695284122761303,-0.8219063723306188,0.0,-0.9999454588966249,-0.006440026657668347,-0.006953573892273094,0.0,-0.0013328667112199907,0.8219426182907802,-0.5695687453711158,0.0,0.4522128009470937,0.22910811766570283,0.14904553994846398,1.0
2025-12-16 17:36:18.232,0.009383526731831971,-0.569528999177248,-0.8219059650735256,0.0,-0.9999454580745238,-0.006440277201300374,-0.0069534600674474745,0.0,-0.001333130762341654,0.8219422096526152,-0.5695693344569621,0.0,0.45226323047613326,0.22882450539525845,0.14890346802692228,1.0
2025-12-16 17:36:18.282,0.00938357883612308,-0.5695295429357519,-0.8219055876880436,0.0,-0.9999454572748514,-0.006440503040061462,-0.006953365889086242,0.0,-0.001333363810857439,0.8219418311017481,-0.5695698801956205,0.0,0.45234112528515796,0.22865542952023682,0.14879628654853097,1.0
2025-12-16 17:36:18.333,0.009383704634603826,-0.5695302232233515,-0.8219051148543232,0.0,-0.9999454556991866,-0.006440824013761185,-0.006953295174113598,0.0,-0.0013336601252263143,0.8219413572008007,-0.5695705633840079,0.0,0.45237068781709777,0.2286258535170859,0.14867033437354488,1.0
2025-12-16 17:36:18.383,0.00938383271317215,-0.569530935510155,-0.8219046198201755,0.0,-0.9999454540933952,-0.006441151871564904,-0.006953222398949934,0.0,-0.0013339629054380723,0.821940861071953,-0.5695712786326776,0.0,0.45238701147985305,0.22861715621162487,0.14854356519808712,1.0
2025-12-16 17:36:18.433,0.009383917241690645,-0.5695316445975538,-0.821904127499318,0.0,-0.999945452835711,-0.006441492150711025,-0.006953088038073274,0.0,-0.0013343110101901126,0.821940367061657,-0.5695719907164297,0.0,0.45238133027510274,0.22854800334393544,0.1484063646675332,1.0
2025-12-16 17:36:18.482,0.009384076127739704,-0.5695328342763383,-0.821903301305937,0.0,-0.9999454506757836,-0.006442004661849164,-0.006952923841726867,0.0,-0.0013348121757864818,0.8219395386860601,-0.5695731849560706,0.0,0.45238735477254494,0.22843696062427915,0.1481899012632357,1.0
2025-12-16 17:36:18.532,0.009384459559031498,-0.569534913157102,-0.8219018563764929,0.0,-0.9999454462473784,-0.006442751621120298,-0.00695286860856183,0.0,-0.0013354338096405378,0.8219380923155095,-0.5695752707213342,0.0,0.45250448323329745,0.22830802551866317,0.14786737007218384,1.0
2025-12-16 17:36:18.582,0.009384942370176152,-0.5695377023056937,-0.8218999181228015,0.0,-0.9999454405541841,-0.00644376513818082,-0.006952748158165084,0.0,-0.0013363035567463615,0.82193615167746,-0.5695780691515884,0.0,0.4526282971386981,0.22810644599547258,0.14742361685127375,1.0
2025-12-16 17:36:18.632,0.009385402808142589,-0.5695407392353828,-0.8218978084084121,0.0,-0.9999454348736785,-0.006444888670316694,-0.006952523752236927,0.0,-0.0013373201037249394,0.8219340384638637,-0.5695811162507267,0.0,0.4526908818120463,0.22791686659796642,0.1469406385073462,1.0
2025-12-16 17:36:18.682,0.009385954318124567,-0.5695442908331063,-0.8218953409906643,0.0,-0.999945428083834,-0.006446223954841677,-0.00695226237785122,0.0,-0.0013385258605584384,0.8219315669337628,-0.5695846799434918,0.0,0.4527550909244503,0.22770439797357286,0.1463913274276883,1.0
2025-12-16 17:36:18.732,0.009386484255808035,-0.5695476654107839,-0.8218929964658719,0.0,-0.9999454215175687,-0.006447531440309725,-0.006951994360360818,0.0,-0.0013397145710485345,0.8219292182634528,-0.569588066351199,0.0,0.452804604662973,0.22755651291629234,0.14589255106691476,1.0
2025-12-16 17:36:18.782,0.00938694633681578,-0.5695506623076427,-0.8218909144190629,0.0,-0.9999454156956391,-0.006448730244691935,-0.006951719838649003,0.0,-0.001340821974350026,0.8219271321405874,-0.5695910740589096,0.0,0.45283004690191364,0.22747971159309877,0.14546628011378854,1.0
2025-12-16 17:36:18.832,0.009387210885993195,-0.5695524809357665,-0.821889651128972,0.0,-0.9999454122214353,-0.006449503472488628,-0.006951502245582673,0.0,-0.0013415606379560074,0.8219258658361398,-0.5695928996086298,0.0,0.4528317330528366,0.227395293400011,0.1452038705671513,1.0
2025-12-16 17:36:18.883,0.009387398761126538,-0.569553636954006,-0.8218888478852676,0.0,-0.9999454098796322,-0.006449974373886203,-0.006951402192269077,0.0,-0.0013419914439997721,0.8219250610628605,-0.5695940598845615,0.0,0.45285033890210746,0.22734059920673447,0.14504610219715758,1.0
2025-12-16 17:36:18.932,0.009387575688207625,-0.5695546730786292,-0.8218881278484331,0.0,-0.9999454077199275,-0.006450389324966628,-0.006951327829483796,0.0,-0.001342363001453849,0.8219243398082158,-0.5695950997791336,0.0,0.4528663309598222,0.22734834237999205,0.14491061538853384,1.0
2025-12-16 17:36:18.982,0.009387760310106201,-0.5695559613906165,-0.8218872329595946,0.0,-0.9999454052312875,-0.006450967806362353,-0.006951148998966547,0.0,-0.001342925584885663,0.8219234425101233,-0.5695963932498006,0.0,0.4528476988950845,0.22741956811317404,0.1447337271716474,1.0
2025-12-16 17:36:19.032,0.00938792369318975,-0.5695579054062374,-0.8218858839152785,0.0,-0.9999454022592794,-0.006451957145906149,-0.00695065829426243,0.0,-0.0013439959986598013,0.8219220875997222,-0.5695983458459744,0.0,0.4527440048838485,0.2275147051556882,0.14444373595931792,1.0
2025-12-16 17:36:19.082,0.009388094456042393,-0.5695605381764594,-0.821884057477595,0.0,-0.9999453987188233,-0.006453260772736176,-0.006949957385565057,0.0,-0.0013454365828548997,0.8219202529233074,-0.5696009898471805,0.0,0.4525824337082324,0.22766556780959585,0.14406061090359512,1.0
2025-12-16 17:36:19.132,0.009388397315532732,-0.5695641479981456,-0.8218815524223673,0.0,-0.9999453934018544,-0.006454973830958493,-0.0069491314896651234,0.0,-0.0013472736959893074,0.8219177379375409,-0.5696046145505003,0.0,0.4524364388715272,0.2278736184038479,0.14357121611639606,1.0
2025-12-16 17:36:19.182,0.009388769505838872,-0.5695678005689888,-0.8218790169260795,0.0,-0.9999453875015697,-0.006456683411950525,-0.0069483922501427835,0.0,-0.0013490580973612928,0.8219151933272463,-0.5696082820852286,0.0,0.4523457788807006,0.22811072306722455,0.14309772863778383,1.0
2025-12-16 17:36:19.232,0.009389136048969753,-0.5695706940015892,-0.8218770075625733,0.0,-0.9999453822790149,-0.0064580011662324095,-0.006947919186324093,0.0,-0.001350377519468909,0.8219131778475993,-0.5696111871803569,0.0,0.4523300625552998,0.22828739955392738,0.14272899575130812,1.0
2025-12-16 17:36:19.282,0.00938936948218283,-0.5695719109743453,-0.8218761615176386,0.0,-0.999945379483926,-0.006458511514025552,-0.0069478470750855064,0.0,-0.0013508241241010264,0.8219123304801381,-0.5696124088175168,0.0,0.45240155862607984,0.2282788977589714,0.1425766941406364,1.0
2025-12-16 17:36:19.333,0.00938938465003743,-0.5695720726291759,-0.8218760493152277,0.0,-0.9999453793647481,-0.006458507376538172,-0.006947868073409649,0.0,-0.0013508069153952947,0.8219122184862955,-0.5696125704578626,0.0,0.4525041224568205,0.2281005556099519,0.14256363675661568,1.0
2025-12-16 17:36:19.382,0.009389404168754542,-0.5695724547323757,-0.8218757842890249,0.0,-0.9999453789557557,-0.006458659054745412,-0.006947785938897082,0.0,-0.0013509739943373897,0.8219119524977258,-0.5696129538648527,0.0,0.45255575245954327,0.22799099935174402,0.14251711985521864,1.0
2025-12-16 17:36:19.432,0.009389563095075135,-0.5695734455749061,-0.8218750958035055,0.0,-0.9999453765547196,-0.006459310677177084,-0.006947525719547761,0.0,-0.001351646442708896,0.8219112607239815,-0.569613950449784,0.0,0.45252911625266734,0.22795592457095318,0.14235064080942372,1.0
2025-12-16 17:36:19.482,0.009389776643642943,-0.5695752285921379,-0.821873857699589,0.0,-0.9999453729908582,-0.006460394751306645,-0.006947030663487161,0.0,-0.0013527990238995204,0.8219100165698646,-0.5696157429328351,0.0,0.45247834365241996,0.22782249212947256,0.14206123159744666,1.0
2025-12-16 17:36:19.532,0.009390108182400193,-0.569577809874392,-0.8218720650248567,0.0,-0.9999453680114035,-0.006461738661244492,-0.006946497478645975,0.0,-0.0013541777491007073,0.8219082171624885,-0.5696183360491511,0.0,0.4524170731221884,0.2277309400169009,0.14168060419142223,1.0
2025-12-16 17:36:19.582,0.009390635256206209,-0.5695811882864359,-0.8218697176687464,0.0,-0.9999453609723183,-0.006463334890507785,-0.006946025715597293,0.0,-0.001355719742508235,0.8219058633352516,-0.5696217287280346,0.0,0.45243955390283963,0.22763872813756328,0.14123254360814386,1.0
2025-12-16 17:36:19.632,0.009391238004705081,-0.5695843230844639,-0.8218675382604914,0.0,-0.999945353638626,-0.006464718551354011,-0.006945793819521303,0.0,-0.0013569531759255865,0.8219036799856327,-0.5696248761282752,0.0,0.4525555246745927,0.2275719884188698,0.14085583978204796,1.0
2025-12-16 17:36:19.682,0.009391771869124462,-0.5695869962129665,-0.8218656795775431,0.0,-0.9999453472591425,-0.00646587199366652,-0.006945638585631686,0.0,-0.0013579590062841728,0.8219018183755256,-0.56962755981285,0.0,0.4526760163410743,0.22749056744039894,0.1405451089160575,1.0
2025-12-16 17:36:19.732,0.00939217734720537,-0.5695892194571173,-0.821864134139043,0.0,-0.9999453422114067,-0.006466871596340064,-0.0069454346643955545,0.0,-0.0013588712783139428,0.8219002697441585,-0.569629792113552,0.0,0.45274369461643155,0.22741348897391178,0.14027380195948488,1.0
2025-12-16 17:36:19.782,0.009392457479766464,-0.569590906033865,-0.8218629620607196,0.0,-0.9999453385808883,-0.006467649675324629,-0.006945232842616049,0.0,-0.0013596064289284123,0.8218990947735281,-0.5696314856824664,0.0,0.4527609402796737,0.2274263915854002,0.14006431589126925,1.0
2025-12-16 17:36:19.832,0.009392718896572345,-0.5695929082278521,-0.8218615714519544,0.0,-0.9999453348715498,-0.006468573212700633,-0.006944906797377943,0.0,-0.0013605282799376618,0.8218976999185064,-0.5696334960581831,0.0,0.45273354732849963,0.22758352394437126,0.13981143548724181,1.0
2025-12-16 17:36:19.882,0.009392866118975728,-0.5695950417630474,-0.8218600911141942,0.0,-0.9999453320556878,-0.006469540426945431,-0.006944411271853604,0.0,-0.0013615810709999756,0.821896213686851,-0.5696356379513181,0.0,0.4526737344066326,0.22782693212280858,0.13952461684477283,1.0
2025-12-16 17:36:19.933,0.009392760908823522,-0.5695977571224752,-0.8218582104139155,0.0,-0.999945331258552,-0.006470580646417436,-0.0069435568357373925,0.0,-0.0013628916702031412,0.8218943236417278,-0.5696383618505712,0.0,0.4525548369455739,0.22818621852005877,0.1391014906974447,1.0
2025-12-16 17:36:19.982,0.009390272206655056,-0.5696018425125254,-0.8218554074138769,0.0,-0.9999453519946452,-0.006470787019534093,-0.006940377573380244,0.0,-0.0013648257258221115,0.8218914906478682,-0.569642444741755,0.0,0.45226902019163734,0.22922096406579168,0.13803896502588595,1.0
2025-12-16 17:36:20.032,0.009382397432691437,-0.5696067939405189,-0.82185206565198,0.0,-0.9999454192968851,-0.006470320327601869,-0.006931109813236537,0.0,-0.0013696652578027901,0.8218880627073648,-0.5696473789953013,0.0,0.45171000584125914,0.23126576723057474,0.13588728135796577,1.0
2025-12-16 17:36:20.082,0.009373553225962217,-0.5696121273193726,-0.8218484701037214,0.0,-0.9999454957028774,-0.006469243944663973,-0.006921084273413704,0.0,-0.001374431164372904,0.8218843748033986,-0.5696526883926742,0.0,0.4510590904074521,0.23334306454217493,0.13323235068152847,1.0
2025-12-16 17:36:20.132,0.009365412876572473,-0.5696149808370378,-0.821846585165918,0.0,-0.999945565862013,-0.006468281690593866,-0.006911841004988289,0.0,-0.0013788735852899468,0.8218824046833783,-0.5696555200992116,0.0,0.45046786819031437,0.2352103460071515,0.13079908191505943,1.0
2025-12-16 17:36:20.183,0.009360889185092414,-0.5696180431705516,-0.8218445142175156,0.0,-0.9999456042160648,-0.006468114521432428,-0.00690644660552323,0.0,-0.0013817744395097026,0.8218802835645237,-0.5696585733466115,0.0,0.4498415162314526,0.23624381393293495,0.1289696062305366,1.0
2025-12-16 17:36:20.232,0.009359561684788176,-0.5696202923694575,-0.821842970419052,0.0,-0.9999456150064611,-0.006468349802876971,-0.006904663741700068,0.0,-0.001382957862670253,0.8218787228328646,-0.5696608222286044,0.0,0.4494861493818675,0.23642691667066318,0.1278819773443589,1.0
2025-12-16 17:36:20.282,0.009359857862577895,-0.5696217604200488,-0.821841949536506,0.0,-0.9999456123232919,-0.006468477906950115,-0.006904932307555882,0.0,-0.0013828934219541809,0.8218777043398355,-0.5696622918140758,0.0,0.4494715348853862,0.2360128328870558,0.12753910714153766,1.0
2025-12-16 17:36:20.332,0.00936012372015227,-0.5696234324845015,-0.8218407875919315,0.0,-0.9999456101788647,-0.0064684388746347665,-0.006905279411527088,0.0,-0.00138264455875373,0.8218765457584368,-0.5696639639526133,0.0,0.449772383012548,0.2353232365276991,0.1276097573840271,1.0
2025-12-16 17:36:20.382,0.00936004667987098,-0.5696254314036219,-0.8218394030013385,0.0,-0.9999456112492656,-0.00646820415351077,-0.006905344275961583,0.0,-0.0013823919431556178,0.8218751621713604,-0.5696659607158531,0.0,0.45020151080359627,0.2346945433939803,0.12797329693723034,1.0
2025-12-16 17:36:20.432,0.009359912612260471,-0.5696273111551076,-0.8218381016497723,0.0,-0.9999456128140186,-0.006467959358543363,-0.006905346981957395,0.0,-0.0013821678178612912,0.8218738612510446,-0.5696678381341375,0.0,0.4505660857078111,0.23415776331639468,0.12833772350141945,1.0
2025-12-16 17:36:20.482,0.00935985532105005,-0.569628222789658,-0.8218374704350446,0.0,-0.9999456137922627,-0.006467671538139938,-0.0069054749075288975,0.0,-0.0013818480222718697,0.8218732316642322,-0.5696687472293301,0.0,0.45083315933034657,0.233941090557919,0.12867697368500958,1.0
2025-12-16 17:36:20.532,0.009359801504982742,-0.5696289227347816,-0.8218369859047521,0.0,-0.999945614519703,-0.006467513700805766,-0.006905517399259297,0.0,-0.0013816861308412318,0.8218727477749015,-0.5696694457388154,0.0,0.45097201570547557,0.23372046931108756,0.12882897951527128,1.0
2025-12-16 17:36:20.582,0.009359789723803925,-0.5696293975072092,-0.821836656966035,0.0,-0.9999456147053372,-0.006467466151470312,-0.006905535051907588,0.0,-0.001381631590571874,0.8218724190841763,-0.5696699200790507,0.0,0.45104979241314,0.23358133587963992,0.12887025203408328,1.0
2025-12-16 17:36:20.633,0.009359781884065518,-0.5696292946996178,-0.8218367283130555,0.0,-0.9999456147363507,-0.0064674860243263774,-0.006905511948818157,0.0,-0.001381662254977573,0.8218724901837959,-0.5696698174280426,0.0,0.451019068043763,0.23360474672384257,0.12885326994369864,1.0
2025-12-16 17:36:20.682,0.009359750337741677,-0.5696291282274338,-0.8218368440570654,0.0,-0.9999456149116766,-0.006467538006180653,-0.006905437875769302,0.0,-0.0013817490695668393,0.821872605156665,-0.5696696513440972,0.0,0.4509307612235845,0.23363231910905394,0.1288187101660395,1.0
2025-12-16 17:36:20.732,0.009359711698521516,-0.5696290504684131,-0.8218368983932169,0.0,-0.9999456151308574,-0.00646760009109029,-0.006905347988419394,0.0,-0.0013818521860487181,0.8218726585628804,-0.5696695740438652,0.0,0.45083385173489615,0.23364496190429512,0.12877013404204607,1.0
2025-12-16 17:36:20.783,0.009359708208080722,-0.5696292120759424,-0.8218367864200343,0.0,-0.999945615055489,-0.006467663716580072,-0.006905299309784286,0.0,-0.0013819303659404877,0.8218725460519599,-0.569669736175736,0.0,0.45079551306584287,0.23360684560020026,0.12867558418978536,1.0
2025-12-16 17:36:20.832,0.009359699563261922,-0.56962926321511,-0.821836751073049,0.0,-0.9999456150811563,-0.006467692079209506,-0.006905269027661148,0.0,-0.001381970344001107,0.8218725103841783,-0.5696697875372863,0.0,0.4507765449124579,0.23360721393833075,0.12863070728606402,1.0
2025-12-16 17:36:20.882,0.009359680759901847,-0.5696292717008868,-0.821836745405557,0.0,-0.9999456151976762,-0.0064677168129701245,-0.006905228987995326,0.0,-0.0013820133844568497,0.8218725043080368,-0.5696697961990271,0.0,0.45075623160168765,0.2336298561449236,0.12859455963068214,1.0
2025-12-16 17:36:20.932,0.009359662389965964,-0.5696292676716714,-0.821836748407486,0.0,-0.9999456153194478,-0.006467736151279889,-0.006905193241073975,0.0,-0.001382049687820269,0.8218725069485022,-0.5696697923015092,0.0,0.45073882058363235,0.23365271635034046,0.12856971389803376,1.0
2025-12-16 17:36:20.983,0.009359659898188669,-0.5696292743156526,-0.8218367438308057,0.0,-0.9999456153333136,-0.006467740411782453,-0.006905187242574275,0.0,-0.0013820565308319405,0.821872502310027,-0.5696697989769164,0.0,0.45074533196771943,0.2336634781077074,0.12855844398124933,1.0
2025-12-16 17:36:21.032,0.009359667196870135,-0.5696292747946237,-0.8218367434157001,0.0,-0.9999456152865066,-0.006467731782419539,-0.006905202103375691,0.0,-0.0013820409674649367,0.821872502045962,-0.5696697993956449,0.0,0.4507669182549717,0.23366911811601623,0.12856115832542553,1.0
2025-12-16 17:36:21.085,0.009359656150846054,-0.5696291978457967,-0.8218367968760589,0.0,-0.9999456153963809,-0.006467720988473734,-0.0069051963025664855,0.0,-0.0013820362779375364,0.8218725554641718,-0.5696697223396364,0.0,0.4507475070361629,0.23367979768613026,0.128592335074,1.0
2025-12-16 17:36:21.132,0.009359659098540273,-0.5696292032413902,-0.8218367931027099,0.0,-0.9999456153755555,-0.00646771868975979,-0.006905201471368888,0.0,-0.0013820313827122696,0.8218725517425739,-0.569669727720727,0.0,0.45073889718050675,0.23366378752557282,0.12860073512185183,1.0
2025-12-16 17:36:21.182,0.009359655734641571,-0.5696292274750293,-0.8218367763442682,0.0,-0.999945615401237,-0.006467720429141639,-0.0069051961232339445,0.0,-0.0013820355830079466,0.8218725349325406,-0.5696697519626673,0.0,0.45069110836193044,0.2336061708813334,0.1286154319893762,1.0
2025-12-16 17:36:21.232,0.009359627831453643,-0.5696293120662336,-0.8218367180304216,0.0,-0.9999456155789821,-0.0064677548580675,-0.006905138135832267,0.0,-0.0013820959491729506,0.8218724760313917,-0.569669836793925,0.0,0.4505753925736715,0.2335208590178131,0.1285783806065257,1.0
2025-12-16 17:36:21.282,0.009359605527286357,-0.569629549877094,-0.8218365534535447,0.0,-0.9999456156722427,-0.006467812835275424,-0.006905070325160771,0.0,-0.0013821795189731902,0.8218723107482334,-0.5696700750479495,0.0,0.4504785720755414,0.2334612286612987,0.12845223704880848,1.0
2025-12-16 17:36:21.332,0.009359592275045542,-0.5696298429631902,-0.8218363504612001,0.0,-0.9999456156803177,-0.006467876702380004,-0.0069050093324790765,0.0,-0.0013822634154516235,0.8218721071072697,-0.5696703686404155,0.0,0.45044618086590954,0.23344845780078585,0.128291916411974,1.0
2025-12-16 17:36:21.382,0.009359533016249366,-0.569629770123021,-0.8218364016229267,0.0,-0.9999456161494888,-0.006467893162879299,-0.0069049259707255175,0.0,-0.0013823252636862527,0.8218721574633556,-0.5696702958408438,0.0,0.4504647558822004,0.23355655442833403,0.12824587527125667,1.0
2025-12-16 17:36:21.432,0.00935954451806649,-0.5696297044005548,-0.8218364470453712,0.0,-0.9999456160827994,-0.006467874805225321,-0.006904952824097295,0.0,-0.0013822956272445891,0.8218722031601565,-0.5696702299852691,0.0,0.45049402322617205,0.23356839245330258,0.12828677374275727,1.0
2025-12-16 17:36:21.482,0.009359550535360485,-0.5696297086331467,-0.821836444043157,0.0,-0.9999456160429684,-0.006467868463724363,-0.006904964532333922,0.0,-0.0013822836973350914,0.8218722002764483,-0.5696702341745878,0.0,0.45052554307600473,0.23358257125237297,0.12828254275560882,1.0
2025-12-16 17:36:21.532,0.009359557039705174,-0.5696297752556988,-0.8218363977917812,0.0,-0.9999456159753215,-0.006467876751844918,-0.006904966565166369,0.0,-0.0013822885917724936,0.8218721540350419,-0.5696703008759099,0.0,0.4505299406500193,0.23357061370973034,0.12825558537824724,1.0
2025-12-16 17:36:21.582,0.009359549326137693,-0.5696297943162408,-0.8218363846684187,0.0,-0.9999456160258164,-0.006467885422405951,-0.006904951131011494,0.0,-0.001382304293118915,0.8218721407559171,-0.5696703199958089,0.0,0.4505138158090734,0.23356748030497707,0.12823956450406807,1.0
2025-12-16 17:36:21.632,0.0093595413865377,-0.5696297731088976,-0.8218363994580355,0.0,-0.9999456160890363,-0.006467887317641914,-0.006904940200473265,0.0,-0.0013823123193007494,0.8218721554398415,-0.569670298791609,0.0,0.4504964953351069,0.23356756601404605,0.12824523456082015,1.0
2025-12-16 17:36:21.683,0.00935953479789676,-0.5696297638965884,-0.8218364059182899,0.0,-0.9999456161382112,-0.006467890915794782,-0.006904929708773363,0.0,-0.001382321358346829,0.8218721617965888,-0.5696702895986976,0.0,0.45047277647633815,0.2335599434163102,0.12824902530700624,1.0
2025-12-16 17:36:21.732,0.009359502043127691,-0.5696298172545327,-0.8218363693079546,0.0,-0.999945616371924,-0.006467916029474331,-0.006904872338931538,0.0,-0.0013823740730450837,0.82187212461648,-0.5696703431110974,0.0,0.45038108385305337,0.23353111243308136,0.1282131102306514,1.0
2025-12-16 17:36:21.782,0.00935947609016656,-0.569629974142538,-0.8218362608615523,0.0,-0.9999456165368337,-0.006467948940618891,-0.006904817628385821,0.0,-0.0013824305017563268,0.8218720156181416,-0.5696705002277027,0.0,0.4502844582987557,0.23347531409655853,0.1281383915646744,1.0
2025-12-16 17:36:21.832,0.009359474489935014,-0.5696302894179107,-0.8218360423564716,0.0,-0.9999456164886594,-0.00646798822222174,-0.006904787808528372,0.0,-0.0013824761817681022,0.8218717967909918,-0.569670815821869,0.0,0.45022556127407837,0.23340159628765908,0.12800213906692778,1.0
2025-12-16 17:36:21.882,0.009359446036938827,-0.5696304269822273,-0.8218359473320301,0.0,-0.9999456166825058,-0.0064680162515438604,-0.006904733479400799,0.0,-0.0013825286013366904,0.8218717012242357,-0.5696709535700824,0.0,0.450202708445602,0.23341813030924283,0.12791593368201987,1.0
2025-12-16 17:36:21.932,0.009359387108480655,-0.5696303615421424,-0.8218359933609198,0.0,-0.9999456171475297,-0.006468033574690224,-0.006904649906471996,0.0,-0.0013825911945666385,0.8218717464445898,-0.569670888178173,0.0,0.45016861116207185,0.23348506576270747,0.12790585460019516,1.0
2025-12-16 17:36:21.982,0.009359390262563213,-0.5696302902874035,-0.8218360427130277,0.0,-0.9999456171467368,-0.006468017695020756,-0.006904664896765154,0.0,-0.0013825704159569363,0.8218717959563935,-0.5696708167972601,0.0,0.4501763918989174,0.23349373327834938,0.12793955903956344,1.0
2025-12-16 17:36:22.032,0.009359391189786263,-0.5696303094882179,-0.821836029394016,0.0,-0.9999456171337638,-0.006468020937321259,-0.006904663738274758,0.0,-0.0013825735218445058,0.8218717826227467,-0.569670836026354,0.0,0.45017601458558476,0.2334898075267973,0.12793143071926377,1.0
2025-12-16 17:36:22.082,0.009359396655467285,-0.5696303185760968,-0.8218360230327875,0.0,-0.9999456170904029,-0.006468019492480077,-0.006904671371360418,0.0,-0.001382567882383079,0.8218717763352873,-0.5696708451110429,0.0,0.4501733543929172,0.2334769808464005,0.12793340917730217,1.0
2025-12-16 17:36:22.133,0.009359407296663362,-0.5696303537553912,-0.8218359985281561,0.0,-0.9999456170010512,-0.006468019758086616,-0.006904684062626933,0.0,-0.0013825604697968229,0.8218717519503431,-0.5696708803095177,0.0,0.45017760607440427,0.23345775078757458,0.12792637618449815,1.0
2025-12-16 17:36:22.182,0.00935940581124245,-0.5696304152833175,-0.8218359558988788,0.0,-0.9999456169926035,-0.006468032715319874,-0.0069046731481914245,0.0,-0.0013825766354647782,0.82187170920321,-0.5696709419421369,0.0,0.45016784310273567,0.23344606148297486,0.12789740300217328,1.0
2025-12-16 17:36:22.232,0.009359413430331262,-0.5696304569064244,-0.8218359269623265,0.0,-0.999945616922343,-0.006468036779457692,-0.006904679516297001,0.0,-0.001382575873481311,0.8218716803221415,-0.5696709836110784,0.0,0.45018384214756085,0.23344438429121284,0.12788018528749626,1.0
2025-12-16 17:36:22.282,0.009359426591137858,-0.5696301784789191,-0.8218361197958922,0.0,-0.9999456169331438,-0.006467962288042393,-0.006904747732057158,0.0,-0.0013824789638313228,0.8218718738871552,-0.5696707045874226,0.0,0.45024247229778386,0.23349771616383194,0.12802125827777275,1.0
2025-12-16 17:36:22.332,0.009359434513526914,-0.5696300432626071,-0.8218362134266389,0.0,-0.9999456169522193,-0.006467910240568575,-0.006904793724212252,0.0,-0.0013824115287554976,0.8218719680154616,-0.5696705689508257,0.0,0.4502731389511,0.23352030238822252,0.12810287099287468,1.0
2025-12-16 17:36:22.382,0.00935944796165425,-0.5696301016048952,-0.8218361728353517,0.0,-0.9999456168721707,-0.0064678911478034465,-0.006904823201355438,0.0,-0.0013823783805420944,0.8218719277285661,-0.5696706271537472,0.0,0.45026996912983946,0.23345654243904024,0.128133463240746,1.0
2025-12-16 17:36:22.432,0.009359409245664753,-0.5696301196314808,-0.8218361607817006,0.0,-0.9999456172713085,-0.006467847387889217,-0.006904806389551065,0.0,-0.0013823517906282551,0.8218719155786868,-0.569670644747074,0.0,0.4502063761426905,0.23332487480280806,0.12820563918400368,1.0
2025-12-16 17:36:22.482,0.009359340739985211,-0.5696301289697095,-0.8218361550893666,0.0,-0.9999456180718085,-0.006467713725400811,-0.006904815664665827,0.0,-0.0013822365550635093,0.8218719101582282,-0.5696706528468629,0.0,0.45021174234600086,0.23316691522014021,0.1283711489209006,1.0
2025-12-16 17:36:22.532,0.009359277878501512,-0.5696301108680609,-0.8218361683518448,0.0,-0.9999456187893733,-0.006467600940273222,-0.006904817392451473,0.0,-0.00138214308893449,0.8218719235920883,-0.569670633692419,0.0,0.450219187902163,0.23307625632418702,0.12851826464926938,1.0
2025-12-16 17:36:22.582,0.009359273994548199,-0.5696301191694677,-0.8218361626422149,0.0,-0.9999456189000565,-0.006467554597003048,-0.006904844772057408,0.0,-0.0013820893108283999,0.8218719182030639,-0.5696706415977156,0.0,0.45025487927739716,0.2330734488151433,0.12857918935948776,1.0
2025-12-16 17:36:22.633,0.009359266292412695,-0.5696299672528542,-0.8218362680261733,0.0,-0.9999456191051986,-0.006467469809366629,-0.006904894481047622,0.0,-0.0013819930422267165,0.8218720241639822,-0.5696704889599159,0.0,0.45027749910272713,0.23313179686228702,0.12870849630574754,1.0
2025-12-16 17:36:22.682,0.00935926288816414,-0.5696298442457656,-0.8218363533234236,0.0,-0.9999456192218958,-0.006467416384305403,-0.006904927621604154,0.0,-0.0013819316575459139,0.8218721098408149,-0.5696703655015777,0.0,0.45028200914571953,0.2331846577533628,0.1288332246185054,1.0
2025-12-16 17:36:22.732,0.009359275576145121,-0.5696296504832729,-0.8218364874792324,0.0,-0.9999456191281644,-0.006467407101668857,-0.006904949889884787,0.0,-0.0013819135492723431,0.8218722442109077,-0.569670171687678,0.0,0.4502365196618741,0.23329195909276704,0.12895053342099763,1.0
2025-12-16 17:36:22.782,0.00935931333835771,-0.5696295222539532,-0.8218365759272189,0.0,-0.9999456189076612,-0.006467348468915168,-0.006905036738811945,0.0,-0.0013818173466118265,0.8218723335481793,-0.5696700430327108,0.0,0.45020296611531374,0.23339128659033284,0.12918444598763987,1.0
2025-12-16 17:36:22.832,0.009359355354476483,-0.5696293659682233,-0.8218366837731185,0.0,-0.9999456186788542,-0.006467273273420491,-0.006905140301150101,0.0,-0.0013816983303911476,0.8218724424616688,-0.5696698861900763,0.0,0.4502008420278805,0.23352049918426795,0.12939737802912604,1.0
2025-12-16 17:36:22.882,0.009359377482414322,-0.5696293119883411,-0.8218367209355147,0.0,-0.9999456185775923,-0.0064672224606187505,-0.006905202555291228,0.0,-0.0013816217203842828,0.8218724802750077,-0.5696698318219325,0.0,0.4502270217354159,0.2335836130745063,0.129506540956171,1.0
2025-12-16 17:36:22.932,0.009359381006703157,-0.5696293730625308,-0.8218366785637934,0.0,-0.9999456185653018,-0.0064672126700559395,-0.006905213504643461,0.0,-0.001381606741022459,0.8218724380214913,-0.5696698928181329,0.0,0.45022435542840955,0.2335590140919578,0.12953939154368868,1.0
2025-12-16 17:36:22.983,0.009359381017329672,-0.5696293542735703,-0.821836691586629,0.0,-0.9999456185394708,-0.00646722782495423,-0.006905203051588803,0.0,-0.0013816253645625887,0.8218724509248777,-0.5696698741570301,0.0,0.4501888378125133,0.23355907913994534,0.12955412483698078,1.0
2025-12-16 17:36:23.033,0.009359377905798173,-0.569629309039507,-0.8218367229745813,0.0,-0.9999456184399946,-0.006467302168310066,-0.006905147828151174,0.0,-0.0013817184366866995,0.8218724816916196,-0.5696698295435877,0.0,0.4500235727356587,0.23354094337280387,0.12960128563088155,1.0
2025-12-16 17:36:23.082,0.009359364662557072,-0.5696292435174974,-0.8218367685398393,0.0,-0.999945618370745,-0.006467408989053632,-0.006905057807510097,0.0,-0.001381858254106245,0.8218725262643631,-0.5696697648985763,0.0,0.4497946250274639,0.2335449092105535,0.12964106138535325,1.0
2025-12-16 17:36:23.132,0.009359344996947743,-0.5696291656575153,-0.8218368227298893,0.0,-0.9999456184092308,-0.006467483713835183,-0.00690498224478777,0.0,-0.0013819635985388716,0.8218725796411132,-0.5696696876354529,0.0,0.4496300556550001,0.23358467260644167,0.12969964259734354,1.0
2025-12-16 17:36:23.184,0.00935926495763981,-0.5696289818072222,-0.8218369510711526,0.0,-0.9999456190289416,-0.006467513547973846,-0.0069048645563700144,0.0,-0.001382057257401391,0.8218727068330002,-0.5696695039061986,0.0,0.4495791216093433,0.23370114327338484,0.12969370084040724,1.0
2025-12-16 17:36:23.232,0.009359146540097984,-0.5696287971000334,-0.8218370804433313,0.0,-0.9999456199907552,-0.00646753167266481,-0.006904708290425513,0.0,-0.00138216328066205,0.8218728347108865,-0.5696693191571384,0.0,0.4495443573263279,0.23383269992730824,0.12964836672358512,1.0
2025-12-16 17:36:23.282,0.009359066917118452,-0.5696287201698202,-0.8218371346716707,0.0,-0.999945620626341,-0.006467550865858732,-0.006904598265489899,0.0,-0.0013822426111363495,0.8218728878801446,-0.5696692422563423,0.0,0.4494963172905706,0.23390602570825922,0.12961234080217657,1.0
2025-12-16 17:36:23.332,0.009359074961909087,-0.569628746423714,-0.8218371163830543,0.0,-0.9999456205673781,-0.006467545958149098,-0.006904611401731542,0.0,-0.0013822307952350147,0.8218728697222043,-0.5696692684818249,0.0,0.44950472717158435,0.23389142046965583,0.12960391058777276,1.0
2025-12-16 17:36:23.382,0.009359105146029131,-0.5696287643064148,-0.8218371036445246,0.0,-0.9999456203211607,-0.006467541724148734,-0.006904651025496264,0.0,-0.0013822045383746746,0.8218728573610312,-0.5696692863792361,0.0,0.44951860265520255,0.23386689572423303,0.12963543484065987,1.0
2025-12-16 17:36:23.432,0.009359114685207654,-0.5696287904005723,-0.8218370854496031,0.0,-0.9999456202504453,-0.0064675363373234524,-0.006904666312410895,0.0,-0.0013821911053090077,0.8218728393175719,-0.5696693124434742,0.0,0.4495295820225624,0.23385130333190993,0.12963250068841273,1.0
2025-12-16 17:36:23.482,0.00935910272026793,-0.5696287978219758,-0.8218370804419636,0.0,-0.9999456203343349,-0.00646754629043665,-0.006904644840386154,0.0,-0.001382211432992116,0.8218728340954751,-0.5696693199281725,0.0,0.44949555453106127,0.23384953220813368,0.12961824130382896,1.0
2025-12-16 17:36:23.532,0.009359096647833732,-0.5696288624832743,-0.8218370356933031,0.0,-0.9999456203499972,-0.006467567855661839,-0.006904622371992216,0.0,-0.001382241219434672,0.8218727891090419,-0.5696693847586819,0.0,0.4493988184359035,0.23380969934034912,0.12960567234520717,1.0
