timestamp,ee_pose_cmd
2025-12-16 17:54:58.533,0.008062726388677898,-0.5720600373053757,-0.8201603825243949,0.0,-0.9999567156473419,-0.00585814925192025,-0.005744198841561651,0.0,-0.0015186245659753682,0.8201869874578404,-0.5720935232846637,0.0,0.4659004148994885,0.2567755151556969,0.24555799678527493,1.0
2025-12-16 17:54:58.582,0.00806274179114898,-0.5720600809905232,-0.8201603519026834,0.0,-0.9999567155703909,-0.005858132855979907,-0.005744228958392204,0.0,-0.0015185934591171151,0.8201869571050568,-0.5720935668827728,0.0,0.46591594269182934,0.25675311191336936,0.24554273833178378,1.0
2025-12-16 17:54:58.632,0.008062766082400034,-0.5720601324779029,-0.8201603157515445,0.0,-0.9999567154310308,-0.005858116596878464,-0.005744269799553918,0.0,-0.0015185562521972033,0.8201869213093231,-0.5720936183003994,0.0,0.46593459718159075,0.2567243670748872,0.2455315501938063,1.0
2025-12-16 17:54:58.682,0.008062818895014144,-0.5720602837990554,-0.8201602096861434,0.0,-0.9999567151460108,-0.005858071813957311,-0.005744365085049219,0.0,-0.0015184635216213523,0.8201868160843648,-0.5720937694031686,0.0,0.46594721489091484,0.25663534398169097,0.24548848992406236,1.0
2025-12-16 17:54:58.732,0.008062921033743854,-0.5720606478566818,-0.8201599547523674,0.0,-0.9999567146901265,-0.005857934183216779,-0.005744584792826301,0.0,-0.0015182213668633567,0.820186563141064,-0.5720941326798679,0.0,0.46593783028595626,0.25635374038223285,0.24534247881694948,1.0
2025-12-16 17:54:58.787,0.008062989836605338,-0.5720611835282393,-0.8201595804453993,0.0,-0.9999567146164455,-0.005857717369718351,-0.005744818701189748,0.0,-0.0015179044593229014,0.8201861910639487,-0.5720946669512522,0.0,0.46602126797203214,0.2558690866462922,0.24505137305730643,1.0
2025-12-16 17:54:58.832,0.008063029376868848,-0.5720616811393824,-0.8201592329727561,0.0,-0.9999567147608475,-0.005857493150376203,-0.005745022184008,0.0,-0.001517599259077592,0.8201858455859666,-0.5720951630567431,0.0,0.4662313639430286,0.25551446361007085,0.2447724388643387,1.0
2025-12-16 17:54:58.883,0.008063069878209171,-0.572062219579825,-0.8201588570117081,0.0,-0.9999567148296522,-0.00585730639101475,-0.005745200617867482,0.0,-0.0015173387109056252,0.8201854713618241,-0.572095700254965,0.0,0.46647890202742626,0.255225048124596,0.24457141573225197,1.0
2025-12-16 17:54:58.932,0.008063087055314262,-0.5720626529770594,-0.8201585545473481,0.0,-0.9999567149308575,-0.005857189673531173,-0.005745301995909856,0.0,-0.001517180724848719,0.8201851699038624,-0.572096132859173,0.0,0.4666331918191694,0.25497740294175736,0.24441353551279307,1.0
2025-12-16 17:54:58.982,0.008063069804026298,-0.572062898312972,-0.8201583835944773,0.0,-0.9999567151613328,-0.0058571321262614485,-0.0057453205498527995,0.0,-0.0015171205009588946,0.8201849991946188,-0.572096377755976,0.0,0.4666379715353451,0.25475976905823416,0.2441855700010989,1.0
2025-12-16 17:54:59.032,0.00806298326913993,-0.5720629573284242,-0.8201583432817517,0.0,-0.9999567159189261,-0.005857050685017092,-0.005745271718349687,0.0,-0.001517081064998129,0.8201849586133049,-0.572096436039881,0.0,0.46639872320194403,0.2545691459263452,0.2438749934367818,1.0
2025-12-16 17:54:59.082,0.008062711803040183,-0.5720630776539463,-0.8201582620230589,0.0,-0.999956718110575,-0.005856894719888144,-0.005745049258008584,0.0,-0.0015170792429821168,0.8201848758007538,-0.5720965547687495,0.0,0.46593176306587014,0.2544992413183798,0.2436078823737335,1.0
2025-12-16 17:54:59.132,0.008062213197789367,-0.5720635043502361,-0.8201579693023103,0.0,-0.9999567219130692,-0.005856730114008151,-0.0057445552002386244,0.0,-0.0015172227095134134,0.8201845793579025,-0.5720969793826484,0.0,0.46551780212778315,0.2546329186603377,0.24334978136488464,1.0
2025-12-16 17:54:59.182,0.008061497059103457,-0.5720640503595815,-0.8201575954976974,0.0,-0.9999567272639796,-0.005856552722094217,-0.0057438045694924176,0.0,-0.0015175013085632922,0.8201841997856433,-0.5720975228156144,0.0,0.4652221240700532,0.25493543427644544,0.24308746558435995,1.0
2025-12-16 17:54:59.232,0.00806053130010717,-0.5720652840065885,-0.8201567445134066,0.0,-0.999956734770818,-0.005856159333934272,-0.005742898706042946,0.0,-0.0015176848155135396,0.8201833421295767,-0.5720987519003675,0.0,0.46489972438037247,0.2552207890204701,0.24258358059418356,1.0
2025-12-16 17:54:59.282,0.008059589087813908,-0.5720670346094209,-0.820155532712014,0.0,-0.999956742445845,-0.005855589065453077,-0.005742143763347615,0.0,-0.0015176318334356163,0.8201821251563407,-0.572100496737808,0.0,0.4645434014470202,0.25534371803228867,0.24193572232793065,1.0
2025-12-16 17:54:59.332,0.008058896308216474,-0.5720687535995721,-0.8201543405033799,0.0,-0.9999567485238783,-0.005854937456879272,-0.005741749745303464,0.0,-0.0015173059612004585,0.8201809308078183,-0.5721022098557571,0.0,0.46437871669684183,0.25531678522450957,0.24124762492798665,1.0
2025-12-16 17:54:59.383,0.008058147613774448,-0.5720703144742538,-0.8201532591263484,0.0,-0.9999567549133755,-0.005854327651133393,-0.005741258753369665,0.0,-0.0015170714108780823,0.8201798464417461,-0.5721037650506489,0.0,0.4644053760171349,0.2553954167503282,0.2405652425754111,1.0
2025-12-16 17:54:59.432,0.008057304758220061,-0.572071426665121,-0.8201524916346804,0.0,-0.9999567617252951,-0.005853842326570287,-0.005740567139710735,0.0,-0.001517058144362302,0.8201790741436182,-0.5721048722668807,0.0,0.46442292348640385,0.25560313677864616,0.24003243111554304,1.0
2025-12-16 17:54:59.482,0.00805644760981504,-0.5720721325687727,-0.8201520076737818,0.0,-0.9999567683040592,-0.005853533892006085,-0.005739735628533092,0.0,-0.0015172739843453196,0.8201785839702503,-0.5721055744145579,0.0,0.4643249602163213,0.2558807219554725,0.23967846026474635,1.0
2025-12-16 17:54:59.533,0.008055808104673509,-0.572072676301216,-0.8201516346911425,0.0,-0.9999567730703206,-0.005853380394785849,-0.0057390617659884395,0.0,-0.0015175282924478105,0.820178205806414,-0.5721061158806585,0.0,0.4641033112161206,0.2561003707487627,0.23946253045609595,1.0
2025-12-16 17:54:59.582,0.008055374097749368,-0.572073145731189,-0.8201513115167077,0.0,-0.9999567763879206,-0.005853231963677757,-0.005738635087377894,0.0,-0.0015176460643717142,0.8201778794327509,-0.5721065834611759,0.0,0.4639017095583979,0.25621975469697655,0.23928410128592822,1.0
2025-12-16 17:54:59.632,0.00805490361266526,-0.5720736847816686,-0.8201509401380475,0.0,-0.9999567800712464,-0.005853024193383088,-0.005738205167560835,0.0,-0.0015177163413567015,0.8201775049209108,-0.5721071201783949,0.0,0.46373044921335466,0.2563381482210059,0.23905336527783738,1.0
2025-12-16 17:54:59.682,0.008054371959146813,-0.5720742938270391,-0.8201505205362285,0.0,-0.999956784274626,-0.005852767009784999,-0.005737734978801899,0.0,-0.001517768445233341,0.820177081938675,-0.572107726430527,0.0,0.46356820359409956,0.25646229483781674,0.23879055634113147,1.0
2025-12-16 17:54:59.732,0.008054012559562052,-0.5720748514845976,-0.8201501350861159,0.0,-0.9999567872128179,-0.005852541834626586,-0.005737452596878356,0.0,-0.0015177398552025663,0.8201766945710737,-0.5721082818384993,0.0,0.4633807166893209,0.2564962988342106,0.23857196723532564,1.0
2025-12-16 17:54:59.783,0.008053761700617305,-0.5720756993593115,-0.8201495461354793,0.0,-0.9999567895737314,-0.005852220256111653,-0.005737369142607529,0.0,-0.001517515539071645,0.8201761054594348,-0.5721091269853879,0.0,0.4631844262408808,0.25638552778826884,0.23823929299163657,1.0
2025-12-16 17:54:59.832,0.008053411788133631,-0.572076501367441,-0.820148990149331,0.0,-0.9999567926243705,-0.005851900018659457,-0.005737164087054195,0.0,-0.0015173623459925527,0.820175548329589,-0.5721099260926775,0.0,0.4631266931383073,0.25636999128394694,0.23786989246072993,1.0
2025-12-16 17:54:59.882,0.008053009660664292,-0.5720771176328879,-0.820148564235444,0.0,-0.9999567958628923,-0.005851674274337443,-0.005736829874874456,0.0,-0.0015173623692305977,0.8201751200834435,-0.5721105400248707,0.0,0.46306371689520043,0.2564471786754792,0.23758158686122388,1.0
2025-12-16 17:54:59.933,0.008052731438737786,-0.5720776544011584,-0.8201481925557436,0.0,-0.9999567981759854,-0.005851479651448379,-0.005736625203810201,0.0,-0.0015173145821453043,0.8201747470654253,-0.5721110749082076,0.0,0.4629703854991511,0.2564592309260595,0.23733417237216395,1.0
2025-12-16 17:54:59.982,0.008052737472015275,-0.5720782476125547,-0.8201477787136678,0.0,-0.9999567985228909,-0.0058512734536261286,-0.0057367750548431755,0.0,-0.0015170539133044234,0.820174334759126,-0.5721116666786732,0.0,0.46290275612820597,0.2562564171865613,0.23708400988044454,1.0
2025-12-16 17:55:00.032,0.008052854824816852,-0.5720790231750322,-0.8201472365822369,0.0,-0.9999567984836216,-0.005850856222478417,-0.0057372074267940075,0.0,-0.0015164567385242212,0.8201737967636062,-0.5721124395268213,0.0,0.4628132909555236,0.2558935730238041,0.23673420887710891,1.0
2025-12-16 17:55:00.082,0.008052772856653866,-0.5720798755586682,-0.8201466428214568,0.0,-0.999956800193905,-0.005850247169133852,-0.0057375304125299904,0.0,-0.0015157640741821324,0.8201732065504597,-0.5721132874842257,0.0,0.462633862780516,0.2555902677244921,0.2362859287711669,1.0
2025-12-16 17:55:00.132,0.008052391099209659,-0.5720808363543576,-0.8201459763815782,0.0,-0.9999568037643936,-0.005849766936909321,-0.00573739778038256,0.0,-0.0015154366722293212,0.8201725397965052,-0.5721142441990434,0.0,0.4624456440617263,0.2555249368990856,0.23584034559658812,1.0
2025-12-16 17:55:00.182,0.008051794503256902,-0.5720821926589891,-0.8201450361667556,0.0,-0.99995680860872,-0.005849413287490236,-0.005736914019213909,0.0,-0.0015154100973552233,0.8201715962591268,-0.5721155969050246,0.0,0.46221835643007486,0.2555701272483729,0.23532336089074676,1.0
2025-12-16 17:55:00.232,0.008051083847192617,-0.5720837267849513,-0.8201439730303057,0.0,-0.999956814273798,-0.005849048252133621,-0.005736298732625811,0.0,-0.0015154476921025728,0.8201705287635253,-0.5721171271392352,0.0,0.46197154073689756,0.25566024986728014,0.23477961242576945,1.0
2025-12-16 17:55:00.282,0.008050303873914401,-0.5720855669026643,-0.8201426971267884,0.0,-0.9999568204632021,-0.005848663671715291,-0.005735611875525293,0.0,-0.0015155072051744574,0.8201692479630761,-0.5721189630956074,0.0,0.46173297432783805,0.25573461270932846,0.23412088229597627,1.0
2025-12-16 17:55:00.332,0.008049595495642676,-0.5720875673076974,-0.8201413087057168,0.0,-0.9999568261955752,-0.005848256277817953,-0.005735027862984966,0.0,-0.0015154875965915635,0.8201678555124552,-0.5721209593096943,0.0,0.4615140714886931,0.25570698476360565,0.2333538280449072,1.0
2025-12-16 17:55:00.382,0.008048963117807478,-0.5720898070303833,-0.8201397525945656,0.0,-0.9999568316533624,-0.005847711282183673,-0.0057346319618147455,0.0,-0.001515245164954601,0.8201662971013329,-0.5721231940160948,0.0,0.4613842432659893,0.25553009021498446,0.23242560796654743,1.0
2025-12-16 17:55:00.432,0.008048489606470643,-0.5720922534511346,-0.8201380507313788,0.0,-0.9999568366311881,-0.005846825908026696,-0.005734666734571916,0.0,-0.0015144751465419825,0.8201645969258384,-0.5721256333310958,0.0,0.46136595304704175,0.2551472468608541,0.23129299094363326,1.0
2025-12-16 17:55:00.482,0.00804820926469104,-0.5720951114409074,-0.8201360598670538,0.0,-0.9999568405785533,-0.005845769405554939,-0.005735055485634065,0.0,-0.0015133582168248903,0.8201626108676676,-0.572128483368586,0.0,0.4613348616171995,0.2545366215328149,0.23003278963497154,1.0
2025-12-16 17:55:00.532,0.008048025102041124,-0.5720981368295117,-0.8201339512722093,0.0,-0.9999568442024453,-0.005844523977157007,-0.005735692928960129,0.0,-0.001511942414183342,0.8201605093694224,-0.5721314996580996,0.0,0.4612787912041018,0.253831397595326,0.2287247360339093,1.0
2025-12-16 17:55:00.582,0.008047817235621788,-0.5721009296033767,-0.8201320051588661,0.0,-0.9999568481137943,-0.005843209760012243,-0.005736349992397106,0.0,-0.0015104612549216054,0.8201585706062289,-0.5721342828112514,0.0,0.4611770465929274,0.2531831811015172,0.2274860043555321,1.0
2025-12-16 17:55:00.632,0.008047467505595497,-0.5721036839848079,-0.8201300872050515,0.0,-0.9999568526383938,-0.005842100082204633,-0.0057366914990298855,0.0,-0.001509328768655676,0.8201566571511879,-0.5721370287415917,0.0,0.4610586728917127,0.25269859406827144,0.2263304217885943,1.0
2025-12-16 17:55:00.683,0.008047059546251557,-0.5721061466128561,-0.820128373330454,0.0,-0.9999568568106078,-0.005841400653712946,-0.005736676482139251,0.0,-0.00150873958745189,0.8201549442781335,-0.5721394856859549,0.0,0.46091261982826953,0.2523685345741295,0.22535910067005258,1.0
2025-12-16 17:55:00.732,0.008046678207059878,-0.5721080355444398,-0.820127059385631,0.0,-0.9999568605484747,-0.005840831870581401,-0.0057366040743444735,0.0,-0.0015082960180886624,0.8201536306599713,-0.5721413699064151,0.0,0.4607493788192967,0.252154877981646,0.22459656493651317,1.0
2025-12-16 17:55:00.782,0.00804631194678228,-0.5721097730846837,-0.8201258508950044,0.0,-0.9999568640959408,-0.005840308036063994,-0.0057365190372317375,0.0,-0.0015078980245889677,0.8201524223222572,-0.5721431030804105,0.0,0.46053281392263035,0.2519381181465548,0.22389457268793533,1.0
2025-12-16 17:55:00.832,0.008046017338978691,-0.5721111405221682,-0.8201248998759965,0.0,-0.999956866862678,-0.00583993353474939,-0.005736418019474959,0.0,-0.0015076352764859706,0.8201514710922143,-0.5721444673342125,0.0,0.4602779459872474,0.25174946019094474,0.22336705229596077,1.0
2025-12-16 17:55:00.882,0.00804572308706608,-0.5721123586868105,-0.8201240529816383,0.0,-0.9999568695899207,-0.005839578038624733,-0.005736304512973554,0.0,-0.0015073967257345417,0.8201506238535567,-0.5721456824513604,0.0,0.46002022308714463,0.25160179670445443,0.222907335680444,1.0
2025-12-16 17:55:00.932,0.008045527805225827,-0.5721132270563473,-0.8201234491286762,0.0,-0.9999568714324114,-0.005839324780173218,-0.005736241140671164,0.0,-0.0015072167677288074,0.8201500198960211,-0.5721465486762735,0.0,0.4598052365015015,0.2514640376677191,0.22257122970654802,1.0
2025-12-16 17:55:00.982,0.008045441479179053,-0.5721140521314074,-0.8201228744074845,0.0,-0.9999568724674448,-0.005839095877771018,-0.005736293721990337,0.0,-0.0015069908639585565,0.820149445965274,-0.5721473719780508,0.0,0.4596485568408194,0.25125994923881995,0.22224030910333806,1.0
2025-12-16 17:55:01.032,0.008045385456372471,-0.5721149391398348,-0.8201222561832412,0.0,-0.999956873447339,-0.005838782015195313,-0.005736442382691977,0.0,-0.0015066397024940564,0.8201488294341254,-0.5721482566736009,0.0,0.4594644255880208,0.2509563448345816,0.2218400948415272,1.0
2025-12-16 17:55:01.082,0.008045290291350463,-0.5721160912426039,-0.8201214534120058,0.0,-0.9999568751417139,-0.005838229971476997,-0.005736708884661146,0.0,-0.0015060231814851964,0.8201480296698831,-0.5721494047211667,0.0,0.4592238525673657,0.2505543173722971,0.22127904093303266,1.0
2025-12-16 17:55:01.132,0.008045169592644575,-0.5721174255163869,-0.8201205238060657,0.0,-0.9999568774250226,-0.00583745543108727,-0.005737099066341431,0.0,-0.0015051516369032913,0.8201471044054706,-0.5721507333333343,0.0,0.45898027134741,0.2501048406733906,0.22059907602621612,1.0
2025-12-16 17:55:01.182,0.00804496628935299,-0.5721189013795915,-0.8201194962338235,0.0,-0.9999568805253262,-0.00583655109626111,-0.0057374787640122465,0.0,-0.0015041782577457834,0.8201460812887454,-0.5721522024728067,0.0,0.4587398930273373,0.2496984021006868,0.21985700297124233,1.0
2025-12-16 17:55:01.232,0.008044674591499944,-0.5721206205055308,-0.8201182998228314,0.0,-0.9999568841291456,-0.005835710621346046,-0.0057377055939252615,0.0,-0.0015033423323603243,0.8201448880130884,-0.5721539151555552,0.0,0.4585273546063748,0.2493600874426882,0.21907011833470633,1.0
2025-12-16 17:55:01.282,0.008044357653006977,-0.5721225976443435,-0.8201169236614055,0.0,-0.99995688754822,-0.005835068744404636,-0.005737762528463964,0.0,-0.001502763958425748,0.8201435133280726,-0.5721558871901704,0.0,0.45838014157360685,0.24908215831047,0.21827068852368456,1.0
2025-12-16 17:55:01.332,0.008044013957044837,-0.572124544450047,-0.8201155689160482,0.0,-0.9999568909458054,-0.005834540350626264,-0.005737707739475119,0.0,-0.0015023428771385938,0.8201421589886903,-0.572157829637286,0.0,0.4582882870963399,0.2489171353176132,0.2175501531309599,1.0
2025-12-16 17:55:01.382,0.00804351035215913,-0.5721269727778783,-0.8201138798133123,0.0,-0.9999568956552063,-0.005833909731103579,-0.0057375282187287265,0.0,-0.0015019046093649483,0.8201404694549713,-0.5721602525907613,0.0,0.45816613888964747,0.24880170823039868,0.21670973381383501,1.0
2025-12-16 17:55:01.432,0.008042810399986508,-0.5721299018811193,-0.8201118432723544,0.0,-0.9999569017702253,-0.005833264871436739,-0.0057371181127932255,0.0,-0.0015015816931576388,0.8201384306631441,-0.5721631758526705,0.0,0.45797563488555537,0.2487243643154138,0.21573757823625547,1.0
2025-12-16 17:55:01.482,0.008041895892846313,-0.5721333831952525,-0.8201094235802996,0.0,-0.9999569095078352,-0.0058325570110223,-0.00573648912319598,0.0,-0.0015013269437878067,0.8201360070694944,-0.5721666504835055,0.0,0.4577449205174831,0.2486695583737431,0.2146257738836579,1.0
2025-12-16 17:55:01.532,0.008040842552690153,-0.5721372149293038,-0.8201067607605675,0.0,-0.9999569183722715,-0.0058317659623328254,-0.005735748111542931,0.0,-0.0015010646429542223,0.8201333395820992,-0.5721704746933828,0.0,0.4575255448270587,0.24862315534477142,0.21339596544306225,1.0
2025-12-16 17:55:01.582,0.008039764997186642,-0.5721408326133498,-0.8201042474810755,0.0,-0.999956927269664,-0.005831047290590662,-0.005734927559705147,0.0,-0.001500909318444769,0.8201308208815489,-0.572174085319647,0.0,0.45741186920529864,0.24868406806015309,0.21227823981458432,1.0
2025-12-16 17:55:01.632,0.00803860831900282,-0.5721443570512526,-0.8201018000052864,0.0,-0.9999569368217509,-0.005830271857594798,-0.005734050342960002,0.0,-0.0015007407920719941,0.8201283676125624,-0.572177602160578,0.0,0.4573715223068913,0.2488127450513668,0.2111772293222616,1.0
2025-12-16 17:55:01.682,0.008037380578152509,-0.5721478630397906,-0.8200993660731919,0.0,-0.9999569469900031,-0.005829430294454027,-0.0057331326587018,0.0,-0.0015005413799211917,0.820125927661576,-0.5721810999611981,0.0,0.4572887052425884,0.2489228053662333,0.21006804886687613,1.0
2025-12-16 17:55:01.732,0.00803611719551185,-0.5721515530042767,-0.8200968041130404,0.0,-0.999956957528476,-0.005828522968737221,-0.005732216988659767,0.0,-0.0015002850922786674,0.8201233598032808,-0.5721847812111225,0.0,0.457111694592015,0.2489883059833305,0.20891041441830885,1.0
2025-12-16 17:55:01.782,0.008034840006936123,-0.5721553348126603,-0.8200941781848496,0.0,-0.9999569680365895,-0.0058276847156127414,-0.005731236091388706,0.0,-0.0015001218848065588,0.8201207273526018,-0.5721885547623007,0.0,0.45682372449055275,0.24903735175594352,0.20775476045087204,1.0
2025-12-16 17:55:01.832,0.008033717545447397,-0.5721591489817028,-0.8200915281358183,0.0,-0.9999569769170147,-0.005827144585120684,-0.00573023578723812,0.0,-0.001500213959756858,0.8201180701799574,-0.5721923630409421,0.0,0.45647842132148925,0.24905172196014552,0.20660581080561766,1.0
2025-12-16 17:55:01.882,0.008032794358990042,-0.5721628080162247,-0.8200889843419329,0.0,-0.9999569838793518,-0.005826890135504516,-0.005729279489318787,0.0,-0.0015005166621750866,0.8201155191843146,-0.572196018548529,0.0,0.4561545780824319,0.24900376643906486,0.2054594434427368,1.0
2025-12-16 17:55:01.932,0.008031989058413748,-0.572166415916219,-0.820086475044286,0.0,-0.9999569899637365,-0.005826664590557724,-0.005728446876890465,0.0,-0.0015007728015458386,0.8201130036345713,-0.5721996233400367,0.0,0.4558946744032585,0.2488810504425884,0.2042949905994124,1.0
2025-12-16 17:55:01.982,0.008031340553909354,-0.5721696738367003,-0.8200842083662624,0.0,-0.9999569950233255,-0.005826397782881846,-0.005727835019015298,0.0,-0.0015008722152221358,0.8201107325306385,-0.5722028781565619,0.0,0.4557331966660883,0.24869134231285192,0.20314354210789784,1.0
2025-12-16 17:55:02.033,0.008030876753976896,-0.5721729980062354,-0.8200818936376582,0.0,-0.9999569990174024,-0.00582600855135758,-0.005727533647048492,0.0,-0.0015006929201219917,0.8201084160555993,-0.5722061987042218,0.0,0.4556727500191024,0.2484097967729348,0.20198109372528888,1.0
2025-12-16 17:55:02.083,0.008030673288122138,-0.5721760531520858,-0.82007976403948,0.0,-0.9999570010076835,-0.005825718771774887,-0.005727480922732459,0.0,-0.0015004555352632854,0.8201062865514163,-0.5722092514037439,0.0,0.4556923373467128,0.2480101011350398,0.20090278339717066,1.0
2025-12-16 17:55:02.132,0.008030632220738807,-0.5721786817932756,-0.8200779304118928,0.0,-0.9999570019809144,-0.005825361905912332,-0.005727673979481997,0.0,-0.0015000266685408403,0.8201044550806915,-0.5722118774342206,0.0,0.45570139864810116,0.24749388272022407,0.1999212586570521,1.0
2025-12-16 17:55:02.182,0.008030663611721571,-0.5721806893482312,-0.8200765294045101,0.0,-0.9999570027373947,-0.005824842349687727,-0.005728070290697287,0.0,-0.0014993541581077429,0.8201030580894647,-0.5722138813847637,0.0,0.455706925819948,0.24697129061446177,0.19906745313937727,1.0
2025-12-16 17:55:02.232,0.008030815507175253,-0.572182267650842,-0.8200754267074694,0.0,-0.9999570031919897,-0.005824024063642764,-0.005728822934027817,0.0,-0.001498236967488426,0.8201019627059569,-0.5722154542231679,0.0,0.45564637996791213,0.24630819937260903,0.198262151733687,1.0
2025-12-16 17:55:02.282,0.008030891100913469,-0.5721836096830442,-0.8200744896040939,0.0,-0.9999570042803435,-0.005823148288629377,-0.0057295231823780695,0.0,-0.0014971049283399502,0.8201010325741789,-0.572216790253134,0.0,0.4554354169515264,0.24566626679586204,0.19752702321803844,1.0
2025-12-16 17:55:02.333,0.008030768635341122,-0.5721849221897759,-0.8200735750376389,0.0,-0.9999570070749132,-0.00582209491286196,-0.005730105916647416,0.0,-0.0014958947819530906,0.8201001242994463,-0.5722180951550151,0.0,0.4550143674023254,0.24504535246488884,0.1967467985176661,1.0
2025-12-16 17:55:02.383,0.008030480833661202,-0.572186401150052,-0.8200725459480642,0.0,-0.9999570113342808,-0.005820872105867297,-0.005730604902473699,0.0,-0.0014945919874644995,0.8200991010853679,-0.5722195650218214,0.0,0.45445476356983205,0.24449876757109207,0.19593884805648817,1.0
2025-12-16 17:55:02.432,0.008030136199841267,-0.5721882840489503,-0.8200712355709948,0.0,-0.9999570157573823,-0.00581977933742347,-0.005730942964512396,0.0,-0.0014934839653388766,0.8200977951064679,-0.572221439625566,0.0,0.45393729633299706,0.24406483305549304,0.1951000965077526,1.0
2025-12-16 17:55:02.482,0.008029765358569545,-0.5721907368673314,-0.8200695277918298,0.0,-0.9999570197129101,-0.005819047349283636,-0.005730996076578481,0.0,-0.0014928292854736915,0.8200960889128762,-0.5722238866130357,0.0,0.4535736590069311,0.243769905154827,0.19421669641983752,1.0
2025-12-16 17:55:02.532,0.008029407049379106,-0.5721933755765952,-0.8200676901755763,0.0,-0.9999570231966086,-0.005818527514506284,-0.005730916030497698,0.0,-0.001492422964174487,0.8200942515009053,-0.572226520993973,0.0,0.45335324077210964,0.24354433166576844,0.19332141788997653,1.0
2025-12-16 17:55:02.582,0.0080291001910996,-0.5721960137919169,-0.8200658523874593,0.0,-0.999957026332031,-0.005818001315132513,-0.0057309031668329015,0.0,-0.0014919729852996089,0.820092414465792,-0.5722291549303294,0.0,0.4531640550705581,0.24327353440123306,0.19243110045870607,1.0
2025-12-16 17:55:02.632,0.00802868556422742,-0.5721990508253699,-0.8200637373667152,0.0,-0.999957030318102,-0.005817424113993654,-0.00573079360023611,0.0,-0.0014915326188626433,0.820090299508189,-0.5722321871260091,0.0,0.4528970738747712,0.24300079749668207,0.1914645356460665,1.0
2025-12-16 17:55:02.682,0.008027818765791925,-0.5722026350481683,-0.8200612449512564,0.0,-0.9999570372306389,-0.005816978763440154,-0.005730039458559394,0.0,-0.0014915638867109005,0.8200878017988876,-0.5722357666013548,0.0,0.45248334145041286,0.2429697206763237,0.19042444286022417,1.0
2025-12-16 17:55:02.732,0.008026870894616818,-0.572206143493577,-0.8200588061798113,0.0,-0.9999570439501538,-0.005816949912336241,-0.005728896001498646,0.0,-0.0014921602419334277,0.8200853539857669,-0.5722392730631584,0.0,0.4520446015061428,0.24306773514998983,0.18945735157198332,1.0
2025-12-16 17:55:02.782,0.008026122110989267,-0.5722087117229181,-0.8200570214890341,0.0,-0.9999570491459443,-0.00581698694981474,-0.005727951411230151,0.0,-0.0014927060334909079,0.8200835617268903,-0.5722418401463099,0.0,0.4516432715179494,0.24317391206216266,0.18874662793476613,1.0
2025-12-16 17:55:02.833,0.008025410166660737,-0.5722111145246491,-0.8200553518557901,0.0,-0.9999570540755631,-0.005817027240733537,-0.005727049834786959,0.0,-0.0014932315010864423,0.820081884862131,-0.5722442418938425,0.0,0.45115190464101795,0.24323651475729863,0.1880848802857937,1.0
2025-12-16 17:55:02.883,0.008024675180402745,-0.5722136157254145,-0.8200536137765049,0.0,-0.9999570592481085,-0.005817022746670032,-0.005726151189753186,0.0,-0.0014937176070405427,0.8200801396450152,-0.5722467416836227,0.0,0.45072329967568137,0.24330906833280613,0.18739758146806135,1.0
2025-12-16 17:55:02.933,0.008023887339126647,-0.5722166384206124,-0.8200515123135811,0.0,-0.9999570648590262,-0.0058169833927639025,-0.0057252112570233505,0.0,-0.001494193656455416,0.8200780307797568,-0.5722497626191847,0.0,0.4503820673117792,0.24336381133166624,0.18654574487992287,1.0
2025-12-16 17:55:02.983,0.00802303656273372,-0.572220021513284,-0.8200491599683875,0.0,-0.999957071055322,-0.00581686593956171,-0.005724248274757198,0.0,-0.0014946153324340058,0.8200756709744784,-0.5722531432860519,0.0,0.4501256632145799,0.24343143284314955,0.1856224522203112,1.0
2025-12-16 17:55:03.032,0.008022070479432156,-0.5722238564907242,-0.8200464934071202,0.0,-0.9999570782864833,-0.005816624908245204,-0.005723229913666522,0.0,-0.0014949629493590673,0.8200729967066196,-0.5722569747573242,0.0,0.4499162653976611,0.24351424725228327,0.18460956934229555,1.0
2025-12-16 17:55:03.083,0.008021009543349222,-0.572228452005556,-0.8200432970413446,0.0,-0.9999570862671355,-0.0058163405438504895,-0.005722124433031108,0.0,-0.0014953174592925937,0.8200697920217654,-0.572261566278109,0.0,0.44972402601085004,0.2435556112203045,0.18337015013572425,1.0
2025-12-16 17:55:03.132,0.008020082424244934,-0.5722325951161441,-0.8200404150197474,0.0,-0.99995709313898,-0.005816148398265421,-0.005721118776871434,0.0,-0.001495694898434771,0.8200669023328652,-0.5722657062894383,0.0,0.44964438573442705,0.2435882583123125,0.18218561983790052,1.0
2025-12-16 17:55:03.182,0.00801887909524198,-0.5722370491214317,-0.8200373187191303,0.0,-0.9999571022281399,-0.005815798532292951,-0.005719885675591257,0.0,-0.0014960701383060165,0.820063796786281,-0.5722701555861623,0.0,0.44968319454516537,0.24373121844292392,0.1808823838023304,1.0
2025-12-16 17:55:03.232,0.008017350373334719,-0.5722416901814363,-0.820034095030501,0.0,-0.9999571140011816,-0.005815221800474144,-0.0057184136827853485,0.0,-0.001496394245785948,0.8200605622823657,-0.5722747897587236,0.0,0.44983920133650224,0.24400370315101638,0.17939270108592234,1.0
2025-12-16 17:55:03.282,0.008016003658323985,-0.5722458212541596,-0.8200312254077345,0.0,-0.9999571241661522,-0.0058148259897989165,-0.0057170385056611395,0.0,-0.0014968163054860928,0.8200576823383129,-0.5722789155463115,0.0,0.45003278468760766,0.24425971430584373,0.1779766190933798,1.0
2025-12-16 17:55:03.332,0.008014767683190937,-0.5722492790956453,-0.8200288244779614,0.0,-0.9999571334761345,-0.005814469905657741,-0.005715772136557034,0.0,-0.0014972152631126249,0.820055271883755,-0.5722823685927397,0.0,0.45032402772101376,0.24457545993463292,0.17672467153599913,1.0
2025-12-16 17:55:03.382,0.008013837542892435,-0.5722516966153625,-0.8200271465200915,0.0,-0.9999571404937503,-0.005814193822172688,-0.005714825191422597,0.0,-0.0014975071893130792,0.8200535868148718,-0.5722847824503824,0.0,0.4506620244053594,0.24485140616785586,0.1757255511422417,1.0
2025-12-16 17:55:03.432,0.008013439149808472,-0.5722535370096489,-0.8200258661006659,0.0,-0.9999571436975104,-0.00581397259186073,-0.005714489673294719,0.0,-0.0014974998138899257,0.8200523040873928,-0.572286620545392,0.0,0.4510054448135293,0.244941097931759,0.17499280376652757,1.0
2025-12-16 17:55:03.482,0.008013501296572417,-0.572255012473794,-0.8200248358414495,0.0,-0.9999571436197985,-0.005813788246798175,-0.005714690819594434,0.0,-0.001497219112554187,0.8200512757558288,-0.5722880948142874,0.0,0.45136548972399837,0.24485998100905684,0.17449364299772516,1.0
2025-12-16 17:55:03.533,0.008013728629882226,-0.5722560898015012,-0.820024081804767,0.0,-0.999957142301402,-0.005813650087619956,-0.005715062054014517,0.0,-0.0014968828306646403,0.8200505249300003,-0.5722891715765923,0.0,0.45169263445026087,0.24472164316651457,0.1741939448906998,1.0
2025-12-16 17:55:03.582,0.008013980990311963,-0.5722569769107537,-0.820023460266144,0.0,-0.999957140748069,-0.005813543665305944,-0.00571544208322299,0.0,-0.0014965693981772085,0.8200499066201434,-0.5722900583902628,0.0,0.45201004406784456,0.24456380009985998,0.17399507704457645,1.0
2025-12-16 17:55:03.632,0.008014173625271577,-0.5722579303157258,-0.8200227930448484,0.0,-0.9999571395730109,-0.0058134584583364474,-0.005715734329310799,0.0,-0.0014963229535829242,0.820049241894177,-0.5722910115373158,0.0,0.452311750779711,0.24438895146790762,0.17374557745896838,1.0
2025-12-16 17:55:03.682,0.008014344646287662,-0.5722590930037699,-0.8200219799832205,0.0,-0.9999571384452832,-0.005813431294616494,-0.005715959246866733,0.0,-0.0014961605921770457,0.8200484307070954,-0.5722921743290855,0.0,0.45258994208099534,0.2441368708701665,0.1733660375762293,1.0
2025-12-16 17:55:03.732,0.008014531746964672,-0.5722604568177396,-0.8200210264041021,0.0,-0.9999571371668204,-0.005813426687893834,-0.005716187583496056,0.0,-0.0014960128046266935,0.8200474790016302,-0.5722935384300256,0.0,0.4528861921494252,0.24380149189155792,0.17291979547617972,1.0
2025-12-16 17:55:03.782,0.008014742243576142,-0.5722620513091099,-0.8200199116115822,0.0,-0.9999571356870267,-0.005813444619997299,-0.0057164282078615795,0.0,-0.0014958742112709165,0.8200463661537878,-0.572295133404358,0.0,0.45322619832591754,0.2434054933273541,0.1724126676241127,1.0
2025-12-16 17:55:03.832,0.00801499633939157,-0.5722638276848204,-0.8200186694572301,0.0,-0.9999571339315849,-0.005813448270288244,-0.005716731561624474,0.0,-0.0014956862268530725,0.8200451264732167,-0.572296910239988,0.0,0.4536543402108788,0.24304529850445977,0.17182364697335117,1.0
2025-12-16 17:55:03.882,0.008015254944997264,-0.5722656267831959,-0.8200174113955209,0.0,-0.9999571321218909,-0.005813464533410618,-0.005717031562845426,0.0,-0.0014955102804830357,0.8200438708402453,-0.5722987098940098,0.0,0.4541109272512921,0.2427052416666527,0.17128461265710498,1.0
2025-12-16 17:55:03.932,0.008015515780905307,-0.5722674899519535,-0.8200161085930358,0.0,-0.9999571302454703,-0.005813509255904071,-0.005717314280650748,0.0,-0.001495366935088824,0.8200425702872098,-0.5723005738198033,0.0,0.454517717614647,0.2423233084987407,0.1707716960381646,1.0
2025-12-16 17:55:03.982,0.008015702623647309,-0.5722688555657306,-0.8200151537393359,0.0,-0.9999571288816558,-0.005813552277661635,-0.0057175090623908815,0.0,-0.0014952773856405186,0.820041616967293,-0.5723019400519341,0.0,0.4548060154661465,0.24204405224749737,0.1703676081407346,1.0
2025-12-16 17:55:04.032,0.00801583370518178,-0.5722698165326116,-0.8200144818214801,0.0,-0.9999571278715448,-0.00581361170537765,-0.005717625297161451,0.0,-0.0014952501984874193,0.8200409459181957,-0.5723029016564872,0.0,0.4549751503682022,0.2418386956014438,0.16999352335649673,1.0
2025-12-16 17:55:04.082,0.008015909424456433,-0.5722706782308911,-0.82001387972062,0.0,-0.9999571272313252,-0.005813679278792738,-0.005717668556941614,0.0,-0.00149527242650141,0.8200403440862738,-0.5723037639499118,0.0,0.45506131272785205,0.2415484701134555,0.16967090774470728,1.0
2025-12-16 17:55:04.133,0.008015990540339413,-0.57227144493873,-0.8200133438576493,0.0,-0.9999571265260679,-0.005813761217772904,-0.005717708583005825,0.0,-0.0014953092133765235,0.8200398084422864,-0.5723045313644601,0.0,0.4551651256846842,0.24131123596245463,0.16924558662406086,1.0
2025-12-16 17:55:04.182,0.008016096543598967,-0.5722721881961049,-0.820012824115973,0.0,-0.9999571257805454,-0.005813769902133093,-0.005717830134192139,0.0,-0.001495239501574686,0.8200392896820293,-0.5723052748635342,0.0,0.4552973851891989,0.2411588323705873,0.16884553308898845,1.0
2025-12-16 17:55:04.233,0.008016229454823269,-0.572273006472126,-0.8200122517559663,0.0,-0.999957124906079,-0.0058137469134502675,-0.005718006436079018,0.0,-0.0014951117489699745,0.8200387187917375,-0.5723060932082271,0.0,0.45544826599587457,0.241007243842387,0.16851868431121989,1.0
2025-12-16 17:55:04.282,0.008016362329943821,-0.5722738135950396,-0.8200116871786604,0.0,-0.9999571240158229,-0.005813732627703548,-0.005718176645231211,0.0,-0.0014949947285535154,0.8200381556220139,-0.5723069004605896,0.0,0.45560301706109985,0.24083263881771977,0.16824549501394498,1.0
2025-12-16 17:55:04.332,0.008016488331596815,-0.5722746670014731,-0.8200110903667039,0.0,-0.9999571231422962,-0.005813735764499012,-0.005718326210694341,0.0,-0.0014949033568417778,0.8200375600273672,-0.5723077541046566,0.0,0.45577964201403853,0.24062466658486348,0.16795676999421097,1.0
2025-12-16 17:55:04.383,0.008016613776169768,-0.5722755329294099,-0.8200104848202444,0.0,-0.999957122239122,-0.005813757370837367,-0.005718462179213261,0.0,-0.0014948347893435807,0.8200369555619614,-0.5723086203977907,0.0,0.4559937353304614,0.2404451229702012,0.16764802249211969,1.0
2025-12-16 17:55:04.432,0.008016767031082126,-0.5722765180441004,-0.8200097958213048,0.0,-0.9999571211184334,-0.00581379272802173,-0.0057186221993348225,0.0,-0.001494762566418824,0.8200362678195744,-0.5723096060223114,0.0,0.45626538111423026,0.24029933670882853,0.1673567652333923,1.0
2025-12-16 17:55:04.482,0.00801698121217502,-0.5722779320466888,-0.8200088069074729,0.0,-0.9999571195542443,-0.0058138412633810775,-0.0057188463654159185,0.0,-0.0014946602430829443,0.8200352806684476,-0.5723110207306672,0.0,0.4566330518166216,0.24008893168090706,0.16701659189214169,1.0
2025-12-16 17:55:04.532,0.008017260996584574,-0.5722797107191331,-0.8200075628471644,0.0,-0.9999571175075286,-0.005813906017865917,-0.00571913840174144,0.0,-0.0014945288085323933,0.8200340389006301,-0.5723128003355861,0.0,0.45712169748763093,0.23986314626433045,0.16660946831270992,1.0
2025-12-16 17:55:04.582,0.008017588698109443,-0.572281828661568,-0.8200060815362579,0.0,-0.9999571150074158,-0.005814038486054263,-0.005719440858759495,0.0,-0.0014944436159483772,0.8200325598738086,-0.572314919764536,0.0,0.45766173484974393,0.2395690844955431,0.16606695520703907,1.0
2025-12-16 17:55:04.632,0.008017925504977682,-0.5722841439097879,-0.8200044624276419,0.0,-0.9999571123669971,-0.005814214409264846,-0.0057197236531270745,0.0,-0.0014944033787737947,0.820030942832111,-0.5723172368157546,0.0,0.45822632978407474,0.2392131360560828,0.16545843134311108,1.0
2025-12-16 17:55:04.682,0.008018276605271978,-0.5722865297257695,-0.820002793919585,0.0,-0.9999571094637648,-0.005814480266031043,-0.005719960954111981,0.0,-0.0014944622317690148,0.8200292758938017,-0.5723196250870006,0.0,0.45874535117098925,0.23881121894459809,0.16473908238020354,1.0
2025-12-16 17:55:04.732,0.00801860622276728,-0.5722886083701856,-0.8200013399898616,0.0,-0.9999571066453307,-0.005814779609924939,-0.005720149368245287,0.0,-0.0014945795255487412,0.8200278230835655,-0.5723217063862513,0.0,0.45921309403280236,0.23847878462811364,0.16400435056540133,1.0
2025-12-16 17:55:04.782,0.008018884216187464,-0.5722904433146527,-0.8200000566389333,0.0,-0.9999571041993646,-0.005815070418159348,-0.005720281327102234,0.0,-0.0014947245137568955,0.8200265404056231,-0.5723235438360132,0.0,0.45961758572084305,0.23815813129629504,0.1633274761191411,1.0
2025-12-16 17:55:04.832,0.008019126027090727,-0.5722919767423188,-0.8199989840696994,0.0,-0.9999571020878861,-0.005815314046712678,-0.005720402760594288,0.0,-0.0014948397870259988,0.8200254684873667,-0.572325079378919,0.0,0.4599673868623726,0.2379053022634406,0.16275130576786676,1.0
2025-12-16 17:55:04.882,0.008019340352202937,-0.572293349230586,-0.8199980240878404,0.0,-0.9999571002011367,-0.0058155384225074816,-0.005720504470650218,0.0,-0.001494952135127185,0.8200245090227589,-0.5723264538007107,0.0,0.4602800525535999,0.23768375405915118,0.16226064811971128,1.0
2025-12-16 17:55:04.932,0.008019545845819823,-0.5722942254506357,-0.8199974105456018,0.0,-0.9999570984697231,-0.005815707896984959,-0.005720634831709523,0.0,-0.001495007919453191,0.8200238962962533,-0.5723273315633568,0.0,0.46054962789190435,0.23765859040700524,0.16181593178509093,1.0
2025-12-16 17:55:04.982,0.008019641743197607,-0.5722948144045914,-0.8199969985634907,0.0,-0.9999570975931485,-0.005815825847735555,-0.005720668143107104,0.0,-0.0014950798110007703,0.8200234844208377,-0.5723279215053785,0.0,0.4607299053796221,0.2377393340765732,0.16142910302964658,1.0
2025-12-16 17:55:05.032,0.008019487325367697,-0.5722953325561261,-0.8199966384435485,0.0,-0.9999570984929588,-0.005815926785312919,-0.0057204082354003465,0.0,-0.0014953062692343972,0.8200231220795111,-0.5723284400710247,0.0,0.46085662397483484,0.2379590274576627,0.16097473158361106,1.0
2025-12-16 17:55:05.082,0.00801916591205251,-0.5722958611521078,-0.8199962726668033,0.0,-0.9999571006883504,-0.005815956108599146,-0.005719994641569649,0.0,-0.0014955618660628407,0.8200227529562716,-0.5723289682767441,0.0,0.46097072716245724,0.23821213952992037,0.160502178264903,1.0
2025-12-16 17:55:05.132,0.008018755986027522,-0.5722966283098396,-0.8199957412565227,0.0,-0.9999571035609689,-0.005815954196363033,-0.005719494379056808,0.0,-0.0014958391231278015,0.8200222175577574,-0.5723297346608649,0.0,0.46112219207406774,0.23847546652284446,0.1599546104997073,1.0
2025-12-16 17:55:05.182,0.00801846602568438,-0.5722980095324416,-0.8199947800986349,0.0,-0.9999571055600371,-0.005815976629115415,-0.005719122052436549,0.0,-0.0014960571139032452,0.8200212534178477,-0.5723311154883456,0.0,0.46127155899325784,0.23860432043199142,0.15932424903207085,1.0
2025-12-16 17:55:05.232,0.008018360851009893,-0.572299360546674,-0.8199938382136412,0.0,-0.9999571063004566,-0.005815982281768686,-0.005718986844166868,0.0,-0.0014961259253787023,0.8200203104765851,-0.572332466328008,0.0,0.46148848491788724,0.23864051888997664,0.15878040700939894,1.0
2025-12-16 17:55:05.282,0.00801853028821765,-0.5723007698488518,-0.8199928529588759,0.0,-0.9999571051148428,-0.005815994229740253,-0.005719181993163251,0.0,-0.0014960102464770817,0.8200193268067648,-0.5723338759995975,0.0,0.46178483758296085,0.23853989614640123,0.15833339431146612,1.0
2025-12-16 17:55:05.332,0.008018836333476718,-0.5723021239887343,-0.8199919048643399,0.0,-0.9999571029465373,-0.005816022133554939,-0.005719532718560944,0.0,-0.0014958191441251255,0.8200183815194425,-0.5723352308702674,0.0,0.4621435347710911,0.23842774579123194,0.1579914023265064,1.0
2025-12-16 17:55:05.382,0.008019204014987812,-0.5723036237752007,-0.8199908545111633,0.0,-0.999957100303055,-0.005816075780603626,-0.005719940316860459,0.0,-0.0014956151733485756,0.8200173343951117,-0.5723367316770686,0.0,0.4625309615972436,0.23825656266488354,0.15764658670896392,1.0
2025-12-16 17:55:05.432,0.008019572755982356,-0.5723053271705165,-0.8199896620362161,0.0,-0.9999570974809155,-0.005816224663736816,-0.0057202822842718475,0.0,-0.001495524865624201,0.8200161444858958,-0.5723384367556166,0.0,0.462950886871326,0.23808258329753015,0.15722508833793164,1.0
2025-12-16 17:55:05.482,0.008019958496277303,-0.5723073329355799,-0.8199882583519653,0.0,-0.9999570942895661,-0.005816512995707278,-0.005720546979696713,0.0,-0.001495590170894005,0.8200147425473953,-0.5723404452028265,0.0,0.46333236111901344,0.23782312230450825,0.15669377440757531,1.0
2025-12-16 17:55:05.532,0.008020331311932935,-0.5723093401948831,-0.8199868537437371,0.0,-0.9999570909935901,-0.005816908050697283,-0.005720721420836851,0.0,-0.0014957946278918494,0.8200133388015347,-0.5723424558653594,0.0,0.4636294853262472,0.23757432447256055,0.15614690843024337,1.0
2025-12-16 17:55:05.582,0.008020682600160516,-0.572311329962211,-0.8199854615471672,0.0,-0.9999570878101687,-0.005817323516110711,-0.005720855401422878,0.0,-0.0014960391484067283,0.8200119471117866,-0.5723444491395044,0.0,0.46382026072235527,0.2373282584529261,0.1555838672633027,1.0
2025-12-16 17:55:05.633,0.008020982548127427,-0.5723132243615925,-0.8199841364081434,0.0,-0.9999570851356451,-0.005817655626573996,-0.005720985163723422,0.0,-0.0014962186661467197,0.820010622567839,-0.5723463463722019,0.0,0.46391456970454176,0.23710540435961866,0.15504847157603058,1.0
2025-12-16 17:55:05.682,0.008021299437401843,-0.5723151493060149,-0.8199827897775526,0.0,-0.9999570825090403,-0.005817896847400465,-0.00572119895560409,0.0,-0.0014962752610189122,0.8200092773431757,-0.5723482735463313,0.0,0.4640244567370401,0.23690600738475304,0.15455374711734965,1.0
2025-12-16 17:55:05.732,0.008021645876993265,-0.5723171350307904,-0.8199814004285588,0.0,-0.9999570796989233,-0.005818126010054653,-0.0057214570644684385,0.0,-0.0014962960065911838,0.8200078897753584,-0.5723502614696914,0.0,0.4641326497060599,0.2366901937890762,0.15408947240509185,1.0
2025-12-16 17:55:05.782,0.008022008537098453,-0.5723189933873504,-0.8199800998123852,0.0,-0.9999570767965464,-0.005818342751822244,-0.0057217439069092504,0.0,-0.001496291365404853,0.8200065911861113,-0.5723521219699318,0.0,0.4642506585489883,0.23647137774365562,0.15368593857212373,1.0
2025-12-16 17:55:05.832,0.008022373662911749,-0.5723206257721359,-0.8199789568871945,0.0,-0.9999570738697555,-0.005818561795981754,-0.0057220326520284505,0.0,-0.001496289732169306,0.8200054502936838,-0.5723537565227387,0.0,0.46442796284625865,0.2363178196590311,0.15335484677925323,1.0
2025-12-16 17:55:05.882,0.008022710686518351,-0.5723219097960046,-0.8199780573783075,0.0,-0.999957071192628,-0.005818748991002126,-0.0057223101322552115,0.0,-0.001496271838546095,0.8200045527655465,-0.5723550424468726,0.0,0.4646090196080069,0.2361730647032444,0.15313230612730888,1.0
2025-12-16 17:55:05.932,0.008022978723117271,-0.572322933829885,-0.8199773400076187,0.0,-0.9999570690413715,-0.005818909968286653,-0.005722522361610841,0.0,-0.0014962723385142796,0.8200038368843893,-0.5723560680764805,0.0,0.4647621738303009,0.23598563117012097,0.15298758332550808,1.0
2025-12-16 17:55:05.982,0.00802314754312129,-0.5723236889570277,-0.8199768112961054,0.0,-0.99995706760043,-0.0058190592341091875,-0.00572262236977538,0.0,-0.0014963300993414367,0.8200033087723245,-0.5723568245410143,0.0,0.46487356363505467,0.2358644232318145,0.15286699629070769,1.0
2025-12-16 17:55:06.032,0.008023258339512654,-0.5723242671752697,-0.8199764066295543,0.0,-0.9999570665102074,-0.0058192369660444694,-0.005722632142807193,0.0,-0.0014964645808775918,0.8200029039338528,-0.5723574041923515,0.0,0.4649044094627203,0.23581971233168728,0.15272484748499615,1.0
2025-12-16 17:55:06.082,0.008023336786685438,-0.5723247941986032,-0.8199760380118081,0.0,-0.999957065677409,-0.005819396978084154,-0.005722614948226028,0.0,-0.0014966004693827547,0.8200025349529203,-0.5723579324669309,0.0,0.46489903987850617,0.23576645536332844,0.15258818327567533,1.0
2025-12-16 17:55:06.132,0.008023471096976462,-0.5723255160282181,-0.819975532876316,0.0,-0.999957064423765,-0.005819575306741854,-0.00572265265972662,0.0,-0.001496718043191465,0.8200020298726169,-0.5723586557744077,0.0,0.46493184347650174,0.23570491302059485,0.15243405317006714,1.0
2025-12-16 17:55:06.182,0.008023781207260355,-0.5723266893997583,-0.8199747108521452,0.0,-0.9999570618349376,-0.005819816065994287,-0.005722860176962755,0.0,-0.0014967851947007781,0.820001209184893,-0.5723598313730569,0.0,0.46511322940398825,0.23564289363872803,0.15225739523236262,1.0
2025-12-16 17:55:06.233,0.008024267942717617,-0.5723284449537138,-0.8199734807431613,0.0,-0.9999570578255063,-0.005820163725082508,-0.005723207175917082,0.0,-0.0014968544640973339,0.8199999813873932,-0.5723615902132045,0.0,0.465441443358542,0.23555860841666554,0.15202411515588327,1.0
2025-12-16 17:55:06.282,0.008024882894280883,-0.5723307094951163,-0.8199718941064736,0.0,-0.9999570526354434,-0.005820671280415632,-0.005723597792538613,0.0,-0.0014970248916733842,0.8199983971867806,-0.5723638593828095,0.0,0.4658519444624995,0.23548997696980653,0.15169968144216978,1.0
2025-12-16 17:55:06.332,0.008025674529164748,-0.5723337604021462,-0.8199697568529579,0.0,-0.9999570456407177,-0.00582149696367639,-0.005723980066143704,0.0,-0.0014974532447182816,0.819996261847482,-0.5723669174488822,0.0,0.4663063902594825,0.23537887447036668,0.15122284550793208,1.0
2025-12-16 17:55:06.382,0.008026551582049768,-0.5723373897547654,-0.8199672149907037,0.0,-0.9999570374743413,-0.005822641170359138,-0.00572424287994577,0.0,-0.001498205481217308,0.8199937204790432,-0.5723705563315368,0.0,0.46672730886873176,0.23517232535696625,0.15064389936708875,1.0
2025-12-16 17:55:06.432,0.008027387814524398,-0.5723408686053549,-0.819964778554635,0.0,-0.9999570295027893,-0.0058238329165519916,-0.005724423056171639,0.0,-0.0014990454647963725,0.8199912837974869,-0.5723740449730788,0.0,0.46707923044597827,0.2349793056410035,0.15008710234004147,1.0
2025-12-16 17:55:06.482,0.00802812235278357,-0.5723440787717965,-0.819962530636346,0.0,-0.999957022176946,-0.005825057153170057,-0.005724457125857469,0.0,-0.0014999983438633193,0.8199890344038904,-0.5723772649768193,0.0,0.4673161416111887,0.23478451100423675,0.1495372699071794,1.0
2025-12-16 17:55:06.532,0.008028758035101582,-0.5723468275306302,-0.8199606057374009,0.0,-0.9999570159118455,-0.005826074910240924,-0.005724515789639708,0.0,-0.0015007723556417505,0.819987108523392,-0.5723800219589985,0.0,0.46750233882336895,0.23463702299181696,0.14909276206060637,1.0
2025-12-16 17:55:06.582,0.00802926159444051,-0.5723490379230043,-0.819959057909642,0.0,-0.9999570109433422,-0.005826884014939056,-0.005724560170097004,0.0,-0.00150138872793638,0.8199855598973558,-0.5723822388856136,0.0,0.46763546754195523,0.23450845715948646,0.14875391738276836,1.0
2025-12-16 17:55:06.633,0.008029541666812643,-0.5723503849998424,-0.8199581148768279,0.0,-0.9999570080459157,-0.005827407874234534,-0.005724533040888089,0.0,-0.0015018205999795193,0.8199846158965944,-0.5723835901105131,0.0,0.4676766913306888,0.23443243131855782,0.14853283235756795,1.0
2025-12-16 17:55:06.682,0.008029610198545157,-0.572350918133962,-0.8199577420650888,0.0,-0.9999570071351557,-0.005827647615674105,-0.0057244480762939295,0.0,-0.0015020605875429292,0.8199842420569805,-0.5723841250351295,0.0,0.46764641420731584,0.2343971486836577,0.14842206450136086,1.0
2025-12-16 17:55:06.732,0.008029608105326685,-0.5723509589039802,-0.8199577136270978,0.0,-0.9999570071082874,-0.005827670545293154,-0.005724429426630723,0.0,-0.0015020896644610492,0.8199842134358982,-0.5723841659607221,0.0,0.46763705874334827,0.23439122726292583,0.1484103397699284,1.0
2025-12-16 17:55:06.782,0.008029619021719003,-0.5723510147847024,-0.8199576745140543,0.0,-0.9999570069753636,-0.0058277018941422605,-0.005724420731737518,0.0,-0.0015021197984783935,0.8199841742074626,-0.5723842220793797,0.0,0.46762969789886905,0.23441515057107395,0.14839714909085616,1.0
2025-12-16 17:55:06.832,0.008029655771897175,-0.5723514236671553,-0.8199573887438137,0.0,-0.9999570063802984,-0.0058278895187758644,-0.005724333665771504,0.0,-0.0015023194728580186,0.8199838874673233,-0.572384632332296,0.0,0.46759091013687865,0.23442472119225877,0.14831029432682938,1.0
2025-12-16 17:55:06.882,0.008029790190905706,-0.5723528993621725,-0.8199563573522758,0.0,-0.999957004301841,-0.005828521944322943,-0.005724052833490973,0.0,-0.0015029843239698123,0.8199828529104009,-0.5723861126643813,0.0,0.4674936970725221,0.23441995186916917,0.14802894358736274,1.0
2025-12-16 17:55:06.932,0.008029970345749529,-0.5723554047672292,-0.8199546067381999,0.0,-0.9999570010557148,-0.005829623887136242,-0.005723497724597542,0.0,-0.001504181065108666,0.8199810962498044,-0.5723886260507736,0.0,0.46733827300198877,0.2343626196499808,0.14757999952059236,1.0
2025-12-16 17:55:06.982,0.008030188321619025,-0.5723583964696711,-0.8199525162882265,0.0,-0.9999569971227337,-0.005830958747739713,-0.005722825052017673,0.0,-0.0015056313156011358,0.8199789984703681,-0.5723916274211857,0.0,0.46717364923951615,0.2342335569973107,0.14706228225976764,1.0
2025-12-16 17:55:07.036,0.008030394700064985,-0.5723616607540176,-0.8199502356613312,0.0,-0.9999569931761412,-0.00583234577458001,-0.0057221011966414785,0.0,-0.0015071509657394924,0.819976710029701,-0.5723949017110777,0.0,0.4669892541968565,0.23424178347962163,0.1465208539443123,1.0
2025-12-16 17:55:07.082,0.008030564045337073,-0.5723643164261867,-0.8199483802193318,0.0,-0.9999569899325843,-0.005833485591771927,-0.005721506097572401,0.0,-0.0015084001769185833,0.819974848162132,-0.5723975656048818,0.0,0.4668450666990362,0.23435482771329116,0.1461143306219039,1.0
2025-12-16 17:55:07.132,0.008030666740430544,-0.5723659467385068,-0.8199472411728973,0.0,-0.9999569879059992,-0.005834208909975873,-0.005721122753823711,0.0,-0.001509196715475142,0.8199737049900501,-0.5723992011264205,0.0,0.4667435067399193,0.23446291863046173,0.14586943142779127,1.0
2025-12-16 17:55:07.182,0.008030654286970331,-0.572366613785584,-0.8199467756608081,0.0,-0.9999569873452235,-0.005834565401928014,-0.005720857212246852,0.0,-0.001509634483310381,0.8199732368254435,-0.5723998706269349,0.0,0.4666445323342492,0.23455141406599425,0.14575818174695152,1.0
2025-12-16 17:55:07.232,0.008030709143694609,-0.5723673949056457,-0.8199462298594843,0.0,-0.9999569862344797,-0.005834966219435855,-0.005720642558570561,0.0,-0.0015100783482360422,0.8199726887162991,-0.5724006546316536,0.0,0.466592830605961,0.23460245835388302,0.14563104574477143,1.0
2025-12-16 17:55:07.282,0.008030838855258404,-0.5723688492720664,-0.8199452133596852,0.0,-0.9999569840081594,-0.005835693683039142,-0.005720289656275902,0.0,-0.0015108625827623345,0.8199716683230491,-0.5724021142883484,0.0,0.4665302366207295,0.23462795964139957,0.14539718477682798,1.0
2025-12-16 17:55:07.333,0.008030992744801131,-0.5723707936012398,-0.8199438545955622,0.0,-0.9999569811927509,-0.005836652253837105,-0.005719803803984045,0.0,-0.0015119076133221587,0.8199703042610519,-0.5724040655563224,0.0,0.4664331013196455,0.23468046919513666,0.1450921919533463,1.0
2025-12-16 17:55:07.382,0.008031169954590594,-0.5723732751797692,-0.8199421205611729,0.0,-0.9999569778196095,-0.0058378280624060445,-0.005719193526639164,0.0,-0.001513196724457358,0.8199685636143292,-0.5724065556227731,0.0,0.46630184163868443,0.2347808414667947,0.1447200378534968,1.0
2025-12-16 17:55:07.433,0.008031371343225064,-0.5723760833146807,-0.8199401583194357,0.0,-0.9999569740763237,-0.005839114325905975,-0.005718534884029029,0.0,-0.0015146008863702685,0.8199665942118016,-0.5724093730546816,0.0,0.4661593604827933,0.23491316891576441,0.14431828749805875,1.0
2025-12-16 17:55:07.483,0.00803157511424539,-0.5723788438639643,-0.8199382292583656,0.0,-0.9999569703468664,-0.005840382699278537,-0.005717891731257142,0.0,-0.0015159819775121951,0.8199646581382732,-0.5724121427807316,0.0,0.4660305857046446,0.23500350204415146,0.1439244350953189,1.0
2025-12-16 17:55:07.533,0.00803170266806849,-0.5723806430609766,-0.8199369720305109,0.0,-0.999956967732866,-0.005841327689133882,-0.005717383538698232,0.0,-0.0015170300790899945,0.8199633954445775,-0.5724139487737334,0.0,0.46594386426363904,0.23493185339448674,0.1436357001511956,1.0
2025-12-16 17:55:07.585,0.008031780527236163,-0.572381487608482,-0.8199363817064539,0.0,-0.9999569662673802,-0.005841832151703341,-0.0057171244220601885,0.0,-0.0015175837536524405,0.8199628022968813,-0.572414796968943,0.0,0.4659352574187684,0.23475854109258878,0.1434762765406898,1.0
2025-12-16 17:55:07.633,0.008031794337287243,-0.5723817345826402,-0.8199362091633103,0.0,-0.9999569658896437,-0.005841985931674946,-0.005717033353078955,0.0,-0.0015177595530753494,0.8199626287956091,-0.5724150450368447,0.0,0.46593798840377965,0.23466776812092444,0.1434238737532453,1.0
2025-12-16 17:55:07.682,0.008031825636522364,-0.5723818051454806,-0.8199361595981445,0.0,-0.9999569656454674,-0.0058420004381864845,-0.00571706123793573,0.0,-0.0015177547936433835,0.819962579434322,-0.5724151157576115,0.0,0.46594422516447853,0.23469983843835543,0.1434213585833687,1.0
2025-12-16 17:55:07.732,0.00803186791051393,-0.5723820164244545,-0.819936011694176,0.0,-0.9999569651897806,-0.005842088850302366,-0.005717050595997138,0.0,-0.0015178313066985167,0.8199624313164411,-0.5724153277278266,0.0,0.46594203770420817,0.23473224720768746,0.1433960729812813,1.0
2025-12-16 17:55:07.782,0.008031909322821832,-0.5723824707591696,-0.8199356941257444,0.0,-0.999956964512377,-0.005842301962155732,-0.005716951301486989,0.0,-0.0015180584308064089,0.8199621126393453,-0.5724157836176623,0.0,0.4659110423880144,0.23478723591357487,0.1433342135110611,1.0
2025-12-16 17:55:07.832,0.008031985669280903,-0.5723831778390572,-0.819935199777567,0.0,-0.9999569633364144,-0.0058426545093661336,-0.005716796700032693,0.0,-0.0015184290646087046,0.8199616165333896,-0.5724164932853755,0.0,0.4658856650305411,0.23480505363148402,0.143231693724449,1.0
2025-12-16 17:55:07.882,0.008032056651951345,-0.5723840926167754,-0.8199345604902984,0.0,-0.9999569619130783,-0.005843162157171769,-0.0057165268109333105,0.0,-0.0015189908288990724,0.8199609743322558,-0.5724174117188954,0.0,0.4658395372649615,0.23476256330500297,0.14308577485979676,1.0
2025-12-16 17:55:07.932,0.008032197575063255,-0.5723856175744944,-0.8199334945574477,0.0,-0.9999569594301001,-0.00584398253386725,-0.005716122519777763,0.0,-0.0015198799649110894,0.8199599039470399,-0.5724189426321016,0.0,0.4657744610032639,0.23474047449510835,0.14285495527854442,1.0
2025-12-16 17:55:07.982,0.00803239994223053,-0.5723878562820377,-0.8199319297558972,0.0,-0.9999569557782567,-0.005845206673940383,-0.005715509673588861,0.0,-0.0015212125464165935,0.8199583324224495,-0.5724211902117043,0.0,0.46568189679425276,0.23467577397272055,0.14251089486265764,1.0
2025-12-16 17:55:08.032,0.008032681698564982,-0.572391186023979,-0.8199296025196311,0.0,-0.999956950509409,-0.005847010152729319,-0.005714586722196852,0.0,-0.0015231869649696447,0.8199559951178792,-0.5724245329925317,0.0,0.46554378456038276,0.23452764365348439,0.14199561991597082,1.0
2025-12-16 17:55:08.082,0.008033042913770957,-0.5723952048300861,-0.8199267934457792,0.0,-0.9999569439549395,-0.00584920972692068,-0.005713482569939017,0.0,-0.0015255831218752586,0.8199531739309479,-0.5724285677328682,0.0,0.4653871289533122,0.2343394300905692,0.14138168469927062,1.0
2025-12-16 17:55:08.132,0.008033360826467,-0.5723990418534992,-0.8199241116714618,0.0,-0.9999569377843064,-0.005851360788605709,-0.005712359859335423,0.0,-0.001527951904269683,0.8199504799580285,-0.5724324202729759,0.0,0.465207333915347,0.23416791272983511,0.14080064481486496,1.0
2025-12-16 17:55:08.182,0.008033734740657262,-0.5724031733426964,-0.8199212237492919,0.0,-0.9999569308870014,-0.005853691165747304,-0.005711179562315949,0.0,-0.0015304977858954876,0.8199475791028606,-0.57243656862563,0.0,0.4650283945651532,0.23400491891196265,0.14019357530215718,1.0
2025-12-16 17:55:08.232,0.008034168995588955,-0.5724075137234476,-0.8199181893717812,0.0,-0.9999569234435415,-0.005856086799370469,-0.005710026789215863,0.0,-0.0015330793641628374,0.8199445319128759,-0.5724409264315735,0.0,0.4648601630802804,0.23386296829569783,0.13957018955424255,1.0
2025-12-16 17:55:08.282,0.008034645794748576,-0.5724123029735706,-0.8199148411711149,0.0,-0.9999569152193245,-0.005858740573601863,-0.00570874462139384,0.0,-0.0015359422626956244,0.8199411694693151,-0.5724457349746417,0.0,0.46467135769124196,0.23368503070299976,0.138876196367862,1.0
2025-12-16 17:55:08.335,0.008035226741046784,-0.5724177977676884,-0.8199109993354267,0.0,-0.999956905649645,-0.0058617253452310355,-0.0057073567237507054,0.0,-0.0015391301517791015,0.8199373120430006,-0.5724512515473041,0.0,0.4644735924996822,0.23349398704754892,0.1380998001124415,1.0
2025-12-16 17:55:08.385,0.00803602603256076,-0.5724259414397412,-0.8199053059674868,0.0,-0.999956892729906,-0.005865695811648392,-0.005705540798658629,0.0,-0.0015433452702457715,0.8199315981864612,-0.572459424222165,0.0,0.46414918720429515,0.23334453603110758,0.13697299972369942,1.0
2025-12-16 17:55:08.433,0.008035666738737566,-0.5724349617968308,-0.8198990117532362,0.0,-0.9999568924402485,-0.005867239597337588,-0.005704004028493982,0.0,-0.0015454023732211692,0.8199252894856464,-0.5724684544963015,0.0,0.4637245042268601,0.23372194716267983,0.13553285751496671,1.0
2025-12-16 17:55:08.483,0.008028403936894647,-0.5724451073013835,-0.8198919994475748,0.0,-0.9999569441703582,-0.00586665293471091,-0.005695532462493045,0.0,-0.0015496719490619847,0.8199182103188708,-0.5724785820485779,0.0,0.46309120531156667,0.2356662215823974,0.13284131243784505,1.0
2025-12-16 17:55:08.532,0.008017863873776383,-0.5724551852220341,-0.819885066135807,0.0,-0.9999570193847774,-0.0058656277847296545,-0.0056833700399802674,0.0,-0.001555695927256231,0.8199111812895512,-0.5724886327313012,0.0,0.46212405601356865,0.23778415710414227,0.129634411394346,1.0
2025-12-16 17:55:08.585,0.008011544178430773,-0.5724621580632291,-0.8198802593346639,0.0,-0.9999570640953397,-0.005865185781905297,-0.005675954790226082,0.0,-0.0015595107370465625,0.8199063159338738,-0.5724955903917549,0.0,0.4613040902816031,0.23908954100187266,0.12689817920665372,1.0
2025-12-16 17:55:08.633,0.008008693392187228,-0.5724670630951428,-0.8198768623412788,0.0,-0.9999570830983958,-0.005865601193868522,-0.005672176406905157,0.0,-0.0015619666062529995,0.8199028881596646,-0.5725004927925926,0.0,0.4605558925744046,0.23960966431556838,0.12509960695480823,1.0
2025-12-16 17:55:08.682,0.008007975205083392,-0.5724695546627849,-0.819875129649946,0.0,-0.9999570873705735,-0.005865983648933966,-0.005671027631526977,0.0,-0.0015629135329223499,0.8199011457387506,-0.5725029855970821,0.0,0.46007835873033875,0.23956869043762358,0.1242631359304924,1.0
2025-12-16 17:55:08.732,0.008008125441955144,-0.5724699297930976,-0.8198748662514298,0.0,-0.9999570863253356,-0.005865989413446059,-0.005671205970054588,0.0,-0.0015628124912454861,0.8199008837696842,-0.5725033610476084,0.0,0.460026136668716,0.2393184815142015,0.12419497892311794,1.0
2025-12-16 17:55:08.782,0.008008191775419952,-0.5724698211396982,-0.819874941469721,0.0,-0.9999570863949645,-0.005865711370845417,-0.005671481271741875,0.0,-0.0015624279791991425,0.8199009616241927,-0.5725032505990985,0.0,0.46013340400661656,0.23900663903198802,0.12460838247399174,1.0
2025-12-16 17:55:08.832,0.008007991401049255,-0.5724699998948339,-0.8198748186127792,0.0,-0.9999570888947126,-0.005865128105948784,-0.005671643740637473,0.0,-0.0015618550209482445,0.8199008409843112,-0.572503424934832,0.0,0.4602631162459919,0.23866755783501478,0.12530638705011055,1.0
2025-12-16 17:55:08.882,0.008007634769075747,-0.5724705535088149,-0.8198744355399334,0.0,-0.999957092809402,-0.00586437184977463,-0.005671735553115548,0.0,-0.0015611770261781334,0.8199004598426303,-0.5725039726291306,0.0,0.4604252687408992,0.23837526587403324,0.1261418959441484,1.0
2025-12-16 17:55:08.933,0.008007254159948593,-0.5724711752452025,-0.8198740051345712,0.0,-0.9999570972184935,-0.005863443134216997,-0.005671918386631901,0.0,-0.0015603048623430084,0.8199000323676847,-0.5725045872062564,0.0,0.46061315321780183,0.23820942421023072,0.12707334459873415,1.0
2025-12-16 17:55:08.982,0.008006603540065679,-0.5724719591856826,-0.8198734641071554,0.0,-0.9999571036028774,-0.00586245863381762,-0.005671810479850161,0.0,-0.001559551836968829,0.8198994920332345,-0.572505363085545,0.0,0.46074421861668685,0.23789011745056213,0.1279972537809459,1.0
2025-12-16 17:55:09.032,0.008005996627505244,-0.5724726738870676,-0.8198729709972148,0.0,-0.9999571091717674,-0.005861743009564455,-0.0056715682963657645,0.0,-0.0015590968061649328,0.8198989981195066,-0.5725060716706666,0.0,0.46084620149301897,0.2375461506763233,0.1286331731572023,1.0
2025-12-16 17:55:09.082,0.008005690711808214,-0.572473156829254,-0.8198726367719462,0.0,-0.9999571117659378,-0.005861494972035138,-0.005671367262357764,0.0,-0.0015590038335826799,0.8198986626845665,-0.5725065523075753,0.0,0.4608783046836475,0.23728254481822525,0.1288432351531855,1.0
2025-12-16 17:55:09.132,0.008005676065064117,-0.5724732357377559,-0.8198725818173781,0.0,-0.9999571117187166,-0.005861573632968396,-0.005671294289278118,0.0,-0.0015591093330563986,0.8198986070253024,-0.5725066317310711,0.0,0.46085107851499474,0.23722552578866932,0.12876632199984092,1.0
2025-12-16 17:55:09.182,0.00800569973541175,-0.5724732603461444,-0.8198725644035236,0.0,-0.9999571113756252,-0.0058616681199919335,-0.005671257124730057,0.0,-0.001559207836347192,0.8198985891672732,-0.5725066570376609,0.0,0.4608282181078989,0.2372240354771056,0.128669744321196,1.0
2025-12-16 17:55:09.233,0.008005696070771699,-0.5724732477726331,-0.8198725732187192,0.0,-0.9999571114207895,-0.005861657613371751,-0.00567126002072401,0.0,-0.0015591976871623594,0.8198985980216913,-0.572506644384707,0.0,0.46082682302301314,0.23722544578867066,0.12868268807993186,1.0
2025-12-16 17:55:09.283,0.008005694474903183,-0.5724732128300042,-0.8198725976328733,0.0,-0.9999571115377391,-0.005861601677698592,-0.005671297213299511,0.0,-0.001559130875273346,0.8198986228198615,-0.5725066090526887,0.0,0.460848354761169,0.2372470152878446,0.12873980782237732,1.0
2025-12-16 17:55:09.332,0.008005668893067953,-0.5724731525504417,-0.8198726399726618,0.0,-0.9999571118868243,-0.005861510741489826,-0.005671329649810406,0.0,-0.0015590383383928018,0.819898665559456,-0.5725065480964239,0.0,0.4608506654205003,0.23725847388764107,0.1288368412890855,1.0
2025-12-16 17:55:09.382,0.008005647631023925,-0.5724730303026961,-0.8198727255393148,0.0,-0.9999571120153816,-0.005861519634841578,-0.005671297791174209,0.0,-0.0015590650633909007,0.819898750853849,-0.5725064258717332,0.0,0.46078205900627395,0.23726473050867147,0.12885691498431637,1.0
2025-12-16 17:55:09.432,0.00800562441981048,-0.5724727240344003,-0.8198729396165545,0.0,-0.9999571120765,-0.005861569809354721,-0.005671235156874771,0.0,-0.0015591450498411935,0.8198989643430625,-0.5725061199112957,0.0,0.4606339109296085,0.2373394041536942,0.12887682099872272,1.0
2025-12-16 17:55:09.482,0.00800556777933583,-0.5724723897363877,-0.8198731735916526,0.0,-0.9999571124233239,-0.005861591143163462,-0.005671151954125733,0.0,-0.001559213440795991,0.819899197609662,-0.5725057856585193,0.0,0.46047671052861466,0.23743566592987309,0.1289403367271858,1.0
2025-12-16 17:55:09.535,0.008005503243325815,-0.5724721716690618,-0.8198733264861939,0.0,-0.9999571128596247,-0.005861594944837594,-0.005671071094111487,0.0,-0.001559264981685722,0.81989934984497,-0.5725055674982665,0.0,0.4603268493666618,0.23745344229290538,0.12901252764479898,1.0
2025-12-16 17:55:09.582,0.008005466896096138,-0.572472093076277,-0.8198733817180859,0.0,-0.9999571131015325,-0.005861599399323722,-0.005671023835170005,0.0,-0.0015592964582837807,0.8198994046894251,-0.5725054888684312,0.0,0.46023109400197965,0.23742841594904743,0.1290506465305375,1.0
2025-12-16 17:55:09.632,0.008005455481953107,-0.5724720271638204,-0.8198734278525442,0.0,-0.9999571131989173,-0.005861589250796243,-0.005671017153159315,0.0,-0.0015592926071787043,0.8198994507844131,-0.5725054228651317,0.0,0.46020850820187753,0.23744046346656028,0.12907999150173344,1.0
2025-12-16 17:55:09.682,0.008005454799001591,-0.5724720135237125,-0.8198734373833415,0.0,-0.9999571132097715,-0.0058615859329291375,-0.0056710186685812215,0.0,-0.0015592891525632944,0.8198994603321431,-0.5725054092009955,0.0,0.4602090048685591,0.2374459256312866,0.12908555416625067,1.0
2025-12-16 17:55:09.732,0.008005444715665212,-0.5724719901562209,-0.8198734537980168,0.0,-0.9999571132667342,-0.005861592492807306,-0.005671001844140982,0.0,-0.0015593043913808922,0.81989947660126,-0.5725053858600766,0.0,0.4601843303688687,0.23744924518859037,0.12908952338530874,1.0
2025-12-16 17:55:09.782,0.008005441135645457,-0.5724719832200674,-0.8198734586761025,0.0,-0.9999571132893864,-0.005861593554526507,-0.005670996752506402,0.0,-0.0015593082446770262,0.8198994814367387,-0.5725053789245698,0.0,0.4601743509056353,0.23744690937471383,0.1290928995025379,1.0
2025-12-16 17:55:09.832,0.008005437654346003,-0.5724719661157606,-0.8198734706530798,0.0,-0.9999571133217984,-0.005861589055181617,-0.005670995687946214,0.0,-0.0015593053323610206,0.8198994934117416,-0.572505361782796,0.0,0.46016543985839403,0.2374454321933971,0.1291040084594079,1.0
2025-12-16 17:55:09.883,0.008005427430990093,-0.5724719365317358,-0.8198734914097784,0.0,-0.9999571134030582,-0.005861583305464448,-0.005670987302485301,0.0,-0.0015593057082065721,0.8198995141094655,-0.5725053321400343,0.0,0.4601375937441111,0.2374351053612059,0.1291249481323162,1.0
2025-12-16 17:55:09.932,0.008005420599840132,-0.5724719220941029,-0.8198735015574727,0.0,-0.9999571134684738,-0.00586157365397294,-0.00567098574365262,0.0,-0.0015592988288171692,0.8198995242593343,-0.5725053176228844,0.0,0.4601165163904116,0.23741473329066878,0.12914669725140032,1.0
2025-12-16 17:55:09.982,0.008005417126413493,-0.572471898722384,-0.8198735179105547,0.0,-0.9999571135108968,-0.005861563818695477,-0.005670988429114294,0.0,-0.0015592894559972176,0.8198995406486126,-0.5725052941769069,0.0,0.46010978762009325,0.23741290510760985,0.1291643038028074,1.0
2025-12-16 17:55:10.032,0.008005412182771173,-0.5724718906614011,-0.8198735235873598,0.0,-0.9999571135508444,-0.005861560737904232,-0.005670984569510147,0.0,-0.0015592892186371738,0.8198995462991019,-0.5725052860853423,0.0,0.46009762536348064,0.23740425727476364,0.1291728339746539,1.0
2025-12-16 17:55:10.082,0.008005403502352654,-0.572471823097604,-0.819873570848139,0.0,-0.9999571136695465,-0.005861529425606359,-0.005670996003378434,0.0,-0.0015592576605117441,0.8198995936983937,-0.5725052182895428,0.0,0.46008534560575487,0.23740451587947714,0.129224051507454,1.0
2025-12-16 17:55:10.132,0.008005397905140014,-0.5724717002254028,-0.819873656697558,0.0,-0.9999571138521614,-0.005861452907645688,-0.005671042891363793,0.0,-0.001559169281722059,0.8198996800391293,-0.5725050948794118,0.0,0.46009494992947814,0.23742593457890362,0.12932828050056847,1.0
