timestamp,ee_pose_cmd
2025-12-16 18:17:00.032,0.009472946995415336,-0.5645246781722897,-0.8253501668448993,0.0,-0.9999440343678646,-0.006762910120385419,-0.006851137134128037,0.0,-0.0017141660134668713,0.8253847672744743,-0.5645680185647609,0.0,0.3597886557538598,0.28857181298586637,0.20268318878983307,1.0
2025-12-16 18:17:00.082,0.009472911145762045,-0.5645246494966151,-0.8253501868700079,0.0,-0.9999440346452272,-0.0067629196185272486,-0.006851087276238387,0.0,-0.0017142023313558984,0.8253847868098491,-0.5645679898942443,0.0,0.3597792059473296,0.28858827897789807,0.20268037660610058,1.0
2025-12-16 18:17:00.132,0.009472896536101694,-0.5645246293821563,-0.8253502007956159,0.0,-0.9999440347645685,-0.0067629203810911365,-0.0068510691050774905,0.0,-0.0017142134510038192,0.8253848005612155,-0.5645679697563144,0.0,0.3597814834456918,0.2885978834890079,0.2026820839198217,1.0
2025-12-16 18:17:00.182,0.009472853845528173,-0.5645246012638414,-0.8253502205180117,0.0,-0.9999440351026798,-0.006762927973549088,-0.006851012261246597,0.0,-0.0017142521339478139,0.8253848197309872,-0.5645679416131126,0.0,0.35977494924675546,0.28861751558514165,0.20267698530851072,1.0
2025-12-16 18:17:00.232,0.009472879053522336,-0.5645246477758378,-0.8253501884153247,0.0,-0.9999440349150901,-0.006762917932568349,-0.006851049552770231,0.0,-0.0017142222583005878,0.8253847880006172,-0.5645679880928648,0.0,0.3597813012864869,0.2886021051383693,0.20267110183577214,1.0
2025-12-16 18:17:00.282,0.00947288723504437,-0.5645246902285216,-0.8253501592845498,0.0,-0.9999440348619161,-0.006762911188153706,-0.006851063971403614,0.0,-0.0017142080639946894,0.825384759019666,-0.5645680305054133,0.0,0.3597831662895654,0.2885929597474575,0.2026606274504305,1.0
2025-12-16 18:17:00.332,0.009472857645059608,-0.5645246894628999,-0.8253501601478376,0.0,-0.9999440350930503,-0.006762918156516118,-0.006851023357504267,0.0,-0.0017142367545186325,0.8253847594862281,-0.5645680297361965,0.0,0.35977271113438747,0.2886024636400161,0.20265090004697908,1.0
2025-12-16 18:17:00.383,0.00947286800134998,-0.5645246891192324,-0.825350160264037,0.0,-0.9999440350133146,-0.006762915154272008,-0.006851037958972975,0.0,-0.0017142260366604589,0.825384759745885,-0.5645680293891275,0.0,0.35977727270471044,0.28859947020659343,0.20265453294627606,1.0
2025-12-16 18:17:00.432,0.00947292210229083,-0.5645247684769951,-0.8253501053638068,0.0,-0.999944034586738,-0.00676290497694139,-0.006851110266058936,0.0,-0.0017141759017247381,0.8253847055512161,-0.5645681087726353,0.0,0.3597781237715137,0.288564841456929,0.20264743941180657,1.0
2025-12-16 18:17:00.484,0.009472964743314063,-0.5645247799200361,-0.8253500970475591,0.0,-0.9999440342345617,-0.006762904213951426,-0.006851162420429277,0.0,-0.0017141456943351324,0.8253846977308091,-0.5645681202975948,0.0,0.35977839043557386,0.28854380155266146,0.2026588819311723,1.0
2025-12-16 18:17:00.532,0.009472952560543292,-0.5645247324239467,-0.8253501296738649,0.0,-0.9999440343134866,-0.006762914510673479,-0.006851140737011067,0.0,-0.001714166980023989,0.8253847301321814,-0.5645680728629549,0.0,0.3597723719620751,0.28855479588832084,0.20266955868812458,1.0
2025-12-16 18:17:00.582,0.009472945401676213,-0.5645247525121977,-0.8253501160160257,0.0,-0.9999440343847771,-0.006762908964033448,-0.006851135807152994,0.0,-0.0017141649550974527,0.8253847164379359,-0.5645680928897547,0.0,0.35977633337973286,0.2885562244321949,0.20266066381774547,1.0
2025-12-16 18:17:00.632,0.009472943393584142,-0.5645245792633936,-0.8253502345381376,0.0,-0.9999440343894102,-0.00676291332136078,-0.006851130829751676,0.0,-0.0017141733499510742,0.825384834898611,-0.5645679196776231,0.0,0.35979839565690336,0.28859112135085385,0.20271954732135086,1.0
2025-12-16 18:17:00.682,0.009472959432413969,-0.5645242704956833,-0.8253504455454765,0.0,-0.9999440343670676,-0.006762857408952743,-0.0068511892826943165,0.0,-0.001714097745492164,0.8253850465433816,-0.5645676104874408,0.0,0.35988192585959083,0.288662929191303,0.20284362964520156,1.0
2025-12-16 18:17:00.732,0.009473055193553567,-0.5645239984742189,-0.8253506305039017,0.0,-0.999944033987771,-0.006762654997458162,-0.006851444435817091,0.0,-0.0017137897535644759,0.8253852342551742,-0.5645673369919763,0.0,0.3600331203181729,0.2887336686751634,0.2030448646806481,1.0
2025-12-16 18:17:00.785,0.00947327728771834,-0.5645242151911934,-0.8253504797244655,0.0,-0.9999440330409176,-0.006762224760258333,-0.006852007250729045,0.0,-0.001713114416942804,0.8253850895532722,-0.5645675505926029,0.0,0.36035835619130907,0.28874121598432195,0.20327989818174322,1.0
2025-12-16 18:17:00.832,0.009473591773109915,-0.564525168738053,-0.8253498239058378,0.0,-0.9999440315610805,-0.006761687548550589,-0.006852753320891375,0.0,-0.0017122388686100895,0.8253844417603137,-0.5645685003062714,0.0,0.36079606547375004,0.2886689982584306,0.20354592729088558,1.0
2025-12-16 18:17:00.882,0.009473833098776585,-0.5645262602517394,-0.8253490745580384,0.0,-0.9999440307530073,-0.006761120071452245,-0.006853431112709463,0.0,-0.0017113753072759944,0.8253836998482592,-0.5645695875792076,0.0,0.36121545779235725,0.28858773063756177,0.20381042289885254,1.0
2025-12-16 18:17:00.932,0.00947403924732225,-0.564527589529276,-0.8253481629844547,0.0,-0.999944030199655,-0.00676057223239487,-0.006854052259096325,0.0,-0.001710557205922466,0.8253827951491591,-0.5645709126990218,0.0,0.3616652839523547,0.28843241775865114,0.20391169380292426,1.0
2025-12-16 18:17:00.982,0.00947427396201737,-0.5645292367460512,-0.8253470336125415,0.0,-0.9999440297075728,-0.00675988257263844,-0.0068548042271931635,0.0,-0.001709544544505204,0.8253816741458339,-0.5645725546302004,0.0,0.36225629217859373,0.2882908098081698,0.20390943964957878,1.0
2025-12-16 18:17:01.032,0.009474526873846721,-0.5645312288025004,-0.8253456681587809,0.0,-0.999944029659764,-0.006758907581274673,-0.006855772553768296,0.0,-0.0017081702770925045,0.8253803196110576,-0.5645745390584427,0.0,0.36309848058245714,0.28824447667427316,0.2037599453361923,1.0
2025-12-16 18:17:01.082,0.009474816283500102,-0.5645336690459236,-0.8253439957200571,0.0,-0.9999440300546915,-0.006757574592150359,-0.006857028862559633,0.0,-0.0017063328049211899,0.8253786614473889,-0.5645769687612802,0.0,0.36421436402225127,0.2882881778211083,0.20351246216273425,1.0
2025-12-16 18:17:01.132,0.009475230045709403,-0.5645371057837912,-0.8253416402375744,0.0,-0.9999440302917721,-0.006755824188336148,-0.006858718873982319,0.0,-0.0017038945195048789,0.8253763250978591,-0.5645803917170872,0.0,0.3656053667653609,0.28830867031646895,0.2032195390608005,1.0
2025-12-16 18:17:01.182,0.009475836723568845,-0.5645421756320483,-0.8253381654523375,0.0,-0.999944029506277,-0.0067538025086603636,-0.006860824121924881,0.0,-0.0017009791450244046,0.8253728739023785,-0.5645854458769519,0.0,0.36713824351030255,0.28809867610926637,0.20304724271914534,1.0
2025-12-16 18:17:01.232,0.009476413712669503,-0.5645480920739072,-0.8253341118723166,0.0,-0.9999440286587997,-0.006751933698072544,-0.0068627867630223025,0.0,-0.0016982607255267737,0.8253688423295861,-0.5645913478101016,0.0,0.36856743714020124,0.2876345240242497,0.20313761646051562,1.0
2025-12-16 18:17:01.282,0.009476820114495592,-0.5645541942175938,-0.8253299331619139,0.0,-0.9999440287756719,-0.006750283914582576,-0.0068643924829303316,0.0,-0.0016959224568148627,0.8253646818755952,-0.5645974369047542,0.0,0.3698884466004576,0.28700607494984204,0.20343051904773182,1.0
2025-12-16 18:17:01.332,0.009477158297791785,-0.5645591841105878,-0.8253265159972715,0.0,-0.9999440286725615,-0.006749005878858525,-0.006865664056956749,0.0,-0.0016940924265995095,0.8253612791239339,-0.5646024167268097,0.0,0.370996627188496,0.28640107112867946,0.2037167782625836,1.0
2025-12-16 18:17:01.382,0.009477474357436746,-0.5645631240204841,-0.8253238172846122,0.0,-0.9999440283346329,-0.006747921721782161,-0.006866778833748557,0.0,-0.001692522990132514,0.8253585929669358,-0.5646063481591116,0.0,0.3719693941304876,0.2859554397610984,0.2039312865066321,1.0
2025-12-16 18:17:01.432,0.00947782971451198,-0.564566841640549,-0.8253212701518885,0.0,-0.99994402757357,-0.006746881391293059,-0.006867911811283885,0.0,-0.0016909819961072026,0.8253560584781875,-0.5646100577506918,0.0,0.3729060581600256,0.28558605304440743,0.2041335319169764,1.0
2025-12-16 18:17:01.482,0.009478195066017683,-0.5645704536872995,-0.8253187950984852,0.0,-0.9999440268309272,-0.006745789332782719,-0.006869092562757004,0.0,-0.0016893725452011411,0.8253535966035982,-0.5646136613596136,0.0,0.3738478363946052,0.28530768507630794,0.20429292529322968,1.0
2025-12-16 18:17:01.532,0.009478588797392303,-0.564573973440268,-0.8253163828311455,0.0,-0.9999440259362722,-0.006744653991201346,-0.006870337554085239,0.0,-0.0016876921569839568,0.8253511981920683,-0.5646171723726621,0.0,0.3748383770212214,0.2851040622333228,0.20441282362828897,1.0
2025-12-16 18:17:01.582,0.009478947604255576,-0.5645775151208485,-0.8253139559425201,0.0,-0.9999440252402194,-0.0067435625076267755,-0.006871510190744193,0.0,-0.0016860885641269258,0.8253487843988365,-0.5646207056039627,0.0,0.37580264374122035,0.28486392452204956,0.2045576914988388,1.0
2025-12-16 18:17:01.632,0.009479327618179488,-0.5645812588989967,-0.825311390536408,0.0,-0.9999440242508574,-0.006742528577712549,-0.006872668665654316,0.0,-0.0016845381415319142,0.8253462318634792,-0.5646244414475924,0.0,0.3767384244139215,0.2845001417815349,0.2046450050432963,1.0
2025-12-16 18:17:01.682,0.009479740486130733,-0.5645850891513544,-0.8253087655716986,0.0,-0.9999440230236952,-0.006741476554904318,-0.0068738791272014545,0.0,-0.0016829424356689516,0.8253436202950017,-0.5646282636771721,0.0,0.37771091453378647,0.28409458004515736,0.20468623594466623,1.0
2025-12-16 18:17:01.732,0.009480223233821639,-0.5645891325256468,-0.8253059939819793,0.0,-0.99994402143086,-0.006740318725590339,-0.006875246131299196,0.0,-0.0016811685641126247,0.8253408637706326,-0.5646322982814614,0.0,0.3787465850382128,0.28369405641471046,0.20461791789451048,1.0
2025-12-16 18:17:01.783,0.009480780557876255,-0.5645938948572977,-0.8253027296641449,0.0,-0.9999440197668291,-0.006738894810985391,-0.0068768837775587625,0.0,-0.0016790140121955332,0.8253376175576058,-0.5646370497552227,0.0,0.3799639196155691,0.28329817127260604,0.2044463893252808,1.0
2025-12-16 18:17:01.832,0.009481359804668903,-0.5645988962577839,-0.8252993015033728,0.0,-0.9999440180607237,-0.006737401245132967,-0.006878595077896019,0.0,-0.0016767576355523413,0.8253342083239243,-0.5646420397509848,0.0,0.38125318494351906,0.2829042765769678,0.2042382148267214,1.0
2025-12-16 18:17:01.882,0.009481808166314174,-0.5646038088649116,-0.8252959355469648,0.0,-0.9999440171861277,-0.006736032243680169,-0.00688006282598544,0.0,-0.0016747425996260635,0.8253308587706635,-0.5646469417238565,0.0,0.3824779014963252,0.28241643452451487,0.2040818208715293,1.0
2025-12-16 18:17:01.932,0.009482083522412746,-0.5646086756580343,-0.8252926028778901,0.0,-0.9999440175576633,-0.006734757678308842,-0.006881256488653257,0.0,-0.0016729607908409637,0.8253275397437613,-0.5646517983170711,0.0,0.38366213125565507,0.28181216593883324,0.20396151716860136,1.0
2025-12-16 18:17:01.982,0.009482361292573535,-0.5646134803941566,-0.8252893125945125,0.0,-0.9999440177688032,-0.006733550273050586,-0.006882407305020083,0.0,-0.001671259311109633,0.825324262579602,-0.5646565934174073,0.0,0.3847917236577819,0.28121144625986655,0.2038556627913308,1.0
2025-12-16 18:17:02.032,0.009482714041142695,-0.5646183461137164,-0.8252859796866985,0.0,-0.9999440174569318,-0.006732291311139082,-0.00688368411541526,0.0,-0.0016694434317938887,0.8253209440724845,-0.5646614492188492,0.0,0.38596279740839495,0.2807028837005458,0.20372105120737188,1.0
2025-12-16 18:17:02.082,0.00948317057467652,-0.5646226479105457,-0.8252830313556336,0.0,-0.9999440162356156,-0.006731047548235897,-0.006885077682815086,0.0,-0.0016675806385611346,0.8253180112001461,-0.5646657414466095,0.0,0.38713399620119365,0.2804021404864952,0.20357001109854309,1.0
2025-12-16 18:17:02.132,0.00948371324401184,-0.564627166935117,-0.8252799333820842,0.0,-0.9999440144801097,-0.006729712335776416,-0.006886637676583928,0.0,-0.0016655458940316344,0.8253149304227885,-0.5646702503037528,0.0,0.3884065505504548,0.28012845783913476,0.2034344096353214,1.0
2025-12-16 18:17:02.182,0.009484219231230995,-0.564631790103202,-0.825276764541227,0.0,-0.9999440129661851,-0.0067284078516208256,-0.006888131972652002,0.0,-0.001663572405037657,0.825311778106024,-0.5646748634801502,0.0,0.38963780878685994,0.27978761218562237,0.20329428366254787,1.0
2025-12-16 18:17:02.233,0.009484679923250182,-0.5646362437376703,-0.825273712174195,0.0,-0.999944011760125,-0.006727134810070013,-0.006889550313509302,0.0,-0.0016616696992320353,0.8253087414819075,-0.5646793072951768,0.0,0.3908449376987345,0.2794710556628016,0.20315854797062968,1.0
2025-12-16 18:17:02.282,0.009485169473919967,-0.5646406882607963,-0.8252706656737737,0.0,-0.9999440104595629,-0.006725786969865509,-0.006891054845911347,0.0,-0.0016596566922968644,0.8253057116639342,-0.5646837414292629,0.0,0.39213895575197416,0.27924157539970673,0.20301280544829794,1.0
2025-12-16 18:17:02.332,0.009485641271636045,-0.5646452391172531,-0.8252675465890407,0.0,-0.9999440092703599,-0.006724456274899849,-0.006892525903745991,0.0,-0.0016576755104797973,0.8253026089177997,-0.5646882819975775,0.0,0.3934550906009187,0.2789967852700203,0.2028395602251405,1.0
2025-12-16 18:17:02.382,0.009486078554179388,-0.5646501722231843,-0.8252641663268802,0.0,-0.999944008316099,-0.00672315333207503,-0.006893935248819377,0.0,-0.0016557476824150092,0.8252992443757468,-0.5646932049639286,0.0,0.39478560361570225,0.2785975569953868,0.20265165261170293,1.0
2025-12-16 18:17:02.433,0.009486488796347885,-0.564655125517361,-0.8252607725189041,0.0,-0.9999440075443137,-0.006721870310170525,-0.006895298177659609,0.0,-0.0016538622689308187,0.8252958658134159,-0.5646981482268907,0.0,0.396091634404253,0.2781813749361389,0.20249894207635513,1.0
2025-12-16 18:17:02.482,0.009486903005020243,-0.5646602152516133,-0.825257285265985,0.0,-0.9999440067783504,-0.006720567116600089,-0.0068966794110162785,0.0,-0.0016519482984711444,0.8252923940165162,-0.5647032277624298,0.0,0.39743390885023244,0.2777458907833965,0.20231583179700532,1.0
2025-12-16 18:17:02.532,0.009487370643979785,-0.5646650919382913,-0.8252539431264737,0.0,-0.999944005335949,-0.006719375190800551,-0.006898049793497582,0.0,-0.0016501347209208783,0.8252890670362223,-0.5647080952898451,0.0,0.39868178954843186,0.2773374298632097,0.20212129536452025,1.0
2025-12-16 18:17:02.582,0.009487941747159081,-0.5646700068071056,-0.8252505736290489,0.0,-0.9999440030034764,-0.006718194392660308,-0.006899537860899998,0.0,-0.00164826341959257,0.825285713796232,-0.5647130012949441,0.0,0.39992709810866195,0.27694082729764025,0.2018507493287859,1.0
2025-12-16 18:17:02.632,0.009488448157459386,-0.5646745721532375,-0.8252474439926062,0.0,-0.9999440010282253,-0.00671710087941928,-0.006900888685422693,0.0,-0.0016465456669694542,0.8252825989562238,-0.5647175583842133,0.0,0.40110065239500076,0.2765843979760254,0.20151838628447907,1.0
2025-12-16 18:17:02.682,0.00948888956128554,-0.564678855710559,-0.8252445078820676,0.0,-0.9999439994501029,-0.006716076953980916,-0.006902113827612622,0.0,-0.0016449595531944805,0.825279676322815,-0.5647218341418879,0.0,0.40222500289514146,0.27622596136318145,0.20117493847060694,1.0
2025-12-16 18:17:02.732,0.009489299931700813,-0.5646829579908438,-0.8252416961367897,0.0,-0.999943998028013,-0.006715102172556139,-0.006903268195064407,0.0,-0.0016434560440406474,0.8252768772941013,-0.5647259289743373,0.0,0.40332344920926516,0.2758543791333878,0.20082178673471823,1.0
2025-12-16 18:17:02.782,0.009489647483141066,-0.564686962776636,-0.8252389517963583,0.0,-0.9999439970306999,-0.006714176028200572,-0.00690431341539263,0.0,-0.0016420554297478232,0.8252741445497361,-0.5647299265947102,0.0,0.4044151557852955,0.2754744702582893,0.20048798897240133,1.0
2025-12-16 18:17:02.832,0.00948992325672542,-0.5646910955750756,-0.8252361206563917,0.0,-0.9999439966072446,-0.006713263376273516,-0.006905262136928316,0.0,-0.0016407189731700727,0.8252713240718899,-0.5647340521926056,0.0,0.40550657282562297,0.27506531658513056,0.20021189761641783,1.0
2025-12-16 18:17:02.882,0.009490199885733946,-0.5646953899756106,-0.8252331788940808,0.0,-0.9999439962221158,-0.0067123282515538455,-0.006906226900219617,0.0,-0.0016393530507569525,0.8252683931660698,-0.5647383392002601,0.0,0.4066135727157816,0.2746355903107212,0.1999694310296773,1.0
2025-12-16 18:17:02.933,0.009490519154167085,-0.5646997642560773,-0.8252301819471484,0.0,-0.999943995497466,-0.0067113840735827665,-0.006907249350392519,0.0,-0.0016379461558745675,0.8252654076400178,-0.5647427060929127,0.0,0.40774854193433113,0.2742222709088939,0.19970244003399595,1.0
2025-12-16 18:17:02.982,0.009490820772200294,-0.5647041058950497,-0.8252272075056363,0.0,-0.9999439948254846,-0.006710486533971151,-0.006908218593605613,0.0,-0.0016366081689823046,0.8252624440357564,-0.5647470406986045,0.0,0.4088537697069292,0.2737992644732661,0.19943575629976126,1.0
2025-12-16 18:17:03.032,0.009491114254205036,-0.5647082784534624,-0.825224348827365,0.0,-0.9999439941019429,-0.0067096470358047255,-0.0069091386812688985,0.0,-0.0016353477812002769,0.8252595956257557,-0.5647512066965846,0.0,0.4098910496614556,0.2733856784833031,0.19915442449594825,1.0
2025-12-16 18:17:03.082,0.009491417269584846,-0.5647119688310493,-0.8252218199722924,0.0,-0.9999439930843327,-0.006708910856741884,-0.006910000787602776,0.0,-0.0016342109414656928,0.8252570763002413,-0.564754891409518,0.0,0.41081954422412,0.27298115436090625,0.19885959117248003,1.0
2025-12-16 18:17:03.132,0.009491719574330985,-0.564715348446819,-0.8252195037620708,0.0,-0.999943991904276,-0.006708256478855885,-0.006910806809904345,0.0,-0.0016331768506014934,0.8252547689409774,-0.564758266051546,0.0,0.411666057825227,0.2725889018510925,0.19852338303747497,1.0
2025-12-16 18:17:03.183,0.009492021000296107,-0.5647186669762403,-0.8252172293445627,0.0,-0.9999439906830369,-0.0067076255532162645,-0.006911595874246915,0.0,-0.0016321723900991117,0.8252525031723564,-0.5647615798025295,0.0,0.4125037418667685,0.27221793263776733,0.19819002926983398,1.0
2025-12-16 18:17:03.232,0.009492278525208729,-0.564721966855269,-0.8252149681753987,0.0,-0.9999439897859969,-0.006707015946421467,-0.00691231720660184,0.0,-0.0016312239884549217,0.8252502499732031,-0.5647648749944221,0.0,0.41337339965206504,0.27183708245505034,0.19783233142291756,1.0
2025-12-16 18:17:03.282,0.009492561248911794,-0.5647257183060859,-0.8252123976685151,0.0,-0.9999439888052413,-0.006706345156532853,-0.0069131098728051135,0.0,-0.0016301796135754106,0.825247688230349,-0.5647686212821071,0.0,0.4143661927299052,0.27139380744223196,0.19739528661792624,1.0
2025-12-16 18:17:03.332,0.00949293851679736,-0.5647303929024353,-0.8252091942966859,0.0,-0.9999439873918547,-0.006705499389497955,-0.0069141346547607,0.0,-0.0016288491287944158,0.825244496146434,-0.5647732894095948,0.0,0.4155788036387143,0.27089940225145975,0.19690842118508434,1.0
2025-12-16 18:17:03.382,0.009493384064731368,-0.5647357023734809,-0.8252055556192887,0.0,-0.9999439856275824,-0.006704545766195967,-0.006915314490497472,0.0,-0.0016273347594810922,0.8252408704283674,-0.5647785916234886,0.0,0.41692902200495763,0.27039163633332947,0.19642072865683222,1.0
2025-12-16 18:17:03.432,0.00949386938495366,-0.564741530665109,-0.8252015613699112,0.0,-0.9999439836154895,-0.006703551824797143,-0.0069165688984058026,0.0,-0.0016257390264244735,0.8252368899310327,-0.5647844123819057,0.0,0.41836507418701807,0.2698880712331413,0.19592610520344983,1.0
2025-12-16 18:17:03.482,0.00949440487298493,-0.5647474936175756,-0.8251974743235598,0.0,-0.9999439811766605,-0.006702560749782609,-0.00691788184157475,0.0,-0.0016241110402193213,0.8252328171920486,-0.5647903679176937,0.0,0.41980498035593694,0.2694111299530279,0.19543728809299737,1.0
2025-12-16 18:17:03.532,0.009494883173021388,-0.5647530667457197,-0.8251936546629789,0.0,-0.9999439791544587,-0.006701596917160534,-0.006919107797683426,0.0,-0.001622559143555513,0.8252290109525835,-0.5647959337531092,0.0,0.42119260048674984,0.2689864662583519,0.19500235492554965,1.0
2025-12-16 18:17:03.582,0.009495346834615642,-0.5647581959143974,-0.8251901389602362,0.0,-0.9999439771354394,-0.006700688910226812,-0.006920278888642768,0.0,-0.0016210894035796658,0.8252255080413161,-0.5648010560782419,0.0,0.4225121859381352,0.268624100231838,0.19464225308247615,1.0
2025-12-16 18:17:03.633,0.009495731611713194,-0.5647628482217862,-0.8251869504850294,0.0,-0.9999439756208115,-0.006699855833344441,-0.006921304260534778,0.0,-0.0016197692817955898,0.8252223308331355,-0.5648057020266357,0.0,0.42376592696516285,0.26826861435309063,0.1943447218385434,1.0
2025-12-16 18:17:03.682,0.009496053769335025,-0.5647671268291934,-0.8251840184571656,0.0,-0.9999439744336213,-0.006699119550289618,-0.006922188407770735,0.0,-0.0016186130955236997,0.8252194085592843,-0.5648099749727441,0.0,0.424911711494569,0.2678770389945853,0.1941107492480388,1.0
2025-12-16 18:17:03.733,0.009496396490608752,-0.5647712006304473,-0.8251812263335518,0.0,-0.9999439728986161,-0.0066984702534649615,-0.006923038437248421,0.0,-0.0016175503109534157,0.8252166257164634,-0.5648140438871241,0.0,0.42596202674386463,0.2674751492423903,0.19386676957269441,1.0
2025-12-16 18:17:03.782,0.00949673029173608,-0.5647751004863812,-0.8251785533359263,0.0,-0.9999439713467498,-0.006697865684808752,-0.006923847468463616,0.0,-0.0016165495900639414,0.825213961530807,-0.5648179392176338,0.0,0.42696623601917305,0.26711990182361744,0.1936034708352626,1.0
2025-12-16 18:17:03.833,0.009497106657067945,-0.5647789143672985,-0.8251759386654751,0.0,-0.9999439693031374,-0.006697328564715923,-0.006924662128252878,0.0,-0.0016156023311368413,0.8252113556131475,-0.5648217492237875,0.0,0.4279552425049503,0.266811725225885,0.19323341308539232,1.0
2025-12-16 18:17:03.883,0.009497612514741753,-0.5647833776568054,-0.8251728779960589,0.0,-0.9999439662605947,-0.006696751455843776,-0.006925659548234373,0.0,-0.001614511364236801,0.8252083055218767,-0.5648262085374294,0.0,0.4291028094589222,0.26648615218494925,0.19272848657937452,1.0
2025-12-16 18:17:03.933,0.009498238425133084,-0.5647888128452839,-0.8251691506914459,0.0,-0.999943962385872,-0.00669609196654917,-0.006926856547210671,0.0,-0.001613228494588216,0.8252045908615226,-0.5648316392650922,0.0,0.4304402073943673,0.266087625201772,0.1921223170770112,1.0
2025-12-16 18:17:03.982,0.009498827256514538,-0.5647941604806159,-0.825165483687336,0.0,-0.9999439588971624,-0.0066953924741664835,-0.00692803622211437,0.0,-0.001611923402094293,0.825200936398059,-0.5648369820317293,0.0,0.4317946321841781,0.2657163589788429,0.19152536545303134,1.0
2025-12-16 18:17:04.032,0.009499397967944119,-0.5648000008373124,-0.8251614795866484,0.0,-0.9999439556967789,-0.006694626319300835,-0.006929238423637224,0.0,-0.0016105448994216428,0.8251969451781889,-0.5648428169090157,0.0,0.43338324789036464,0.26527846036117925,0.19080074787804505,1.0
2025-12-16 18:17:04.082,0.009499866711439839,-0.5648060233235604,-0.8251573519342227,0.0,-0.9999439532525123,-0.0066939119999670305,-0.006930281169070511,0.0,-0.0016092971363134137,0.8251928288149156,-0.5648488341451757,0.0,0.43499181587983,0.26475108845769074,0.19010918299654375,1.0
2025-12-16 18:17:04.132,0.009500314705918129,-0.5648118904934224,-0.8251533307688597,0.0,-0.999943950816675,-0.006693280591286222,-0.006931242404779569,0.0,-0.0016081656097299286,0.8251888180245356,-0.5648546967235392,0.0,0.43642289373484544,0.2642244579958049,0.1895588953831905,1.0
2025-12-16 18:17:04.183,0.009500623768949121,-0.5648181584211441,-0.8251490368212016,0.0,-0.9999439496607292,-0.006692593924478832,-0.006932072177305684,0.0,-0.00160705813023982,0.8251845333067757,-0.5648609593125063,0.0,0.4378165314090043,0.2636032754798869,0.18918143338931573,1.0
2025-12-16 18:17:04.232,0.0095007697799963,-0.5648235723589169,-0.8251453292496462,0.0,-0.9999439497780627,-0.006691949084539801,-0.006932677758680067,0.0,-0.0016061216358322198,0.8251808327342488,-0.564866367967949,0.0,0.43899364544880254,0.26302079068096723,0.1890138848169376,1.0
2025-12-16 18:17:04.282,0.009500868477302091,-0.5648288630757163,-0.8251417065183283,0.0,-0.9999439502948776,-0.006691301764785856,-0.0069332280054833,0.0,-0.0016052157706205148,0.8251772164748664,-0.5648716532922511,0.0,0.4401329510275702,0.2623613632836124,0.1889980405724731,1.0
2025-12-16 18:17:04.332,0.009500795826458458,-0.5648335128449273,-0.8251385244594581,0.0,-0.9999439521918492,-0.006690679338690991,-0.0069335550866841,0.0,-0.001604463891945114,0.8251740387022588,-0.5648762975620614,0.0,0.44108471667873983,0.26170843119070936,0.18911092182751307,1.0
2025-12-16 18:17:04.383,0.009500572316865116,-0.5648381483530877,-0.8251353538613626,0.0,-0.9999439555549803,-0.006689954390071416,-0.006933769575541909,0.0,-0.0016036911908368495,0.8251708714839788,-0.5648809264162984,0.0,0.44201742932915666,0.261044231904759,0.18934224535511202,1.0
2025-12-16 18:17:04.432,0.009500348878321279,-0.5648424705913121,-0.8251323976724592,0.0,-0.9999439587973574,-0.0066892883328526645,-0.0069339445827815,0.0,-0.0016029929943100825,0.8251679181926422,-0.5648852425042463,0.0,0.44291458083145574,0.26040692015770023,0.18954057405766603,1.0
2025-12-16 18:17:04.484,0.00950012540470174,-0.5648466349813879,-0.8251295495064432,0.0,-0.9999439619775928,-0.006688652828293576,-0.006934099011801965,0.0,-0.0016023334514549785,0.8251650726731034,-0.5648894010051014,0.0,0.44380747796808434,0.2598030280757435,0.18968743790928624,1.0
2025-12-16 18:17:04.532,0.00949998755830752,-0.5648512133117994,-0.8251264169554797,0.0,-0.9999439643669022,-0.006688057298894805,-0.006934328877291755,0.0,-0.0016016595124975685,0.8251619434367955,-0.5648939739370713,0.0,0.4447889246527488,0.2591696350467647,0.18973922911265523,1.0
2025-12-16 18:17:04.582,0.009499904924931695,-0.5648562624454951,-0.8251229614328592,0.0,-0.9999439663156171,-0.006687453407491077,-0.0069346302801792095,0.0,-0.0016009328414480879,0.8251584919395767,-0.5648990176961197,0.0,0.4458571222772803,0.2584902585082959,0.1897090980248181,1.0
2025-12-16 18:17:04.632,0.009499863796755206,-0.5648617082104573,-0.8251192338605468,0.0,-0.9999439678459887,-0.006686888416622399,-0.0069349544289802065,0.0,-0.001600220851329237,0.8251547685613471,-0.5649044584827569,0.0,0.44700822457767814,0.2577614445661971,0.1895767919915638,1.0
2025-12-16 18:17:04.683,0.009499962052452727,-0.5648674026555887,-0.8251153343862538,0.0,-0.9999439681398978,-0.006686358738403863,-0.006935422745935381,0.0,-0.0015994536878895136,0.8251508746034801,-0.5649101485094883,0.0,0.4482288769191566,0.25703125052522807,0.18938757183921603,1.0
2025-12-16 18:17:04.732,0.009500063265112522,-0.5648731473948816,-0.8251114003886793,0.0,-0.999943968347458,-0.00668586091962926,-0.006935872728770074,0.0,-0.0015987225883324178,0.8251469458987732,-0.5649158891020966,0.0,0.4494175477608421,0.2563248794034727,0.18921054635304918,1.0
2025-12-16 18:17:04.782,0.00950010981440674,-0.5648794434550546,-0.8251070895202819,0.0,-0.9999439691209071,-0.00668531254089865,-0.006936289798217465,0.0,-0.0015979620180147198,0.8251426401122651,-0.5649221804690889,0.0,0.45068951024248666,0.25559170662937347,0.18903668920857647,1.0
2025-12-16 18:17:04.832,0.009500081280338094,-0.5648855392073522,-0.8251029165814979,0.0,-0.9999439705240477,-0.006684762979118545,-0.006936617167156162,0.0,-0.0015972534540612488,0.8251384713968803,-0.5649282713780778,0.0,0.4519302227975668,0.2548683704605623,0.18890327165310922,1.0
2025-12-16 18:17:04.882,0.009499899997820017,-0.5648915712260618,-0.8250987889695337,0.0,-0.9999439732266471,-0.006684204742381079,-0.006936765519803505,0.0,-0.0015966396047143684,0.8251343463185228,-0.5649342981865031,0.0,0.4531869170976914,0.2541441971589929,0.18876972654470303,1.0
2025-12-16 18:17:04.932,0.009499617798980516,-0.5648971527518144,-0.8250949708826101,0.0,-0.9999439767637988,-0.006683649687652175,-0.006936790458170812,0.0,-0.0015961032953007263,0.825130529569874,-0.5649398743459434,0.0,0.45437208277030916,0.25344583886805283,0.18867489540590068,1.0
2025-12-16 18:17:04.982,0.009499354656920648,-0.5649033707259149,-0.8250907167728952,0.0,-0.9999439802469369,-0.006683044871392344,-0.006936871079149364,0.0,-0.0015954871463315162,0.8251262774310121,-0.5649460865548203,0.0,0.4556829088540573,0.25269596923027643,0.18856665295598327,1.0
2025-12-16 18:17:05.032,0.009499022757708985,-0.564909432891114,-0.8250865700631036,0.0,-0.9999439843716607,-0.006682405657720039,-0.006936892298576467,0.0,-0.0015948779758260846,0.8251221321761852,-0.5649521425371075,0.0,0.45692542099054134,0.25196882223513917,0.18850402678670516,1.0
2025-12-16 18:17:05.083,0.009498779734957665,-0.5649152451661122,-0.8250825933587899,0.0,-0.9999439876392996,-0.006681820947211029,-0.006936984507249282,0.0,-0.0015942765466216329,0.8251181575042237,-0.5649579492662513,0.0,0.4580963525657396,0.25125074062783426,0.18849797243619051,1.0
2025-12-16 18:17:05.132,0.009498408516342954,-0.5649208861704526,-0.825078735336971,0.0,-0.9999439920221126,-0.006681215247106685,-0.006936936132841011,0.0,-0.0015937392035429137,0.8251143002057849,-0.5649635843054568,0.0,0.4591914645341732,0.2505006101236213,0.18856186960565985,1.0
2025-12-16 18:17:05.182,0.009497986087889241,-0.5649258945106941,-0.8250753110309234,0.0,-0.9999439967106258,-0.006680668662481592,-0.006936786706406926,0.0,-0.0015933150156960093,0.8251108755443571,-0.5649685870963844,0.0,0.46011954627933604,0.24977867662877873,0.1886815401249803,1.0
2025-12-16 18:17:05.234,0.00949750784504308,-0.5649308143245845,-0.8250719479369685,0.0,-0.9999440019351786,-0.006680086548624506,-0.006936594176568979,0.0,-0.0015928868922618089,0.8251075117385928,-0.5649735009572542,0.0,0.46098168843601933,0.2490204922183543,0.1888709140901827,1.0
2025-12-16 18:17:05.282,0.009496957987694253,-0.5649349830991889,-0.8250690998703729,0.0,-0.9999440076617236,-0.006679549753211091,-0.006936285584769408,0.0,-0.0015925703847335074,0.8251046617565873,-0.5649776640426749,0.0,0.46167781473617875,0.24835125961110072,0.18906552573925528,1.0
2025-12-16 18:17:05.332,0.009496267041347619,-0.5649393788258502,-0.8250660979978212,0.0,-0.9999440146511115,-0.0066789748672667106,-0.006935831554228086,0.0,-0.0015923020192230536,0.8251016566567703,-0.564982053481819,0.0,0.46237871473988257,0.2475772776373491,0.18931358193734546,1.0
2025-12-16 18:17:05.382,0.009495412206366492,-0.5649438296885166,-0.8250630602233456,0.0,-0.9999440230509643,-0.006678383127727124,-0.006935190311764917,0.0,-0.0015921248996974284,0.8250986139063382,-0.5649864975980783,0.0,0.46304212733563027,0.24675219107482727,0.1895804613894248,1.0
2025-12-16 18:17:05.432,0.009494584079286984,-0.5649487331011998,-0.8250597122279811,0.0,-0.9999440312082145,-0.006677804184162668,-0.006934571619909532,0.0,-0.001591940397018274,0.8250952611466112,-0.564991394411612,0.0,0.46377639804499365,0.24587101357965546,0.1898218830147657,1.0
2025-12-16 18:17:05.482,0.009493794451506245,-0.5649538579903022,-0.8250562120910274,0.0,-0.9999440389984681,-0.006677249238803415,-0.006933982639239205,0.0,-0.0015917563671214103,0.825091756498086,-0.5649965129720457,0.0,0.46455368774024736,0.24491461353456268,0.19005310391176372,1.0
2025-12-16 18:17:05.532,0.009493055374734665,-0.5649588028559039,-0.8250528345969635,0.0,-0.9999440461709848,-0.00667679244619717,-0.006933388135574353,0.0,-0.0015916585172997498,0.8250883742772153,-0.5650014524368466,0.0,0.46532137240153587,0.24393442911158644,0.19019486197180493,1.0
2025-12-16 18:17:05.582,0.009492316308626767,-0.564962975800708,-0.8250499856413027,0.0,-0.9999440532092504,-0.006676398421381544,-0.006932752468047957,0.0,-0.0015916446009491918,0.8250855200747437,-0.5650056205299677,0.0,0.46597526232978387,0.24307080812492593,0.19028449174231238,1.0
2025-12-16 18:17:05.632,0.009491717774519196,-0.5649661347956048,-0.8250478293584025,0.0,-0.9999440587616046,-0.006676153766171393,-0.006932187206583103,0.0,-0.0015917258071140473,0.8250833589370389,-0.5650087762275275,0.0,0.46645547212614413,0.24230314663727318,0.19028438234094996,1.0
2025-12-16 18:17:05.682,0.009491325871609214,-0.564968183930515,-0.8250464306817302,0.0,-0.9999440621904926,-0.006676100408496009,-0.006931743973947476,0.0,-0.0015919086576446965,0.8250819562169855,-0.5650108241016079,0.0,0.4667251741562113,0.24170188409493357,0.1901865535061731,1.0
2025-12-16 18:17:05.732,0.00949098876602132,-0.5649694940803439,-0.8250455374050889,0.0,-0.9999440648363714,-0.006676207944720829,-0.006931258702511994,0.0,-0.0015922565049539682,0.825081058213558,-0.565012134468294,0.0,0.4668271397779413,0.24115583082177516,0.1899887395533028,1.0
2025-12-16 18:17:05.782,0.00949074142866277,-0.5649703136949215,-0.8250449789992086,0.0,-0.9999440664971971,-0.0066764308851692995,-0.006930804346728018,0.0,-0.0015926877376894995,0.8250804951717956,-0.5650129554557444,0.0,0.4668224471375428,0.24067668988913984,0.18970532708456395,1.0
2025-12-16 18:17:05.832,0.009490613128543112,-0.5649706274745864,-0.8250447656064638,0.0,-0.9999440669492994,-0.0066767575885603335,-0.006930424388657383,0.0,-0.001593168357567943,0.8250802776645451,-0.5650132717234008,0.0,0.4667387617287336,0.2403386223696945,0.18936492236711963,1.0
2025-12-16 18:17:05.882,0.009490551127470893,-0.5649707588340085,-0.8250446763679102,0.0,-0.9999440668537264,-0.0066770778609256285,-0.006930129614769993,0.0,-0.00159359763726881,0.825080185123089,-0.5650134056496533,0.0,0.4665950158993397,0.24006786431496127,0.18897244806783095,1.0
2025-12-16 18:17:05.932,0.009490517691296451,-0.5649710031486157,-0.8250445094517059,0.0,-0.9999440668681769,-0.006677217832900291,-0.00692999266599978,0.0,-0.0015937876884767666,0.8250800166934688,-0.565013651068635,0.0,0.4664467606322493,0.2398263524300939,0.18858015644415424,1.0
2025-12-16 18:17:05.982,0.009490496094199304,-0.5649714057577739,-0.8250442340027467,0.0,-0.9999440670844707,-0.006677203153587052,-0.006929975600376893,0.0,-0.0015937805895351255,0.8250797411214332,-0.5650140535016993,0.0,0.466310417642027,0.239576514264711,0.18820208929877513,1.0
2025-12-16 18:17:06.032,0.009490482872760143,-0.5649718582847798,-0.8250439242745156,0.0,-0.9999440673785878,-0.006677112182040293,-0.006930020814030101,0.0,-0.0015936747834150485,0.8250794319847093,-0.5650145052266128,0.0,0.466186096151755,0.23936526237701536,0.1878596422682307,1.0
2025-12-16 18:17:06.082,0.009490474006990896,-0.5649723217530124,-0.8250436070034973,0.0,-0.9999440676671355,-0.006677005237482029,-0.006930082219566966,0.0,-0.0015935465242939357,0.8250791154847353,-0.565014967766697,0.0,0.4660713937980695,0.23916808475519857,0.1875414540554676,1.0
2025-12-16 18:17:06.132,0.009490457657345531,-0.5649726763849297,-0.8250433643470578,0.0,-0.999944068008025,-0.006676902817945042,-0.006930131710898105,0.0,-0.0015934299823944888,0.8250788734748481,-0.5650153214970075,0.0,0.46597566305590393,0.23902745171285136,0.187288203214395,1.0
2025-12-16 18:17:06.182,0.009490444401001252,-0.5649730367027921,-0.8250431177611903,0.0,-0.9999440683384081,-0.006676792424515374,-0.006930190398629633,0.0,-0.0015933016001172227,0.8250786276357243,-0.5650156808520989,0.0,0.465893700446736,0.23888684677534736,0.18703578217538855,1.0
2025-12-16 18:17:06.232,0.00949042540117901,-0.5649733744225155,-0.8250428867159265,0.0,-0.9999440687047539,-0.006676688193292491,-0.006930237958443354,0.0,-0.0015931848495086397,0.8250783972208883,-0.5650160176503365,0.0,0.46581596606269554,0.23877500297549203,0.1867996631581664,1.0
2025-12-16 18:17:06.282,0.009490401237561688,-0.5649737838089428,-0.8250426066538409,0.0,-0.9999440691581789,-0.006676561921539138,-0.0069302941856233145,0.0,-0.0015930441933089546,0.8250781179093433,-0.5650164259181975,0.0,0.4657108488941823,0.23863615839704144,0.18652762726692804,1.0
2025-12-16 18:17:06.332,0.009490372638363916,-0.5649743610749424,-0.8250422116815318,0.0,-0.9999440697057672,-0.006676407574498262,-0.006930363870350768,0.0,-0.001592870839382691,0.8250777238664554,-0.5650170018166161,0.0,0.46558750636660584,0.23848052243366616,0.18618175933670367,1.0
2025-12-16 18:17:06.382,0.009490329116975088,-0.5649751951751008,-0.8250416410044505,0.0,-0.9999440705095523,-0.006676187582852818,-0.00693045982272397,0.0,-0.0015926255309904476,0.8250771544824868,-0.5650178339619033,0.0,0.4654251749031562,0.23826761028059829,0.18571766690216204,1.0
2025-12-16 18:17:06.432,0.00949029077494238,-0.564976132839508,-0.8250409993472628,0.0,-0.9999440713356742,-0.006675934311897033,-0.006930584600708288,0.0,-0.001592335287627653,0.8250765144488998,-0.565018769399023,0.0,0.4652865478041126,0.23803364424534842,0.1852168785864161,1.0
2025-12-16 18:17:06.483,0.009490246302137665,-0.5649772157085371,-0.8250402583247451,0.0,-0.9999440723264821,-0.006675623557501142,-0.006930740974648108,0.0,-0.0015919780962173433,0.8250757754468594,-0.5650198495420355,0.0,0.4651646190969407,0.23777167271454328,0.18464067586929836,1.0
2025-12-16 18:17:06.533,0.009490211520014473,-0.564978253567258,-0.8250395480112482,0.0,-0.9999440732013748,-0.0066753302461503555,-0.0069308972547982755,0.0,-0.0015916358663621208,0.8250750671233381,-0.5650208848411603,0.0,0.46507149645660156,0.23753429117650257,0.184110932126275,1.0
2025-12-16 18:17:06.582,0.009490186616282691,-0.564979283409357,-0.8250388430719161,0.0,-0.9999440740242065,-0.006675020771260481,-0.006931076596290758,0.0,-0.0015912673628018608,0.8250743644181492,-0.5650219120071074,0.0,0.46495386383746007,0.23726736506139676,0.183591013372055,1.0
2025-12-16 18:17:06.632,0.009490137176660576,-0.5649801837212005,-0.825038227114317,0.0,-0.9999440750591106,-0.006674707055498366,-0.006931229408364191,0.0,-0.0015909118410072733,0.8250737504445502,-0.5650228095633648,0.0,0.4647963121137716,0.2370253610610758,0.1831240160485259,1.0
2025-12-16 18:17:06.682,0.009490052173356018,-0.5649810859051666,-0.8250376102823277,0.0,-0.9999440764091114,-0.006674384824913815,-0.006931344944959638,0.0,-0.0015905703356727527,0.8250731352562855,-0.5650237088515584,0.0,0.46461912004298417,0.23681485828182716,0.18266462852432072,1.0
2025-12-16 18:17:06.732,0.009489921974774619,-0.5649819899608205,-0.8250369926870142,0.0,-0.9999440780124825,-0.006674128089035463,-0.006931360849475483,0.0,-0.001590339140469186,0.8250725182549525,-0.5650246104744902,0.0,0.46443602442665644,0.2366656745506244,0.18222807866048432,1.0
2025-12-16 18:17:06.783,0.009489739549764384,-0.5649831613765682,-0.8250361926033455,0.0,-0.9999440799414158,-0.0066739323000773055,-0.006931271093959497,0.0,-0.0015902148560887166,0.8250717176758421,-0.565025779861545,0.0,0.46422548249381324,0.23653592374793087,0.1817391702964821,1.0
2025-12-16 18:17:06.834,0.009489554203134925,-0.5649843059427648,-0.825035410937377,0.0,-0.9999440818399354,-0.006673764776493447,-0.006931158503796358,0.0,-0.0015901271031012493,0.8250709352517481,-0.565026922631658,0.0,0.4640186042603352,0.2364219110995729,0.18128613255769693,1.0
2025-12-16 18:17:06.882,0.009489344364769052,-0.5649856904944494,-0.8250344652081183,0.0,-0.9999440840039546,-0.006673568244320644,-0.006931035535109757,0.0,-0.0015900185226209581,0.8250699887212241,-0.5650283050898042,0.0,0.46380294843405967,0.23629753411284746,0.18077322706220805,1.0
2025-12-16 18:17:06.932,0.009489085386215528,-0.5649872437659685,-0.8250334045003725,0.0,-0.9999440866507678,-0.006673336784458147,-0.006930876534096347,0.0,-0.0015898995472707254,0.8250689269322923,-0.5650298558750902,0.0,0.4635801331547468,0.23619536351679118,0.18022257710518966,1.0
2025-12-16 18:17:06.982,0.009488748131352509,-0.5649888814248829,-0.8250322868993478,0.0,-0.9999440899215774,-0.00667312340864868,-0.006930610080639559,0.0,-0.001589855239186414,0.8250678072049398,-0.5650314910466061,0.0,0.4633352056389047,0.2361382010637975,0.1796643206042375,1.0
2025-12-16 18:17:07.032,0.009488401346037017,-0.5649904655003072,-0.8250312060975943,0.0,-0.9999440931014081,-0.006672998280710933,-0.00693027176643198,0.0,-0.0015899249594443575,0.8250667234527131,-0.5650330733590977,0.0,0.46311156519214036,0.23610924111006892,0.1791328674823378,1.0
2025-12-16 18:17:07.082,0.009488112324405502,-0.5649918666319624,-0.825030249909334,0.0,-0.9999440957524327,-0.006672894180449536,-0.006929989488753668,0.0,-0.0015899824684136308,0.8250657648053487,-0.5650344730208195,0.0,0.4629453756570172,0.23607019662784753,0.17864368124057123,1.0
2025-12-16 18:17:07.132,0.009487908841574532,-0.5649930604737716,-0.825029434689153,0.0,-0.9999440976657877,-0.006672798253378352,-0.006929805771569082,0.0,-0.001589993411712024,0.8250649480403645,-0.565035665631915,0.0,0.462848332089891,0.23601147730096994,0.1782108337448636,1.0
2025-12-16 18:17:07.182,0.009487788343455454,-0.5649941151844318,-0.8250287137915379,0.0,-0.9999440988057048,-0.006672740793014345,-0.006929696614166706,0.0,-0.0015899955592489268,0.8250642262389261,-0.5650367195987214,0.0,0.4627916305702544,0.23592441277861978,0.17782408744497777,1.0
2025-12-16 18:17:07.232,0.009487657878846558,-0.5649952871625581,-0.8250279126994919,0.0,-0.9999440999513884,-0.00667272475489021,-0.006929546735646564,0.0,-0.001590053542190179,0.8250634237953572,-0.5650378911584741,0.0,0.4626921058157612,0.23581687248939476,0.17740312346471848,1.0
2025-12-16 18:17:07.282,0.009487445866254132,-0.56499658936473,-0.8250270233624872,0.0,-0.9999441018545658,-0.006672672141878213,-0.006929322763532314,0.0,-0.0015901217218550199,0.8250625324670039,-0.5650391924743309,0.0,0.4625659046206386,0.23575924316150937,0.17695075880308112,1.0
2025-12-16 18:17:07.332,0.009487222211709175,-0.5649978428670198,-0.8250261675071455,0.0,-0.9999441038689892,-0.0066726121047164045,-0.00692908987906869,0.0,-0.0015901893733835085,0.825061674545736,-0.5650404450068532,0.0,0.46248581018979007,0.23573593703464785,0.17651075887051731,1.0
2025-12-16 18:17:07.382,0.009487023712195472,-0.5649988845668176,-0.8250254564075854,0.0,-0.9999441056236372,-0.006672575430088474,-0.006928871977629686,0.0,-0.0015902702685862407,0.8250609614771669,-0.5650414859873969,0.0,0.4624819775266956,0.23575217713176794,0.1761261512348463,1.0
2025-12-16 18:17:07.432,0.009486939234142839,-0.5649999363364885,-0.8250247370987975,0.0,-0.9999441063983678,-0.006672550407059452,-0.006928784268762338,0.0,-0.0015902870925772424,0.8250602414164668,-0.5650425373551665,0.0,0.46255213534001527,0.23570802000871613,0.17574253495354777,1.0
2025-12-16 18:17:07.482,0.009486953790530297,-0.5650009278812566,-0.8250240578930436,0.0,-0.9999441063131302,-0.006672539532364022,-0.006928807042541959,0.0,-0.0015902538506109153,0.825059562482193,-0.5650435288094032,0.0,0.4626672031550732,0.23563412445661885,0.17540529628693538,1.0
2025-12-16 18:17:07.533,0.009486992243618344,-0.5650020707693051,-0.825023274766097,0.0,-0.9999441059870016,-0.0066725507840313955,-0.006928843272791553,0.0,-0.0015902295185675269,0.8250587797250347,-0.5650446718346391,0.0,0.462800206567092,0.23556107518857686,0.1750482581158798,1.0
2025-12-16 18:17:07.582,0.009487082966238602,-0.5650033415068394,-0.8250224034801149,0.0,-0.9999441052050738,-0.006672571833596064,-0.0069289358460352946,0.0,-0.0015901799613425873,0.8250579093327393,-0.5650459428888769,0.0,0.46294393131405354,0.23546593582502473,0.1746856773482701,1.0
2025-12-16 18:17:07.632,0.009487176892365178,-0.5650046111941975,-0.8250215328736062,0.0,-0.9999441043940545,-0.006672594003454163,-0.006929031537364232,0.0,-0.001590129578174067,0.8250570396476888,-0.5650472129085466,0.0,0.4630421367855771,0.23535180850274515,0.17433683639978761,1.0
2025-12-16 18:17:07.682,0.009487253136276458,-0.5650060920745522,-0.8250205178344229,0.0,-0.9999441037261388,-0.00667262074568924,-0.006929102172834403,0.0,-0.001590094696913045,0.8250560252931013,-0.565048694119723,0.0,0.4630812236963037,0.2351992967962403,0.17392179670230257,1.0
2025-12-16 18:17:07.732,0.00948729808335196,-0.5650075344809204,-0.8250195294998036,0.0,-0.9999441033582628,-0.006672627867020502,-0.006929148403386514,0.0,-0.0015900578614679065,0.8250550374412482,-0.5650501366328634,0.0,0.46306219761318984,0.235038155477635,0.17351722678957454,1.0
2025-12-16 18:17:07.784,0.009487271786953374,-0.5650090270439267,-0.8250185076312675,0.0,-0.9999441035977257,-0.006672630748341021,-0.006929111071778048,0.0,-0.0015900641706888222,0.8250540152713258,-0.5650516291283442,0.0,0.4629813341283147,0.23487979251204374,0.17307437245227167,1.0
2025-12-16 18:17:07.832,0.00948724206889715,-0.5650103452813412,-0.8250176051843948,0.0,-0.9999441039148693,-0.006672606769388238,-0.006929088395914353,0.0,-0.0015900420433940174,0.8250531126981171,-0.5650529470708459,0.0,0.46291132418337555,0.23473409770430956,0.17267109922741697,1.0
2025-12-16 18:17:07.882,0.009487233606887895,-0.5650116547561087,-0.8250167084910829,0.0,-0.9999441040658107,-0.006672576322495508,-0.006929095933218559,0.0,-0.0015899976079302458,0.8250522161750694,-0.5650542562375876,0.0,0.46284865723468227,0.2345774276908331,0.17227591245737772,1.0
2025-12-16 18:17:07.933,0.00948721762115397,-0.5650129240172488,-0.8250158394215809,0.0,-0.99994410426131,-0.006672555205180396,-0.006929088056029825,0.0,-0.0015899700422286815,0.8250513471132035,-0.5650555252556628,0.0,0.4628141507707819,0.2344539606705144,0.17189494956812806,1.0
2025-12-16 18:17:07.983,0.009487209512491445,-0.5650141339705684,-0.8250150108757798,0.0,-0.9999441044004488,-0.006672528505515012,-0.00692909368790972,0.0,-0.001589930919368178,0.8250505187098018,-0.5650567349358457,0.0,0.46274645010862214,0.23430486148227467,0.17152979924535172,1.0
2025-12-16 18:17:08.033,0.009487178981700668,-0.5650152081858189,-0.8250142755461346,0.0,-0.999944104723221,-0.0066725030957755236,-0.006929071577145054,0.0,-0.0015899100986417032,0.8250497832520705,-0.5650578088493154,0.0,0.4626882512213923,0.23419643236903578,0.17120724084129713,1.0
2025-12-16 18:17:08.083,0.009487166273268753,-0.5650161715971347,-0.8250136158943251,0.0,-0.9999441048864752,-0.006672481857385138,-0.006929068469645769,0.0,-0.0015898832548762638,0.8250491236415808,-0.5650587720312775,0.0,0.46267030207704524,0.23410791774496137,0.17091555878465048,1.0
2025-12-16 18:17:08.132,0.009487176430287583,-0.5650172146337136,-0.8250129014458798,0.0,-0.9999441048398547,-0.006672470541975403,-0.006929086093890795,0.0,-0.0015898519664968576,0.8250484094184394,-0.565059814963715,0.0,0.46273513661975,0.23405332077996763,0.17060791943790626,1.0
2025-12-16 18:17:08.182,0.009487225103415561,-0.5650182636699979,-0.8250121824436208,0.0,-0.9999441044568637,-0.0066724659611083845,-0.006929145774721525,0.0,-0.001589802399127967,0.8250476910300312,-0.5650608640264743,0.0,0.46290488573975025,0.23404226835594538,0.1703112298850657,1.0
2025-12-16 18:17:08.233,0.009487325524270616,-0.5650193372630602,-0.8250114460263063,0.0,-0.9999441036515339,-0.0066724552065820595,-0.00692927234671892,0.0,-0.0015897096563067508,0.8250469558719794,-0.5650619376931953,0.0,0.46310403792484534,0.23401430529991651,0.17002732823091088,1.0
2025-12-16 18:17:08.283,0.009487391460231101,-0.5650204967922088,-0.8250106511489256,0.0,-0.9999441031595596,-0.006672432857561808,-0.006929364862224122,0.0,-0.001589625604874945,0.8250461619524792,-0.5650630971297983,0.0,0.4632141291193274,0.233948928614757,0.16971655182111606,1.0
2025-12-16 18:17:08.333,0.009487400660241936,-0.5650215089824359,-0.8250099578290746,0.0,-0.9999441031091754,-0.006672427403542494,-0.006929377384681267,0.0,-0.001589602389384793,0.8250454687990256,-0.5650641092641079,0.0,0.46323781060657715,0.23388170729244664,0.16943470311363568,1.0
2025-12-16 18:17:08.383,0.009487424054735273,-0.5650226716666785,-0.8250091612755963,0.0,-0.9999441029482327,-0.00667241871682268,-0.006929408974083098,0.0,-0.0015895640016707815,0.8250446726037749,-0.5650652718884913,0.0,0.463263083999293,0.23379999966609877,0.16912226451866325,1.0
2025-12-16 18:17:08.433,0.009487469026660781,-0.5650238554953224,-0.825008349990397,0.0,-0.9999441025920046,-0.006672417499725738,-0.006929461551063095,0.0,-0.0015895196729868485,0.8250438618648754,-0.565066455761003,0.0,0.46329084858904773,0.23370771511155705,0.16881465370557283,1.0
2025-12-16 18:17:08.482,0.00948751294275136,-0.5650250833405069,-0.8250075085691175,0.0,-0.9999441022457306,-0.006672416087231251,-0.006929512879500098,0.0,-0.0015894753823411283,0.8250430209800546,-0.5650676836451665,0.0,0.4633441166677933,0.23363100729522554,0.16849586481472809,1.0
2025-12-16 18:17:08.532,0.009487547591704774,-0.565026357597678,-0.8250066354653184,0.0,-0.9999441019743954,-0.006672416567609557,-0.006929551571099049,0.0,-0.0015894392604944498,0.8250421482915933,-0.5650689579380819,0.0,0.46341319504964584,0.233563967782213,0.16815876320551912,1.0
2025-12-16 18:17:08.583,0.00948761025000954,-0.5650278776131799,-0.8250055937221866,0.0,-0.9999441014744006,-0.00667241568298864,-0.006929624572458838,0.0,-0.0015893797977591321,0.8250411073009548,-0.5650704780250626,0.0,0.46349828591104386,0.23347426067625757,0.16776516130436234,1.0
2025-12-16 18:17:08.632,0.009487652888423894,-0.5650296737824491,-0.8250043630728122,0.0,-0.9999441011302798,-0.006672423491593954,-0.006929666710202458,0.0,-0.0015893417719018126,0.8250398771080418,-0.5650722742926603,0.0,0.46359459630926625,0.23339335069239855,0.167302987321462,1.0
2025-12-16 18:17:08.682,0.009487631191503943,-0.5650317968257629,-0.8250029092866474,0.0,-0.9999441013743738,-0.006672409217195157,-0.0069296452321051995,0.0,-0.0015893177185665644,0.8250384232224001,-0.5650743971158889,0.0,0.46365130693279105,0.23331467260600863,0.1667584456312092,1.0
2025-12-16 18:17:08.732,0.009487434367397822,-0.5650339844660994,-0.8250014132646664,0.0,-0.9999441032651789,-0.006672304254186828,-0.006929473453699044,0.0,-0.00158930304264895,0.825036925821474,-0.5650765834352812,0.0,0.463632602358949,0.23328908450360275,0.16618348943302014,1.0
2025-12-16 18:17:08.782,0.009487055290201678,-0.565036294227417,-0.8249998356902118,0.0,-0.9999441068340242,-0.006672123836408282,-0.006929132169720734,0.0,-0.0015893205046953382,0.8250353453844844,-0.5650788908874919,0.0,0.46356454425111504,0.2333055814954988,0.16554640055432898,1.0
2025-12-16 18:17:08.832,0.009486602105424123,-0.5650386222427174,-0.8249982464561688,0.0,-0.999944111043667,-0.006671933941542638,-0.00692870751139644,0.0,-0.0015893770565153747,0.8250337525128069,-0.5650812163708937,0.0,0.46350533863751153,0.23333844667630138,0.16487244830598757,1.0
2025-12-16 18:17:08.882,0.009486191765915222,-0.5650408284026248,-0.8249967401784472,0.0,-0.9999441148407323,-0.006671770301265026,-0.006928317085716491,0.0,-0.0015894373258075482,0.8250322428759953,-0.5650834203053494,0.0,0.46344833736669777,0.23334133124193074,0.1642018734590272,1.0
2025-12-16 18:17:08.933,0.009486199692538902,-0.5650430217115717,-0.8249952378842305,0.0,-0.9999441150158743,-0.00667166324971693,-0.0069283948942738885,0.0,-0.0015892798216733679,0.8250307415743469,-0.5650856126702678,0.0,0.46340430570526286,0.2331290118280512,0.16360315412358756,1.0
2025-12-16 18:17:08.982,0.009486117446646281,-0.5650449779422306,-0.8249938989951748,0.0,-0.9999441158388491,-0.006671611014222697,-0.006928326417348453,0.0,-0.0015892529335792814,0.8250294021938651,-0.5650875682500426,0.0,0.4633481497295323,0.23300910408308506,0.16307521132467864,1.0
2025-12-16 18:17:09.032,0.009485948199431491,-0.5650469879544535,-0.8249925242640478,0.0,-0.9999441174766449,-0.0066715155197531175,-0.006928181993261546,0.0,-0.0015892326596685605,0.8250280263216441,-0.5650895770790381,0.0,0.46323185072585865,0.23291155757901635,0.1625358298334249,1.0
2025-12-16 18:17:09.082,0.009485645417114802,-0.5650485027167624,-0.8249914902650659,0.0,-0.9999441201710821,-0.00667144945487331,-0.006927856714750568,0.0,-0.0015893445641058208,0.8250269894001603,-0.5650910906616422,0.0,0.46309942318692743,0.2329152923735384,0.162105273301482,1.0
2025-12-16 18:17:09.132,0.009485479145831656,-0.5650496563227002,-0.8249907020543811,0.0,-0.9999441216662496,-0.0066714077919833945,-0.006927681025714888,0.0,-0.0015893962161082076,0.8250261996334164,-0.5650922435656947,0.0,0.4629979843261263,0.232872189582947,0.16177517237383507,1.0
2025-12-16 18:17:09.183,0.009485574249956713,-0.5650504153155828,-0.8249901811137175,0.0,-0.9999441208949026,-0.00667140000651054,-0.006927799858691059,0.0,-0.0015893139114942722,0.825025679861551,-0.5650930026555596,0.0,0.46299815567876496,0.23273456461461148,0.1615741827646717,1.0
2025-12-16 18:17:09.232,0.009485458120031156,-0.5650510843161283,-0.8249897242382048,0.0,-0.9999441218869746,-0.006671396857635274,-0.006927659696001207,0.0,-0.001589382831410266,0.8250252216871641,-0.5650936713875508,0.0,0.46295011327364416,0.23274441770655369,0.16136981575239118,1.0
2025-12-16 18:17:09.282,0.009485213268187652,-0.565051823114363,-0.8249892210360085,0.0,-0.999944123925344,-0.006671412234010442,-0.00692735066156527,0.0,-0.0015895616654643526,0.8250247155574664,-0.5650944098228488,0.0,0.4628642292080356,0.2328120505796232,0.1611383823700812,1.0
2025-12-16 18:17:09.332,0.009485295347552129,-0.56505261030473,-0.8249886809291319,0.0,-0.9999441232539383,-0.0066714095991891684,-0.006927450113912225,0.0,-0.0015894942382407191,0.825024176428414,-0.5650951971276025,0.0,0.4628225902677164,0.23265904833749926,0.16093859996323553,1.0
2025-12-16 18:17:09.382,0.009485222183572803,-0.5650533899998946,-0.8249881477396895,0.0,-0.9999441238711737,-0.006671414651736243,-0.006927356152540457,0.0,-0.0015895425422291474,0.8250236423696096,-0.5650959767027979,0.0,0.46281230216845476,0.23265645714486663,0.16071027428908616,1.0
2025-12-16 18:17:09.432,0.009485265427955488,-0.5650545251137346,-0.8249873697757205,0.0,-0.9999441234601074,-0.006671449068631314,-0.006927382343321121,0.0,-0.0015895430830662396,0.8250228646430081,-0.5650971121577527,0.0,0.4627800426027842,0.23252952452072542,0.16042128231786923,1.0
2025-12-16 18:17:09.482,0.009485327832877467,-0.5650553742813138,-0.8249867874414204,0.0,-0.9999441229064037,-0.006671471609254075,-0.006927440560444176,0.0,-0.0015895190148984746,0.8250222828577586,-0.5650979616115014,0.0,0.4627833677907872,0.23243856368042082,0.1602122658805682,1.0
2025-12-16 18:17:09.533,0.009485299658717748,-0.565056127441002,-0.8249862719057638,0.0,-0.9999441230976623,-0.006671501455781154,-0.006927384209112291,0.0,-0.0015895668236089759,0.8250217667690741,-0.5650987149468212,0.0,0.4627397376323184,0.2323931523006083,0.16001283567858163,1.0
2025-12-16 18:17:09.582,0.009485302688917811,-0.5650567737894033,-0.8249858291684888,0.0,-0.9999441230020458,-0.006671543303551157,-0.006927357708844629,0.0,-0.0015896088911658728,0.8250213237387544,-0.5650993616346834,0.0,0.4627139331646067,0.23234159065013466,0.15984792588400623,1.0
2025-12-16 18:17:09.632,0.009485317539358775,-0.5650573288146581,-0.8249854488445414,0.0,-0.9999441228143735,-0.006671580647954464,-0.0069273488333758204,0.0,-0.001589638333264434,0.8250209432925939,-0.5650999169868706,0.0,0.46269982027741885,0.2322936191123966,0.1597090299350986,1.0
2025-12-16 18:17:09.682,0.009485355911555424,-0.5650578441821059,-0.8249850954124628,0.0,-0.9999441224378214,-0.006671613179119155,-0.006927371857455839,0.0,-0.0015896462331249422,0.8250205900470227,-0.5651004326872491,0.0,0.4626936040018101,0.2322344416802776,0.1595847476146349,1.0
2025-12-16 18:17:09.732,0.009485368640480435,-0.5650583653162744,-0.8249847383249356,0.0,-0.9999441222623952,-0.00667165312775849,-0.006927358705829735,0.0,-0.0015896806298011136,0.8250202327912761,-0.565100954167062,0.0,0.4626764942562812,0.23218942033328382,0.15945572081030635,1.0
2025-12-16 18:17:09.782,0.00948543247365223,-0.565058912635666,-0.8249843627142243,0.0,-0.9999441216622846,-0.006671690992731086,-0.006927408862462282,0.0,-0.0015896772288716973,0.8250198576172008,-0.5651015019123571,0.0,0.46268279241418797,0.2321190269345459,0.15933023679579136,1.0
2025-12-16 18:17:09.832,0.009485479696324165,-0.5650597116524044,-0.8249838148978683,0.0,-0.9999441211920084,-0.006671735975015887,-0.006927433423005486,0.0,-0.0015896912706483486,0.8250193099930415,-0.5651023013758392,0.0,0.4626573025283012,0.23203331075539607,0.1591394198055261,1.0
2025-12-16 18:17:09.882,0.009485460554013708,-0.5650609941496835,-0.8249829366901223,0.0,-0.9999441211538062,-0.006671849985739684,-0.006927329133122951,0.0,-0.001589829516771758,0.8250184306640777,-0.5651035847583081,0.0,0.46260496785257155,0.23197765692187,0.15881973483897005,1.0
2025-12-16 18:17:09.932,0.00948549956900078,-0.5650629457001224,-0.8249815995498538,0.0,-0.9999441203854694,-0.006672095066242499,-0.006927203993322048,0.0,-0.0015900799801321635,0.8250170920221468,-0.5651055383881645,0.0,0.46254968013952336,0.23185163812903944,0.1583550437066096,1.0
2025-12-16 18:17:09.982,0.009485556553726219,-0.5650651099356284,-0.8249801165188836,0.0,-0.9999441193467639,-0.0066724038819705985,-0.006927056479425077,0.0,-0.0015903932209302373,0.8250156071840419,-0.5651077052670133,0.0,0.4624867667161431,0.2317076324342189,0.1578432271634879,1.0
2025-12-16 18:17:10.033,0.009485624969512055,-0.5650677520444741,-0.82497830602965,0.0,-0.9999441180731014,-0.006672788734773688,-0.006926869618895511,0.0,-0.0015907859302115347,0.8250137944117653,-0.5651103506665099,0.0,0.4624252157197077,0.23155385198655742,0.15723044573138611,1.0
2025-12-16 18:17:10.082,0.009485745868166381,-0.5650702483020691,-0.8249765948257991,0.0,-0.9999441162934208,-0.006673206167457051,-0.006926724393579167,0.0,-0.0015911836628157256,0.8250120812622405,-0.5651128505934878,0.0,0.4623965072265465,0.23140376333413712,0.1566827043739812,1.0
2025-12-16 18:17:10.132,0.009485883979854755,-0.5650728472938527,-0.8249748130443421,0.0,-0.9999441142242195,-0.006673699531816219,-0.006926547777084115,0.0,-0.0015916605936590101,0.8250102971202649,-0.5651154539225475,0.0,0.462373964407993,0.23126901409714412,0.15613519797477352,1.0
2025-12-16 18:17:10.182,0.00948601937469884,-0.5650752995315317,-0.8249731318030794,0.0,-0.9999441121236007,-0.006674219634700271,-0.00692634989155871,0.0,-0.0015921732890172538,0.8250086132682588,-0.5651179107207649,0.0,0.46233117392192713,0.23113428947000048,0.15563147897385043,1.0
2025-12-16 18:17:10.233,0.009486142022732699,-0.5650770993632549,-0.8249718975734525,0.0,-0.999944110279893,-0.006674656466704108,-0.0069261951179980024,0.0,-0.0015926004265788833,0.8250073769440998,-0.5651197144072194,0.0,0.46228410132019415,0.23100314730122615,0.1552648839299503,1.0
2025-12-16 18:17:10.282,0.009486265789338602,-0.5650783821615866,-0.8249710174765089,0.0,-0.9999441086452264,-0.006674975727474488,-0.006926123443124976,0.0,-0.0015928895556932311,0.8250064957081302,-0.5651210000895864,0.0,0.4622625826174464,0.23088575009101356,0.15501061109356692,1.0
2025-12-16 18:17:10.332,0.009486359668412813,-0.5650793659725485,-0.8249703425175432,0.0,-0.999944107399095,-0.006675221163864831,-0.006926066809453763,0.0,-0.0015931127209208877,0.8250058198588257,-0.5651219861153214,0.0,0.46224743385791667,0.23080399864296777,0.15481566127197086,1.0
2025-12-16 18:17:10.382,0.009486389324826228,-0.5650799988528862,-0.8249699086725578,0.0,-0.9999441068334329,-0.006675390464199488,-0.006925985305123623,0.0,-0.001593291169122236,0.825005384995283,-0.5651226204568663,0.0,0.46221744954232746,0.23076973871532283,0.15468401728375603,1.0
2025-12-16 18:17:10.432,0.009486416350930968,-0.5650805473558522,-0.8249695326531976,0.0,-0.9999441063220941,-0.0066755423465223165,-0.006925912741025701,0.0,-0.0015934511660522148,0.8250050080666531,-0.5651231702720417,0.0,0.4621964168893763,0.23074697622953333,0.15457208263757974,1.0
2025-12-16 18:17:10.482,0.009486420271820135,-0.5650811161055974,-0.8249691430305058,0.0,-0.999944105972427,-0.006675711107734378,-0.006925800561507136,0.0,-0.0015936472430934533,0.8250046171327211,-0.5651237404304981,0.0,0.4621658426145175,0.23074419395994417,0.1544514818448885,1.0
2025-12-16 18:17:10.532,0.009486396575651852,-0.5650817617546454,-0.8249687010508241,0.0,-0.9999441057520508,-0.006675933577943461,-0.006925617936523606,0.0,-0.0015939265553127318,0.8250041730908227,-0.5651243878836449,0.0,0.4621122226363155,0.23075640205977546,0.154306632399244,1.0
2025-12-16 18:17:10.582,0.009486400406529415,-0.5650826145109127,-0.8249681168906144,0.0,-0.9999441051722917,-0.006676224139512194,-0.006925421549054291,0.0,-0.0015942674353716373,0.8250035866372113,-0.5651252430630591,0.0,0.4620628115702679,0.23074841195686924,0.15412322993231742,1.0
2025-12-16 18:17:10.633,0.00948643605625341,-0.5650835214208932,-0.8249674952691906,0.0,-0.9999441042946292,-0.006676531029361918,-0.0069252524166502644,0.0,-0.0015946057591526032,0.8250029629569074,-0.5651261525932033,0.0,0.46201500365896725,0.23069446930277487,0.15393475440947366,1.0
2025-12-16 18:17:10.683,0.009486493839474605,-0.5650846207740953,-0.8249667415723126,0.0,-0.9999441031156683,-0.006676899217662905,-0.006925067670943278,0.0,-0.0015950012614491125,0.8250022069625739,-0.565127255118578,0.0,0.4619779799712645,0.2306439880649182,0.15371254923933145,1.0
2025-12-16 18:17:10.732,0.00948654603711205,-0.5650859871202242,-0.8249658050524616,0.0,-0.9999441017406971,-0.0066773951628415484,-0.006924788013913372,0.0,-0.001595552725060735,0.825001267051164,-0.5651286256910685,0.0,0.46190994475955144,0.23058141926443892,0.15343471005377382,1.0
2025-12-16 18:17:10.782,0.009486597462090268,-0.5650880309678854,-0.8249644044603613,0.0,-0.9999440998587431,-0.0066781620118837245,-0.006924320258288914,0.0,-0.0015964261826269712,0.8249998608764337,-0.5651306760186608,0.0,0.4617856266446805,0.23049676629016808,0.15302044967273118,1.0
2025-12-16 18:17:10.832,0.00948648270701856,-0.5650908996864087,-0.8249624407442213,0.0,-0.9999440987677842,-0.006679247146300885,-0.006923431103920474,0.0,-0.0015977908791405828,0.824997887102516,-0.5651335535434884,0.0,0.4615151167078582,0.23052870198741782,0.1524403450198859,1.0
2025-12-16 18:17:10.882,0.009486306049029601,-0.5650951856800864,-0.8249595068971213,0.0,-0.9999440970929137,-0.006680912278598463,-0.006922066264603977,0.0,-0.001599886580663687,0.8249949378105751,-0.5651378530499036,0.0,0.46114853870511985,0.2306536731402425,0.15164646209173036,1.0
2025-12-16 18:17:10.932,0.00948621141347251,-0.565100298098402,-0.8249560059683937,0.0,-0.9999440938418036,-0.00668303936265442,-0.006920482423902665,0.0,-0.001602477632272961,0.8249914186480609,-0.5651429829897014,0.0,0.4607590282873739,0.23074555895776877,0.15075787627952147,1.0
2025-12-16 18:17:10.982,0.00948635889887426,-0.5651051709985322,-0.8249526662825993,0.0,-0.999944088589234,-0.006685145922649137,-0.00691920664868897,0.0,-0.0016048803959166989,0.8249880636694691,-0.5651478737125487,0.0,0.4604882839445538,0.23067637307806013,0.14991047712715802,1.0
2025-12-16 18:17:11.032,0.009486659563414974,-0.5651087085888675,-0.8249502395105771,0.0,-0.9999440829456606,-0.006686779540549645,-0.006918443650570144,0.0,-0.0016066185590982468,0.8249856271726106,-0.5651514254918057,0.0,0.46040572882597686,0.23046782429683693,0.14926236561347456,1.0
2025-12-16 18:17:11.082,0.009486941370435363,-0.5651110738852253,-0.8249486159858258,0.0,-0.9999440784006766,-0.006687919246473231,-0.006917998900148686,0.0,-0.0016077828934061191,0.824983997688236,-0.5651538008299195,0.0,0.46040485014640276,0.23023624354224212,0.14882723022093852,1.0
2025-12-16 18:17:11.132,0.009487060942286527,-0.5651121672352406,-0.8249478656367173,0.0,-0.9999440763837633,-0.00668844873268674,-0.006917778529381649,0.0,-0.001608331654626419,0.8249832444392642,-0.5651548988231051,0.0,0.46039303628585715,0.23008283916294442,0.1486181475342393,1.0
2025-12-16 18:17:11.182,0.009487008605642975,-0.5651123652320541,-0.8249477306052536,0.0,-0.9999440765053708,-0.006688613121219211,-0.006917602008223152,0.0,-0.0016085647525014735,0.8249831074763239,-0.5651550980909091,0.0,0.4603296808912327,0.22998274664253887,0.14854621459132444,1.0
2025-12-16 18:17:11.233,0.009486895307397334,-0.5651123200073486,-0.8249477628883825,0.0,-0.9999440773191242,-0.006688682640837981,-0.006917417158441118,0.0,-0.001608727095346132,0.8249831378921343,-0.5651550532294484,0.0,0.46022687806659107,0.22995095386181316,0.14851323471187705,1.0
2025-12-16 18:17:11.282,0.009486823584822224,-0.5651124044673743,-0.8249477058556992,0.0,-0.9999440777208913,-0.006688785722232307,-0.006917259405733204,0.0,-0.0016089003177344049,0.8249830792002405,-0.5651551384116199,0.0,0.4601387466329471,0.22995827646653938,0.14847321115320236,1.0
2025-12-16 18:17:11.332,0.009486868279052006,-0.5651130016819318,-0.8249472962326145,0.0,-0.9999440767742704,-0.006689083928265389,-0.006917107882686012,0.0,-0.0016092250849226992,0.8249826676829098,-0.5651557381973713,0.0,0.4600977466768311,0.22994432802291181,0.14836322607404775,1.0
2025-12-16 18:17:11.383,0.00948699061863462,-0.5651142196404244,-0.8249464604872273,0.0,-0.9999440746403121,-0.006689662146385092,-0.006916857184149214,0.0,-0.0016098297537422849,0.8249818286755664,-0.5651569612092577,0.0,0.46005153636025975,0.2299120779634729,0.14815282819359438,1.0
2025-12-16 18:17:11.432,0.009487174595113033,-0.5651163295177553,-0.8249450130352872,0.0,-0.9999440711025718,-0.0066907019642293165,-0.006916362862759275,0.0,-0.0016109426401187867,0.8249803749409711,-0.5651590801058273,0.0,0.45995435776242016,0.22987748795207782,0.14779862110358705,1.0
2025-12-16 18:17:11.482,0.009487366393154178,-0.5651194174939732,-0.8249428954487716,0.0,-0.9999440665488077,-0.006692235640185252,-0.00691553737448877,0.0,-0.0016126388416058954,0.8249782471701638,-0.5651621812294333,0.0,0.45978292563672224,0.22986690776898158,0.14730710603665775,1.0
2025-12-16 18:17:11.533,0.009487456881992103,-0.5651230500825194,-0.8249404059255132,0.0,-0.9999440623453995,-0.006694027262336355,-0.006914411066675389,0.0,-0.0016147115837459526,0.8249757442103841,-0.5651658289130934,0.0,0.4594942446581185,0.22988619272805233,0.14673180951375775,1.0
2025-12-16 18:17:11.584,0.009487436867438973,-0.5651267951720383,-0.8249378405804134,0.0,-0.9999440585902898,-0.006696061363483726,-0.006912984406452748,0.0,-0.0016171528140961114,0.824973162187602,-0.5651695909078659,0.0,0.4590854722311064,0.2298208060637003,0.14610300025648823,1.0
2025-12-16 18:17:11.632,0.0094874120303725,-0.5651302399780941,-0.8249354809780436,0.0,-0.9999440546867221,-0.0066981860972083205,-0.006911490497222017,0.0,-0.0016197102709213944,0.8249707851062431,-0.5651730533737671,0.0,0.45868574210771884,0.2296212742277363,0.14545985127829997,1.0
2025-12-16 18:17:11.682,0.009487573758336667,-0.5651337523384387,-0.8249330729297163,0.0,-0.9999440490646576,-0.006700387250667076,-0.0069101701915960006,0.0,-0.0016222318678284647,0.824968361099423,-0.565176584395266,0.0,0.4584485877372168,0.22932313696606293,0.144802720915559,1.0
2025-12-16 18:17:11.732,0.009487850483683133,-0.5651373142146856,-0.8249306296147692,0.0,-0.9999440425144841,-0.006702567787801464,-0.006909003260248396,0.0,-0.001624649198360887,0.8249659033109714,-0.5651801649821897,0.0,0.4582908590043824,0.2289911126947049,0.14416024108073397,1.0
2025-12-16 18:17:11.782,0.009488186587587858,-0.5651407258975244,-0.8249282884884641,0.0,-0.9999440357520036,-0.006704599580204613,-0.006908010543793128,0.0,-0.0016268470853193359,0.8249635495948564,-0.565183594249175,0.0,0.4582092553393355,0.22859736567727806,0.14353755328513268,1.0
2025-12-16 18:17:11.832,0.009488489905788811,-0.5651435795067424,-0.8249263300457939,0.0,-0.9999440299250709,-0.0067062893959542935,-0.006907213689668333,0.0,-0.0016286585873570895,0.8249615809514794,-0.5651864625282894,0.0,0.45821787975637884,0.22811521856522615,0.14297787870053114,1.0
2025-12-16 18:17:11.882,0.009488751284637142,-0.5651460756772013,-0.8249246169480735,0.0,-0.9999440247532139,-0.0067078207112118956,-0.0069064754295157064,0.0,-0.0016303103335268893,0.8249598584503178,-0.5651889719676491,0.0,0.45825153975502586,0.22766682178203052,0.14249298687221787,1.0
2025-12-16 18:17:11.932,0.009488882944238776,-0.5651479825919813,-0.824923309025689,0.0,-0.999944021195217,-0.006709078786939808,-0.006905768529139529,0.0,-0.0016317257367229813,0.8249585418423305,-0.5651908896226974,0.0,0.4582036013006325,0.22732349540916452,0.14209997797150234,1.0
2025-12-16 18:17:11.982,0.00948893460245167,-0.5651493787620199,-0.8249223519254536,0.0,-0.9999440190746386,-0.006709943694556789,-0.006905235237364072,0.0,-0.0016327245642065427,0.8249575783241777,-0.5651922930967883,0.0,0.45808014176146056,0.2271031685080096,0.1417808501894545,1.0
2025-12-16 18:17:12.032,0.009488677306078521,-0.5651524520633591,-0.8249202493762424,0.0,-0.9999440202025407,-0.006710487571477266,-0.006904543355058006,0.0,-0.0016335289239041409,0.8249554684407371,-0.5651953703569933,0.0,0.4578097847470983,0.22731735645981427,0.14111442706645697,1.0
2025-12-16 18:17:12.083,0.009485827088387659,-0.5651591080361634,-0.8249157221131292,0.0,-0.999944042443308,-0.006711354830095598,-0.006900478221712023,0.0,-0.0016364655062519713,0.8249509014492854,-0.5652020277552604,0.0,0.45721873943191,0.2284204761247891,0.13943547731883557,1.0
2025-12-16 18:17:12.132,0.009483089031623206,-0.5651666496908764,-0.8249105866703476,0.0,-0.9999440639832138,-0.006712101814162499,-0.006896629262166579,0.0,-0.0016391705501656469,0.8249457285688452,-0.5652095700144546,0.0,0.456490125377954,0.2290512873614925,0.13752202620625353,1.0
2025-12-16 18:17:12.182,0.009482463628995097,-0.5651714983739936,-0.8249072718860151,0.0,-0.9999440683824635,-0.006712559440227063,-0.0068955459317305194,0.0,-0.0016401046459644248,0.8249424029490622,-0.5652144211477423,0.0,0.45589738137196084,0.2286663812043046,0.13612338410686117,1.0
2025-12-16 18:17:12.232,0.00948249209943611,-0.5651725449292611,-0.8249065545278297,0.0,-0.9999440685756352,-0.006712351302483628,-0.006895720528391781,0.0,-0.0016398222372195092,0.8249416876285067,-0.565215465991211,0.0,0.45534788000822374,0.22793667165141784,0.13571961436460395,1.0
2025-12-16 18:17:12.282,0.00948225410424054,-0.5651722622269606,-0.82490675095284,0.0,-0.9999440714570942,-0.006711900170724008,-0.0068957418104348195,0.0,-0.0016394413281411425,0.8249418849839188,-0.5652151790524653,0.0,0.45510007033190486,0.22706118451344146,0.13575346322542559,1.0
2025-12-16 18:17:12.332,0.00948134851683475,-0.5651718113222087,-0.8249070702923356,0.0,-0.9999440805771886,-0.006711116278171543,-0.006895182241987972,0.0,-0.001639116188382411,0.8249422002846944,-0.5652147198079397,0.0,0.455086939775699,0.22630212625925283,0.1362542624735087,1.0
2025-12-16 18:17:12.382,0.00948059835810795,-0.5651720345629254,-0.8249069259643685,0.0,-0.9999440880923189,-0.006710491523608307,-0.006894700424298034,0.0,-0.0016388706212852981,0.8249420524208334,-0.5652149363302335,0.0,0.45520934890642684,0.2257183688850835,0.13667768227204702,1.0
2025-12-16 18:17:12.432,0.009480276305323594,-0.565172254910304,-0.8249067786980449,0.0,-0.9999440915169665,-0.006710124423379696,-0.0068945610258443054,0.0,-0.0016386440701363278,0.8249419044429166,-0.5652151529636348,0.0,0.4553419041785215,0.22548222033208778,0.1369630872181274,1.0
2025-12-16 18:17:12.482,0.009480345680922207,-0.5651722760314448,-0.8249067634299132,0.0,-0.9999440908178541,-0.006710184643663273,-0.006894603811042416,0.0,-0.0016386693176619403,0.8249418894825807,-0.5652151747253226,0.0,0.4553823047169634,0.22556783597454352,0.13690393253281985,1.0
2025-12-16 18:17:12.532,0.009480291187031161,-0.5651721552664509,-0.8249068467964684,0.0,-0.9999440908993754,-0.00671037186581834,-0.0068944097682299595,0.0,-0.0016389348232374711,0.8249419706979897,-0.5652150554201136,0.0,0.45527633300760467,0.22578788595557645,0.13673174566578983,1.0
2025-12-16 18:17:12.582,0.00948000011805291,-0.5651721403726366,-0.8249068603458104,0.0,-0.9999440929910686,-0.006710543319456721,-0.006893939500390447,0.0,-0.0016393422402504621,0.8249419795073082,-0.5652150413812281,0.0,0.4550987480234315,0.22611324190612925,0.13654164453436426,1.0
2025-12-16 18:17:12.632,0.009479665917265652,-0.565172335282378,-0.8249067306470284,0.0,-0.9999440954690255,-0.006710703407167816,-0.006893424230533243,0.0,-0.0016397633080109818,0.8249418446687179,-0.5652152369592197,0.0,0.4549370689168969,0.226411569124555,0.13634548834764004,1.0
2025-12-16 18:17:12.682,0.009479391434687446,-0.5651725332435473,-0.8249065981711553,0.0,-0.9999440975332817,-0.0067108204672805954,-0.006893010823642083,0.0,-0.0016400912705680421,0.8249417080894695,-0.5652154353474902,0.0,0.4548408732615298,0.22664842227106013,0.13619082108457414,1.0
2025-12-16 18:17:12.732,0.009479154314368184,-0.5651726800453694,-0.8249065003168706,0.0,-0.9999440993378772,-0.006710910593330598,-0.006892661284162352,0.0,-0.0016403615029108327,0.8249416067795156,-0.5652155824268922,0.0,0.4547817955794722,0.2268551300889062,0.1360664690535393,1.0
2025-12-16 18:17:12.782,0.009479023943676711,-0.565172769724502,-0.8249064403726147,0.0,-0.9999441003318299,-0.006710959301713103,-0.006892469660871963,0.0,-0.0016405089654657281,0.8249415449423352,-0.5652156722512982,0.0,0.45475952320019897,0.22697007546419118,0.1359921478167605,1.0
2025-12-16 18:17:12.833,0.009479069380058783,-0.5651727637110611,-0.8249064439705253,0.0,-0.9999440999908236,-0.006710939822167986,-0.00689253809951238,0.0,-0.001640454281547896,0.824941549220732,-0.5652156661656226,0.0,0.4547823542646598,0.2269284882922247,0.136011791902523,1.0
2025-12-16 18:17:12.882,0.009479188430882619,-0.565172779384348,-0.8249064318641669,0.0,-0.9999440992180416,-0.0067108283238938495,-0.006892758768047609,0.0,-0.0016402373966056755,0.8249415393897095,-0.565215681143596,0.0,0.45488136030626886,0.22674729071499353,0.1361393649990122,1.0
2025-12-16 18:17:12.932,0.009479137509560623,-0.565172671877985,-0.824906506105742,0.0,-0.999944099589077,-0.006710854810603438,-0.006892679153212662,0.0,-0.0016403054823424218,0.8249416128289494,-0.5652155737602212,0.0,0.45482218464271224,0.2268163754545033,0.1361266807445012,1.0
2025-12-16 18:17:12.982,0.009478793575084198,-0.5651728540887807,-0.8249063852187781,0.0,-0.9999441021371182,-0.006711020094790409,-0.006892148553866472,0.0,-0.0016407396478540206,0.8249414866481372,-0.5652157566630368,0.0,0.45466254445452636,0.22710250528004772,0.1359495930232019,1.0
2025-12-16 18:17:13.032,0.009478271787193295,-0.5651733985797809,-0.8249060181638369,0.0,-0.9999441061717286,-0.006711187884277465,-0.006891399771681715,0.0,-0.001641295044851078,0.8249411122412791,-0.5652163015029708,0.0,0.45448833432698804,0.22742917504059584,0.1357245071469045,1.0
2025-12-16 18:17:13.082,0.009477641905175783,-0.5651739084425397,-0.8249056760750949,0.0,-0.999944111058653,-0.006711380522072543,-0.006890503016227116,0.0,-0.0016419549788626831,0.8249407613562578,-0.5652168117075119,0.0,0.45429786770830627,0.227826469509545,0.13550399324790408,1.0
2025-12-16 18:17:13.132,0.009477353911743614,-0.565174088713264,-0.8249055558736234,0.0,-0.9999441133062804,-0.006711461369088977,-0.006890098084670994,0.0,-0.0016422484836160342,0.8249406371910948,-0.5652169920753168,0.0,0.45420892643334165,0.22800186532108252,0.135409297871156,1.0
2025-12-16 18:17:13.182,0.009477387599319969,-0.5651738999712266,-0.8249056848008837,0.0,-0.9999441130922209,-0.0067114259753715,-0.006890163626325495,0.0,-0.0016421844092125621,0.8249407667903403,-0.5652168031098612,0.0,0.45423171930604006,0.22799964405594597,0.13547903378300583,1.0
2025-12-16 18:17:13.232,0.009477412410819317,-0.5651735072822702,-0.8249059535616539,0.0,-0.9999441130343093,-0.006711347676974312,-0.006890248297118012,0.0,-0.0016420764740908338,0.824941036466926,-0.5652164098270035,0.0,0.4542347825992837,0.22801058162777207,0.13563655711499276,1.0
2025-12-16 18:17:13.283,0.009477453470924393,-0.5651730857260677,-0.8249062419134611,0.0,-0.9999441130547871,-0.006711161554106863,-0.006890426610758077,0.0,-0.001641826997158701,0.8249413267979739,-0.5652159868093876,0.0,0.4542486078891631,0.22791193954933253,0.13589843442756927,1.0
2025-12-16 18:17:13.332,0.009477414367357592,-0.5651728700734139,-0.8249063901141134,0.0,-0.9999441136810415,-0.006711009199817007,-0.006890484116894092,0.0,-0.0016416712957628412,0.8249414757853823,-0.5652157698121948,0.0,0.45421702598691416,0.22779685158685492,0.13608721038482144,1.0
2025-12-16 18:17:13.383,0.009477377124481165,-0.5651726931270646,-0.8249065117742432,0.0,-0.9999441141767411,-0.006710914953718833,-0.006890503971768667,0.0,-0.0016415843641444652,0.8249415977815185,-0.5652155920093241,0.0,0.4541824682707718,0.2277569332879107,0.13620911050681403,1.0
2025-12-16 18:17:13.433,0.009477364514644005,-0.5651726758350538,-0.8249065237664872,0.0,-0.999944114498987,-0.006710805799533585,-0.006890563515845222,0.0,-0.0016414608667118362,0.8249416105165933,-0.5652155737809357,0.0,0.45422016629498585,0.22767445639240896,0.1363157065384885,1.0
2025-12-16 18:17:13.482,0.009477373314728936,-0.5651727168950548,-0.8249064955337203,0.0,-0.9999441145127568,-0.006710762278712149,-0.006890603902844838,0.0,-0.0016414016669422347,0.8249415827396284,-0.5652156144938006,0.0,0.45426706697461566,0.2276478572419036,0.13635011997006533,1.0
2025-12-16 18:17:13.532,0.009477386542465027,-0.5651728258624814,-0.8249064207242844,0.0,-0.9999441144407213,-0.006710743859999806,-0.006890632294304862,0.0,-0.001641369173641208,0.8249415082337404,-0.5652157233307276,0.0,0.4543096107703575,0.2276079600714597,0.1363545541238384,1.0
2025-12-16 18:17:13.582,0.009477395497179244,-0.5651728695760595,-0.8249063906716693,0.0,-0.9999441143686861,-0.006710742835109283,-0.0068906437459100855,0.0,-0.0016413613530255977,0.8249414782930411,-0.5652157670523715,0.0,0.45432973464073917,0.2276024571281707,0.13634956626218042,1.0
2025-12-16 18:17:13.632,0.009477386173637088,-0.5651728478921645,-0.8249064056351992,0.0,-0.9999441143970035,-0.006710767564470871,-0.006890615552760637,0.0,-0.0016413979369737331,0.8249414929479334,-0.5652157455570809,0.0,0.4543007011284125,0.22761541713118313,0.13632827934163727,1.0
2025-12-16 18:17:13.682,0.009477386472661768,-0.5651728149885286,-0.8249064281752195,0.0,-0.999944114422501,-0.006710753219605061,-0.006890625823103252,0.0,-0.0016413806769381195,0.8249415156075597,-0.5652157125351132,0.0,0.45430844963668876,0.22762538459368648,0.13634569835553698,1.0
2025-12-16 18:17:13.732,0.009477395535484054,-0.5651728502405613,-0.8249064039186705,0.0,-0.9999441144124359,-0.006710720524248609,-0.006890659125455158,0.0,-0.0016413344781665178,0.8249414917216715,-0.5652157475311124,0.0,0.454341396535472,0.22760221512082224,0.1363737749561133,1.0
2025-12-16 18:17:13.782,0.00947740321564328,-0.5651729039785314,-0.8249063670126264,0.0,-0.9999441144040287,-0.0067106929539264126,-0.006890687195714728,0.0,-0.0016412952519706324,0.8249414551290052,-0.5652158010526027,0.0,0.4543746119630067,0.2275799069939519,0.13639538684202945,1.0
2025-12-16 18:17:13.832,0.009477405512038326,-0.565173003972336,-0.8249062984768966,0.0,-0.9999441144290603,-0.0067106715663764974,-0.00689070439209256,0.0,-0.0016412667408201255,0.8249413867952389,-0.5652159008696,0.0,0.45439969192536006,0.2275311502297366,0.13640947224455455,1.0
2025-12-16 18:17:13.882,0.009477415413225387,-0.5651729991016844,-0.8249063017001997,0.0,-0.9999441143389688,-0.006710675236852965,-0.006890713891111158,0.0,-0.0016412644551793475,0.8249413901023612,-0.5652158960494407,0.0,0.4544154062683972,0.22755353877827816,0.13640177190117606,1.0
2025-12-16 18:17:13.932,0.00947741965192352,-0.5651729893240177,-0.8249063083505324,0.0,-0.9999441142855429,-0.006710684211880694,-0.006890712903484824,0.0,-0.0016412725290746936,0.8249413967282255,-0.5652158863554435,0.0,0.4544201676485116,0.22757229843865054,0.13639068845084998,1.0
2025-12-16 18:17:13.982,0.009477422259038469,-0.5651730363060968,-0.8249062761314644,0.0,-0.9999441143199915,-0.006710656343038834,-0.00689073504508405,0.0,-0.0016412364854114473,0.82494136476657,-0.5652159331086374,0.0,0.45443984462334736,0.2275410113815792,0.136414442753588,1.0
2025-12-16 18:17:14.032,0.009477409060082938,-0.5651731567745265,-0.82490619374583,0.0,-0.9999441145746047,-0.006710584788814991,-0.006890767780924045,0.0,-0.0016411575739738347,0.8249412828132942,-0.5652160529498202,0.0,0.45447669582776007,0.22745681282117478,0.13648082222324565,1.0
