timestamp,ee_pose_cmd
2025-12-16 17:40:11.133,0.009901360080979554,-0.5736132638392519,-0.8190546584431565,0.0,-0.9999406848534828,-0.006626954640001429,-0.00744695563002299,0.0,-0.0011561878047791308,0.8190955812134302,-0.5736559004023168,0.0,0.44934965793509396,0.24098250284698103,0.21666075087138356,1.0
2025-12-16 17:40:11.186,0.009901369365168427,-0.5736132730170355,-0.8190546519033921,0.0,-0.9999406847816811,-0.006626945788796795,-0.007446973147750648,0.0,-0.0011561703947371774,0.8190955748577102,-0.5736559095124318,0.0,0.44934116373596866,0.2409502863685754,0.2166571589123641,1.0
2025-12-16 17:40:11.232,0.009901360432691988,-0.5736132615502604,-0.8190546600419674,0.0,-0.9999406848596957,-0.006626947952293975,-0.0074469607471093656,0.0,-0.0011561794194324285,0.8190955828705523,-0.573655898053093,0.0,0.4493276100673653,0.2409557004464075,0.21665429937825753,1.0
2025-12-16 17:40:11.282,0.009901348505611264,-0.5736132263975763,-0.8190546848048315,0.0,-0.9999406849568725,-0.006626955613839125,-0.00744694088075862,0.0,-0.0011561975164896747,0.819095607426489,-0.5736558629543795,0.0,0.4493105463277861,0.24096910705867497,0.2166610117941588,1.0
2025-12-16 17:40:11.332,0.009901266854398374,-0.573613270510178,-0.8190546548982576,0.0,-0.9999406857237044,-0.006626938690930117,-0.0074468529730818646,0.0,-0.0011562335547126417,0.8190955766707251,-0.5736559067964168,0.0,0.4491821107478676,0.24096271096137054,0.21658522769842467,1.0
2025-12-16 17:40:11.383,0.00990124648363185,-0.5736133361183285,-0.8190546091967739,0.0,-0.9999406859701624,-0.006626895898623936,-0.00744685796013704,0.0,-0.0011561948526552718,0.8190955310706167,-0.5736559719846094,0.0,0.4490428214581734,0.2408461631874694,0.21651366687986306,1.0
2025-12-16 17:40:11.432,0.00990132483149543,-0.573613470888357,-0.8190545138653481,0.0,-0.999940685365566,-0.00662682078405329,-0.0074470059854154684,0.0,-0.0011560467822178345,0.819095437296934,-0.5736561061778925,0.0,0.44903488470063035,0.24066424964416616,0.21646822082308717,1.0
2025-12-16 17:40:11.482,0.009901394083345205,-0.5736138738355181,-0.8190542308295737,0.0,-0.9999406849222964,-0.006626692373098476,-0.007447179770207106,0.0,-0.0011558370408990223,0.819095156145904,-0.5736565080420966,0.0,0.44910104022172126,0.24043750143508164,0.21631560562042917,1.0
2025-12-16 17:40:11.532,0.009901420893652972,-0.5736141380594215,-0.8190540454596644,0.0,-0.9999406848063117,-0.006626604212587589,-0.007447273789933223,0.0,-0.0011557077030294703,0.8190949718190335,-0.5736567714936187,0.0,0.44909864946330424,0.24015749574316994,0.21623233166543226,1.0
2025-12-16 17:40:11.583,0.009901372807412838,-0.5736142561844992,-0.819053963313554,0.0,-0.9999406853562904,-0.006626525371959764,-0.0074472700968458904,0.0,-0.0011556438214187746,0.8190948897319991,-0.5736568888301457,0.0,0.44896196969028834,0.2399351832416542,0.21603667512243072,1.0
2025-12-16 17:40:11.632,0.009901318095088589,-0.5736141851549204,-0.8190540137196357,0.0,-0.9999406859443909,-0.006626460489954337,-0.00744724886414876,0.0,-0.001155603721149735,0.8190949400000558,-0.5736568171357722,0.0,0.44878918889185937,0.23978274346231854,0.21594309994713276,1.0
2025-12-16 17:40:11.682,0.009901313401719588,-0.5736142306694662,-0.8190539819008305,0.0,-0.999940686030208,-0.006626430323811306,-0.0074472641828584735,0.0,-0.0011555696759605956,0.8190949083695402,-0.5736568623679303,0.0,0.44874977385447257,0.23970536611443372,0.21589670630635568,1.0
2025-12-16 17:40:11.732,0.009901320759389492,-0.5736142771536558,-0.8190539492572617,0.0,-0.9999406860006835,-0.006626404253266968,-0.0074472913440224815,0.0,-0.0011555321795344703,0.8190948760268291,-0.57365690862394,0.0,0.4487393876621829,0.23962959754142862,0.2158771253478562,1.0
2025-12-16 17:40:11.782,0.009901289923745744,-0.573614288513864,-0.8190539416740437,0.0,-0.9999406863296756,-0.006626369893979579,-0.007447277742498126,0.0,-0.001155511704206988,0.8190948683490608,-0.57365691962787,0.0,0.44863922939583056,0.2395314716260609,0.21579791188515376,1.0
2025-12-16 17:40:11.832,0.009901236213774863,-0.57361429771749,-0.8190539358776796,0.0,-0.999940686935643,-0.006626286607995057,-0.007447270484644949,0.0,-0.001155447543515877,0.8190948625773945,-0.5736569279981665,0.0,0.4484387042666911,0.23932670701289935,0.21566307043826208,1.0
2025-12-16 17:40:11.882,0.009901169279319985,-0.5736143854793507,-0.8190538752238813,0.0,-0.9999406877353292,-0.006626151941018336,-0.007447282931345478,0.0,-0.0011553290466229423,0.8190948022057754,-0.5736570144383103,0.0,0.448250157272659,0.23917047136933312,0.21548501445573126,1.0
2025-12-16 17:40:11.932,0.009901163079509539,-0.5736148012211723,-0.81905358413896,0.0,-0.9999406881870031,-0.006625875423327431,-0.007447468307120527,0.0,-0.0011549911981043228,0.8190945132917656,-0.5736574276435877,0.0,0.4481680252097715,0.23893836265873628,0.2152050498522017,1.0
2025-12-16 17:40:11.982,0.009901253252030751,-0.5736155455111408,-0.8190530617934371,0.0,-0.9999406877683343,-0.006625597571029669,-0.007447771708713855,0.0,-0.0011545805744805748,0.8190939942999329,-0.5736581695099257,0.0,0.4482853606130367,0.23871972246827508,0.21490858266057544,1.0
2025-12-16 17:40:12.032,0.00990140658852916,-0.5736166912927988,-0.8190522575019733,0.0,-0.9999406869150868,-0.006625224017396259,-0.007448218559622467,0.0,-0.00115400441986952,0.819093194908396,-0.573659312073425,0.0,0.4484122899866613,0.23833204429108543,0.21447192826684947,1.0
2025-12-16 17:40:12.082,0.009901524254033475,-0.5736177133967462,-0.8190515402562549,0.0,-0.9999406864397324,-0.006624811100471765,-0.007448649644601384,0.0,-0.001153406565368938,0.8190924824469596,-0.5736603305547388,0.0,0.44842034285132926,0.23781727413693451,0.21398373716885652,1.0
2025-12-16 17:40:12.132,0.009901478819906257,-0.5736185623175042,-0.8190509462684153,0.0,-0.9999406875199729,-0.006624345006767329,-0.007448919151318628,0.0,-0.001152859947929022,0.819091891697842,-0.5736611751450422,0.0,0.44829394140167594,0.23743398236994256,0.21341606516924289,1.0
2025-12-16 17:40:12.182,0.009901290436919166,-0.573619657931094,-0.8190501812367217,0.0,-0.9999406901236507,-0.006623722184815471,-0.007449123482899067,0.0,-0.0011522193755811605,0.8190911294492882,-0.5736622647934931,0.0,0.4480504560827987,0.23712835006264416,0.21277685870357707,1.0
2025-12-16 17:40:12.232,0.009901049429673561,-0.573621024953149,-0.8190492267581346,0.0,-0.9999406932712583,-0.006623055062000776,-0.007449294130933262,0.0,-0.0011515585638155483,0.8190901774813302,-0.5736636253646185,0.0,0.44775560259310365,0.2367862635634349,0.21207247484772132,1.0
2025-12-16 17:40:12.282,0.009900858863611405,-0.5736224910775208,-0.8190482022597878,0.0,-0.9999406959162719,-0.006622419673004855,-0.007449503967683655,0.0,-0.001150900062942524,0.8190891558484487,-0.5736650853943622,0.0,0.44748522745002756,0.23638330194261825,0.21136251917854768,1.0
2025-12-16 17:40:12.332,0.009900799397716046,-0.5736240114666906,-0.8190471381681009,0.0,-0.9999406975379976,-0.006621663968929945,-0.0074499580343341245,0.0,-0.0011500022518565367,0.8190880971803851,-0.5736665987768824,0.0,0.4473101780136516,0.23583740923903276,0.21058426865492824,1.0
2025-12-16 17:40:12.382,0.009900913856166782,-0.5736251898876682,-0.8190463114698444,0.0,-0.9999406977821985,-0.006620758717579806,-0.007450729767030317,0.0,-0.0011488038473850828,0.8190872792089869,-0.5736677690856783,0.0,0.4472539809403686,0.2352116378936812,0.20988816103682448,1.0
2025-12-16 17:40:12.433,0.009901151277504782,-0.5736266509635939,-0.8190452853224169,0.0,-0.9999406970742049,-0.0066197361473655045,-0.00745173330847851,0.0,-0.0011473729504464906,0.8190862642281695,-0.5736692211440784,0.0,0.4472514549900619,0.23445312231947002,0.20912639508468941,1.0
2025-12-16 17:40:12.482,0.00990128513464456,-0.5736281612064591,-0.8190442259883084,0.0,-0.9999406968971845,-0.006619006503256287,-0.007452405174912806,0.0,-0.0011463716524271288,0.8190852124414538,-0.5736707248864742,0.0,0.4472751322653541,0.23397398700116118,0.2084867596108582,1.0
2025-12-16 17:40:12.533,0.009901246729842893,-0.5736300429157059,-0.8190429085700752,0.0,-0.9999406984172352,-0.006618186869213231,-0.007452929130522027,0.0,-0.0011453770178885352,0.8190839012226949,-0.5736725990225587,0.0,0.4473489778095955,0.2337048347571121,0.20777187797977537,1.0
2025-12-16 17:40:12.582,0.00990076466336549,-0.5736318842005727,-0.8190416248206129,0.0,-0.9999407035831637,-0.0066176461782657325,-0.00745271614079792,0.0,-0.0011450341215318717,0.8190826160541597,-0.5736744346532575,0.0,0.44737484690967105,0.23376634067138263,0.20709915717219335,1.0
2025-12-16 17:40:12.632,0.00989975616763507,-0.5736338968289815,-0.8190402274234319,0.0,-0.9999407133578956,-0.006617236262127193,-0.007451768566059207,0.0,-0.0011452177012204134,0.8190812098218724,-0.5736764420761538,0.0,0.4472021887414128,0.23404667815671465,0.20637192789110873,1.0
2025-12-16 17:40:12.682,0.009898353526965048,-0.5736361942926275,-0.8190386352890409,0.0,-0.9999407264929243,-0.006616989124148715,-0.0074502252947219625,0.0,-0.00114587291888277,0.8190796027810301,-0.5736787352546054,0.0,0.44681129977603246,0.23448271614800206,0.20562897152681361,1.0
2025-12-16 17:40:12.732,0.009896720407271771,-0.5736393492619727,-0.8190364453458036,0.0,-0.9999407415318562,-0.006616885295050573,-0.007448298793848183,0.0,-0.0011468550186202434,0.8190773940093556,-0.5736818868906437,0.0,0.4462967773384402,0.23501626146378854,0.20480375766339348,1.0
2025-12-16 17:40:12.782,0.009895164222883656,-0.5736428511385355,-0.8190340114817347,0.0,-0.9999407559367434,-0.006616735321048747,-0.00744649793885781,0.0,-0.0011477230614933141,0.8190749426297279,-0.5736853851091921,0.0,0.4457990094442985,0.23546724005852676,0.2039282426920642,1.0
2025-12-16 17:40:12.832,0.009894000872110245,-0.5736455834034753,-0.8190321118794047,0.0,-0.9999407667061957,-0.006616622152613134,-0.007445152216268022,0.0,-0.0011483694382043279,0.8190730299461704,-0.5736881146253889,0.0,0.4454918631293269,0.23580072635345137,0.20317078507503722,1.0
2025-12-16 17:40:12.883,0.009893048037135444,-0.5736480136888957,-0.8190304212253214,0.0,-0.9999407757069969,-0.006616401822764122,-0.007444139078304321,0.0,-0.0011487408928231642,0.8190713296143999,-0.5736905414925892,0.0,0.4453835260963015,0.23602589976942007,0.20239976060375328,1.0
2025-12-16 17:40:12.932,0.009892396142281747,-0.5736500743347184,-0.8190289858213473,0.0,-0.9999407819867199,-0.006616167503203725,-0.007443503782833949,0.0,-0.001148888581504937,0.8190698882735704,-0.5736925990271688,0.0,0.44541070037728825,0.23615205041959855,0.20171402478890296,1.0
2025-12-16 17:40:12.982,0.009891791109589815,-0.5736521052200345,-0.8190275706876265,0.0,-0.999940787845094,-0.006615929376497332,-0.007442928417403094,0.0,-0.001148999131221876,0.8190684677995148,-0.5736946268334328,0.0,0.4454692196507692,0.23625319482698612,0.20102622224790107,1.0
2025-12-16 17:40:13.032,0.009891040361218344,-0.5736541987638442,-0.8190261134190979,0.0,-0.9999407950099213,-0.006615704108037681,-0.007442166034818186,0.0,-0.0011492267555419289,0.8190670033287362,-0.573696717208621,0.0,0.44550609939932084,0.23639402990704605,0.20025150110853976,1.0
2025-12-16 17:40:13.083,0.009890255041834292,-0.5736564154867433,-0.8190245702830391,0.0,-0.9999408024176163,-0.006615530272453359,-0.007441325207009052,0.0,-0.0011495400260742366,0.8190654521607792,-0.5736989311776577,0.0,0.44554120618401033,0.23652914271265488,0.19939300525053066,1.0
2025-12-16 17:40:13.132,0.009889470221441423,-0.5736587530177539,-0.8190229425150819,0.0,-0.999940809826264,-0.006615353112744064,-0.007440487107526654,0.0,-0.0011498475543561227,0.8190638163970775,-0.5737012659212603,0.0,0.44558617194275707,0.23666019430038956,0.19852680283201704,1.0
2025-12-16 17:40:13.182,0.009888820784546974,-0.5736616272631098,-0.8190209371747099,0.0,-0.9999408159329896,-0.006615231694760491,-0.007439774331283664,0.0,-0.0011501223563353097,0.8190618042575544,-0.5737041380580454,0.0,0.4456506084829938,0.2366696416687029,0.19754647665023972,1.0
2025-12-16 17:40:13.232,0.00988841728895471,-0.5736644364867319,-0.8190189743925886,0.0,-0.9999408199147789,-0.006615031729296568,-0.0074394169521735725,0.0,-0.0011501297124054271,0.8190598382790789,-0.5737069448070972,0.0,0.4457107548804632,0.23652290663287914,0.19660851329477133,1.0
2025-12-16 17:40:13.282,0.009888186433371993,-0.5736672324283039,-0.8190170188148216,0.0,-0.9999408223689904,-0.0066148026667972645,-0.007439290753469244,0.0,-0.0011499807631297594,0.8190578818241088,-0.5737097382527586,0.0,0.4457488052387575,0.23628675000355215,0.19572368824541939,1.0
2025-12-16 17:40:13.332,0.009887997301163645,-0.5736698588190247,-0.8190151814790377,0.0,-0.999940824265818,-0.006614699088315469,-0.007439127890812174,0.0,-0.001149957667635531,0.8190560430977885,-0.5737123633514938,0.0,0.4457598007984429,0.23607298531432375,0.19492762610329567,1.0
2025-12-16 17:40:13.382,0.00988794268806191,-0.5736723452744631,-0.819013440523355,0.0,-0.9999408249631861,-0.0066145782777687085,-0.007439141574022398,0.0,-0.001149820856902847,0.8190543025117953,-0.573714848551886,0.0,0.4457692981143481,0.2358081655588503,0.19422118524285167,1.0
2025-12-16 17:40:13.432,0.009887799209432955,-0.5736746092609434,-0.8190118564571006,0.0,-0.9999408264062922,-0.006614499191321596,-0.007439017916220915,0.0,-0.0011497997030524099,0.8190527174006194,-0.5737171115447963,0.0,0.44571814473588317,0.2355923287422522,0.19355366563288295,1.0
2025-12-16 17:40:13.482,0.009887664667943939,-0.5736768430505915,-0.8190102934250153,0.0,-0.9999408278789721,-0.006614340919143831,-0.007438960688784636,0.0,-0.0011496759483062653,0.8190511540703631,-0.5737193436352135,0.0,0.44563417025739077,0.23533822826385528,0.19286928231518932,1.0
2025-12-16 17:40:13.532,0.009887561043990993,-0.5736791004891233,-0.8190087134455897,0.0,-0.9999408290021966,-0.00661423174069855,-0.007438906780461524,0.0,-0.0011495902111167053,0.8190495737700568,-0.5737215998630648,0.0,0.44558445821691506,0.23507406703015649,0.1921889530021624,1.0
2025-12-16 17:40:13.582,0.009887544341962987,-0.5736812388588448,-0.8190072158103828,0.0,-0.9999408292997579,-0.006614147237686434,-0.007438941916649053,0.0,-0.0011494750305116668,0.8190480766615132,-0.5737237373721172,0.0,0.4456107085966516,0.23481206817567785,0.19156380692235891,1.0
2025-12-16 17:40:13.632,0.009887601547606286,-0.5736831728362435,-0.8190058604438583,0.0,-0.9999408289083678,-0.006614073445438351,-0.007439060136366,0.0,-0.0011493234193073736,0.8190467226230256,-0.5737256706965084,0.0,0.4457194376745491,0.234575139124236,0.19102265170699304,1.0
2025-12-16 17:40:13.682,0.00988773506889259,-0.5736850575479685,-0.8190045386581198,0.0,-0.9999408279115054,-0.006613936661306142,-0.007439315741498174,0.0,-0.0011490419873470194,0.819045403594297,-0.573727554291727,0.0,0.4458809536945243,0.23432907022237603,0.1905246835768619,1.0
2025-12-16 17:40:13.733,0.00988789764954721,-0.5736867465727847,-0.8190033535877703,0.0,-0.9999408267388908,-0.006613735133006322,-0.007439652514922499,0.0,-0.0011486633220838978,0.8190442221504184,-0.5737292416589804,0.0,0.44607701535640265,0.23410702364242253,0.19008556841582447,1.0
2025-12-16 17:40:13.782,0.00988803462359494,-0.5736883102566434,-0.8190022566192161,0.0,-0.9999408258379914,-0.006613504457043082,-0.0074399786586049396,0.0,-0.0011482683972039306,0.8190431287318448,-0.5737308033885219,0.0,0.44630529748971604,0.2339404439368907,0.18967552163022577,1.0
2025-12-16 17:40:13.832,0.009888111969971919,-0.5736901093633517,-0.8190009954582124,0.0,-0.9999408255515649,-0.006613223865397499,-0.007440266565740312,0.0,-0.001147851688858364,0.8190418708089799,-0.5737325999960489,0.0,0.44649508040481345,0.23379346527695216,0.18919729964026724,1.0
2025-12-16 17:40:13.882,0.009888014425313832,-0.5736920127725864,-0.8189996633411222,0.0,-0.9999408267767814,-0.006612999197072127,-0.00744030159296801,0.0,-0.0011476246149023706,0.8190405393691262,-0.5737345011655425,0.0,0.4466075686689359,0.2337175521740989,0.18865446048871834,1.0
2025-12-16 17:40:13.932,0.009887699393955552,-0.5736941721113824,-0.8189981545689455,0.0,-0.9999408298544509,-0.006612864815191261,-0.007440007401621809,0.0,-0.00114765728923881,0.8190390279249303,-0.5737366587717152,0.0,0.4467145852567806,0.23374417494892052,0.1880293800765234,1.0
2025-12-16 17:40:13.982,0.009887116997407496,-0.5736961752456824,-0.8189967584350767,0.0,-0.9999408353710433,-0.006612721629392381,-0.007439393209191842,0.0,-0.0011478682486646523,0.8190376259591226,-0.5737386597238574,0.0,0.4468587940217198,0.23391100924746758,0.18734849348604887,1.0
2025-12-16 17:40:14.032,0.009886440192508929,-0.5736982889134201,-0.8189952860055679,0.0,-0.9999408417510443,-0.006612574945996133,-0.00743866600979136,0.0,-0.0011481398527636276,0.8190361465890069,-0.5737407710416867,0.0,0.4470265408235957,0.23408629699544276,0.18659132636793666,1.0
2025-12-16 17:40:14.083,0.009885525858578645,-0.5737008777167151,-0.8189934836045879,0.0,-0.9999408504393007,-0.006612324436686653,-0.007437720718096508,0.0,-0.0011484458320830018,0.8190343352292748,-0.5737433562035474,0.0,0.44721183552175375,0.23430067710324567,0.18567188959469771,1.0
2025-12-16 17:40:14.132,0.009884558215853887,-0.5737037940181605,-0.8189914524213632,0.0,-0.9999408595247016,-0.006612138199596959,-0.007436664752354516,0.0,-0.0011488640036238164,0.8190322939329465,-0.5737462693616723,0.0,0.4473796257593128,0.23451785838876238,0.18471128222372274,1.0
2025-12-16 17:40:14.182,0.009883561802336707,-0.5737067727085263,-0.8189893778649849,0.0,-0.9999408687907426,-0.006612009144146125,-0.007435533491341881,0.0,-0.0011493714616802632,0.8190302084570147,-0.5737492453852137,0.0,0.44758734209044815,0.2347809349263621,0.18371914011976717,1.0
2025-12-16 17:40:14.232,0.00988275433476585,-0.5737091083121307,-0.8189877515003913,0.0,-0.999940876215572,-0.006611963117424293,-0.00743457585718978,0.0,-0.0011498550591085366,0.819028572769927,-0.573751579361486,0.0,0.4477583897272043,0.23500625432344552,0.18288096194745848,1.0
2025-12-16 17:40:14.282,0.009882019860739659,-0.5737108920489665,-0.8189865108346166,0.0,-0.9999408829261487,-0.006611948266613569,-0.007433686447676784,0.0,-0.0011503317050338795,0.819027323399657,-0.573753361874039,0.0,0.44784584093823515,0.23521724002745473,0.18218697383876203,1.0
2025-12-16 17:40:14.332,0.009881293341968335,-0.5737120712911289,-0.8189856935245822,0.0,-0.9999408895137656,-0.006611963505806635,-0.007432786706565426,0.0,-0.0011508462178294733,0.8190264972258788,-0.5737545401954482,0.0,0.44780684013071925,0.23544350228591443,0.18166077166733097,1.0
2025-12-16 17:40:14.383,0.00988059798022355,-0.5737131095459751,-0.8189849745995647,0.0,-0.999940895768623,-0.006612012484123238,-0.0074319016114151116,0.0,-0.0011513816607017985,0.8190257695382365,-0.5737555778836236,0.0,0.44773242664071444,0.2356824555706203,0.1811816196894182,1.0
2025-12-16 17:40:14.432,0.009880242887390017,-0.5737137109927454,-0.8189845575593152,0.0,-0.9999408989773169,-0.006612027551103665,-0.007431456472804512,0.0,-0.001151642160097157,0.8190253481052999,-0.5737561789482771,0.0,0.44769856808708414,0.23580438544175714,0.1809095548264601,1.0
2025-12-16 17:40:14.482,0.009880201273666706,-0.5737142402149743,-0.8189841873312054,0.0,-0.9999408993574948,-0.006612030520804017,-0.007431402675471638,0.0,-0.001151669076198587,0.8190249773625138,-0.5737567081217202,0.0,0.44772764043447005,0.2357668078755643,0.18073474752191457,1.0
2025-12-16 17:40:14.532,0.009880315087179159,-0.573714873505366,-0.8189837423256386,0.0,-0.9999408983622352,-0.0066120096066777925,-0.007431555200328378,0.0,-0.001151556791302178,0.8190245339123957,-0.573757341361781,0.0,0.4478284837331734,0.23564251670854752,0.18057787045408216,1.0
2025-12-16 17:40:14.582,0.009880442072813852,-0.573715750457993,-0.8189831264696947,0.0,-0.9999408972669541,-0.006611977010399097,-0.007431731573503569,0.0,-0.0011514183155980067,0.8190239198703568,-0.5737582181686445,0.0,0.44796633344493686,0.2354965114479299,0.18034716479165047,1.0
2025-12-16 17:40:14.632,0.009880576050623834,-0.573716964103593,-0.8189822746664743,0.0,-0.9999408961702408,-0.006611903323620299,-0.0074319446918971665,0.0,-0.0011512210424047544,0.8190230703043543,-0.5737594312944584,0.0,0.44805934935499553,0.2352615068248728,0.17998419444504005,1.0
2025-12-16 17:40:14.682,0.00988074050065776,-0.5737184039852603,-0.8189812640085073,0.0,-0.9999408949805954,-0.006611700995629261,-0.007432284746864869,0.0,-0.001150842853002549,0.8190220632946141,-0.5737608695243696,0.0,0.4480995643873362,0.234933266249653,0.17952812622160946,1.0
2025-12-16 17:40:14.732,0.009880920623921518,-0.5737201621075192,-0.8189800302206116,0.0,-0.9999408938020456,-0.0066113922671100726,-0.0074327179325590674,0.0,-0.0011503202487803238,0.81902083420977,-0.5737626250407548,0.0,0.44814495621914713,0.23456988592260722,0.17897793693499908,1.0
2025-12-16 17:40:14.782,0.009880969981168214,-0.5737220473256739,-0.8189787089698224,0.0,-0.9999408939584266,-0.006610978988013383,-0.007433064485856006,0.0,-0.0011497601983474742,0.8190195169309269,-0.5737645065161469,0.0,0.4481246469431306,0.23426882988595218,0.17835222167221912,1.0
2025-12-16 17:40:14.833,0.009880917893192023,-0.5737238951067193,-0.8189774151625735,0.0,-0.9999408949711005,-0.006610611083148522,-0.007433255458438232,0.0,-0.0011493270306905021,0.8190182255044541,-0.5737663508248909,0.0,0.44807154424120704,0.23405304894297568,0.17774984870492386,1.0
2025-12-16 17:40:14.882,0.00988073434381214,-0.5737257468220711,-0.818976120179027,0.0,-0.9999408969857501,-0.006610379375850065,-0.007433190502687564,0.0,-0.0011491522064609667,0.8190169302162793,-0.5737682001194462,0.0,0.44801916651834317,0.2339514127565821,0.17717170436663704,1.0
2025-12-16 17:40:14.932,0.009880433531259558,-0.5737279016809282,-0.8189746142385866,0.0,-0.9999408998747075,-0.006610285775004166,-0.007432885102128852,0.0,-0.0011492247956496153,0.8190154214482918,-0.57377035363658,0.0,0.447953041589039,0.23390285899975738,0.17655241635422264,1.0
2025-12-16 17:40:14.982,0.00988007916911837,-0.5737302111121501,-0.8189730006502217,0.0,-0.9999409033106952,-0.006610150006401526,-0.0074325435950402825,0.0,-0.0011492817068422389,0.8190138047300946,-0.5737726612632335,0.0,0.4479391275576665,0.23387906753420673,0.17589474797234497,1.0
2025-12-16 17:40:15.032,0.0098798583831226,-0.5737323871967462,-0.8189714788569019,0.0,-0.9999409055379126,-0.006610010473571613,-0.007432368045715354,0.0,-0.0011492419178756974,0.8190122814460031,-0.5737748357009282,0.0,0.4480187111116591,0.23383126333298132,0.17529655359475435,1.0
2025-12-16 17:40:15.082,0.009879809067558351,-0.5737344268391779,-0.8189700505717635,0.0,-0.9999409061048027,-0.006609943933519162,-0.007432350954434096,0.0,-0.0011491726277349365,0.8190108531466453,-0.5737768746039489,0.0,0.4481295962311131,0.2337266724471154,0.17476970710753492,1.0
2025-12-16 17:40:15.132,0.009879738217028646,-0.5737363495296601,-0.81896870447066,0.0,-0.9999409068484645,-0.006609889628788172,-0.007432299198392903,0.0,-0.0011491346596876318,0.8190095066702776,-0.573778796639648,0.0,0.448314095537514,0.2336875168483625,0.17426901555479107,1.0
2025-12-16 17:40:15.182,0.009879736065222562,-0.5737385153912106,-0.8189671871773494,0.0,-0.9999409070123164,-0.006609806416670342,-0.0074323511575060865,0.0,-0.001149010571887655,0.8190079900689684,-0.5737809616725656,0.0,0.4485352183058752,0.23360935419984688,0.173730402384948,1.0
2025-12-16 17:40:15.232,0.009879740616549582,-0.5737405569985002,-0.8189657568431106,0.0,-0.9999409070839803,-0.006609744418091855,-0.007432396652671759,0.0,-0.0011489090646241758,0.8190065603337231,-0.573783002657176,0.0,0.44876041080906487,0.23353848852322454,0.17322288668762748,1.0
2025-12-16 17:40:15.282,0.009879718897071468,-0.5737427598498953,-0.8189642138552505,0.0,-0.9999409073858343,-0.00660968974142392,-0.007432404666383032,0.0,-0.001148833115897901,0.8190050175722929,-0.5737852049102348,0.0,0.44890140502462106,0.23342475912944702,0.17266927958859357,1.0
2025-12-16 17:40:15.332,0.009879762191484856,-0.5737451744502865,-0.8189625217281059,0.0,-0.9999409070328786,-0.006609683167315231,-0.007432457998549291,0.0,-0.0011487680009000798,0.8190033260722073,-0.5737876194331331,0.0,0.4490250286874595,0.23326828709847747,0.17209660032846613,1.0
2025-12-16 17:40:15.382,0.009879963111736875,-0.5737477065187714,-0.8189607453929456,0.0,-0.9999409052466093,-0.006609679620128203,-0.007432701468444899,0.0,-0.0011485948417598113,0.8190015522437848,-0.5737901516688491,0.0,0.44925004431186644,0.23307676655885154,0.1715445955694878,1.0
2025-12-16 17:40:15.432,0.009880240880945832,-0.5737501972484823,-0.8189589970802389,0.0,-0.9999409028479836,-0.006609614929556627,-0.0074330816792804715,0.0,-0.0011482936423560495,0.8189998078575832,-0.5737926421199149,0.0,0.44954469602766606,0.23286986741857268,0.17100796563296702,1.0
2025-12-16 17:40:15.482,0.009880592303669047,-0.5737525656932194,-0.8189573335390463,0.0,-0.9999408998718904,-0.006609484035109704,-0.007433598414751915,0.0,-0.0011478613585534996,0.8189981496632891,-0.573795009792182,0.0,0.4499533391929042,0.23267704970156433,0.17050208058428434,1.0
2025-12-16 17:40:15.532,0.009880937037388229,-0.5737551063465438,-0.8189555494199533,0.0,-0.9999408970292396,-0.006609302577415921,-0.007434142116487109,0.0,-0.0011473701133601336,0.8189963712222871,-0.5737975491987993,0.0,0.45046040111589347,0.23251771248537814,0.1699319726213592,1.0
2025-12-16 17:40:15.583,0.009881213740826551,-0.5737575610087113,-0.818953826355034,0.0,-0.9999408948236114,-0.006609106211615134,-0.007434613348862852,0.0,-0.0011469092802603139,0.8189946531332204,-0.5738000023861092,0.0,0.45094211852689337,0.23239892253006084,0.16935036836410505,1.0
2025-12-16 17:40:15.632,0.009881306616590273,-0.573760108303983,-0.8189520405980798,0.0,-0.9999408944018805,-0.0066088283419233704,-0.007434917075707419,0.0,-0.0011464767032207525,0.8189928707938341,-0.5738025472059557,0.0,0.45129275745825426,0.23230385170437726,0.1686982444975854,1.0
2025-12-16 17:40:15.682,0.009881013994446887,-0.5737622166744916,-0.8189505669943843,0.0,-0.9999408973314412,-0.0066086524543664885,-0.007434679410564404,0.0,-0.0011464436082947583,0.8189913951239971,-0.573804653501435,0.0,0.4515022812122673,0.23236933752960878,0.16809175619209826,1.0
2025-12-16 17:40:15.732,0.009880508706018414,-0.5737640267408509,-0.8189493049432562,0.0,-0.9999409019784028,-0.0066086260408838235,-0.007434077863319558,0.0,-0.0011467453312497052,0.8189901272284243,-0.57380646256165,0.0,0.45152853185099895,0.23248357728226177,0.1675366971601,1.0
2025-12-16 17:40:15.782,0.009879939733419578,-0.5737657849367354,-0.8189480799953096,0.0,-0.9999409071970579,-0.0066086034445953165,-0.0074333959698627845,0.0,-0.0011470969141780443,0.8189888956361127,-0.5738082196983674,0.0,0.45146885431310435,0.23260271951084496,0.166990966736521,1.0
2025-12-16 17:40:15.832,0.009879276016579425,-0.5737673377156771,-0.8189470001027299,0.0,-0.999940913314777,-0.006608550700371868,-0.007432619865061031,0.0,-0.0011474803514201202,0.818987808195474,-0.5738097710182499,0.0,0.4513716933598655,0.23274873461740378,0.166471749869285,1.0
2025-12-16 17:40:15.882,0.009878645042589299,-0.573768564642563,-0.8189461481082525,0.0,-0.9999409191622329,-0.006608475401054077,-0.0074319000982969625,0.0,-0.0011478169216271837,0.8189869492234416,-0.5738109963376393,0.0,0.4513782396142768,0.23293653923107696,0.16599923360752988,1.0
2025-12-16 17:40:15.933,0.009878101113875562,-0.5737697662273633,-0.8189453128158126,0.0,-0.9999409242107654,-0.006608405968512958,-0.007431282546378905,0.0,-0.0011480999481741127,0.8189861079559624,-0.5738121964908498,0.0,0.45150562035812786,0.23313954596325534,0.16552051849415197,1.0
2025-12-16 17:40:15.985,0.00987770569008448,-0.5737711357106202,-0.818944358095746,0.0,-0.9999409278625081,-0.006608372964691516,-0.007430820508850737,0.0,-0.0011483215417496845,0.8189851487620264,-0.5738135650756945,0.0,0.4516515695186042,0.2332815236712377,0.1650453767356696,1.0
2025-12-16 17:40:16.032,0.009877328998390611,-0.5737726205036777,-0.8189433223571754,0.0,-0.999940931358482,-0.006608330740341379,-0.007430387605371024,0.0,-0.0011485174765588258,0.818984108852564,-0.5738150489091217,0.0,0.45178007574008544,0.2333807357370718,0.1645298515157523,1.0
2025-12-16 17:40:16.082,0.009877003346195868,-0.5737739204696992,-0.8189424154938726,0.0,-0.9999409343510453,-0.006608315474871671,-0.007429998448909662,0.0,-0.0011487126144997535,0.8189831982126111,-0.5738163482376325,0.0,0.45179183482653745,0.23341093433528043,0.16405399213834926,1.0
2025-12-16 17:40:16.133,0.009876755445096773,-0.5737751922915834,-0.8189415274083018,0.0,-0.9999409365067593,-0.006608393567162879,-0.007429638864372247,0.0,-0.001148967574731607,0.8189823065342984,-0.5738176203788732,0.0,0.45168153616654105,0.2333640421591223,0.1636289762591206,1.0
2025-12-16 17:40:16.182,0.00987659462024344,-0.5737766446837121,-0.8189405117561452,0.0,-0.9999409377931207,-0.006608529796390717,-0.007429344557465539,0.0,-0.0011492305072786759,0.8189812878743499,-0.573819073733971,0.0,0.4514721716595094,0.2332083170674747,0.16319518336940142,1.0
2025-12-16 17:40:16.232,0.009876574655330275,-0.5737779626401742,-0.8189395885917208,0.0,-0.9999409378167451,-0.00660865398050639,-0.007429230911893684,0.0,-0.0011493815244871515,0.8189803634952445,-0.5738203927461173,0.0,0.4512868889968945,0.2329701933380642,0.1628132493189295,1.0
2025-12-16 17:40:16.282,0.009876623200369881,-0.5737791281457116,-0.8189387714107284,0.0,-0.9999409372883918,-0.00660872723009835,-0.007429236866515583,0.0,-0.0011494240363225927,0.8189795463335588,-0.573821558946388,0.0,0.4512257723334228,0.23276014340019854,0.16247247524985062,1.0
2025-12-16 17:40:16.332,0.009876727498791513,-0.573780253259274,-0.8189379818550647,0.0,-0.9999409363424036,-0.006608737299670613,-0.007429355233749573,0.0,-0.0011493507877928385,0.8189787579785831,-0.5738226842611088,0.0,0.45128873233578054,0.2325809694430007,0.16214263676195131,1.0
2025-12-16 17:40:16.382,0.009876843748948705,-0.5737813474479577,-0.8189372138201885,0.0,-0.9999409353157707,-0.006608727279217247,-0.007429502323779232,0.0,-0.0011492449772610436,0.8189779914500125,-0.5738237784864666,0.0,0.4514317370865988,0.23247173307544147,0.16184067587633555,1.0
2025-12-16 17:40:16.432,0.009876886585655126,-0.5737826375051629,-0.8189363094345015,0.0,-0.999940934939368,-0.006608730275230059,-0.007429550318839333,0.0,-0.0011492043299685352,0.8189770875843879,-0.5738250685890273,0.0,0.45156585808770083,0.23242487182896387,0.1614820767647662,1.0
2025-12-16 17:40:16.482,0.00987675662244976,-0.5737837225578606,-0.8189355507654269,0.0,-0.9999409360208742,-0.006608809617169657,-0.00742933417947271,0.0,-0.0011493802512479146,0.8189763267308353,-0.5738261541438365,0.0,0.4516103025607751,0.2324748605596631,0.16114291281710583,1.0
2025-12-16 17:40:16.532,0.009876360904979295,-0.5737846657822215,-0.8189348946709178,0.0,-0.9999409394347365,-0.00660894350299449,-0.007428755572721046,0.0,-0.001149810555455611,0.8189756648036183,-0.5738270979965641,0.0,0.45157772842029237,0.23266061073606978,0.16079295565511134,1.0
2025-12-16 17:40:16.582,0.00987579908189395,-0.5737856509187573,-0.818934211212012,0.0,-0.9999409443378255,-0.006609089926423285,-0.00742796528871755,0.0,-0.0011503720957635399,0.8189749734087411,-0.5738280836402074,0.0,0.4514795050803379,0.23288973264160404,0.16038613822841047,1.0
2025-12-16 17:40:16.632,0.00987526741530629,-0.5737867121163607,-0.818933474095046,0.0,-0.9999409489775087,-0.006609229406174803,-0.00742721655968148,0.0,-0.0011509031871866264,0.818974228777461,-0.5738291453213378,0.0,0.4513695340710116,0.2330780092754919,0.15995477025528748,1.0
2025-12-16 17:40:16.682,0.009874914792575684,-0.5737884279797084,-0.8189322761227711,0.0,-0.9999409518989433,-0.006609441688653554,-0.007426634312238491,0.0,-0.0011513904666246868,0.8189730248765568,-0.5738308625584164,0.0,0.45128365778043056,0.23312005498119628,0.15938799504534973,1.0
2025-12-16 17:40:16.732,0.009874710286837842,-0.5737901755135966,-0.8189310541688081,0.0,-0.999940953523754,-0.006609620923747306,-0.007426256018888839,0.0,-0.0011517332606877104,0.8189717990474281,-0.5738326113733125,0.0,0.45127308055878534,0.23309164312361128,0.15883029141753444,1.0
2025-12-16 17:40:16.782,0.009874720902296456,-0.5737919227020468,-0.8189298298573562,0.0,-0.999940953193943,-0.006609802824349886,-0.007426138526863288,0.0,-0.001151928576949634,0.8189705734332107,-0.5738343601694061,0.0,0.45136181702117906,0.2329693700380806,0.15831621583477554,1.0
2025-12-16 17:40:16.832,0.009874755414030453,-0.5737939649895664,-0.8189283984868723,0.0,-0.9999409525148485,-0.006610081621094557,-0.007425981811744115,0.0,-0.0011522221919770142,0.8189691402722876,-0.5738364049672088,0.0,0.4514625759704505,0.2328551582239615,0.15775462397587994,1.0
2025-12-16 17:40:16.882,0.009874714611561326,-0.5737961450418304,-0.818926871489563,0.0,-0.9999409524412332,-0.006610416633125968,-0.007425693507285829,0.0,-0.001152635695674659,0.8189676101254753,-0.5738385879289755,0.0,0.4514748684380389,0.23276766239138774,0.15717033655879836,1.0
2025-12-16 17:40:16.935,0.009874398263911923,-0.5737984271262968,-0.8189252763149528,0.0,-0.9999409548738012,-0.006610746905956503,-0.007425071893511602,0.0,-0.001153235366166554,0.8189660085191494,-0.5738408724885348,0.0,0.45133563546313626,0.23278670475149316,0.15651755046235694,1.0
2025-12-16 17:40:16.982,0.009874074806526608,-0.5738004542061805,-0.8189238598921784,0.0,-0.9999409573682272,-0.00661107638279089,-0.007424442590703002,0.0,-0.0011538418736955487,0.8189645855798793,-0.5738429020340909,0.0,0.45114844123230186,0.2327784457259072,0.1559300088332327,1.0
2025-12-16 17:40:17.032,0.009873832849563613,-0.5738025705401435,-0.8189223799406089,0.0,-0.9999409590692085,-0.006611445071870759,-0.007423885170287227,0.0,-0.0011544381655094256,0.8189630997797834,-0.5738450213007081,0.0,0.4509805413885491,0.23269558546887553,0.15529519363585928,1.0
2025-12-16 17:40:17.082,0.009873729155514618,-0.5738047964900962,-0.8189208215076297,0.0,-0.9999409594405907,-0.006611868534862562,-0.007423458002647965,0.0,-0.0011550032411994362,0.8189615367253046,-0.5738472508708571,0.0,0.45093672212074765,0.2325587610235225,0.15462644075055643,1.0
2025-12-16 17:40:17.132,0.009873837107992596,-0.5738071388585189,-0.8189191789407387,0.0,-0.9999409578344974,-0.006612334626882185,-0.007423259191102026,0.0,-0.0011554707724692648,0.818959891746808,-0.5738495975404622,0.0,0.4510053262129802,0.23235012804089153,0.1540121442849516,1.0
2025-12-16 17:40:17.182,0.00987409698169272,-0.5738094044466752,-0.8189175883314244,0.0,-0.9999409549018936,-0.006612764010532489,-0.0074232717341239695,0.0,-0.001155787875404637,0.8189583008521771,-0.5738518673139454,0.0,0.4511254836247026,0.23209945131878768,0.15348927728466366,1.0
2025-12-16 17:40:17.233,0.009874372503215385,-0.5738115218956045,-0.8189161013246267,0.0,-0.9999409519733622,-0.006613088562006013,-0.007423377094401394,0.0,-0.0011559676507283045,0.8189568145919809,-0.573853988024956,0.0,0.4512411690671187,0.2318502801821173,0.15300545988726322,1.0
2025-12-16 17:40:17.282,0.009874536883814799,-0.5738130208909901,-0.8189150489998915,0.0,-0.9999409502115288,-0.006613294654407894,-0.00742343081646502,0.0,-0.0011560875120611943,0.8189557626170777,-0.5738554890718961,0.0,0.45125265184679864,0.2316474519310406,0.15264328863089258,1.0
2025-12-16 17:40:17.332,0.009874637352716606,-0.5738141863166909,-0.8189142311744708,0.0,-0.9999409490925911,-0.006613452691015583,-0.007423440746734878,0.0,-0.0011561971744923774,0.8189549447517706,-0.5738566560341687,0.0,0.4512069415113728,0.2314713085614619,0.15234850036434183,1.0
2025-12-16 17:40:17.382,0.009874691828115952,-0.5738150150942041,-0.8189136497915678,0.0,-0.9999409484007804,-0.006613600438007196,-0.007423402306405315,0.0,-0.0011563302293913621,0.8189543628502702,-0.5738574862009804,0.0,0.4511638898192411,0.23135934633905145,0.15214026121103036,1.0
2025-12-16 17:40:17.433,0.009874759523990789,-0.5738158547549542,-0.818913060622062,0.0,-0.99994094756685,-0.006613764044725362,-0.007423368876696928,0.0,-0.0011564732646489233,0.8189537731937101,-0.5738583274131109,0.0,0.4511641549617632,0.23129377602199397,0.15194508107432453,1.0
2025-12-16 17:40:17.482,0.009874883252210729,-0.5738166770701677,-0.8189124829297173,0.0,-0.9999409462548868,-0.006613906307508756,-0.007423418851542478,0.0,-0.001156551165448312,0.8189531958619573,-0.5738591511659359,0.0,0.4512130018164617,0.23121546633379877,0.1517806309742048,1.0
2025-12-16 17:40:17.532,0.009875042531491034,-0.5738177400434012,-0.8189117361765512,0.0,-0.9999409445743358,-0.006614083530581592,-0.007423487323624699,0.0,-0.0011566441769467457,0.8189524496208608,-0.5738602159361106,0.0,0.45127691669612724,0.23112833355395382,0.1515717486190141,1.0
2025-12-16 17:40:17.582,0.009875178140502107,-0.5738186243598015,-0.8189111148932627,0.0,-0.9999409431446622,-0.006614233408072744,-0.007423546362431161,0.0,-0.0011567223632975555,0.8189518287812444,-0.5738611017739654,0.0,0.45133403326703536,0.23104911323703523,0.15139200488649882,1.0
2025-12-16 17:40:17.632,0.009875276100148747,-0.5738192795994641,-0.818910654579061,0.0,-0.9999409421064356,-0.006614345689814228,-0.007423586168283127,0.0,-0.0011567835629972502,0.8189513687554573,-0.5738617581485556,0.0,0.45137015300776734,0.23098457368817163,0.15125587031144194,1.0
2025-12-16 17:40:17.682,0.009875303338052038,-0.5738198573131366,-0.8189102494402677,0.0,-0.999940941706294,-0.006614459398278806,-0.007423538752284971,0.0,-0.0011568969220131767,0.8189509630390549,-0.5738623369127096,0.0,0.4513383048373907,0.23093832585082627,0.1511174355459505,1.0
2025-12-16 17:40:17.732,0.009875244795052794,-0.5738205361468163,-0.8189097744792317,0.0,-0.9999409419930253,-0.006614638230797081,-0.007423340783335214,0.0,-0.0011571487922497686,0.8189504859421028,-0.5738630172627144,0.0,0.4512223081798431,0.23092371081304366,0.15093186827436142,1.0
2025-12-16 17:40:17.782,0.009875119782328542,-0.5738214825760627,-0.8189091128108799,0.0,-0.9999409427050089,-0.006614944860292154,-0.0074229716368762015,0.0,-0.0011576003244357146,0.8189498203096843,-0.5738639662639784,0.0,0.4510674409432287,0.23098022255755277,0.15069515570723685,1.0
2025-12-16 17:40:17.832,0.00987495616966432,-0.5738225332827738,-0.8189083785374255,0.0,-0.9999409436367598,-0.00661534427769663,-0.007422490156415588,0.0,-0.0011581910498611656,0.8189490808592856,-0.5738650203255319,0.0,0.4508899193441547,0.2310776468156506,0.15045430596321038,1.0
2025-12-16 17:40:17.883,0.009874849979595427,-0.5738235154749716,-0.8189076915788703,0.0,-0.9999409440518016,-0.006615740170155475,-0.007422081379331543,0.0,-0.001158737990895274,0.8189483894430614,-0.5738660059237561,0.0,0.4507383448885951,0.23110260888709142,0.15022872212260457,1.0
2025-12-16 17:40:17.932,0.009874886318779882,-0.5738243820838624,-0.8189070838913733,0.0,-0.9999409432378038,-0.006616090493831943,-0.0074218787699960155,0.0,-0.0011591306908287895,0.8189477793820865,-0.5738668757309406,0.0,0.45068920428512627,0.23098832305488373,0.15002732009588954,1.0
2025-12-16 17:40:17.982,0.009874974838849642,-0.5738255233694808,-0.8189062831013584,0.0,-0.9999409418652734,-0.0066165036687157504,-0.007421695358913234,0.0,-0.0011595605279906731,0.8189469763457338,-0.5738680208493606,0.0,0.4506585797621831,0.23082304462865474,0.14976635815721456,1.0
2025-12-16 17:40:18.032,0.009875085584350046,-0.573826882840293,-0.8189053291533172,0.0,-0.9999409402081798,-0.006616977379186214,-0.007421496287991771,0.0,-0.001160046292239275,0.8189460199346916,-0.5738693847259386,0.0,0.4506306188571559,0.23066244038163625,0.14946062321467887,1.0
2025-12-16 17:40:18.082,0.009875234761051666,-0.5738280643631485,-0.8189044994313225,0.0,-0.9999409383358916,-0.006617355379298747,-0.007421411518641807,0.0,-0.0011603902289668826,0.8189451889824736,-0.5738705698473978,0.0,0.4506567211858509,0.23051145908614376,0.14920938841967127,1.0
2025-12-16 17:40:18.132,0.009875399603528248,-0.5738292346373771,-0.8189036774000719,0.0,-0.9999409363697297,-0.0066176992419547595,-0.007421369818244265,0.0,-0.0011606816291184353,0.8189443661853908,-0.5738717434334647,0.0,0.4506832448506501,0.23031424701776906,0.14896003950521744,1.0
2025-12-16 17:40:18.182,0.009875548476395117,-0.5738303860300474,-0.8189028687897641,0.0,-0.9999409345276782,-0.006618057395724426,-0.007421298634945436,0.0,-0.0011610018795229753,0.8189435565006586,-0.5738728982454987,0.0,0.450689817936113,0.2301046426668836,0.14871229837492153,1.0
2025-12-16 17:40:18.233,0.009875691568719348,-0.5738319071629396,-0.818901801157496,0.0,-0.999940932548364,-0.006618552538331753,-0.007421123756800065,0.0,-0.0011614893583080587,0.8189424866248768,-0.5738744240189957,0.0,0.45064708318444746,0.22991276654106335,0.14837938826767308,1.0
2025-12-16 17:40:18.282,0.009875806415812302,-0.5738334480509366,-0.8189007200185007,0.0,-0.9999409307996536,-0.006619065547835141,-0.007420901832273334,0.0,-0.0011620182293626664,0.8189414027574641,-0.5738759696687704,0.0,0.45056126605468433,0.22969292228459465,0.1480272063644347,1.0
2025-12-16 17:40:18.332,0.009875924731035973,-0.5738352308914786,-0.8188994692876769,0.0,-0.9999409288527165,-0.006619698035150427,-0.007420599995851802,0.0,-0.001162687881201033,0.8189401483791154,-0.5738777583507513,0.0,0.45044972120824495,0.2294303759480091,0.14760530882616457,1.0
2025-12-16 17:40:18.382,0.009876050263655485,-0.5738371872407789,-0.8188980968789641,0.0,-0.9999409266685005,-0.0066204527544348555,-0.007420221012550649,0.0,-0.0011634998075135488,0.8189387714249807,-0.5738797216535368,0.0,0.45033330881296246,0.2291516877790187,0.14712980005214144,1.0
2025-12-16 17:40:18.432,0.009876222657405292,-0.573839321493883,-0.8188965992325706,0.0,-0.9999409239566318,-0.006621281092215605,-0.007419847347716653,0.0,-0.0011643668190457642,0.8189372692061988,-0.5738818635877985,0.0,0.45024027840519454,0.22886102976083839,0.14663025146626926,1.0
2025-12-16 17:40:18.482,0.009876407711316999,-0.57384123904973,-0.8188952532758993,0.0,-0.9999409212283502,-0.006622037831786657,-0.007419539686606748,0.0,-0.001165139933076673,0.8189359194033614,-0.5738837882009803,0.0,0.45018641898774775,0.22862648180790343,0.146202875936463,1.0
2025-12-16 17:40:18.532,0.009876504295209958,-0.5738426569346267,-0.8188942585256801,0.0,-0.9999409195006093,-0.006622649817258725,-0.007419226299448029,0.0,-0.0011658038248410676,0.8189349208992878,-0.5738852117219253,0.0,0.45010472727356154,0.2284158156013143,0.1458703236763349,1.0
2025-12-16 17:40:18.582,0.009876521684618077,-0.5738435375952058,-0.8188936411896487,0.0,-0.9999409187619928,-0.00662306589146541,-0.007418954429514344,0.0,-0.0011662899433063018,0.8189343004268215,-0.5738860961481823,0.0,0.45000050475304715,0.22829884414588494,0.14565291825035281,1.0
2025-12-16 17:40:18.632,0.009876524543759408,-0.5738441968513129,-0.8188931791779783,0.0,-0.999940918281447,-0.006623391047859634,-0.00741872891348678,0.0,-0.0011666776792638907,0.8189338358338839,-0.5738867583326818,0.0,0.44991284664496306,0.22820070199189377,0.14548999947073113,1.0
2025-12-16 17:40:18.682,0.009876557529246295,-0.5738449294120278,-0.8188926654334404,0.0,-0.9999409175160967,-0.006623725101401982,-0.0074185338211826286,0.0,-0.0011670543558409156,0.818933319800894,-0.573887493942861,0.0,0.44984285665626295,0.2281197777313782,0.14532839672994488,1.0
2025-12-16 17:40:18.732,0.009876568987912643,-0.5738455393107131,-0.8188922379040067,0.0,-0.9999409169973376,-0.006624021760332541,-0.007418338860612226,0.0,-0.0011674018150884,0.818932890023102,-0.5738881065254898,0.0,0.44976623816966915,0.2280562462990753,0.145185948152494,1.0
2025-12-16 17:40:18.782,0.009876605259439598,-0.5738463729016445,-0.818891653320135,0.0,-0.9999409161006371,-0.0066244277707821295,-0.007418097177626683,0.0,-0.0011678629352831651,0.8189323026102265,-0.5738889438189907,0.0,0.44968491072724,0.22797391975006603,0.14499907240396562,1.0
2025-12-16 17:40:18.834,0.009876632735116669,-0.5738471868491026,-0.818891082606469,0.0,-0.9999409152927285,-0.006624827063325446,-0.007417849494925558,0.0,-0.0011683222346574869,0.8189317290151942,-0.5738897613961591,0.0,0.44960119907504015,0.22787639999625087,0.1448127308751729,1.0
2025-12-16 17:40:18.882,0.009876676455249705,-0.5738479652524584,-0.8188905366036536,0.0,-0.9999409143854325,-0.006625192422495835,-0.007417645488845211,0.0,-0.0011687291088790942,0.8189311806005118,-0.5738905431460969,0.0,0.4495323410145032,0.2278094818812485,0.1446498213959774,1.0
2025-12-16 17:40:18.932,0.009876746546748943,-0.5738487160820499,-0.8188900096043681,0.0,-0.9999409132801278,-0.006625528791410187,-0.007417494047597085,0.0,-0.0011690824083312261,0.8189306517412264,-0.5738912970981636,0.0,0.44949504622574316,0.22775097045348627,0.14450501733763554,1.0
2025-12-16 17:40:18.982,0.009876867716792517,-0.5738496050847051,-0.8188893851610494,0.0,-0.999940911664852,-0.0066258994511853445,-0.007417380705862282,0.0,-0.0011694402542468498,0.8189300257793365,-0.5738921896023215,0.0,0.44947967833960467,0.22772905217047332,0.14435649620982524,1.0
2025-12-16 17:40:19.033,0.009876978587840509,-0.5738505171884472,-0.8188887446520042,0.0,-0.9999409100967912,-0.006626302471288236,-0.007417232069195069,0.0,-0.001169844576516596,0.8189293833659939,-0.5738931054852113,0.0,0.44944730368921715,0.22771901837052927,0.14420341397419634,1.0
2025-12-16 17:40:19.082,0.009877062360224143,-0.5738514935275679,-0.8188880594541115,0.0,-0.9999409086654907,-0.006626782002619918,-0.0074169966112242495,0.0,-0.0011703606047792972,0.8189286953189935,-0.5738940862556313,0.0,0.4493749041769645,0.22771562114893618,0.14403161950672616,1.0
2025-12-16 17:40:19.132,0.009877106170847702,-0.5738528322274493,-0.818887120804469,0.0,-0.9999409072508794,-0.006627506059440001,-0.007416540361155131,0.0,-0.0011711992127650395,0.8189277513667489,-0.5738954315324388,0.0,0.4492081432562378,0.22775354616215424,0.14379730471363875,1.0
2025-12-16 17:40:19.182,0.009877178850781473,-0.573854718473866,-0.8188857980966808,0.0,-0.9999409052329739,-0.0066284734088514615,-0.00741594790551427,0.0,-0.0011723086106077544,0.818926421746333,-0.5738973265822629,0.0,0.4490072553594457,0.22785066096502854,0.14350089555839293,1.0
2025-12-16 17:40:19.232,0.0098772584471272,-0.5738567966764169,-0.8188843407802219,0.0,-0.9999409029464986,-0.006629585345087932,-0.007415262227442066,0.0,-0.0011735875918009201,0.8189249564330862,-0.5738994149005837,0.0,0.4487878127246607,0.22794060056614265,0.14317562171721315,1.0
2025-12-16 17:40:19.282,0.009877359373817373,-0.5738589509262101,-0.818882829906012,0.0,-0.9999409002828998,-0.006630825060870495,-0.007414512906764853,0.0,-0.001175006814674559,0.8189234367848192,-0.5739015804504511,0.0,0.44861026901789114,0.2279096748765928,0.14281751520388306,1.0
2025-12-16 17:40:19.332,0.009877489169981461,-0.5738604810189065,-0.8188817560757196,0.0,-0.9999408978072861,-0.00663174485429527,-0.0074140241269108325,0.0,-0.0011760220624455267,0.8189223571044258,-0.5739031190075901,0.0,0.44855149880732936,0.22781658079452488,0.1425504103372267,1.0
2025-12-16 17:40:19.382,0.00987770648129625,-0.5738616081691221,-0.8188809635627309,0.0,-0.9999408950862377,-0.00663227969151885,-0.007413912694087222,0.0,-0.0011765103744246328,0.8189215629052214,-0.5739042512756012,0.0,0.4486339602707459,0.22774297032331106,0.14238407439805595,1.0
2025-12-16 17:40:19.432,0.009877946679401537,-0.5738625002883517,-0.8188803354785171,0.0,-0.9999408924708397,-0.006632594496637053,-0.007413983819252001,0.0,-0.0011767165703262215,0.8189209351877254,-0.5739051465611495,0.0,0.4487522778993691,0.22772323698739494,0.14228255287622713,1.0
2025-12-16 17:40:19.482,0.00987815915722498,-0.5738632778160145,-0.8188797880318776,0.0,-0.9999408901726531,-0.006632862106954913,-0.007414054369977361,0.0,-0.001176885832225771,0.8189203881531916,-0.573905926791808,0.0,0.44883823828051195,0.227744651589581,0.14220051306225656,1.0
2025-12-16 17:40:19.533,0.009878357468116175,-0.5738642035345636,-0.8188791369039642,0.0,-0.9999408878483366,-0.006633238420220771,-0.007414031180755701,0.0,-0.0011771961185769247,0.8189197363891,-0.5739068561724154,0.0,0.44888194931489445,0.22779555203324023,0.1420920239046739,1.0
2025-12-16 17:40:19.583,0.009878448609129906,-0.5738651064840363,-0.8188785030237092,0.0,-0.9999408863087311,-0.006633743482128228,-0.0074137869359033335,0.0,-0.0011777389777911777,0.8189190995362658,-0.5739077637962495,0.0,0.44883775855208924,0.22780971402538855,0.14195465918460706,1.0
2025-12-16 17:40:19.632,0.009878535114771422,-0.5738661127802149,-0.8188777967729496,0.0,-0.9999408846965695,-0.006634328858722969,-0.007413480562097828,0.0,-0.0011783820140607731,0.8189183896082336,-0.5739087754837751,0.0,0.448787628921175,0.22777393314766226,0.14178950672218635,1.0
2025-12-16 17:40:19.682,0.009878741707950887,-0.5738676224725954,-0.8188767362925427,0.0,-0.9999408817060339,-0.006635120771673122,-0.0074131751977960176,0.0,-0.0011791875196962365,0.8189173252361043,-0.5739102925936579,0.0,0.44877476328557314,0.22777508497410504,0.14157147988923016,1.0
2025-12-16 17:40:19.732,0.00987902070851199,-0.5738695531786687,-0.8188753798872965,0.0,-0.9999408778118446,-0.006636088245513993,-0.007412834470269375,0.0,-0.0011801519993530425,0.8189159643982163,-0.5739122323970781,0.0,0.44876949448833997,0.22783357227184797,0.14130910634004928,1.0
2025-12-16 17:40:19.782,0.009879242868335929,-0.5738714585564705,-0.8188740419111026,0.0,-0.999940874430776,-0.006637055762174036,-0.007412424342518699,0.0,-0.0011811566504058904,0.8189146213016806,-0.5739141467913931,0.0,0.4487121350658159,0.22791731980069277,0.14105070792028765,1.0
2025-12-16 17:40:19.833,0.009879465468139732,-0.5738733188332023,-0.8188727355301543,0.0,-0.9999408710522188,-0.006638017636490583,-0.007412018780044351,0.0,-0.0011821546040715865,0.8189133098493786,-0.5739160160354716,0.0,0.4486697206904434,0.22796304006598944,0.14079590456025204,1.0
2025-12-16 17:40:19.886,0.009879624823040596,-0.5738745524008613,-0.818871869110959,0.0,-0.99994086867332,-0.006638677373628571,-0.007411748834383729,0.0,-0.0011828348777650265,0.8189124400308331,-0.5739172557646259,0.0,0.4486546437865585,0.22796644784614437,0.14062088781808196,1.0
2025-12-16 17:40:19.932,0.009879807894675366,-0.5738756923471562,-0.8188710680139119,0.0,-0.9999408662123191,-0.006639244199601366,-0.007411573127409518,0.0,-0.001183386112508698,0.8189116365713746,-0.573918401068742,0.0,0.44868508904159643,0.22793983372836193,0.14046340965559945,1.0
2025-12-16 17:40:19.982,0.009879994384133745,-0.5738766604122852,-0.8188703873301443,0.0,-0.9999408638960767,-0.006639687704999174,-0.0074114883226163485,0.0,-0.0011837862670301127,0.8189109545623346,-0.5739193733860879,0.0,0.4487430728076896,0.2279070707096069,0.14033643980581145,1.0
2025-12-16 17:40:20.032,0.00988003385844986,-0.5738771258566873,-0.8188700606632484,0.0,-0.9999408631317666,-0.006639973457118091,-0.0074113354393959925,0.0,-0.00118410238455244,0.8189106260646332,-0.5739198414586948,0.0,0.44872756764404537,0.22786516325381048,0.14026005001081038,1.0
2025-12-16 17:40:20.082,0.009880029404545574,-0.5738776098682781,-0.8188697215137742,0.0,-0.9999408626749828,-0.006640321560214106,-0.007411085183470127,0.0,-0.0011845252209354469,0.8189102840490388,-0.5739203285985988,0.0,0.44866817361251027,0.22781780938416699,0.14016993616066242,1.0
2025-12-16 17:40:20.133,0.00988003271180126,-0.573878576197016,-0.8188690442536631,0.0,-0.9999408616764204,-0.0066409997290662985,-0.007410612230090133,0.0,-0.0011853403271514273,0.8189096013498588,-0.5739213010381512,0.0,0.44855179955653435,0.2277555409295771,0.13999700838875953,1.0
2025-12-16 17:40:20.182,0.009880082971825443,-0.5738797444483655,-0.8188682249138484,0.0,-0.9999408601032754,-0.006641782609864153,-0.007410122866285096,0.0,-0.0011862481581214745,0.8189087762919175,-0.5739224764089499,0.0,0.4484590428945829,0.22767643806090246,0.1397989674504601,1.0
2025-12-16 17:40:20.232,0.00988008923874064,-0.5738804729389202,-0.8188677142965427,0.0,-0.9999408592704399,-0.0066423248421384985,-0.007409749212602784,0.0,-0.0011868978300710589,0.8189082613676208,-0.5739232097915203,0.0,0.44839663917437533,0.22756851279406046,0.13965800786132104,1.0
2025-12-16 17:40:20.283,0.009880117884967144,-0.5738812441696793,-0.818867173454919,0.0,-0.9999408582666627,-0.006642845410326715,-0.007409417992866734,0.0,-0.0011875048916815626,0.8189077166653064,-0.5739239857491115,0.0,0.4483289533766482,0.2275095769552894,0.13952451247731945,1.0
2025-12-16 17:40:20.332,0.009880156692428348,-0.5738820914210774,-0.8188665792124572,0.0,-0.9999408571013444,-0.006643414383430912,-0.007409065120983583,0.0,-0.0011881630991675645,0.81890711829334,-0.5739248381773937,0.0,0.4482645090996388,0.22744006670121805,0.139378387956854,1.0
2025-12-16 17:40:20.382,0.00988022987969372,-0.5738831581418934,-0.8188658307438523,0.0,-0.9999408554528374,-0.006644103610957745,-0.007408669560900217,0.0,-0.0011889416285066979,0.8189063651386197,-0.5739259112056693,0.0,0.4482039705681767,0.22735631650011892,0.13920082560011438,1.0
2025-12-16 17:40:20.432,0.009880312621208032,-0.5738844805277481,-0.8188649029804074,0.0,-0.9999408534772899,-0.006644960328002699,-0.007408167827233272,0.0,-0.001189915158658654,0.8189054314500831,-0.5739272414195622,0.0,0.4481210656454255,0.22725098855922737,0.13898166610393356,1.0
2025-12-16 17:40:20.482,0.009880462125878571,-0.5738859230008179,-0.8188638902472661,0.0,-0.9999408509086956,-0.006645809967980297,-0.007407752363006186,0.0,-0.001190831929223812,0.8189044136564937,-0.5739286917494459,0.0,0.44807638751026324,0.2271626847823064,0.1387618623725153,1.0
2025-12-16 17:40:20.532,0.009880663687133591,-0.5738876270688165,-0.8188626935473573,0.0,-0.9999408477006112,-0.006646777222534933,-0.007407317567472735,0.0,-0.0011918529449744368,0.8189032115742915,-0.573930404805207,0.0,0.44803109595153423,0.2271010831149799,0.13851758638106693,1.0
2025-12-16 17:40:20.583,0.00988086057792123,-0.5738891601450113,-0.8188616167360036,0.0,-0.9999408447016005,-0.006647627652238835,-0.0074069592448862106,0.0,-0.0011927364703681561,0.8189021302679373,-0.5739319458109527,0.0,0.44798108620114085,0.22710694367785364,0.1383157517541394,1.0
2025-12-16 17:40:20.633,0.009881084299616361,-0.5738908557242869,-0.8188604257077745,0.0,-0.9999408414385461,-0.006648493640704354,-0.007406622488685995,0.0,-0.0011936183957367015,0.8189009349447455,-0.5739336494942135,0.0,0.4479075170662126,0.22721568088461963,0.13811856373462966,1.0
2025-12-16 17:40:20.682,0.009881232327890125,-0.5738925570269229,-0.8188592315764602,0.0,-0.999940838871914,-0.006649351018472217,-0.007406199320489263,0.0,-0.0011945427982321265,0.8188997356742401,-0.5739353587122534,0.0,0.4477731152300568,0.22737620744282966,0.1379247048481774,1.0
2025-12-16 17:40:20.732,0.009881308745958156,-0.5738939115530476,-0.818858281341172,0.0,-0.9999408371786414,-0.006650050033785289,-0.007405800310169709,0.0,-0.0011953278470793445,0.8188987807134562,-0.5739367196280026,0.0,0.4476283006523706,0.22752467552891983,0.13776629279119088,1.0
2025-12-16 17:40:20.782,0.00988138002526778,-0.5738948439965412,-0.8188576269805333,0.0,-0.9999408358325098,-0.006650538936425724,-0.007405543035109376,0.0,-0.0011958645908785308,0.8188981232622309,-0.5739376565668751,0.0,0.4475412988875384,0.22761408967507904,0.13765155094367681,1.0
2025-12-16 17:40:20.832,0.009881421625379224,-0.5738953893044668,-0.8188572443002164,0.0,-0.9999408349561514,-0.006650886297341757,-0.007405349408595498,0.0,-0.001196253575402117,0.8188977382742963,-0.5739382050592428,0.0,0.44751072672584447,0.2275879049157929,0.13755998077092216,1.0
2025-12-16 17:40:20.882,0.00988153508157299,-0.5738963362838011,-0.8188565792406324,0.0,-0.9999408331548009,-0.006651425484274836,-0.007405108366412158,0.0,-0.0011968220003910543,0.8188970702244669,-0.5739391570496682,0.0,0.44750388958561493,0.22752813737320746,0.13740572530041947,1.0
2025-12-16 17:40:20.932,0.00988179527637812,-0.5738985595628799,-0.8188550179091385,0.0,-0.9999408291603746,-0.006652568188108599,-0.007404621244414128,0.0,-0.001198010441950926,0.8188955027974495,-0.5739413909704488,0.0,0.4474674370547919,0.2274511898458115,0.13706567573598635,1.0
2025-12-16 17:40:20.982,0.009881963791461229,-0.5739026755007274,-0.8188521311848308,0.0,-0.9999408258460494,-0.006653828638086943,-0.007403936249296508,0.0,-0.0011993860300258746,0.8188926079529679,-0.5739455184188981,0.0,0.4473420473756427,0.2275752465325087,0.13643745482549147,1.0
2025-12-16 17:40:21.032,0.009878968567027082,-0.5739087896483415,-0.818847882115864,0.0,-0.9999408522555691,-0.006654337815091404,-0.007399910800638067,0.0,-0.0012020397186607175,0.8188883187345029,-0.5739516325795181,0.0,0.4469105714272545,0.22880856676735942,0.13512517766280932,1.0
2025-12-16 17:40:21.082,0.00987279138215713,-0.5739175870905507,-0.8188417906529275,0.0,-0.9999409055947575,-0.0066560825851020786,-0.007391128747690321,0.0,-0.001208403071472428,0.8188821387752423,-0.5739604364038531,0.0,0.44598594218826876,0.2306710427741233,0.13281687521580848,1.0
2025-12-16 17:40:21.132,0.00986632100477086,-0.5739255721918569,-0.818836271909891,0.0,-0.9999409625731803,-0.0066570952928282036,-0.007382503077684323,0.0,-0.0012140871632002022,0.8188765339794007,-0.5739684208127163,0.0,0.44499065740064203,0.2325529036147476,0.1305762942857344,1.0
2025-12-16 17:40:21.182,0.009862172936043915,-0.5739323355972622,-0.818831581341401,0.0,-0.9999409979866656,-0.00665848226030668,-0.007376453119821418,0.0,-0.001218614053154537,0.818871782305165,-0.5739751903385304,0.0,0.4441050092903441,0.2337656338216276,0.12864524302273989,1.0
2025-12-16 17:40:21.232,0.00986035240404463,-0.5739356150597295,-0.8188293046280687,0.0,-0.9999410129066388,-0.006659503322481936,-0.007373508252587588,0.0,-0.0012211009905972999,0.8188694754321625,-0.5739784761799224,0.0,0.4435458168824775,0.23449001877334882,0.12754422276535204,1.0
2025-12-16 17:40:21.282,0.009860180512176655,-0.5739366979387617,-0.818828547682985,0.0,-0.999941013974498,-0.006659834873778914,-0.00737306397062826,0.0,-0.0012216144483749168,0.818868713743311,-0.5739795617533041,0.0,0.4434509124153149,0.23444087577611328,0.12717054795449212,1.0
2025-12-16 17:40:21.332,0.009860247811373884,-0.5739371028165363,-0.8188282630838211,0.0,-0.9999410138686952,-0.006659503164819693,-0.007373377926831038,0.0,-0.001221157755224613,0.8188684326607756,-0.5739799637316808,0.0,0.4437574470324081,0.2339835839363622,0.1274166390280574,1.0
2025-12-16 17:40:21.382,0.00985971756927095,-0.5739384994121869,-0.818827290558363,0.0,-0.9999410196490416,-0.0066588412376690055,-0.007373191833628078,0.0,-0.0012207057743970318,0.8188674591625434,-0.573981353531709,0.0,0.4442131534072786,0.2332767835469759,0.12791098701298204,1.0
2025-12-16 17:40:21.432,0.009859041983046478,-0.5739402780542833,-0.8188260519911155,0.0,-0.9999410268637011,-0.006658098142851069,-0.007372884448802146,0.0,-0.0012202523591118778,0.8188662185402661,-0.5739831244189548,0.0,0.4446756366969252,0.23263247985962912,0.1284482144349889,1.0
2025-12-16 17:40:21.485,0.00985860932364017,-0.5739416155254263,-0.8188251197242764,0.0,-0.9999410314992804,-0.006657613624750815,-0.007372693279034352,0.0,-0.0012199492698259193,0.8188652850315457,-0.5739844568400648,0.0,0.4449781480797854,0.23214524114177634,0.12879532484367376,1.0
2025-12-16 17:40:21.532,0.00985837523171309,-0.5739426556206682,-0.8188243935045502,0.0,-0.9999410339800349,-0.0066573726008514736,-0.007372574462194272,0.0,-0.0012198076017092842,0.8188645579747184,-0.5739854943831629,0.0,0.4451542615518729,0.23176165872642795,0.1289681108401621,1.0
2025-12-16 17:40:21.582,0.00985826547844421,-0.5739434900608933,-0.8188238099369645,0.0,-0.9999410349999069,-0.006657358848932722,-0.007372448553908015,0.0,-0.0012198585695339706,0.8188639732149792,-0.5739863285093543,0.0,0.44523246707590475,0.23145306606938376,0.128966057256291,1.0
2025-12-16 17:40:21.632,0.009858261320828184,-0.5739439713411951,-0.8188234726398822,0.0,-0.9999410347588916,-0.006657550080836068,-0.007372308556095034,0.0,-0.001220089716334033,0.8188636343231253,-0.5739868114897824,0.0,0.4452107352836849,0.23128459415065822,0.12880744036368919,1.0
2025-12-16 17:40:21.682,0.00985826838887104,-0.5739442200773833,-0.8188232982062402,0.0,-0.999941034244425,-0.0066578548499043565,-0.00737210310531449,0.0,-0.0012204541975924937,0.818863457501826,-0.5739870629724217,0.0,0.44507259272154,0.23127250781627692,0.12853344997087696,1.0
2025-12-16 17:40:21.732,0.009858178812163512,-0.5739444733853761,-0.8188231217314879,0.0,-0.999941034651072,-0.006658125347927722,-0.007371803646550161,0.0,-0.0012208445254902741,0.8188632777545038,-0.573987318574021,0.0,0.44492390871857446,0.23139033483760388,0.12829574173460614,1.0
2025-12-16 17:40:21.782,0.00985808355379098,-0.5739445326886822,-0.8188230813103797,0.0,-0.9999410353156714,-0.006658255316883478,-0.007371596107154026,0.0,-0.001221069361200543,0.8188632351309812,-0.5739873789034375,0.0,0.44482972625255135,0.23150561298726463,0.12818287583462404,1.0
2025-12-16 17:40:21.832,0.009858057860010448,-0.5739445825719849,-0.8188230466545915,0.0,-0.9999410354742321,-0.006658304551959633,-0.0073715301276054525,0.0,-0.0012211469476471335,0.8188631997665543,-0.5739874291900586,0.0,0.44480066648851063,0.2315335099711506,0.12814124107709973,1.0
2025-12-16 17:40:21.882,0.00985807847048707,-0.5739446506346578,-0.8188229986987045,0.0,-0.9999410352860221,-0.00665830694982515,-0.007371553492227822,0.0,-0.0012211346798074543,0.8188631520407266,-0.5739874973028766,0.0,0.44481793362912003,0.23150393123508814,0.12813011155358336,1.0
2025-12-16 17:40:21.932,0.009858080396863821,-0.5739446432698598,-0.8188230038377833,0.0,-0.9999410352808792,-0.006658298702734551,-0.007371561638970312,0.0,-0.0012211233394100686,0.8188631572699036,-0.573987489866944,0.0,0.4448127989208813,0.2314860973684424,0.12813973574559306,1.0
2025-12-16 17:40:21.982,0.009858086848201195,-0.5739446874068418,-0.8188229728227979,0.0,-0.9999410352120663,-0.006658306298008318,-0.007371564112964559,0.0,-0.0012211276068755388,0.8188631262717497,-0.5739875340805097,0.0,0.4448129252799307,0.2314657120752688,0.12812967888162105,1.0
2025-12-16 17:40:22.032,0.009858092681744665,-0.5739448348298254,-0.8188228694180757,0.0,-0.999941035088322,-0.006658355387549268,-0.00737153655872455,0.0,-0.0012211818429338677,0.8188630225411732,-0.5739876819493959,0.0,0.4447937781403999,0.23142363840730845,0.12807603214607455,1.0
2025-12-16 17:40:22.082,0.009858112712264644,-0.5739451583221253,-0.8188226424284755,0.0,-0.9999410347745565,-0.00665844777384564,-0.007371495671865083,0.0,-0.0012212770635607563,0.8188627950482475,-0.5739880062929064,0.0,0.4447660270963684,0.23134223283745772,0.12796056961776278,1.0
2025-12-16 17:40:22.132,0.009858135184829918,-0.5739454854992632,-0.8188224128264328,0.0,-0.999941034455237,-0.0066585291712120765,-0.007371465463190209,0.0,-0.0012213571126443539,0.8188625650617045,-0.5739883342258525,0.0,0.44474151940317763,0.23127574282323965,0.12784740011175616,1.0
2025-12-16 17:40:22.183,0.009858134427700428,-0.5739456523092269,-0.8188222959117257,0.0,-0.9999410343927881,-0.006658577110655818,-0.007371430631197737,0.0,-0.0012214143511886124,0.8188624477515389,-0.5739885014609099,0.0,0.44471498624738115,0.2312596895067585,0.12778150744781047,1.0
2025-12-16 17:40:22.233,0.00985811278278203,-0.5739456902268212,-0.8188222695943412,0.0,-0.9999410345396701,-0.006658609615034672,-0.007371381345260657,0.0,-0.0012214688002541631,0.8188624209100391,-0.5739885396376131,0.0,0.44469599674826454,0.23129872350071704,0.12774895738695702,1.0
2025-12-16 17:40:22.289,0.00985803482862263,-0.5739456689452348,-0.8188222854499825,0.0,-0.9999410351451904,-0.006658673944466794,-0.007371241094602498,0.0,-0.0012216022359048655,0.8188624353036106,-0.5739885188195121,0.0,0.44462419237791273,0.23139638800925577,0.12770854704839885,1.0
