timestamp,ee_pose_cmd
2025-12-16 17:23:17.082,0.010231460836912941,-0.5630908376305918,-0.826320018326332,0.0,-0.9999372269221698,-0.006808999420795257,-0.007741230089402717,0.0,-0.0012674211926279465,0.8263632618215158,-0.5631359988095465,0.0,0.4297651340302331,0.24808581169748362,0.21982855395721743,1.0
2025-12-16 17:23:17.132,0.01023144321198582,-0.5630908574398835,-0.8263200050456391,0.0,-0.9999372270299272,-0.006809037003246695,-0.007741183113503347,0.0,-0.0012674784567849855,0.8263632480133629,-0.563136018943174,0.0,0.4297220725872959,0.24804117097404302,0.2198085708956711,1.0
2025-12-16 17:23:17.182,0.010231431269082452,-0.5630908819108464,-0.8263199885179225,0.0,-0.999937227114601,-0.006809054972614435,-0.0077411563704080895,0.0,-0.0012675080626237947,0.8263632311902555,-0.5631360435632865,0.0,0.42970086222606885,0.24801084363844073,0.2197966808329514,1.0
2025-12-16 17:23:17.232,0.010231430055101482,-0.5630908763186315,-0.8263199923437359,0.0,-0.9999372271161133,-0.006809061348986537,-0.007741150566476625,0.0,-0.0012675166691944824,0.8263632349483703,-0.5631360380291408,0.0,0.4296934538924888,0.24800790756216265,0.21979415678162773,1.0
2025-12-16 17:23:17.282,0.01023141514935309,-0.5630909103922624,-0.826319969309022,0.0,-0.9999372272343682,-0.006809075610123165,-0.007741122747212173,0.0,-0.0012675436981378256,0.8263632116123515,-0.5631360722122969,0.0,0.42967618938944013,0.24797341008555093,0.2197821233228688,1.0
2025-12-16 17:23:17.332,0.010231409069753856,-0.5630909152665599,-0.8263199660627375,0.0,-0.9999372272758815,-0.0068090857227123495,-0.007741108489830097,0.0,-0.0012675600230521531,0.8263632082075724,-0.5631360771718292,0.0,0.42966430744538125,0.2479599293993657,0.21977575679079592,1.0
2025-12-16 17:23:17.387,0.010231386241954639,-0.5630909289790262,-0.8263199570011084,0.0,-0.9999372274305537,-0.006809124432812273,-0.007741054460743773,0.0,-0.0012676222666158992,0.8263631985446299,-0.563136091211421,0.0,0.4296155646576666,0.24790927841277974,0.21975337239765502,1.0
2025-12-16 17:23:17.432,0.010231368924665689,-0.5630909431373072,-0.8263199475674503,0.0,-0.9999372275443559,-0.006809156134706563,-0.007741011874980055,0.0,-0.0012676722693091924,0.8263631886356455,-0.5631361056396104,0.0,0.42957544093200284,0.24786738884174037,0.219734968334546,1.0
2025-12-16 17:23:17.482,0.010231362257968332,-0.5630909499816161,-0.8263199429859812,0.0,-0.9999372275895029,-0.006809167480604878,-0.007740996063031739,0.0,-0.0012676904643885909,0.8263631838782939,-0.5631361125797346,0.0,0.42956087530728065,0.24785131910301733,0.21972811072051707,1.0
2025-12-16 17:23:17.532,0.01023136191702865,-0.5630909489840947,-0.826319943669958,0.0,-0.999937227589603,-0.006809169488008803,-0.007740994284337411,0.0,-0.0012676931371438714,0.8263631845414854,-0.5631361116005303,0.0,0.4295591172181208,0.2478503419905861,0.2197268875108673,1.0
2025-12-16 17:23:17.583,0.01023135568676223,-0.5630909586667883,-0.8263199371488845,0.0,-0.9999372276338226,-0.0068091787997149366,-0.007740980381475468,0.0,-0.0012677085411079594,0.8263631778667588,-0.5631361213605521,0.0,0.42954883716147374,0.24783590016534823,0.21972042154728547,1.0
2025-12-16 17:23:17.632,0.010231352099775225,-0.5630909672236294,-0.826319931362288,0.0,-0.9999372276633337,-0.006809181547361173,-0.007740974152525091,0.0,-0.0012677142134773483,0.8263631720133005,-0.5631361299373263,0.0,0.4295459259592608,0.2478279900968585,0.2197174945824463,1.0
2025-12-16 17:23:17.683,0.01023134822214218,-0.563090972336721,-0.8263199279260133,0.0,-0.9999372276922117,-0.0068091864499705895,-0.00774096610972592,0.0,-0.001267722730614222,0.8263631684887309,-0.563136135090214,0.0,0.42954016454074323,0.24781961178150508,0.21971396937704626,1.0
2025-12-16 17:23:17.732,0.010231339743233127,-0.5630909658246012,-0.8263199324686442,0.0,-0.9999372277407256,-0.006809206541533301,-0.007740942169749163,0.0,-0.0012677528949800968,0.8263631727606741,-0.5631361287535276,0.0,0.42951542145830723,0.24780138590388776,0.21970364112311327,1.0
2025-12-16 17:23:17.783,0.010231318760731592,-0.5630909937210629,-0.8263199137185612,0.0,-0.9999372279020284,-0.00680922978613053,-0.007740900886504803,0.0,-0.0012677950058694377,0.8263631535598799,-0.5631361568345559,0.0,0.4294857860706738,0.2477564290201585,0.21968559340075122,1.0
2025-12-16 17:23:17.834,0.010231321288981845,-0.5630910438576708,-0.8263198795219493,0.0,-0.9999372279222133,-0.006809201660841883,-0.007740923019237627,0.0,-0.0012677586809863024,0.8263631196274583,-0.5631362067097994,0.0,0.42952400494483495,0.24776038297478536,0.2196904260982646,1.0
2025-12-16 17:23:17.882,0.010231312177631605,-0.5630912204716559,-0.8263197592821275,0.0,-0.9999372280986965,-0.0068091439136482015,-0.007740951018243934,0.0,-0.0012676930101876563,0.8263629997546442,-0.5631363827625931,0.0,0.42960952195518265,0.24773648417144034,0.2196830335784033,1.0
2025-12-16 17:23:17.932,0.010231259199458545,-0.5630915389330934,-0.8263195429241419,0.0,-0.9999372286318515,-0.006809122870770076,-0.007740900657630071,0.0,-0.0012677000414099626,0.8263627829212674,-0.5631367009343498,0.0,0.4296696527145578,0.2476159567948584,0.21963417956063622,1.0
2025-12-16 17:23:17.982,0.010231161286394511,-0.5630918053035308,-0.8263193626195325,0.0,-0.9999372294464591,-0.006809192259385782,-0.0077407343916805985,0.0,-0.0012678477147402072,0.8263626008385676,-0.5631369677951275,0.0,0.4296225419215808,0.2474109053597268,0.2195469280922897,1.0
2025-12-16 17:23:18.032,0.01023093891610444,-0.5630926577085688,-0.8263187845043847,0.0,-0.9999372316638646,-0.006809112691957526,-0.007740517938941164,0.0,-0.0012678933157679571,0.8263620206449976,-0.5631378190834427,0.0,0.42981173913293086,0.24702843338344851,0.21939153795691207,1.0
2025-12-16 17:23:18.082,0.010230704392649406,-0.5630939657223212,-0.8263178960641888,0.0,-0.9999372340731837,-0.006808986474952922,-0.007740317723650747,0.0,-0.0012678855860778764,0.8263611303706142,-0.5631391255087337,0.0,0.43021197831834407,0.24655340592352532,0.21903284926914973,1.0
2025-12-16 17:23:18.132,0.010230649798534582,-0.5630958053833818,-0.826316643100905,0.0,-0.9999372346828397,-0.006808939663853182,-0.0077402801433709666,0.0,-0.0012678452948381095,0.826359877158568,-0.5631409645823903,0.0,0.43070682341386807,0.24603266554349157,0.21833596279393533,1.0
2025-12-16 17:23:18.183,0.010230770971108069,-0.563097963697756,-0.8263151708071114,0.0,-0.9999372335931178,-0.006808930328969584,-0.007740429130599993,0.0,-0.0012677269538809086,0.8263584064905785,-0.5631431229187853,0.0,0.43121933619018565,0.2456368031990979,0.2173190217994132,1.0
2025-12-16 17:23:18.232,0.010230614380680646,-0.563100719402601,-0.8263132948457718,0.0,-0.9999372358136757,-0.006808464756315768,-0.007740551800487082,0.0,-0.001267239056483947,0.8263565324886932,-0.5631458739247202,0.0,0.4316706948910438,0.2454905451640236,0.21606187850329617,1.0
2025-12-16 17:23:18.283,0.010229704535007341,-0.563104348199298,-0.8263108332131308,0.0,-0.9999372461180457,-0.006807336690358225,-0.007740212804022857,0.0,-0.0012664529497828192,0.8263540689671957,-0.5631494906312935,0.0,0.432268724111485,0.24564078327926125,0.21467957012464484,1.0
2025-12-16 17:23:18.332,0.010228169715597916,-0.5631071473339176,-0.8263089446853004,0.0,-0.9999372624286205,-0.006806100381778801,-0.007739192823398639,0.0,-0.0012659712043074096,0.8263521716865592,-0.5631522757352732,0.0,0.4330429998923795,0.24609440273773253,0.21341915281855003,1.0
2025-12-16 17:23:18.382,0.01022646155904815,-0.5631090191271465,-0.8263076902479202,0.0,-0.999937280345235,-0.006804864923033499,-0.007737964226000541,0.0,-0.0012656191387470975,0.8263509063241964,-0.5631541332755845,0.0,0.433955296678534,0.24667384883500407,0.21232342038648438,1.0
2025-12-16 17:23:18.434,0.01022501053311211,-0.5631106766883073,-0.8263065786137994,0.0,-0.9999372955939053,-0.006803795526069859,-0.007736934017747226,0.0,-0.0012652952133620492,0.8263497855764187,-0.5631557785425184,0.0,0.43473852152196907,0.24713677583348298,0.21136098312797738,1.0
2025-12-16 17:23:18.482,0.010223841767818816,-0.5631125586108006,-0.8263053105816959,0.0,-0.9999373079925714,-0.006802862285093986,-0.007736152177115302,0.0,-0.0012649411411078844,0.8263485108082921,-0.5631576498715324,0.0,0.4354092185170513,0.24747133309352823,0.21044511975981448,1.0
2025-12-16 17:23:18.532,0.010222616629937288,-0.5631147863026476,-0.8263038076021246,0.0,-0.9999373209835266,-0.006801889113647945,-0.007735328692534194,0.0,-0.001264573256771425,0.8263470007323277,-0.5631598664989939,0.0,0.43601570032000736,0.24775276178995115,0.20942658571049774,1.0
2025-12-16 17:23:18.582,0.010221243820786315,-0.5631174321007251,-0.826302021503185,0.0,-0.9999373357722179,-0.0068006471819913,-0.007734508896714017,0.0,-0.001263976060987394,0.8263452079322842,-0.563162498477897,0.0,0.43675973094297993,0.24802395393121607,0.20825734580318514,1.0
2025-12-16 17:23:18.632,0.010219725599748139,-0.5631209654997918,-0.8262996322911298,0.0,-0.9999373525069752,-0.006799029339976526,-0.007733767683584527,0.0,-0.001263013035542873,0.8263428133340789,-0.563166014288142,0.0,0.4377274796863542,0.24827488472020096,0.20684646306107757,1.0
2025-12-16 17:23:18.682,0.010218272122555484,-0.5631257644355617,-0.8262963797844585,0.0,-0.9999373692246794,-0.006797035568263152,-0.007733358695874786,0.0,-0.0012615366445427212,0.8263395593622955,-0.5631707921742938,0.0,0.4388748577117197,0.24843786237997872,0.20523875077132991,1.0
2025-12-16 17:23:18.732,0.010216851751835227,-0.5631322952467457,-0.8262919465247264,0.0,-0.9999373861182488,-0.00679473661489933,-0.007733194588689109,0.0,-0.001259648777472106,0.8263351275930221,-0.5631772990726645,0.0,0.4400921700824649,0.248515764668284,0.2033269259496365,1.0
2025-12-16 17:23:18.782,0.010215400271721013,-0.5631393243629882,-0.8262871739622333,0.0,-0.999937402975681,-0.006792653650147887,-0.007732844744819762,0.0,-0.0012580378444102054,0.8263303543681652,-0.5631843062360354,0.0,0.44111851423257675,0.24859196107820755,0.20140682392285789,1.0
2025-12-16 17:23:18.833,0.010213792565350573,-0.5631460847789478,-0.8262825863715042,0.0,-0.9999374210024057,-0.006790757531159622,-0.007732179021405603,0.0,-0.0012567625501273894,0.8263257626396644,-0.5631910462230997,0.0,0.4420223243530821,0.24872351805257695,0.19950256925872895,1.0
2025-12-16 17:23:18.882,0.01021241325058564,-0.5631516599336839,-0.8262788036920373,0.0,-0.9999374365270735,-0.006789087739993703,-0.007731637635852997,0.0,-0.0012556189018806255,0.8263219767577659,-0.563196603459495,0.0,0.442851980838523,0.24885910968423694,0.1979027667741256,1.0
2025-12-16 17:23:18.932,0.010211445983518468,-0.5631562952347975,-0.8262756564304382,0.0,-0.9999374476482702,-0.006787768013573491,-0.007731358047891507,0.0,-0.0012546286712183,0.8263188284880751,-0.5632012247793786,0.0,0.44360066364562245,0.24894546346147767,0.19657563355395297,1.0
2025-12-16 17:23:18.982,0.01021094130571997,-0.5631605046903045,-0.8262727936558366,0.0,-0.9999374541152288,-0.006786657835127608,-0.007731496245332933,0.0,-0.0012535815368134168,0.8263159686902399,-0.5632054229327349,0.0,0.4443295175498054,0.24893974520396675,0.19542705735912405,1.0
2025-12-16 17:23:19.032,0.01021082292531907,-0.5631643258046203,-0.8262701907593082,0.0,-0.9999374567297512,-0.006785699925875256,-0.007731998872332969,0.0,-0.0012524597538602464,0.8263133722838024,-0.5632092347694018,0.0,0.44506796180351116,0.24881789718958477,0.19440282117127297,1.0
2025-12-16 17:23:19.082,0.010210681163763807,-0.5631679924389479,-0.8262676934164046,0.0,-0.9999374593948792,-0.006784850799379433,-0.0077323993529069285,0.0,-0.0012514872948733709,0.8263108802442999,-0.5632128931136441,0.0,0.4457248250347047,0.24868099424659354,0.19338819197551105,1.0
2025-12-16 17:23:19.132,0.01021049264454184,-0.5631720996968756,-0.8262648963039495,0.0,-0.9999374626506048,-0.006783904057212703,-0.00773280898648136,0.0,-0.0012504235834260992,0.8263080886679779,-0.5632169910813553,0.0,0.4463819281262465,0.24853896867564879,0.1922661397182125,1.0
2025-12-16 17:23:19.182,0.01021027291503019,-0.5631765475733552,-0.8262618673831955,0.0,-0.9999374662454794,-0.006782928621369567,-0.007733199796750747,0.0,-0.0012493425595064014,0.8263050651398933,-0.5632214293395855,0.0,0.447009213546759,0.24838623925626854,0.19106239462011865,1.0
2025-12-16 17:23:19.232,0.010209854191156971,-0.5631811484345266,-0.8262587366113421,0.0,-0.999937471767184,-0.006781911244176342,-0.007733378106410985,0.0,-0.0012483446876799913,0.826301937648402,-0.5632260198837029,0.0,0.4475975535546688,0.24830521728525462,0.18980313276482183,1.0
2025-12-16 17:23:19.289,0.010209384796225109,-0.5631862355272814,-0.8262552750063994,0.0,-0.9999374779621659,-0.006780765806341978,-0.007733581508653146,0.0,-0.0012472208719380546,0.8262984797585717,-0.5632310953674077,0.0,0.4482822019683034,0.2482562714352592,0.18842398121175835,1.0
2025-12-16 17:23:19.332,0.010208965241412795,-0.5631908572662125,-0.8262521299347171,0.0,-0.9999374833474814,-0.006779842562994783,-0.007733694636771608,0.0,-0.0012463372418320946,0.8262953371829096,-0.5632357076688778,0.0,0.44890603571689647,0.2482314680977206,0.1871823676448851,1.0
2025-12-16 17:23:19.383,0.010208431622731039,-0.5631961336402138,-0.8262485400154889,0.0,-0.9999374898687735,-0.006778879480830836,-0.007733695696689479,0.0,-0.0012454757381194905,0.8262917486912058,-0.5632409740377692,0.0,0.4495364061043415,0.24822263702713743,0.1857696501130743,1.0
2025-12-16 17:23:19.433,0.010208118311778688,-0.5632007496081155,-0.8262453974834583,0.0,-0.9999374940538271,-0.006778091521384487,-0.007733845220066032,0.0,-0.001244683461984979,0.8262886088563458,-0.5632455819953887,0.0,0.45013793895736487,0.2481883580859474,0.1845657600346726,1.0
2025-12-16 17:23:19.483,0.01020794370693386,-0.5632050006803754,-0.8262425019297316,0.0,-0.9999374968299226,-0.006777373133680693,-0.007734115859207823,0.0,-0.001243884955376421,0.8262857171339643,-0.563249825930402,0.0,0.45068432663113844,0.24810691044750577,0.18345921570422316,1.0
2025-12-16 17:23:19.532,0.010207870189730121,-0.5632084749672885,-0.8262401345930971,0.0,-0.9999374984289917,-0.006776800405671862,-0.007734410969176101,0.0,-0.0012432026080755434,0.8262833536648603,-0.5632532946229668,0.0,0.45107483810512583,0.24797384842860873,0.18254344022116328,1.0
2025-12-16 17:23:19.583,0.010207780695116063,-0.5632115179971786,-0.8262380614022827,0.0,-0.9999375001076849,-0.00677626984295384,-0.0077346587912775645,0.0,-0.0012425870632068077,0.826281283788298,-0.5632563324442545,0.0,0.4514013010728339,0.2478385765240351,0.18170499761191447,1.0
2025-12-16 17:23:19.632,0.010207629064344588,-0.5632142413746941,-0.8262362068578336,0.0,-0.9999375023713749,-0.006775733833822071,-0.007734835713706257,0.0,-0.001242010905441012,0.8262794318275907,-0.563259050479959,0.0,0.4516938910579646,0.24774301096578835,0.18092587948319522,1.0
2025-12-16 17:23:19.682,0.01020730684229088,-0.5632170123086008,-0.8262343219900812,0.0,-0.9999375063136074,-0.006775143774730309,-0.007734842943706728,0.0,-0.0012414850921039424,0.826277547880038,-0.5632618153080479,0.0,0.45199060933365126,0.2477245033239152,0.18011786472190752,1.0
2025-12-16 17:23:19.732,0.010206993175092795,-0.5632199843975317,-0.8262322998810783,0.0,-0.9999375102466012,-0.00677450817124633,-0.0077348912128173426,0.0,-0.0012408960497866767,0.8262755271745817,-0.5632647808707381,0.0,0.45241122565752917,0.24774393142875847,0.1792671282802104,1.0
2025-12-16 17:23:19.782,0.01020663206585232,-0.5632230942907581,-0.8262301844042157,0.0,-0.9999375145956912,-0.006773892241690647,-0.007734868408580351,0.0,-0.0012403615977781242,0.8262734123566524,-0.5632678843459835,0.0,0.45278221209841074,0.24777082053213006,0.17839697089918524,1.0
2025-12-16 17:23:19.832,0.010206411526162109,-0.563226189656378,-0.8262280770768596,0.0,-0.9999375176110145,-0.00677328775652438,-0.00773500795717825,0.0,-0.001239745328817521,0.8262713073302347,-0.5632709736124388,0.0,0.4531615993974944,0.24774917455386564,0.1775532919193636,1.0
2025-12-16 17:23:19.882,0.010206190370416564,-0.5632293588461147,-0.826225919414978,0.0,-0.9999375206568686,-0.006772667165470786,-0.007735157611111227,0.0,-0.0012391091504938246,0.826269152094993,-0.5632741365487455,0.0,0.45352698829717064,0.2476986259437081,0.1766757140464788,1.0
2025-12-16 17:23:19.936,0.010206240726797091,-0.5632320787968271,-0.826224064625111,0.0,-0.9999375209579695,-0.006772177337170856,-0.007735547540555135,0.0,-0.0012384512080044622,0.8262673020033972,-0.5632768518931275,0.0,0.4539584076972002,0.24758824438658159,0.175942279260619,1.0
2025-12-16 17:23:19.982,0.010206497914874501,-0.563234881210442,-0.8262221510522343,0.0,-0.9999375192516643,-0.006771735261869731,-0.0077361550901277965,0.0,-0.0012377091109404233,0.8262653952940255,-0.5632796504541632,0.0,0.45448205855064167,0.2474118294213073,0.17522949211802538,1.0
2025-12-16 17:23:20.033,0.010207111533031348,-0.5632372893258228,-0.8262205018566534,0.0,-0.9999375140157627,-0.006771417272371536,-0.007737110139328489,0.0,-0.0012368786487157752,0.826263756339262,-0.5632820564258559,0.0,0.4550773622817998,0.2470908945759127,0.17472077829388685,1.0
2025-12-16 17:23:20.082,0.01020758813764464,-0.5632394601850769,-0.8262190160823242,0.0,-0.999937509866215,-0.006771227924887057,-0.0077378121036319695,0.0,-0.0012362999641114176,0.8262622780537807,-0.563284226148554,0.0,0.45562923383623016,0.24675658828840868,0.17427326278180408,1.0
2025-12-16 17:23:20.132,0.010207996044167375,-0.5632418396820198,-0.8262173889174597,0.0,-0.999937506221854,-0.006771132591615129,-0.007738366459064847,0.0,-0.001235879523831377,0.826260656763511,-0.5632866052788174,0.0,0.456214677236779,0.24641676879933969,0.17372582125517805,1.0
2025-12-16 17:23:20.182,0.010208297814488367,-0.5632439962926096,-0.8262159149987791,0.0,-0.9999375034425838,-0.006771121241285961,-0.007738735514074158,0.0,-0.0012356356045525243,0.8262591867149938,-0.5632887621582111,0.0,0.456722688452666,0.24617755239250672,0.17300872456666602,1.0
2025-12-16 17:23:20.232,0.010208562666855074,-0.5632464105127573,-0.8262142659104718,0.0,-0.9999375012091739,-0.006770978399525303,-0.0077391490666092605,0.0,-0.0012352547981512912,0.8262575421242095,-0.563291175351118,0.0,0.4572454762210254,0.2459842305462649,0.17207211619282012,1.0
2025-12-16 17:23:20.282,0.010208927432630025,-0.5632492441444715,-0.8262123296541664,0.0,-0.9999374983764356,-0.006770614074871619,-0.007739833779413366,0.0,-0.0012345330705177185,0.8262556134245015,-0.5632940060151524,0.0,0.45785052840262436,0.2457309321121452,0.17115873575024668,1.0
2025-12-16 17:23:20.332,0.010209246436353632,-0.5632519695888739,-0.8262104677033958,0.0,-0.9999374960738616,-0.00677018037482189,-0.0077405106056753145,0.0,-0.0012337598033471105,0.826253759030914,-0.5632967277767835,0.0,0.45842720089938566,0.2455008484580074,0.17025694251336546,1.0
2025-12-16 17:23:20.382,0.010209647297816348,-0.5632545929008773,-0.8262086743549291,0.0,-0.9999374929691681,-0.006769768806276285,-0.0077412716043672655,0.0,-0.0012329586633449694,0.8262519740674487,-0.5632993477384638,0.0,0.4590072498537688,0.2452497286406114,0.16949158476722298,1.0
2025-12-16 17:23:20.432,0.010210072158026407,-0.5632567700054176,-0.8262071848942009,0.0,-0.9999374892739911,-0.006769597659077005,-0.007741898550705924,0.0,-0.001232437181627011,0.8262504913084182,-0.5633015237962623,0.0,0.4594773433995306,0.2449399923176095,0.1689675442503464,1.0
2025-12-16 17:23:20.482,0.010210347659502239,-0.5632584164632352,-0.826206059034433,0.0,-0.9999374867696522,-0.006769561269796287,-0.007742253820053858,0.0,-0.0012321866349816737,0.8262493691886523,-0.5633031702657555,0.0,0.45983819235182266,0.24465374986740335,0.16859888700246717,1.0
2025-12-16 17:23:20.532,0.010210571813730035,-0.5632599598220912,-0.8262050040913944,0.0,-0.9999374847192889,-0.006769542073590394,-0.007742535410587748,0.0,-0.0012319930720033746,0.8262483172079468,-0.5633047137243811,0.0,0.46025051202240763,0.2444199705625508,0.16826105915021586,1.0
2025-12-16 17:23:20.582,0.010210805573920968,-0.5632616608409525,-0.8262038415411973,0.0,-0.9999374825684775,-0.006769531290046245,-0.007742822607921077,0.0,-0.0012318013515281257,0.8262471576735058,-0.5633064149305274,0.0,0.4607360432504359,0.24418338607909126,0.1678463806381971,1.0
2025-12-16 17:23:20.632,0.010211136790106694,-0.5632640733388035,-0.8262021927303514,0.0,-0.9999374794523086,-0.006769562000462776,-0.00774319818251748,0.0,-0.0012315853314860685,0.8262455127590763,-0.5633088281245575,0.0,0.46140677050160933,0.2438596988941324,0.16725669053037392,1.0
2025-12-16 17:23:20.682,0.010211516906184446,-0.5632667700411395,-0.8262003495467095,0.0,-0.9999374757569887,-0.006769676350891894,-0.007743575405092877,0.0,-0.0012314339693481717,0.8262436733975118,-0.5633115263697033,0.0,0.46211126402245256,0.243488174358223,0.16651602584159275,1.0
2025-12-16 17:23:20.732,0.010212027345943802,-0.5632700307765658,-0.8261981202034173,0.0,-0.9999374706030483,-0.0067699549711669966,-0.007743997344718902,0.0,-0.0012313861563457297,0.8262414481540766,-0.5633147903618262,0.0,0.4628576110979961,0.24305212731047304,0.1654772864780065,1.0
2025-12-16 17:23:20.783,0.010212588647036787,-0.5632732682325055,-0.8261959060834219,0.0,-0.9999374648107519,-0.006770341633223083,-0.00774440722226332,0.0,-0.0012314346824811048,0.8262392378770276,-0.5633180321639024,0.0,0.46356089327231753,0.24270477501346965,0.16427917914875112,1.0
2025-12-16 17:23:20.835,0.01021302673683493,-0.5632764711377605,-0.8261937170232371,0.0,-0.9999374605731696,-0.006770459553867846,-0.007744851265109551,0.0,-0.0012312423598986313,0.8262370533383803,-0.5633212367139746,0.0,0.46410964847466935,0.2424836430964257,0.16297368247765184,1.0
2025-12-16 17:23:20.882,0.01021340151588567,-0.5632798518638307,-0.8261914074928064,0.0,-0.9999374571250895,-0.006770447449043888,-0.00774530701506792,0.0,-0.0012309338184847652,0.8262347486166046,-0.5633246177652729,0.0,0.46450968028043554,0.242255778875051,0.16189444439303574,1.0
2025-12-16 17:23:20.932,0.010213987980523014,-0.563283247770541,-0.8261890849749912,0.0,-0.9999374518639259,-0.006770320126050673,-0.007746097499894433,0.0,-0.0012303413205248272,0.8262324344691271,-0.5633280132315938,0.0,0.46489437681023554,0.24187080803055933,0.16100991588074395,1.0
2025-12-16 17:23:20.982,0.010214608270135426,-0.5632860771812059,-0.8261871482496592,0.0,-0.9999374462118215,-0.006770236597115657,-0.007746900090221841,0.0,-0.0012297851821862916,0.8262305061610812,-0.5633308426823523,0.0,0.46517781572034744,0.2413698857855968,0.16035456891926383,1.0
2025-12-16 17:23:21.032,0.0102150718218648,-0.5632885326337164,-0.8261854684102337,0.0,-0.9999374417969655,-0.0067703053984502016,-0.007747409796820884,0.0,-0.0012295245128925417,0.826228831544783,-0.5633332993828918,0.0,0.46535625550134824,0.24091356265936625,0.159736041595577,1.0
2025-12-16 17:23:21.082,0.01021532612273639,-0.5632906926909897,-0.8261839925471319,0.0,-0.9999374392875804,-0.00677040944399121,-0.007747642748941316,0.0,-0.001229452525612946,0.8262273580222801,-0.5633354607176885,0.0,0.4654244483023958,0.24065353463226613,0.15905744741514694,1.0
2025-12-16 17:23:21.132,0.010215603244168833,-0.5632934962912286,-0.8261820776242788,0.0,-0.9999374367963255,-0.006770363451677459,-0.007748004461500378,0.0,-0.0012291760858284524,0.8262254469663516,-0.5633382641995864,0.0,0.4654305477795277,0.24035846131352578,0.15827819708857568,1.0
2025-12-16 17:23:21.182,0.010215860217060085,-0.563297093315698,-0.8261796219729215,0.0,-0.9999374346785223,-0.006770200757210244,-0.007748419932573509,0.0,-0.001228763133962744,0.8262229959071729,-0.5633418599530274,0.0,0.4653616032418081,0.24002403742715908,0.1573003724363551,1.0
2025-12-16 17:23:21.232,0.010216033599126022,-0.5633016770563773,-0.8261764945725475,0.0,-0.9999374333390083,-0.006770051006577091,-0.007748723635093693,0.0,-0.0012284116407271523,0.8262198719817175,-0.5633464423845732,0.0,0.46520709512283587,0.2396972430766712,0.15616673817461352,1.0
2025-12-16 17:23:21.282,0.01021607216027087,-0.5633067221730934,-0.8261730542237684,0.0,-0.9999374327180784,-0.006770272691349875,-0.00774861007351101,0.0,-0.001228596379720813,0.8262164304075796,-0.5633514894588394,0.0,0.4649034877102277,0.23936938964277968,0.1549978490224344,1.0
2025-12-16 17:23:21.332,0.010216089579093375,-0.5633120099683577,-0.82616944862439,0.0,-0.9999374318301782,-0.006770809408903904,-0.007748255676219858,0.0,-0.0012291740627844692,0.8262128207451579,-0.5633567821260811,0.0,0.4645389138184364,0.2390202032103508,0.15384230145646968,1.0
2025-12-16 17:23:21.382,0.010216163787853859,-0.5633170635947312,-0.8261660019400928,0.0,-0.9999374301492958,-0.0067715186394395445,-0.0077478527958462955,0.0,-0.0012299244751456015,0.8262093692804705,-0.5633618423348821,0.0,0.46414213093705653,0.23860569554525538,0.1527731438426089,1.0
2025-12-16 17:23:21.433,0.010216250478798938,-0.5633209844645731,-0.8261633274294053,0.0,-0.9999374283956515,-0.0067721871255832485,-0.00774749483612397,0.0,-0.0012306299248664011,0.8262066904514168,-0.5633657694635916,0.0,0.4637210710061816,0.2380321957733041,0.1518689323545005,1.0
2025-12-16 17:23:21.483,0.010216192504742105,-0.5633233023751459,-0.8261617476699549,0.0,-0.9999374285952713,-0.0067724398055975825,-0.007747248193046368,0.0,-0.001230948968937507,0.8262051079563578,-0.5633680895750655,0.0,0.463250498032918,0.23723428463508903,0.15109745762968488,1.0
2025-12-16 17:23:21.532,0.010215899672123278,-0.5633249583544188,-0.8261606221492824,0.0,-0.9999374311078286,-0.006772611944536151,-0.0077467734014505865,0.0,-0.0012313382009964992,0.8262039774410507,-0.5633697466733746,0.0,0.46269492555343605,0.23642746625967773,0.1503829377434881,1.0
2025-12-16 17:23:21.582,0.010215727940135248,-0.5633269066919706,-0.8261592957781915,0.0,-0.9999374320703697,-0.006773064699484496,-0.007746253307208926,0.0,-0.0012319811678389591,0.8262026452790031,-0.5633716989309808,0.0,0.4622586074151016,0.23573109226385394,0.149720972190051,1.0
2025-12-16 17:23:21.632,0.010215558876290975,-0.5633286931400542,-0.8261580797542151,0.0,-0.9999374328704216,-0.006773607779299043,-0.007745675139850871,0.0,-0.0012327334758736493,0.8262014227526285,-0.5633734901552521,0.0,0.46187203083197936,0.23516562636735758,0.14915229224782378,1.0
2025-12-16 17:23:21.682,0.010215464674906662,-0.5633305548548129,-0.8261568114768847,0.0,-0.9999374328556022,-0.006774226881050039,-0.007745135603736605,0.0,-0.0012335258923863786,0.8262001482766046,-0.5633753574674608,0.0,0.4615612033238538,0.23488439588645635,0.14868986166572587,1.0
2025-12-16 17:23:21.732,0.010215705148895943,-0.563333524448957,-0.8261547836219527,0.0,-0.9999374292865638,-0.006775134943629266,-0.007744802094436961,0.0,-0.0012344272498945544,0.8261981160163153,-0.5633783358281147,0.0,0.46150918679148323,0.235106794166835,0.1482951394745045,1.0
2025-12-16 17:23:21.782,0.010216155837801421,-0.563337575442369,-0.8261520157669648,0.0,-0.9999374233138452,-0.006776342188323425,-0.00774451704260037,0.0,-0.001235535092538754,0.8261953439251315,-0.5633823986684966,0.0,0.46168383336043933,0.23560365156446647,0.14784271066609594,1.0
2025-12-16 17:23:21.832,0.01021668440339458,-0.5633420633243873,-0.826148949010063,0.0,-0.9999374163132253,-0.006777751577153306,-0.007744187600929112,0.0,-0.0012368295330391842,0.8261922722451266,-0.5633869003936288,0.0,0.46191773464972335,0.23602930017673102,0.14730503803253628,1.0
2025-12-16 17:23:21.882,0.01021726953515432,-0.5633461885923633,-0.8261461287828635,0.0,-0.9999374088125541,-0.00677913612429801,-0.007743944205094929,0.0,-0.0012380594494496855,0.8261894479879305,-0.5633910393698129,0.0,0.46211229547087873,0.23620308678067412,0.14678180734372462,1.0
2025-12-16 17:23:21.932,0.01021773409198906,-0.5633498814802875,-0.8261436048577632,0.0,-0.99993740253987,-0.0067804501751559,-0.007743603712009632,0.0,-0.0012392911770663596,0.8261869191084134,-0.5633947451401429,0.0,0.4622326653985443,0.23631675758200898,0.14629323134870023,1.0
2025-12-16 17:23:21.982,0.010218061562411472,-0.5633527474422817,-0.8261416464919001,0.0,-0.9999373979963914,-0.0067814593722277305,-0.0077433066707582356,0.0,-0.0012402568029171905,0.8261849565744128,-0.563397620950957,0.0,0.4623257543777981,0.23645863240240525,0.14591460110498794,1.0
2025-12-16 17:23:22.032,0.010218319765390801,-0.5633558471226723,-0.8261395295923545,0.0,-0.9999373939581654,-0.006782565876810961,-0.007742858999612421,0.0,-0.0012413847925237206,0.8261828338552802,-0.5634007312798374,0.0,0.46236759659066645,0.23666655461456923,0.14551063683132096,1.0
2025-12-16 17:23:22.084,0.010218562699178707,-0.5633594920150533,-0.8261370410737631,0.0,-0.9999373897406345,-0.006783890948978962,-0.007742242794370109,0.0,-0.0012427815552591031,0.8261803375444351,-0.5634043888265065,0.0,0.46237461618029296,0.23692199496685265,0.1450505907917838,1.0
2025-12-16 17:23:22.132,0.010218875222274704,-0.563364289456058,-0.826133765715983,0.0,-0.9999373842329944,-0.006785649059030296,-0.007741413393729524,0.0,-0.0012446419172334735,0.8261770517225043,-0.563409203043053,0.0,0.4623871147100109,0.23725796359235815,0.14446612724128965,1.0
2025-12-16 17:23:22.182,0.010219226482138279,-0.5633702479982956,-0.826129698038785,0.0,-0.9999373777537732,-0.006787819005696717,-0.007740347877330767,0.0,-0.0012469611701397903,0.826172970699252,-0.5634151822358119,0.0,0.4624319206520556,0.23765559182558962,0.14374550825843552,1.0
2025-12-16 17:23:22.232,0.010219867224986634,-0.5633761720818086,-0.826125650216455,0.0,-0.9999373686178412,-0.006789948414120009,-0.007739660416937245,0.0,-0.0012490343374253912,0.8261689134386817,-0.5634211270273526,0.0,0.46261071142196536,0.23790008855508915,0.1430342457237582,1.0
2025-12-16 17:23:22.283,0.010220770675566588,-0.5633809040812038,-0.8261224120338652,0.0,-0.9999373576436867,-0.0067916521084232665,-0.007739583413090527,0.0,-0.0012504265956134438,0.8261656725358734,-0.5634258761866346,0.0,0.4628840733009763,0.23783052726285495,0.14247938692036183,1.0
2025-12-16 17:23:22.332,0.010221433315933014,-0.5633841137170837,-0.826120214988952,0.0,-0.9999373495554422,-0.006792923964746428,-0.007739512210400494,0.0,-0.0012514776737243233,0.8261634733051506,-0.5634290986273265,0.0,0.46303312400969554,0.23757883528945883,0.14207549847688986,1.0
2025-12-16 17:23:22.382,0.010221788590057334,-0.5633861008868858,-0.8261188554116775,0.0,-0.9999373449276004,-0.006793800165461984,-0.007739341035307597,0.0,-0.0012522733574140586,0.8261621109636111,-0.5634310944734844,0.0,0.46307686176523405,0.23732509519783834,0.14179559119284363,1.0
2025-12-16 17:23:22.432,0.010222193918256165,-0.5633887084963943,-0.8261170720857126,0.0,-0.9999373394445804,-0.006794936320399377,-0.0077390520158373685,0.0,-0.001253342508555419,0.8261603233679071,-0.5634337132486759,0.0,0.4630875345876617,0.23714800583611617,0.14143340440194474,1.0
2025-12-16 17:23:22.482,0.010222786205641017,-0.5633919311825862,-0.8261148669657011,0.0,-0.9999373320144319,-0.006796206290231105,-0.00773889689352304,0.0,-0.0012544391411015536,0.82615811520336,-0.5634369486163229,0.0,0.46316429548108895,0.2369798935696684,0.14103014173676856,1.0
2025-12-16 17:23:22.532,0.010223516101243502,-0.5633961129180849,-0.8261120060672936,0.0,-0.9999373228345212,-0.006797787332723694,-0.007738694406545069,0.0,-0.001255807560733835,0.8261552504239068,-0.5634411461229841,0.0,0.46324871797257255,0.23688871007537013,0.14053445411202872,1.0
2025-12-16 17:23:22.582,0.01022426396040327,-0.5634022383103208,-0.8261078193520486,0.0,-0.9999373123513103,-0.0068001306223864,-0.007737990201926469,0.0,-0.0012580643016164076,0.8261510538174927,-0.5634472943856057,0.0,0.4632626715415122,0.23697180575122312,0.13983544396052047,1.0
2025-12-16 17:23:22.632,0.010225178734286652,-0.5634099663646004,-0.8261025374746769,0.0,-0.9999372992153737,-0.006803199124227754,-0.007736990419304113,0.0,-0.0012610668270109145,0.8261457581731968,-0.5634550523004399,0.0,0.46331185600840435,0.2371149593267824,0.13897558284826605,1.0
2025-12-16 17:23:22.682,0.010225991652598894,-0.5634175140772452,-0.8260973797482632,0.0,-0.9999372873848882,-0.006806029655496997,-0.007736029917721791,0.0,-0.0012638528529089759,0.8261405873649497,-0.5634626274956149,0.0,0.4633902219786484,0.23727691933602577,0.13810352843872087,1.0
2025-12-16 17:23:22.732,0.010224932552727472,-0.5634233235639904,-0.8260934306236841,0.0,-0.9999372965591199,-0.006806569293741502,-0.007734369120816517,0.0,-0.0012651625812236276,0.8261366208156696,-0.5634684402084199,0.0,0.46333353457408366,0.2378006060118882,0.1371079803658367,1.0
2025-12-16 17:23:22.782,0.010218511743773093,-0.5634243455087755,-0.8260928130706371,0.0,-0.99993735912757,-0.006804961638079918,-0.0077276917183263455,0.0,-0.0012675846586802943,0.8261359370815063,-0.5634694372293803,0.0,0.4633489751202968,0.23950676210304828,0.1355690803666097,1.0
2025-12-16 17:23:22.833,0.010209953158431343,-0.5634244600328324,-0.8260928407839049,0.0,-0.9999374427712885,-0.006802601171189634,-0.007718941801153192,0.0,-0.0012705639721821615,0.8261358784150322,-0.5634695165336059,0.0,0.4634275912522603,0.2415197533335376,0.13355313228546933,1.0
2025-12-16 17:23:22.882,0.01020400826393944,-0.5634233899131815,-0.8260936440956902,0.0,-0.9999375013242845,-0.00680062527668138,-0.00771309551351633,0.0,-0.0012722393905441971,0.8261366245173251,-0.5634684188471022,0.0,0.46390377530224713,0.24315614190840498,0.13203445905163558,1.0
2025-12-16 17:23:22.932,0.010200501666026176,-0.5634223806469152,-0.8260943757544488,0.0,-0.9999375357823184,-0.006799496228995192,-0.007709622936620231,0.0,-0.0012732759984044322,0.8261373221406243,-0.563467393674692,0.0,0.46432076507800035,0.24424749520143826,0.13112899368862707,1.0
2025-12-16 17:23:22.982,0.010200095280522665,-0.5634217142425831,-0.8260948352806872,0.0,-0.999937539829218,-0.006799324984113327,-0.007709249072382867,0.0,-0.0012733534408855636,0.826137778043529,-0.563466725069294,0.0,0.4644945852628975,0.24446402198364783,0.1311187828004974,1.0
2025-12-16 17:23:23.032,0.010200601600115124,-0.5634223632304607,-0.8260943863990402,0.0,-0.9999375351688597,-0.00679928893198456,-0.00770988532034005,0.0,-0.0012729571191650037,0.8261373357249637,-0.5634673744782668,0.0,0.46458905661696676,0.24387414426234197,0.1316791497339656,1.0
2025-12-16 17:23:23.082,0.010200188174921031,-0.5634239193746091,-0.8260933301624936,0.0,-0.9999375396692906,-0.006798886757386616,-0.007709656295506938,0.0,-0.00127273473984915,0.8261362777282433,-0.5634689261774823,0.0,0.4647246239153125,0.24318577562097504,0.1322640675857338,1.0
2025-12-16 17:23:23.132,0.01019975322871983,-0.5634256963670689,-0.8260921235604204,0.0,-0.9999375443892107,-0.006798474393796821,-0.007709407759384982,0.0,-0.0012725122133370544,0.826135069189063,-0.5634706985892425,0.0,0.46502104356993323,0.24266862259718952,0.13270438987305017,1.0
2025-12-16 17:23:23.182,0.010199572203592843,-0.563426989535262,-0.8260912438050073,0.0,-0.9999375464165368,-0.006798267055176134,-0.007709327644571079,0.0,-0.0012723701182749555,0.8261341889336707,-0.5634719894983143,0.0,0.4652797619044983,0.2423859457675985,0.13288052015902177,1.0
2025-12-16 17:23:23.233,0.0101994412578362,-0.5634279324308492,-0.826090602328785,0.0,-0.9999375478977724,-0.006798107542162422,-0.007709276181585684,0.0,-0.0012722557095365132,0.8261335471743922,-0.5634729306705564,0.0,0.46543815537256733,0.24216785486367123,0.1330110418515596,1.0
2025-12-16 17:23:23.282,0.010199169258999328,-0.563429478179224,-0.8260895514206207,0.0,-0.999937550577733,-0.006798029992360669,-0.007708996953874426,0.0,-0.0012723299122199489,0.8261324935806572,-0.5634744752220814,0.0,0.4655891827377988,0.24174279484789324,0.13309919853612426,1.0
2025-12-16 17:23:23.332,0.010198757594796772,-0.563431739485652,-0.8260880141878972,0.0,-0.9999375546137063,-0.006797924835180511,-0.007708566164007243,0.0,-0.00127245788372343,0.826130952181286,-0.5634767348338138,0.0,0.46583037304362274,0.24119367075303755,0.13323023025813732,1.0
2025-12-16 17:23:23.382,0.010198335298755103,-0.5634340058289616,-0.8260864736417562,0.0,-0.9999375586195857,-0.006797903535302499,-0.007708065297832467,0.0,-0.0012726945549999546,0.8261294066474933,-0.5634790002483058,0.0,0.46602935092931697,0.24059938668898073,0.133283203321593,1.0
2025-12-16 17:23:23.432,0.010197943660278848,-0.5634363658131738,-0.8260848688394875,0.0,-0.9999375623867387,-0.006797852245279404,-0.00770762182043883,0.0,-0.0012728729596103979,0.826127797485105,-0.5634813590677494,0.0,0.4662668187233,0.24005124769287492,0.1333633620898672,1.0
2025-12-16 17:23:23.482,0.010197543407638772,-0.5634383568361335,-0.8260835157872692,0.0,-0.9999375664063053,-0.006797685738581119,-0.007707247189716279,0.0,-0.001272921949532476,0.8261264409064386,-0.5634833478506451,0.0,0.4664953276309896,0.23961680112970707,0.1335418670777579,1.0
2025-12-16 17:23:23.532,0.01019738498588228,-0.5634388812746052,-0.8260831600442412,0.0,-0.9999375680243462,-0.006797599771654006,-0.0077071130852696705,0.0,-0.0012729200331179568,0.8261260839268736,-0.5634838712245785,0.0,0.46652100384866707,0.23946967793890644,0.13365355568287232,1.0
2025-12-16 17:23:23.583,0.01019741003968989,-0.5634384067777303,-0.8260834833704543,0.0,-0.9999375676048552,-0.006797715888608504,-0.007707065095860892,0.0,-0.0012730488518155508,0.8261264065963034,-0.5634833978662547,0.0,0.4663770471326392,0.2395565879707657,0.13359381292727973,1.0
2025-12-16 17:23:23.632,0.010197411963025543,-0.5634381885636673,-0.8260836321817288,0.0,-0.9999375674597814,-0.006797796348599065,-0.007707012950975714,0.0,-0.0012731473941806092,0.8261265547643775,-0.5634831804134465,0.0,0.46630670177133043,0.23962776626564225,0.13353281013602974,1.0
2025-12-16 17:23:23.682,0.010197409607941844,-0.5634382763033041,-0.8260835723671413,0.0,-0.9999375673868411,-0.006797858752432259,-0.0077069673722540396,0.0,-0.001273223544406522,0.826126494409172,-0.5634832687285565,0.0,0.46627882964379186,0.23958911270272584,0.1334639696939387,1.0
2025-12-16 17:23:23.732,0.010197416880369294,-0.5634383834144552,-0.8260834992211632,0.0,-0.9999375672971305,-0.006797873936925452,-0.007706965618363203,0.0,-0.0012732357537722126,0.8261264212304066,-0.5634833759888186,0.0,0.4662947900077866,0.23955311288368486,0.13343353576281422,1.0
2025-12-16 17:23:23.782,0.010197420281522636,-0.5634383844609873,-0.8260834984653809,0.0,-0.9999375672657522,-0.0067978737176521125,-0.007706969882918177,0.0,-0.0012732331565666916,0.8261264205184367,-0.5634833770385104,0.0,0.4663015499529476,0.239558974054205,0.13343037637042332,1.0
2025-12-16 17:23:23.832,0.010197425691862574,-0.5634384277741789,-0.8260834688564034,0.0,-0.9999375672282179,-0.006797865724641393,-0.00770698180295682,0.0,-0.0012732193021065485,0.8261263910429847,-0.5634834202839529,0.0,0.46632110192664555,0.23954922248050256,0.1334334086358763,1.0
2025-12-16 17:23:23.882,0.010197433346022536,-0.5634384127119982,-0.8260834790352277,0.0,-0.9999375671268276,-0.006797885036835085,-0.007706977923638213,0.0,-0.0012732376269790917,0.8261264011570429,-0.5634834054142659,0.0,0.4663248649763119,0.23957247946175725,0.13340020804059097,1.0
2025-12-16 17:23:23.934,0.010197440579530375,-0.5634384323277477,-0.8260834655668187,0.0,-0.9999375670422933,-0.0067978962817752476,-0.0077069789729483935,0.0,-0.0012732460824442767,0.8261263876858317,-0.563483425145383,0.0,0.46633709789989575,0.23958106207909,0.1333748788316684,1.0
2025-12-16 17:23:23.982,0.010197425939377343,-0.5634383458985086,-0.8260835246974555,0.0,-0.9999375671280265,-0.0067979284695939045,-0.007706939458302857,0.0,-0.0012732960053709436,0.8261264463689506,-0.5634833389968972,0.0,0.46630971010932604,0.23962809718214684,0.1333310243414781,1.0
2025-12-16 17:23:24.032,0.01019734171242592,-0.5634381511553584,-0.8260836585636105,0.0,-0.9999375678144191,-0.006797991137569808,-0.007706795124167927,0.0,-0.001273431511215026,0.8261265786753562,-0.5634831447153826,0.0,0.4662213512228245,0.23974530204598887,0.13323941881221815,1.0
2025-12-16 17:23:24.083,0.010197178851332095,-0.5634379748749855,-0.8260837808076475,0.0,-0.9999375692423298,-0.0067980488151023815,-0.00770655897640729,0.0,-0.0012736144053971691,0.8261266984304628,-0.5634829687281858,0.0,0.46611129229514103,0.23991485895189268,0.13312339644807933,1.0
2025-12-16 17:23:24.132,0.010197098877076594,-0.5634380012119925,-0.8260837638314494,0.0,-0.9999375699543464,-0.006798071152919598,-0.007706446885850259,0.0,-0.0012736956975771588,0.826126680283836,-0.5634829951493467,0.0,0.4661044187911782,0.2400000533248952,0.13302600374133977,1.0
2025-12-16 17:23:24.182,0.010197139888234506,-0.5634380401528418,-0.826083736765246,0.0,-0.9999375696002766,-0.006798053017378088,-0.007706508825215721,0.0,-0.0012736453320432062,0.8261266538739771,-0.5634830339828822,0.0,0.46618388143354206,0.24000162861033736,0.13302849094603003,1.0
2025-12-16 17:23:24.233,0.01019714761478984,-0.5634380463156371,-0.8260837324664786,0.0,-0.9999375695312366,-0.006798051102485975,-0.0077065194724723635,0.0,-0.0012736376742482367,0.8261266496864808,-0.5634830401395107,0.0,0.4661881378116994,0.2399957779557831,0.13303473791603537,1.0
2025-12-16 17:23:24.282,0.01019711423662062,-0.5634380298473147,-0.8260837441108679,0.0,-0.9999375698210482,-0.006798064940706529,-0.007706469661669008,0.0,-0.0012736773779151867,0.8261266608046101,-0.5634830237493952,0.0,0.4661452708476657,0.24000580744587593,0.13301496505729332,1.0
2025-12-16 17:23:24.332,0.010197053441381587,-0.5634380398053528,-0.8260837380693459,0.0,-0.9999375703556872,-0.006798086120763758,-0.007706381606699623,0.0,-0.001273744371413306,0.8261266538385696,-0.5634830338109252,0.0,0.46608798817642066,0.24003007372305193,0.1329692678026998,1.0
2025-12-16 17:23:24.382,0.010197034051453209,-0.5634380289574021,-0.8260837457076368,0.0,-0.9999375705326079,-0.006798088590643465,-0.0077063564716494636,0.0,-0.0012737607096225691,0.8261266612169478,-0.5634830229564979,0.0,0.46608151529055136,0.24004539127720972,0.13295934986372804,1.0
2025-12-16 17:23:24.432,0.01019706622724702,-0.5634380476673542,-0.8260837325491682,0.0,-0.9999375702420508,-0.006798082535595477,-0.007706399514112658,0.0,-0.001273731221678921,0.8261266485058968,-0.5634830416589212,0.0,0.46610038692180594,0.24002227193784084,0.13297695013529218,1.0
2025-12-16 17:23:24.482,0.010197072147228172,-0.5634380499569752,-0.8260837309144357,0.0,-0.9999375701887961,-0.006798081278145443,-0.007706407533392672,0.0,-0.001273725635687035,0.8261266469546381,-0.5634830439458597,0.0,0.46610292279927057,0.24001732274489646,0.13298182862312133,1.0
2025-12-16 17:23:24.532,0.010197065388706692,-0.5634380475011264,-0.8260837326728964,0.0,-0.9999375702498818,-0.006798082528614001,-0.007706398504168913,0.0,-0.001273731787085283,0.8261266486193276,-0.5634830414913412,0.0,0.46610149883989976,0.2400237945449335,0.13297567563575902,1.0
2025-12-16 17:23:24.582,0.010197066423255905,-0.5634380452229365,-0.8260837342139864,0.0,-0.9999375702409067,-0.0067980820690061,-0.0077064000741848505,0.0,-0.0012737305508131445,0.8261266501769193,-0.563483039210539,0.0,0.4661017999268812,0.24002316897303774,0.1329778609027748,1.0
2025-12-16 17:23:24.632,0.010197071523710096,-0.5634380589935641,-0.8260837247586432,0.0,-0.9999375701947528,-0.006798081271509319,-0.007706406766313128,0.0,-0.0012737259509256805,0.8261266407914051,-0.5634830529811083,0.0,0.4661108911291954,0.24002169335430523,0.13297376908886369,1.0
2025-12-16 17:23:24.682,0.010197061577531977,-0.563438059456713,-0.8260837245655224,0.0,-0.9999375702839863,-0.006798083580295114,-0.007706393151270192,0.0,-0.0012737355247116752,0.8261266404565215,-0.5634830534504427,0.0,0.4661068467528191,0.24002928527554182,0.13296377989777988,1.0
2025-12-16 17:23:24.732,0.010197058593902596,-0.563438057998359,-0.8260837255970358,0.0,-0.9999375703110113,-0.006798084091157112,-0.007706389193993599,0.0,-0.0012737381947089527,0.8261266414469689,-0.563483051992305,0.0,0.46610556934209935,0.2400316516576844,0.13296172017049898,1.0
2025-12-16 17:23:24.783,0.010197060709582892,-0.5634380619034182,-0.8260837229074384,0.0,-0.9999375702917984,-0.006798083787667763,-0.007706391954645843,0.0,-0.0012737363401311805,0.8261266387860716,-0.5634830558976582,0.0,0.4661078751201284,0.24003042332925,0.13296132005164338,1.0
2025-12-16 17:23:24.832,0.010197060159408498,-0.5634380662605227,-0.8260837199424261,0.0,-0.9999375702964421,-0.006798084145475458,-0.007706391036499749,0.0,-0.0012737370993093214,0.8261266358114209,-0.5634830602570995,0.0,0.4661087310844978,0.24003091558014916,0.13295835841595974,1.0
2025-12-16 17:23:24.882,0.010197063858672228,-0.5634380777892606,-0.8260837120334801,0.0,-0.9999375702624138,-0.0067980839408257,-0.0077063956323648606,0.0,-0.0012737341980995644,0.8261266279500791,-0.5634830717892279,0.0,0.46611359561524435,0.24002869927331685,0.13295514331565275,1.0
2025-12-16 17:23:24.932,0.010197065578057165,-0.5634380860719261,-0.8260837063629873,0.0,-0.9999375702469389,-0.006798083651688215,-0.007706397895360199,0.0,-0.0012737325817810756,0.8261266223033744,-0.5634830800715565,0.0,0.4661188206663155,0.24002900775346356,0.13295126172817429,1.0
2025-12-16 17:23:24.982,0.010197069251946753,-0.5634381085699187,-0.8260836909726713,0.0,-0.999937570213025,-0.006798083628360145,-0.00770640231636393,0.0,-0.0012737297934913435,0.8261266069591021,-0.5634831025742072,0.0,0.4661288468768829,0.24002849504454146,0.13294110813247476,1.0
2025-12-16 17:23:25.032,0.01019707272024166,-0.5634381552304192,-0.8260836591046262,0.0,-0.9999375701807945,-0.0067980839828226565,-0.007706406185727389,0.0,-0.0012737273298862033,0.8261265751319928,-0.5634831492417256,0.0,0.46614828227180233,0.24003057564665478,0.13291639388055632,1.0
2025-12-16 17:23:25.082,0.010197104126909714,-0.5634383086192194,-0.826083554096646,0.0,-0.9999375698884161,-0.006798085017801296,-0.007706443209904153,0.0,-0.0012737054276744176,0.8261264705065972,-0.5634833026832259,0.0,0.4662015957171078,0.24001601932309316,0.13286173414549204,1.0
2025-12-16 17:23:25.132,0.010197189470783252,-0.5634386450956259,-0.8260833235460636,0.0,-0.9999375691040928,-0.006798080473446882,-0.0077065489865730166,0.0,-0.0012736379133572154,0.8261262410543958,-0.5634836392370232,0.0,0.4663637459091139,0.2400027099866761,0.13275137400227147,1.0
2025-12-16 17:23:25.182,0.010197284639042061,-0.5634391198899266,-0.8260829985327526,0.0,-0.9999375682185087,-0.006798083443798328,-0.007706661271556345,0.0,-0.0012735712315860594,0.8261259172019957,-0.5634841141891044,0.0,0.46656922095406356,0.24000271173704543,0.13257685969215546,1.0
2025-12-16 17:23:25.232,0.010197386257536082,-0.5634396580316733,-0.8260826302325174,0.0,-0.9999375672321689,-0.006798113320326632,-0.007706762893961521,0.0,-0.001273532002206786,0.8261255499223069,-0.5634846527473534,0.0,0.4667169617785842,0.23996559084702862,0.13239763079201322,1.0
2025-12-16 17:23:25.282,0.010197437195647073,-0.5634401186379264,-0.8260823154414629,0.0,-0.9999375666962154,-0.00679815701619227,-0.007706793888727505,0.0,-0.0012735449453747333,0.8261252354107437,-0.5634851138236178,0.0,0.46675191443361996,0.23990603253842704,0.13221494071698417,1.0
2025-12-16 17:23:25.332,0.010197473544750911,-0.5634404658637361,-0.8260820781627989,0.0,-0.9999375663172123,-0.006798186131390894,-0.007706817380885565,0.0,-0.0012735514715563057,0.8261249983489375,-0.563485461364903,0.0,0.4667336859122155,0.2398341890336806,0.1320904811404315,1.0
2025-12-16 17:23:25.382,0.01019753326043265,-0.5634407307230269,-0.8260818967747159,0.0,-0.9999375657418835,-0.006798200419664714,-0.007706879424193011,0.0,-0.0012735250422731593,0.8261248175863367,-0.5634857264402611,0.0,0.46676279039593743,0.23977898068238326,0.13202438599769276,1.0
2025-12-16 17:23:25.432,0.010197552736542754,-0.5634408767421134,-0.8260817969399109,0.0,-0.9999375655518759,-0.006798207170021089,-0.007706898122435111,0.0,-0.001273518279086993,0.8261247179396611,-0.5634858725472257,0.0,0.46682088395455695,0.23979589247589927,0.13195830287501262,1.0
2025-12-16 17:23:25.483,0.010197575693560917,-0.5634409842458739,-0.8260817233320342,0.0,-0.9999375653311994,-0.0067982123893578494,-0.007706922150326544,0.0,-0.00127350772326158,0.8261246445746242,-0.5634859801312984,0.0,0.46685948411135003,0.2397953219531826,0.13192168218052897,1.0
2025-12-16 17:23:25.532,0.010197526014498883,-0.5634409426336362,-0.8260817523275233,0.0,-0.999937565797064,-0.006798210453256767,-0.007706863414120277,0.0,-0.0012735397367033294,0.8261246729718553,-0.5634859384258707,0.0,0.4668373875376257,0.23983058887030562,0.1318928022577784,1.0
2025-12-16 17:23:25.582,0.010197417244955282,-0.563440879986328,-0.8260817963997105,0.0,-0.9999375668162109,-0.006798207015395523,-0.007706734214932782,0.0,-0.0012736104766410132,0.8261247157282431,-0.5634858755809974,0.0,0.4667932890117037,0.2398972115575929,0.13184222958760955,1.0
2025-12-16 17:23:25.632,0.010197352545705684,-0.5634408889450723,-0.8260817910879366,0.0,-0.9999375674183176,-0.006798208063206957,-0.007706655167775382,0.0,-0.0012736557763384977,0.8261247096093808,-0.5634858844494507,0.0,0.4667741511985549,0.23993435996650614,0.13179725064146283,1.0
