timestamp,ee_pose_cmd
2025-12-16 18:23:28.886,0.007606834645524062,-0.5716971111111143,-0.8204177570695859,0.0,-0.9999603264951615,-0.005573757265580592,-0.005387538105895784,0.0,-0.0014927982041275639,0.8204419863838661,-0.5717278360653938,0.0,0.5671724574957683,0.23752295705810933,0.14120259393630485,1.0
2025-12-16 18:23:28.934,0.007606846126517292,-0.5716971207457625,-0.8204177502493596,0.0,-0.9999603264053346,-0.005573765261352663,-0.0053875465061743915,0.0,-0.0014927998716965732,0.8204419796158386,-0.5717278457733077,0.0,0.5671507291368757,0.2375072193210309,0.1412274063167921,1.0
2025-12-16 18:23:28.982,0.007606891198302602,-0.5716971640103654,-0.8204177196830958,0.0,-0.9999603260891441,-0.005573776653165312,-0.005387593407227896,0.0,-0.0014927820007390553,0.8204419493903946,-0.5717278891941406,0.0,0.567127765223782,0.23745560345260827,0.14127520970116145,1.0
2025-12-16 18:23:29.032,0.007606963821745893,-0.5716972095872219,-0.8204176872501024,0.0,-0.9999603255941951,-0.005573786864764818,-0.005387674706736252,0.0,-0.0014927434727480726,0.8204419175617182,-0.5717279349695756,0.0,0.5671119947266309,0.23736815035279837,0.14137525996383496,1.0
2025-12-16 18:23:29.082,0.007607016989315835,-0.5716972749677837,-0.8204176411975447,0.0,-0.999960325229232,-0.0055737959840018335,-0.005387733009895339,0.0,-0.00149271701312807,0.8204418719406492,-0.5717280005058715,0.0,0.5670675885394016,0.2372577124631776,0.14151223999255053,1.0
2025-12-16 18:23:29.132,0.007607031895191764,-0.5716973107149484,-0.820417616149391,0.0,-0.9999603251193047,-0.005573802835890594,-0.00538774632378216,0.0,-0.0014927146907708865,0.8204418469844109,-0.5717280363246675,0.0,0.566996948488723,0.23717599581790416,0.14164196990848746,1.0
2025-12-16 18:23:29.182,0.007607014614829647,-0.5716972692591199,-0.8204176451975685,0.0,-0.9999603251963755,-0.005573822575568792,-0.005387711597995409,0.0,-0.001492751124152486,0.8204418757379581,-0.5717279949675913,0.0,0.5668892005875279,0.2371570747605007,0.14172511919527128,1.0
2025-12-16 18:23:29.232,0.007606985173807638,-0.5716972781699428,-0.8204176392611588,0.0,-0.9999603253448134,-0.005573847312305199,-0.00538765845636222,0.0,-0.001492801719410904,0.8204418693605748,-0.5717280039871685,0.0,0.5667133924553005,0.23709620344140392,0.1417968197400043,1.0
2025-12-16 18:23:29.282,0.007606918746119351,-0.5716973741038317,-0.8204175730267981,0.0,-0.999960325795645,-0.005573839914933828,-0.00538758243356577,0.0,-0.0014928382271743542,0.8204418025612372,-0.5717280997503056,0.0,0.5663859569547488,0.23694652347120382,0.14187421874314507,1.0
2025-12-16 18:23:29.332,0.00760684647560036,-0.5716974598926498,-0.820417513916053,0.0,-0.9999603263615985,-0.0055737902658379015,-0.00538752875505065,0.0,-0.0014928273901803732,0.8204417431183232,-0.5717281850804194,0.0,0.5660494958654819,0.2367997639592845,0.14198189100129063,1.0
2025-12-16 18:23:29.382,0.007606783553548035,-0.5716974253184801,-0.820417538592026,0.0,-0.9999603267882083,-0.005573782665920544,-0.005387457435645181,0.0,-0.0014928622526746123,0.8204417672622749,-0.5717281503423195,0.0,0.5658702099046635,0.2367824028110509,0.1420681016853063,1.0
2025-12-16 18:23:29.432,0.0076067661324853006,-0.5716973644284603,-0.8204175811839762,0.0,-0.9999603268742498,-0.005573797850557941,-0.005387425755670069,0.0,-0.0014928933878164987,0.8204418095891026,-0.5717280895211387,0.0,0.5658219279633505,0.23679448649862703,0.14212325538197781,1.0
2025-12-16 18:23:29.482,0.007606837936844759,-0.5716973129369655,-0.8204176163993946,0.0,-0.9999603263270529,-0.005573839102208854,-0.0053874846417446744,0.0,-0.001492894040089704,0.8204418451896566,-0.5717280384318898,0.0,0.5658616281564617,0.2367686811078547,0.14221972160104585,1.0
2025-12-16 18:23:29.532,0.007606919207241272,-0.5716973883329085,-0.8204175631071745,0.0,-0.999960325771533,-0.005573851595726352,-0.005387574824237857,0.0,-0.0014928520288494647,0.8204417925666333,-0.5717281140567335,0.0,0.565863683439344,0.23665437481113677,0.14233730536340491,1.0
2025-12-16 18:23:29.582,0.007606928465760842,-0.5716974412231038,-0.8204175261654768,0.0,-0.9999603257619938,-0.005573823770882292,-0.005387605381478708,0.0,-0.0014928112397207208,0.8204417559001971,-0.5717281667803362,0.0,0.5657672183776745,0.23648169313771653,0.14257483687230846,1.0
2025-12-16 18:23:29.632,0.007606881323646297,-0.5716974897440158,-0.8204174927914003,0.0,-0.9999603261626915,-0.00557377400973947,-0.005387582491283691,0.0,-0.001492783053100163,0.8204417224274335,-0.571728214888038,0.0,0.5656008563876795,0.23628346517534843,0.14295164594937693,1.0
2025-12-16 18:23:29.682,0.007606822267164355,-0.5716975623629966,-0.8204174427353501,0.0,-0.9999603266171914,-0.005573737836248025,-0.005387535557292072,0.0,-0.0014927795374758994,0.8204416720700892,-0.5717282871610332,0.0,0.5653934831261241,0.23610608132147912,0.1434294886064192,1.0
2025-12-16 18:23:29.732,0.007606747411555488,-0.571697653357137,-0.8204173800212718,0.0,-0.9999603271541129,-0.005573713503069898,-0.005387461074914062,0.0,-0.0014928013161477336,0.820441608827925,-0.5717283778579444,0.0,0.5651458501689731,0.23593983323553278,0.14395485593192967,1.0
2025-12-16 18:23:29.782,0.007606611313518593,-0.5716977793377029,-0.820417293495129,0.0,-0.9999603281907569,-0.0055736357740055415,-0.005387349079174028,0.0,-0.0014928004125903524,0.8204415215688847,-0.571728503078744,0.0,0.5648901059156124,0.23572658929504592,0.14448936917775695,1.0
2025-12-16 18:23:29.832,0.007606379051328255,-0.5716979676507176,-0.8204171644248888,0.0,-0.9999603299757818,-0.005573494180877784,-0.0053871642401148835,0.0,-0.0014927881851385157,0.8204413913084886,-0.5717286900368268,0.0,0.5645835350249125,0.23543962953070527,0.1451142267541545,1.0
2025-12-16 18:23:29.882,0.00760608174500015,-0.5716981627564589,-0.8204170312241124,0.0,-0.9999603322407979,-0.005573323525920383,-0.0053869203592358614,0.0,-0.0014927858096491003,0.820441256512043,-0.5717288834784077,0.0,0.5642360383759171,0.2351254738437348,0.14573851912286137,1.0
2025-12-16 18:23:29.932,0.00760575968104446,-0.5716983635227234,-0.8204168943082063,0.0,-0.9999603347126979,-0.0055731284949446375,-0.005386663276682377,0.0,-0.0014927709317420195,0.8204411179366478,-0.5717290823753932,0.0,0.5639238482683662,0.2348314107051725,0.1463402368737312,1.0
2025-12-16 18:23:29.982,0.00760545805136174,-0.5716986097053217,-0.8204167255547874,0.0,-0.9999603370525442,-0.005572932546860681,-0.00538643163871212,0.0,-0.0014927403325857608,0.820440947719804,-0.571729326719322,0.0,0.5636654387588681,0.2345939758850879,0.14695438066704705,1.0
2025-12-16 18:23:30.032,0.007605104413584033,-0.5716988378438258,-0.8204165698570974,0.0,-0.9999603397849777,-0.005572708318891649,-0.005386156358012701,0.0,-0.0014927116528030391,0.8204407902686073,-0.5717295527391816,0.0,0.5634058253650002,0.23433429697499805,0.14754481893334884,1.0
2025-12-16 18:23:30.082,0.00760474066551586,-0.5716990885929224,-0.8204163984969097,0.0,-0.9999603425868003,-0.005572482511638188,-0.005385869804851612,0.0,-0.0014926879130392396,0.8204406170721761,-0.5717298013406518,0.0,0.5631315208806316,0.23408626413658104,0.14815644341198078,1.0
2025-12-16 18:23:30.132,0.00760443509106113,-0.5716993956306864,-0.8204161873730075,0.0,-0.9999603450102102,-0.00557225509455654,-0.005385655153338027,0.0,-0.0014926212210910905,0.8204404046626741,-0.5717301063253865,0.0,0.5629186193757959,0.23391804061505728,0.14879434841764538,1.0
2025-12-16 18:23:30.182,0.007604125542071043,-0.5716999782964512,-0.8204157842166285,0.0,-0.9999603475394045,-0.005571985625003119,-0.005385464351004607,0.0,-0.00149250383891879,0.8204400004714822,-0.5717306866511931,0.0,0.5627863270180108,0.23378047239041916,0.14953459675082037,1.0
2025-12-16 18:23:30.232,0.007603708959171416,-0.5717008130813294,-0.820415206364082,0.0,-0.9999603509361666,-0.005571627044069379,-0.005385204630140258,0.0,-0.0014923504178534774,0.8204394211991173,-0.5717315183131745,0.0,0.5626517931886618,0.23360909727471782,0.15040400063534717,1.0
2025-12-16 18:23:30.282,0.007602951979793881,-0.5717019489960591,-0.8204144218238174,0.0,-0.9999603568999992,-0.005571087310680666,-0.005384655588872361,0.0,-0.001492211009777298,0.8204386333167808,-0.5717326492930023,0.0,0.5623593184056123,0.23324855405591707,0.1515421794515854,1.0
2025-12-16 18:23:30.332,0.007601893550762125,-0.571702872105143,-0.8204137883668104,0.0,-0.9999603651733483,-0.00557036371293167,-0.00538386772663666,0.0,-0.0014920592807195607,0.8204379949716447,-0.5717335657157189,0.0,0.5618143037872301,0.23276611616287635,0.15285928974418916,1.0
2025-12-16 18:23:30.383,0.007600818626818324,-0.5717034405049793,-0.8204134022382742,0.0,-0.9999603735162963,-0.0055696584007260495,-0.005383047803609157,0.0,-0.00149194417266721,0.820437603676211,-0.5717341275248681,0.0,0.5609761234705312,0.23231347436259506,0.15434893076557057,1.0
2025-12-16 18:23:30.432,0.007600124616649041,-0.5717038052708601,-0.8204131544812274,0.0,-0.9999603787366299,-0.005569294053752193,-0.005382455001833431,0.0,-0.0014919808218792944,0.8204373519657088,-0.5717344886332493,0.0,0.5599403376031264,0.23200277792010648,0.15583114599512887,1.0
2025-12-16 18:23:30.482,0.0075995148664635736,-0.5717036308400627,-0.820413281681429,0.0,-0.9999603834122813,-0.005568921468982438,-0.005381971836056055,0.0,-0.0014919530227607259,0.8204374760454474,-0.5717343106516818,0.0,0.5586773540534056,0.231826500445774,0.15748461883004375,1.0
2025-12-16 18:23:30.532,0.007598835405334246,-0.5717030958483015,-0.8204136607828754,0.0,-0.9999603889302306,-0.005568334565596985,-0.005381553853273098,0.0,-0.0014917154671799193,0.8204378528331073,-0.5717337705816978,0.0,0.5573447883584043,0.231721328043995,0.15922728486990054,1.0
2025-12-16 18:23:30.582,0.007597977361667752,-0.5717023070102848,-0.8204142184289214,0.0,-0.9999603958665279,-0.005567609823899894,-0.005381014821946314,0.0,-0.0014914363892008882,0.8204384074452233,-0.5717329754406709,0.0,0.5558824765428602,0.2315518854547303,0.16103124743975647,1.0
2025-12-16 18:23:30.632,0.007596925153361801,-0.5717014737470724,-0.8204148088283437,0.0,-0.9999604044315533,-0.005566688815920224,-0.005380376001675109,0.0,-0.0014910537586544266,0.8204389943444186,-0.5717321342357871,0.0,0.5544039454055005,0.2313439959650045,0.1629523540434049,1.0
2025-12-16 18:23:30.682,0.007595772608197974,-0.5717009685716425,-0.8204151715283786,0.0,-0.9999604138023428,-0.005565687909123261,-0.0053796698369275595,0.0,-0.0014906410437287502,0.8204393531599448,-0.5717316204092356,0.0,0.5528740862089243,0.2311024058090178,0.1650286335054841,1.0
2025-12-16 18:23:30.732,0.007594501835894113,-0.5717005432113939,-0.8204154797021265,0.0,-0.999960424217189,-0.005564538645234626,-0.005378922778175385,0.0,-0.0014901292573819155,0.8204396573619768,-0.571731185210811,0.0,0.5512971998599977,0.2308492235078443,0.16720668276702386,1.0
2025-12-16 18:23:30.782,0.007593218663630542,-0.5716998670167035,-0.8204159627802338,0.0,-0.9999604347903126,-0.005563344299291352,-0.005378192576015033,0.0,-0.001489573167982433,0.8204401366578842,-0.5717304988651293,0.0,0.5496359045339374,0.23060856442938799,0.16935793281428582,1.0
2025-12-16 18:23:30.832,0.007591990928859853,-0.5716986767558859,-0.8204168035642089,0.0,-0.9999604447812084,-0.005562266094272062,-0.005377450146037643,0.0,-0.0014891241070793682,0.8204409733818857,-0.5717292993240575,0.0,0.5477985940921211,0.23038432103931814,0.17146238738790984,1.0
2025-12-16 18:23:30.882,0.007591051096445516,-0.5716977332104551,-0.820417469759443,0.0,-0.9999604523689427,-0.005561473114018518,-0.005376859316580992,0.0,-0.0014888200816572917,0.8204416362497219,-0.571728348888389,0.0,0.5460411762001007,0.23020246775068975,0.1734018621790395,1.0
2025-12-16 18:23:30.932,0.007590264144698621,-0.5716966609844886,-0.8204182242067816,0.0,-0.9999604583809678,-0.005560995032233948,-0.00537623567047233,0.0,-0.00148879435159805,0.8204423866490788,-0.571727272115772,0.0,0.5442953807136657,0.2299667647427607,0.17500169973707766,1.0
2025-12-16 18:23:30.982,0.007589732542121078,-0.5716954217868867,-0.8204190926404998,0.0,-0.9999604619268715,-0.005560952478807629,-0.005375620125584698,0.0,-0.0014891228420473013,0.8204432504443739,-0.5717260316912564,0.0,0.5424707897826077,0.22972497964851693,0.17623525429636,1.0
2025-12-16 18:23:31.032,0.007589404573757962,-0.5716946918727642,-0.8204196043025357,0.0,-0.9999604634446456,-0.005561295296792583,-0.005374983106942672,0.0,-0.0014897750584457153,0.8204437567435136,-0.5717253034376434,0.0,0.5404671740398045,0.22961324582594997,0.17711810328781896,1.0
2025-12-16 18:23:31.082,0.007588637878294511,-0.5716948497125878,-0.8204195014067268,0.0,-0.99996046797842,-0.005561565393693945,-0.005373860061376146,0.0,-0.001490637286557511,0.8204436449258558,-0.5717254616520558,0.0,0.5384426941617777,0.22973293045298254,0.17766885435578778,1.0
2025-12-16 18:23:31.132,0.007587666810134749,-0.5716956504652251,-0.8204189523973284,0.0,-0.9999604735332038,-0.0055620135062540346,-0.005372362442677604,0.0,-0.0014918537756272757,0.820443083902793,-0.5717262635635927,0.0,0.5363043945161956,0.22998221037186425,0.17817224953647393,1.0
2025-12-16 18:23:31.182,0.007586858704420419,-0.57169683443964,-0.8204181348360738,0.0,-0.9999604777666732,-0.005562602622891051,-0.005370964337530717,0.0,-0.0014931255063448912,0.8204422548824447,-0.5717274499091608,0.0,0.5341739791178581,0.2302076522917646,0.17878056078346694,1.0
2025-12-16 18:23:31.233,0.007586260907814793,-0.5716977659369985,-0.820417491262401,0.0,-0.9999604804617714,-0.005563277716877389,-0.0053697632085856145,0.0,-0.0014943574887298834,0.8204416012099061,-0.5717283847246184,0.0,0.5320652130584052,0.2304202036701091,0.17961726417503981,1.0
2025-12-16 18:23:31.282,0.007585825389488486,-0.5716979219002415,-0.820417386608374,0.0,-0.9999604822379512,-0.005563868249102536,-0.005368820518438896,0.0,-0.0014953795056044741,0.820441488525341,-0.5717285437569626,0.0,0.5301689805169114,0.23057984118350094,0.18064156718534316,1.0
2025-12-16 18:23:31.332,0.007585447068310214,-0.5716976781441195,-0.8204175599648051,0.0,-0.9999604838507623,-0.005564339866885943,-0.005368031296815734,0.0,-0.00149621991468073,0.8204416551835716,-0.5717283024003696,0.0,0.528286123814108,0.2306392002743025,0.1817557572707192,1.0
2025-12-16 18:23:31.382,0.007584891025504727,-0.5716972095760859,-0.8204178916212495,0.0,-0.9999604869596838,-0.005564626800303131,-0.005367154658990701,0.0,-0.0014969608663910339,0.8204419797497163,-0.5717278347015566,0.0,0.5262901779879053,0.23065543144736017,0.18285016280172434,1.0
2025-12-16 18:23:31.433,0.0075841053086362275,-0.5716970057074293,-0.8204180409480495,0.0,-0.999960491916562,-0.005564725616169381,-0.005366128587001864,0.0,-0.001497630477028614,0.8204421211411485,-0.5717276300480567,0.0,0.5241448771678392,0.23063232424659436,0.1838004978653054,1.0
2025-12-16 18:23:31.483,0.007583047399238017,-0.5716975125326642,-0.8204176975524807,0.0,-0.99996049896345,-0.005564658717878031,-0.00536488465208892,0.0,-0.0014982821289369307,0.8204417684240519,-0.5717281344973997,0.0,0.5217386899147405,0.23052676037239084,0.18452262454389706,1.0
2025-12-16 18:23:31.532,0.007581875475217099,-0.5716987969541509,-0.82041681334957,0.0,-0.9999605069078208,-0.005564512806431577,-0.005363555079364411,0.0,-0.0014989107369018338,0.8204408743886586,-0.5717294158069673,0.0,0.5193631650978363,0.23037145868036626,0.18491005557067378,1.0
2025-12-16 18:23:31.583,0.007580550898765315,-0.5717007870401108,-0.8204154388156024,0.0,-0.9999605160804664,-0.005564244392962361,-0.005362123239067994,0.0,-0.0014994907991925201,0.8204394894491142,-0.5717314016912312,0.0,0.517086433260061,0.2302191800665704,0.1850221201363872,1.0
2025-12-16 18:23:31.632,0.007579118480137851,-0.5717033347027639,-0.8204136767229151,0.0,-0.999960526183927,-0.0055638547728401174,-0.005360643173991972,0.0,-0.0014999938517451137,0.8204377167824953,-0.5717339441551207,0.0,0.5149389116863075,0.2300558745025991,0.1848480806348743,1.0
2025-12-16 18:23:31.682,0.007577586563935949,-0.5717065353059845,-0.8204114605315441,0.0,-0.9999605369443517,-0.0055634643073346765,-0.005359040965764004,0.0,-0.0015005600253263271,0.8204354891107647,-0.5717371393631787,0.0,0.5129224068437541,0.22993539394835763,0.1843919523311969,1.0
2025-12-16 18:23:31.732,0.0075759607074018815,-0.5717104143899301,-0.8204087723803681,0.0,-0.9999605480877828,-0.005563202734394843,-0.005357232916825995,0.0,-0.0015013433804783771,0.8204327877450905,-0.5717410137123914,0.0,0.5109964688237231,0.22986756022483096,0.1837349855635535,1.0
2025-12-16 18:23:31.782,0.007574160860971981,-0.5717147381248978,-0.8204057759421493,0.0,-0.9999605601594326,-0.005563055599939434,-0.005355132046378471,0.0,-0.0015023839561048836,0.8204297757162199,-0.5717453331341512,0.0,0.5091399206909774,0.2299235912653456,0.18299677252066937,1.0
2025-12-16 18:23:31.832,0.007572050431029565,-0.5717194575757244,-0.8204025065678419,0.0,-0.9999605741357221,-0.005562975127591137,-0.005352605262402648,0.0,-0.0015037191126651827,0.8204264874391628,-0.5717500481303586,0.0,0.5072557747972529,0.23015195454527196,0.1823071974128243,1.0
2025-12-16 18:23:31.883,0.007569975185628765,-0.5717237475068266,-0.8203995361490933,0.0,-0.9999605878510205,-0.00556290561903331,-0.0053501146644975945,0.0,-0.0015050465607283515,0.8204234983702677,-0.5717543337454831,0.0,0.5053633626454974,0.23047927610663185,0.18185608587232052,1.0
2025-12-16 18:23:31.932,0.007568333604314498,-0.5717273679199923,-0.82039702827286,0.0,-0.9999605982514379,-0.005563094204804481,-0.005347974261644476,0.0,-0.0015063917080181072,0.8204209740948154,-0.5717579523271509,0.0,0.503551760609898,0.23077897054660576,0.18160688333522285,1.0
2025-12-16 18:23:31.983,0.007566654562660893,-0.571730519198115,-0.8203948476540985,0.0,-0.9999606088806365,-0.0055632855976213225,-0.005345787279177729,0.0,-0.0015077701329171097,0.820418776712195,-0.571761101726317,0.0,0.5018210329142515,0.23114375288130756,0.1814344510644279,1.0
2025-12-16 18:23:32.032,0.007565056102567803,-0.571733343788535,-0.8203928939403082,0.0,-0.9999606188810598,-0.0055635287670136434,-0.0053436631513340575,0.0,-0.001509158120068895,0.8204168066275356,-0.5717639249243041,0.0,0.5002365065603732,0.23155635178296144,0.18123563815158023,1.0
2025-12-16 18:23:32.082,0.0075634424084212925,-0.5717360802782543,-0.8203910017474597,0.0,-0.9999606290718471,-0.005563719393485593,-0.005341557259331155,0.0,-0.0015104933983101517,0.8204148982820617,-0.5717666596493085,0.0,0.4986261203897211,0.2319800168585511,0.18101130763869186,1.0
2025-12-16 18:23:32.132,0.0075620043308555224,-0.5717384211892049,-0.8203893836025572,0.0,-0.9999606380904408,-0.005563920887088435,-0.005339658727765506,0.0,-0.0015117226816163001,0.8204132655299124,-0.5717689991920507,0.0,0.49714628506253666,0.23239954127342352,0.1808249224366363,1.0
2025-12-16 18:23:32.182,0.007560835050932229,-0.5717404570027355,-0.820387975594989,0.0,-0.999960645351866,-0.005564122897935163,-0.005338088146975035,0.0,-0.0015127676889920604,0.8204118453891518,-0.571771034137867,0.0,0.4958580725017553,0.23271934857454776,0.18062057736082415,1.0
2025-12-16 18:23:32.232,0.007559823844184195,-0.5717423094406205,-0.8203866939194949,0.0,-0.9999606518305567,-0.00556418929229775,-0.005336805161836424,0.0,-0.0015135386898973567,0.820410553957213,-0.5717728851180799,0.0,0.4947665844441951,0.23290712168093125,0.18034872106607824,1.0
2025-12-16 18:23:32.282,0.007558919629304242,-0.5717440402921661,-0.8203854959868782,0.0,-0.999960657890167,-0.00556410405255827,-0.005335758536999168,0.0,-0.001514051269091981,0.8204093482827641,-0.5717746137238034,0.0,0.4938037103028753,0.23300936743814019,0.18003401765018515,1.0
2025-12-16 18:23:32.332,0.007558026118188771,-0.5717457287124595,-0.8203843275206225,0.0,-0.9999606639388325,-0.005563986172387123,-0.0053347478001689414,0.0,-0.0015145169450075059,0.8204081723953344,-0.5717762997058996,0.0,0.49287641739633514,0.23309467668972278,0.17968971455165356,1.0
2025-12-16 18:23:32.382,0.007557180221529508,-0.5717471998193716,-0.820383310061227,0.0,-0.9999606696235899,-0.0055638957523538755,-0.005333776448920117,0.0,-0.0015149846331678487,0.8204071477665927,-0.5717777686435922,0.0,0.49200419466576245,0.23319515562332732,0.17937426966498202,1.0
2025-12-16 18:23:32.432,0.007556243045821386,-0.571748795506108,-0.8203822066144264,0.0,-0.9999606759939956,-0.005563755663733759,-0.005332728171785521,0.0,-0.0015154544166909752,0.8204060366482437,-0.5717793616676203,0.0,0.4910897133986713,0.2333137802941742,0.1790488768674153,1.0
2025-12-16 18:23:32.482,0.007555298192515467,-0.5717504260941929,-0.8203810789087833,0.0,-0.9999606824972382,-0.005563570315963199,-0.005331701998928502,0.0,-0.0015158741139742417,0.820404901508541,-0.5717809892838619,0.0,0.49017692018184134,0.23340823729495144,0.17870975413754575,1.0
2025-12-16 18:23:32.532,0.007554377651647463,-0.5717521245649614,-0.8203799036635148,0.0,-0.999960688804425,-0.005563405429220564,-0.005330691045121884,0.0,-0.0015163012731153596,0.8204037189158244,-0.5717826849595344,0.0,0.48928964506658396,0.233486672741388,0.1783241166299377,1.0
2025-12-16 18:23:32.582,0.0075535245671997575,-0.5717537342249595,-0.8203787896865908,0.0,-0.9999606945727317,-0.0055632938404079745,-0.00532972536566412,0.0,-0.0015167470893344467,0.8204025978514916,-0.5717842922963087,0.0,0.4884351964471217,0.23356259784725233,0.1779518015945957,1.0
2025-12-16 18:23:32.632,0.007552756945201991,-0.5717551191663106,-0.8203778315330401,0.0,-0.9999606997402045,-0.005563205003839237,-0.005328848503628896,0.0,-0.0015171628562981386,0.8204016332423697,-0.5717856752229108,0.0,0.4876426910460123,0.2336267358914615,0.17763968460100882,1.0
2025-12-16 18:23:32.682,0.007551969561916334,-0.5717562451175179,-0.8203770540587181,0.0,-0.9999607050029725,-0.005563131933719015,-0.005327937148112377,0.0,-0.0015176136678633767,0.8204008490225828,-0.5717867992283314,0.0,0.4868552770637725,0.23372983091363406,0.17740253318959118,1.0
2025-12-16 18:23:32.732,0.007551174554139585,-0.5717573328818527,-0.8203763032656975,0.0,-0.9999607102572512,-0.005563089511758096,-0.005326995223059972,0.0,-0.0015181074556539064,0.820400091206568,-0.5717878852319347,0.0,0.4860088203561105,0.23383696546236057,0.17720693627357087,1.0
2025-12-16 18:23:32.782,0.007550390878768852,-0.5717583062098194,-0.8203756321215697,0.0,-0.9999607154267814,-0.0055630519087488456,-0.00532606400909594,0.0,-0.0015186001273173803,0.8203994131110457,-0.5717888568525145,0.0,0.485171044782435,0.23396562394734233,0.17706935412976602,1.0
2025-12-16 18:23:32.832,0.007549610985089346,-0.5717591008444605,-0.820375085480243,0.0,-0.9999607205377385,-0.005563031056321786,-0.005325126131956936,0.0,-0.0015191119968815529,0.8203988594390649,-0.5717896498974271,0.0,0.48433451890513407,0.23412752381854132,0.17700726266639458,1.0
2025-12-16 18:23:32.882,0.007549102886514328,-0.5717595060998298,-0.8203748077137033,0.0,-0.9999607238600271,-0.005563020529404116,-0.005324513229203905,0.0,-0.0015194500970884344,0.8203985770709663,-0.5717900541381743,0.0,0.4835888700217727,0.234184938702612,0.1770650610018605,1.0
2025-12-16 18:23:32.932,0.007548764543992687,-0.5717599202517348,-0.8203745221841046,0.0,-0.9999607260789712,-0.0055630107628243525,-0.005324106692964628,0.0,-0.0015196707366467333,0.8203982884970352,-0.5717904675945444,0.0,0.4828958107903092,0.234168046226046,0.17714785885462966,1.0
2025-12-16 18:23:32.982,0.007548571323353268,-0.5717603835538327,-0.8203742010634896,0.0,-0.9999607272966858,-0.005563033326584025,-0.005323854402489611,0.0,-0.001519829247056347,0.8203979654486342,-0.571790930679039,0.0,0.4822759400783791,0.23410643043298587,0.17723973187736117,1.0
2025-12-16 18:23:33.032,0.00754846485689171,-0.5717610417919915,-0.8203737432831752,0.0,-0.9999607279648896,-0.005563049854358914,-0.005323711623883959,0.0,-0.0015199183919582704,0.8203975065810689,-0.5717915888185542,0.0,0.4816400891765192,0.23397664995305908,0.17730536078330522,1.0
2025-12-16 18:23:33.082,0.007548377017507593,-0.5717619350244038,-0.820373121550651,0.0,-0.999960728630658,-0.005563003968490642,-0.005323634519593033,0.0,-0.0015199166196489832,0.8203968843575167,-0.5717924815787181,0.0,0.4809390064567117,0.23377300229202902,0.17731869991352608,1.0
2025-12-16 18:23:33.132,0.007548188386730923,-0.5717629471423988,-0.820372417886124,0.0,-0.9999607300176471,-0.005562922593346078,-0.005323459026161144,0.0,-0.0015199409001992958,0.8203961795160417,-0.5717934928058753,0.0,0.4802118008606403,0.23360136723298192,0.17728876704448834,1.0
2025-12-16 18:23:33.182,0.0075478722229548245,-0.5717640724398931,-0.8203716365118088,0.0,-0.9999607323437222,-0.005562781724173701,-0.005323169291375406,0.0,-0.0015199806586323602,0.8203953961956093,-0.5717946165887244,0.0,0.4794177898281587,0.23345593325618544,0.17722287609032078,1.0
2025-12-16 18:23:33.232,0.007547617181263046,-0.5717655400180153,-0.8203706160169323,0.0,-0.9999607346519431,-0.005562438586192677,-0.0053230942626857234,0.0,-0.0015197285633240286,0.8203943756908366,-0.5717960814485672,0.0,0.47895041487475826,0.23325128148241306,0.1768866004065804,1.0
2025-12-16 18:23:33.282,0.007547457319456849,-0.5717672682139181,-0.8203694130014924,0.0,-0.9999607365975673,-0.005561959381846156,-0.005323229498464732,0.0,-0.001519242214930742,0.8203931744653634,-0.5717978062162674,0.0,0.4786914339544032,0.2329791713594755,0.17637489794404224,1.0
2025-12-16 18:23:33.332,0.007547288263480632,-0.5717694070086566,-0.8203679238914972,0.0,-0.999960738905878,-0.005561319004539548,-0.005323464938216966,0.0,-0.001518562571932015,0.8203916881558919,-0.5717999405145483,0.0,0.47837205914064057,0.23261266202857678,0.1757299605571108,1.0
2025-12-16 18:23:33.382,0.007547119666108866,-0.5717712626086482,-0.8203666321473988,0.0,-0.9999607410145008,-0.005560782840493853,-0.005323628944553237,0.0,-0.001518011874104363,0.8203903985077763,-0.5718017922988717,0.0,0.4780925298337172,0.2323002374377896,0.17515951970968546,1.0
2025-12-16 18:23:33.432,0.007546985294074297,-0.5717726815024093,-0.8203656444547904,0.0,-0.9999607426185223,-0.005560396382480414,-0.0053237313128452445,0.0,-0.0015176232523440969,0.8203894122080636,-0.571803208417522,0.0,0.47787751606069623,0.23206076676005372,0.17471508439660804,1.0
2025-12-16 18:23:33.482,0.007546895567003951,-0.5717740275491914,-0.8203647071203669,0.0,-0.9999607439201988,-0.0055600161822211645,-0.005323883904090328,0.0,-0.0015172117158933271,0.8203884766341815,-0.5718045518133413,0.0,0.4776770685615724,0.23180935118030907,0.17429157360541137,1.0
2025-12-16 18:23:33.532,0.0075468484977277645,-0.5717752944894507,-0.8203638245257174,0.0,-0.9999607449319688,-0.005559642438277088,-0.005324084171799952,0.0,-0.0015167789411376488,0.8203875961480455,-0.5718058162244198,0.0,0.4774943582001782,0.2315526791155605,0.17389333943918525,1.0
2025-12-16 18:23:33.582,0.0075467667535259195,-0.5717767990267806,-0.8203627766466884,0.0,-0.999960746398995,-0.005559145579401943,-0.0053243274504660805,0.0,-0.0015162183886058215,0.8203865508942747,-0.5718073173662555,0.0,0.4772731997619797,0.23125853481042444,0.17341254697231026,1.0
2025-12-16 18:23:33.632,0.007546657118081449,-0.5717782949763469,-0.8203617350056571,0.0,-0.9999607481328512,-0.005558602049413055,-0.00532456928333372,0.0,-0.0015156204555449135,0.8203855119378122,-0.5718088095658972,0.0,0.4770465439409722,0.23096936528822673,0.1729192026325959,1.0
2025-12-16 18:23:33.682,0.0075465153721786206,-0.5717799466358963,-0.82036058512827,0.0,-0.9999607502293347,-0.005557975827422347,-0.0053248292645494445,0.0,-0.0015149428765286323,0.8203843650105667,-0.5718104568773558,0.0,0.4767959387155544,0.2306541249304598,0.17236479528176704,1.0
2025-12-16 18:23:33.732,0.007546350514738661,-0.5717814737650301,-0.8203595222548509,0.0,-0.9999607523243321,-0.005557430616487407,-0.005325004892698761,0.0,-0.0015143811366823971,0.8203833043246085,-0.5718119801431322,0.0,0.4765604061610259,0.23038064257569302,0.17184356505650547,1.0
2025-12-16 18:23:33.782,0.007546220064505116,-0.5717827944326903,-0.8203586029625641,0.0,-0.9999607539570268,-0.0055570133720000406,-0.005325133734089198,0.0,-0.001513953027580197,0.8203823866677469,-0.571813297844289,0.0,0.4763613385887588,0.230141875736507,0.17139743091553258,1.0
2025-12-16 18:23:33.832,0.007546160580636898,-0.5717839953695508,-0.8203577664659077,0.0,-0.9999607550242016,-0.005556652072839109,-0.005325310355116335,0.0,-0.0015135445924948153,0.8203815520793674,-0.571814496310311,0.0,0.4761839378317625,0.22987898215609442,0.17098120637232597,1.0
2025-12-16 18:23:33.882,0.007546119834560311,-0.5717851783400258,-0.8203569423167671,0.0,-0.9999607560068285,-0.00555627045453999,-0.005325524020790774,0.0,-0.0015130984706239036,0.8203807301482119,-0.5718156767127891,0.0,0.47600885418008176,0.22960587841011215,0.17056409993719027,1.0
2025-12-16 18:23:33.932,0.007545988703261737,-0.5717866704088047,-0.8203559035555916,0.0,-0.9999607578531516,-0.005555740543998424,-0.005325730181523614,0.0,-0.0015125321468341414,0.8203796937798342,-0.571817165080072,0.0,0.4757790208663773,0.2293130650276539,0.17002752695440565,1.0
2025-12-16 18:23:33.982,0.007545708004287768,-0.5717890619390141,-0.820354239239869,0.0,-0.9999607612604943,-0.005554896138476941,-0.0053259712195514175,0.0,-0.0015116796127121457,0.820378032616544,-0.571819550579514,0.0,0.47542112158610234,0.22889336103730315,0.16918068382379203,1.0
2025-12-16 18:23:34.032,0.007545453072969043,-0.5717913759481053,-0.8203526287094498,0.0,-0.9999607641723405,-0.0055542289936253144,-0.005326120291892438,0.0,-0.001511025797137379,0.820376424274156,-0.5718218597572063,0.0,0.475069196302911,0.22844381240352696,0.16832449220418463,1.0
2025-12-16 18:23:34.082,0.007545311557986357,-0.5717930944600687,-0.8203514321938374,0.0,-0.9999607658855223,-0.005553808795793318,-0.005326236824256878,0.0,-0.001510598647895719,0.8203752293134415,-0.5718235752578267,0.0,0.4748200366104478,0.22809204055512688,0.16769575099720754,1.0
2025-12-16 18:23:34.132,0.007545275838661774,-0.5717939551529581,-0.8203508326102092,0.0,-0.999960766500367,-0.005553606406676863,-0.005326332423586965,0.0,-0.0015103700360679904,0.8203746307772761,-0.5718244345595963,0.0,0.47469763784753677,0.22788535034179985,0.16737231766851018,1.0
2025-12-16 18:23:34.182,0.0075453015062887235,-0.5717941811187314,-0.8203506748733415,0.0,-0.9999607664399639,-0.005553550160405559,-0.005326402409131746,0.0,-0.0015102817957979566,0.8203744736587966,-0.5718246602044633,0.0,0.4746712122314973,0.2278049955387228,0.1672914710411262,1.0
2025-12-16 18:23:34.232,0.007545299238687957,-0.5717942952511519,-0.8203505953425314,0.0,-0.9999607665017453,-0.005553525339545659,-0.0053264166897985556,0.0,-0.0015102522182240457,0.8203743942759343,-0.5718247741700523,0.0,0.4746559703398268,0.2277796848473536,0.16725089488600425,1.0
2025-12-16 18:23:34.282,0.007545317544957154,-0.5717946289261301,-0.8203503625985566,0.0,-0.999960766552252,-0.005553435501338428,-0.005326500875237358,0.0,-0.0015101273103899319,0.8203741623107706,-0.5718251072910387,0.0,0.4746132629592981,0.22767694263379679,0.16712825624598457,1.0
2025-12-16 18:23:34.332,0.007545359144873357,-0.5717957626483156,-0.8203495719959963,0.0,-0.99996076700606,-0.005553049526758011,-0.005326818075902693,0.0,-0.0015096188631899662,0.820373374711321,-0.5718262385687162,0.0,0.474464837045049,0.22734317730661638,0.16669783104758806,1.0
2025-12-16 18:23:34.382,0.007545341248179143,-0.5717968299528133,-0.8203488282325819,0.0,-0.9999607677169681,-0.005552733240243463,-0.00532701432911886,0.0,-0.0015092373581145208,0.820372632931463,-0.5718273037724728,0.0,0.4743217146475306,0.22708957401408675,0.16630124829527193,1.0
2025-12-16 18:23:34.432,0.007545366951948873,-0.5717964099159161,-0.820349120768736,0.0,-0.9999607673685704,-0.005552829160524907,-0.005326979742952274,0.0,-0.00150933968636678,0.8203729250519157,-0.5718268844112482,0.0,0.4743871501886598,0.2271818149524006,0.16647023893860455,1.0
2025-12-16 18:23:34.482,0.007545470923504864,-0.5717943053301101,-0.8203505867382603,0.0,-0.9999607668738368,-0.005552717421912207,-0.005327189083281089,0.0,-0.0015091476695896272,0.8203743927197537,-0.5718247793188109,0.0,0.4747975206065432,0.22777413621198583,0.16753074129935422,1.0
2025-12-16 18:23:34.532,0.007545513421606817,-0.571792376957791,-0.8203519304428875,0.0,-0.9999607698206621,-0.0055509517026013176,-0.005328475961522947,0.0,-0.0015069810234771572,0.8203757487517574,-0.5718228395824954,0.0,0.4754781139057302,0.22864140537879357,0.16919200988090455,1.0
2025-12-16 18:23:34.582,0.007545418054770455,-0.5717916562429218,-0.8203524336640707,0.0,-0.9999607750657589,-0.005548426426976767,-0.005330121507033786,0.0,-0.0015039750740741301,0.8203762681741963,-0.5718221022971703,0.0,0.4763788534584126,0.22956666382257643,0.1712359986387115,1.0
2025-12-16 18:23:34.632,0.0075452399837434,-0.5717918290461174,-0.8203523148567884,0.0,-0.9999607809097383,-0.005545868473381209,-0.005331687019150153,0.0,-0.0015009798659618744,0.820376165026735,-0.5718222581497407,0.0,0.47737610193871005,0.2304327845648284,0.17335117993660001,1.0
2025-12-16 18:23:34.682,0.007544975021250848,-0.5717933531952833,-0.8203512549480442,0.0,-0.9999607872469077,-0.0055433536405375405,-0.0053331135529443045,0.0,-0.0014980870770451478,0.8203751196886031,-0.5718237654479043,0.0,0.4784819269092208,0.23120096539730647,0.1755348308834052,1.0
2025-12-16 18:23:34.732,0.007544623949199916,-0.5717964914007525,-0.820349070806119,0.0,-0.9999607934254514,-0.005541238861063839,-0.005334152700714211,0.0,-0.0014957291493452325,0.8203729466267203,-0.5718268892219952,0.0,0.4797064876160842,0.231705056043245,0.17736640990428712,1.0
2025-12-16 18:23:34.782,0.007544254977991686,-0.5718006300216494,-0.8203461894986045,0.0,-0.9999607993386385,-0.0055393371740884816,-0.005335019298176942,0.0,-0.0014936355043482037,0.8203700747974244,-0.5718310147498549,0.0,0.48131159056511813,0.23207444422513243,0.17877302346235394,1.0
2025-12-16 18:23:34.832,0.007543847134007871,-0.5718062693734587,-0.8203422624592951,0.0,-0.9999608056870202,-0.0055373424743551565,-0.005335900045519366,0.0,-0.0014914436695587679,0.8203661575128511,-0.5718366403120566,0.0,0.4834253211718181,0.2322666051131179,0.17972989952014487,1.0
2025-12-16 18:23:34.882,0.007543508030805574,-0.5718138651774354,-0.8203369709934076,0.0,-0.9999608108589135,-0.005535759455206182,-0.005336573324410287,0.0,-0.0014896902053507138,0.820360873664788,-0.571844225102464,0.0,0.4860703926434694,0.23216236204271695,0.18005162983973522,1.0
2025-12-16 18:23:34.932,0.007543532412281465,-0.5718233583437686,-0.8203303534993736,0.0,-0.9999608131407733,-0.005534476519230608,-0.0053374763427438375,0.0,-0.0014880340813334116,0.8203542651167935,-0.5718537098413005,0.0,0.48932556669766236,0.23182953579825982,0.17956029651459846,1.0
2025-12-16 18:23:34.982,0.007544015789454369,-0.571833870759892,-0.8203230211195685,0.0,-0.9999608119218676,-0.0055334822287008605,-0.005338735448845429,0.0,-0.0014864017203221856,0.8203469439622002,-0.571864216525046,0.0,0.4931404113672787,0.23138037344063536,0.17831095489234086,1.0
2025-12-16 18:23:35.032,0.0075445214498018045,-0.5718454745257994,-0.8203149275501851,0.0,-0.9999608107054185,-0.0055324119693542905,-0.005340072318960234,0.0,-0.0014846525187423997,0.8203388623421529,-0.5718758140873602,0.0,0.4973587439727739,0.23087420955453175,0.17663239898404076,1.0
2025-12-16 18:23:35.083,0.007545317292917794,-0.571858648970857,-0.8203057361041574,0.0,-0.999960807049743,-0.005531654206693428,-0.005341541666243451,0.0,-0.0014830694288980447,0.8203296834173889,-0.5718889848645415,0.0,0.5017555575351939,0.23030224608057784,0.17478842398924388,1.0
2025-12-16 18:23:35.133,0.0075459155949555755,-0.5718705768741782,-0.8202974151883188,0.0,-0.9999608045341918,-0.005530967763812385,-0.00534272328836826,0.0,-0.0014817208388647005,0.8203213727164402,-0.5719009092211439,0.0,0.5057335097551154,0.22987966679019287,0.1732656615503565,1.0
2025-12-16 18:23:35.185,0.007546363196348834,-0.571881043604463,-0.8202901140874412,0.0,-0.9999608030884517,-0.0055302218358688785,-0.005343765933634269,0.0,-0.0014804163643717242,0.8203140808350053,-0.5719113717624512,0.0,0.5094033886192593,0.22960088707646112,0.17204903307574262,1.0
2025-12-16 18:23:35.232,0.007546587770163611,-0.5718898474539567,-0.820283974178044,0.0,-0.9999608026861911,-0.005529691213219312,-0.005344390281660838,0.0,-0.0014795430272316818,0.8203079466299704,-0.5719201724438056,0.0,0.5125123643977502,0.2292272668560992,0.17097309775871816,1.0
2025-12-16 18:23:35.283,0.007546909070780181,-0.5718977378968159,-0.8202784700656177,0.0,-0.9999608008921237,-0.005529576605684344,-0.00534484452092064,0.0,-0.0014791166248751323,0.8203024463010157,-0.5719280626150278,0.0,0.5150444795590525,0.22874404003644552,0.17004649465342647,1.0
2025-12-16 18:23:35.332,0.007547059315225366,-0.5719047192998918,-0.8202736012084095,0.0,-0.9999608005019142,-0.0055292954990048835,-0.005345208327495147,0.0,-0.0014786137308747593,0.8202975807696099,-0.5719350423649178,0.0,0.5173173765278567,0.22839995489094927,0.16948416734368205,1.0
2025-12-16 18:23:35.382,0.007546969505214885,-0.5719118442490823,-0.8202686343876067,0.0,-0.999960802549645,-0.0055285303356611215,-0.005345616690891825,0.0,-0.001477686978319936,0.8202926183295038,-0.5719421620717613,0.0,0.5196354381341478,0.2282203772387058,0.16930149042711026,1.0
2025-12-16 18:23:35.433,0.007546829832739596,-0.5719191164578887,-0.820263565258577,0.0,-0.9999608047694877,-0.0055278505630347,-0.005345904424878844,0.0,-0.001476897910567831,0.8202875525473391,-0.5719494295026949,0.0,0.5218104594366018,0.227959412210951,0.16923863807354594,1.0
2025-12-16 18:23:35.482,0.007546621245428891,-0.5719266283939015,-0.8202583295175797,0.0,-0.9999608069752773,-0.00552742937735095,-0.005345927331967591,0.0,-0.001476470219608283,0.8202823177778733,-0.5719569382188232,0.0,0.5239365406125278,0.22753234199711914,0.16903744042227062,1.0
2025-12-16 18:23:35.532,0.007546560958628039,-0.5719339243428077,-0.8202532429102256,0.0,-0.999960807539522,-0.005527381737526684,-0.005345871046232177,0.0,-0.001476396213709121,0.8202772309877131,-0.5719642336522014,0.0,0.5260408451832697,0.22699232534927938,0.16848565176579075,1.0
2025-12-16 18:23:35.582,0.007546830302389324,-0.5719412205602697,-0.8202481529864142,0.0,-0.9999608051524812,-0.0055277801868483575,-0.005345905556149621,0.0,-0.0014766361694153586,0.8202721409077404,-0.5719715328547875,0.0,0.5281308114382416,0.2263847851150011,0.16753979532234714,1.0
2025-12-16 18:23:35.632,0.00754727409149616,-0.5719481633365842,-0.8202433078123249,0.0,-0.9999608011521277,-0.005528440817924519,-0.005345970681327875,0.0,-0.0014770769094100366,0.8202672954129748,-0.5719784806438849,0.0,0.530166800005965,0.2257340678948306,0.16633841693032725,1.0
2025-12-16 18:23:35.682,0.007547736007863667,-0.5719540922915798,-0.8202391693239718,0.0,-0.99996079689778,-0.005529170041145201,-0.00534601229151554,0.0,-0.0014775966823414362,0.8202631563010264,-0.571984415105099,0.0,0.5320533313227106,0.22507672037730478,0.16498228940157417,1.0
2025-12-16 18:23:35.732,0.007548335827947988,-0.5719594852016983,-0.8202354032930093,0.0,-0.9999607915572486,-0.005529999474629773,-0.005346153310592228,0.0,-0.0014781467128519821,0.8202593902358073,-0.5719898144305343,0.0,0.5338167515529727,0.22446200720876155,0.1635155593497735,1.0
