timestamp,ee_pose_cmd
2025-12-16 17:51:45.783,0.009052638681181046,-0.5676666315690186,-0.8231970554109147,0.0,-0.9999486433159512,-0.006149908041724478,-0.006755461707034236,0.0,-0.0012277596372475418,0.8232317832566398,-0.5677040810513572,0.0,0.4547047082502696,0.25980455535499103,0.25694695477435253,1.0
2025-12-16 17:51:45.832,0.009052625305385137,-0.5676666034344755,-0.8231970749592437,0.0,-0.9999486434151086,-0.006149914924363085,-0.006755440763946132,0.0,-0.0012277775023333286,0.823231802606014,-0.5677040529540526,0.0,0.45469250906597575,0.259815145599905,0.25694767707346955,1.0
2025-12-16 17:51:45.882,0.009052635072785467,-0.5676666212172399,-0.8231970625890558,0.0,-0.9999486433408916,-0.006149911088960949,-0.006755455241233275,0.0,-0.0012277659303401272,0.8232317903721716,-0.5677040707194633,0.0,0.454698897322633,0.2598067241547432,0.25694791978016457,1.0
2025-12-16 17:51:45.932,0.009052671228332717,-0.5676667369771148,-0.8231969823648502,0.0,-0.9999486431261079,-0.006149857106273342,-0.006755536176855885,0.0,-0.001227674270346549,0.8232317109506779,-0.5677041860873545,0.0,0.4547081699390596,0.25974532431274805,0.2569105973634974,1.0
2025-12-16 17:51:45.982,0.009052748752338382,-0.5676670430123215,-0.8231967704740358,0.0,-0.99994864271346,-0.006149709693011827,-0.006755731448883414,0.0,-0.0012274386956656932,0.8232315010184783,-0.567704491020735,0.0,0.4547201610861402,0.25956463997554585,0.2567874557484009,1.0
2025-12-16 17:51:46.032,0.00905281718537536,-0.5676673600827905,-0.8231965510732246,0.0,-0.9999486423544095,-0.006149576423989571,-0.00675590590426384,0.0,-0.0012272264610605906,0.8232312833708032,-0.5677048070915673,0.0,0.45480625600219465,0.259423208358151,0.25668185244773173,1.0
2025-12-16 17:51:46.082,0.009052846730166757,-0.567667607685489,-0.8231963800041411,0.0,-0.9999486422834837,-0.006149463372911438,-0.006756019305080719,0.0,-0.001227066295985172,0.8232311134750507,-0.5677050538042913,0.0,0.4548927193617944,0.25934923449393704,0.25657494503855754,1.0
2025-12-16 17:51:46.132,0.009052866720437737,-0.5676679219438084,-0.8231961630749677,0.0,-0.9999486423654614,-0.006149300870728035,-0.006756155081127713,0.0,-0.0012268519878456468,0.82323089798457,-0.5677053667508511,0.0,0.45493050822675823,0.2592355848576496,0.2563894658361281,1.0
2025-12-16 17:51:46.183,0.009052954187654573,-0.5676685360222224,-0.8231957386503352,0.0,-0.9999486420448711,-0.006149039284458943,-0.00675644060913944,0.0,-0.001226467799754583,0.8232304764855256,-0.567705978797256,0.0,0.45503132175117744,0.2590258624386596,0.2561404273455137,1.0
2025-12-16 17:51:46.233,0.00905307820582396,-0.5676693724794192,-0.8231951604723086,0.0,-0.9999486414714409,-0.006148747747946023,-0.006756790788524893,0.0,-0.0012260198068579436,0.8232299018622076,-0.5677068130253267,0.0,0.4551767143581307,0.258683095888821,0.2558313051238154,1.0
2025-12-16 17:51:46.282,0.009053150904123081,-0.5676701134907973,-0.8231946486762779,0.0,-0.9999486413433798,-0.0061484390857966045,-0.006757090612497886,0.0,-0.001225587354630106,0.823229393182808,-0.5677075515928091,0.0,0.45533537633750754,0.25830370756308985,0.25547551165686827,1.0
2025-12-16 17:51:46.332,0.009053180141935051,-0.5676706800645092,-0.8231942576485963,0.0,-0.9999486415067839,-0.006148172731330329,-0.006757308784666404,0.0,-0.0012252380038937113,0.8232290044749531,-0.5677081160094609,0.0,0.45546299866597995,0.25799027302619815,0.2551088774417109,1.0
2025-12-16 17:51:46.382,0.009053149226079438,-0.5676712427428199,-0.8231938699681386,0.0,-0.9999486423013337,-0.006147813949278387,-0.0067575176339034265,0.0,-0.0012248179051960826,0.823228619142891,-0.5677086756825086,0.0,0.45557009583335395,0.2577920597055324,0.25462976861539866,1.0
2025-12-16 17:51:46.432,0.009053010187429307,-0.5676721063864935,-0.8231932759312824,0.0,-0.9999486442322384,-0.006147290256463599,-0.006757708326020207,0.0,-0.0012242690555143343,0.8232280275014413,-0.5677095347987084,0.0,0.45570201017939965,0.25771381880391175,0.2541337327885707,1.0
2025-12-16 17:51:46.482,0.009052814700767537,-0.5676732925966901,-0.8231924600721477,0.0,-0.9999486467704711,-0.0061466721711858985,-0.00675789496307987,0.0,-0.0012236412600274958,0.8232272141265488,-0.5677107156144828,0.0,0.455834331826813,0.25763153733549743,0.253609952031066,1.0
2025-12-16 17:51:46.532,0.009052637421749292,-0.5676744816124545,-0.8231916420754949,0.0,-0.9999486492441699,-0.0061459966392863885,-0.006758143330695277,0.0,-0.001222931098982786,0.823226399242891,-0.5677118987912015,0.0,0.4559736196445964,0.25751473055921215,0.25307835597175066,1.0
2025-12-16 17:51:46.582,0.0090525104150028,-0.5676760554295034,-0.8231905581628072,0.0,-0.9999486515800883,-0.006145138687637937,-0.006758577874177679,0.0,-0.0012219608448709339,0.8232253203633766,-0.5677134653364403,0.0,0.45611363344656153,0.25729410790151674,0.25243295850311276,1.0
2025-12-16 17:51:46.632,0.009052521029760872,-0.5676775522952497,-0.8231895257984567,0.0,-0.9999486527043504,-0.0061443345235851635,-0.006759142639792888,0.0,-0.0012209617807429386,0.8232242941420527,-0.5677149555777523,0.0,0.4561432553058472,0.25697107116271983,0.2518462654111863,1.0
2025-12-16 17:51:46.682,0.009052550146131759,-0.5676787028520774,-0.8231887320446284,0.0,-0.9999486536510003,-0.006143544175473941,-0.00675972097973704,0.0,-0.0012199701908560136,0.8232235066253438,-0.5677160996591569,0.0,0.45605280305401363,0.2566121445918349,0.25132462415951967,1.0
2025-12-16 17:51:46.732,0.00905257474383146,-0.5676794632588189,-0.8231882073899595,0.0,-0.9999486544736577,-0.006142858752428729,-0.006760222176660631,0.0,-0.0012191130596086858,0.8232229873682148,-0.5677168544546658,0.0,0.4559394774825092,0.2562993575458473,0.2509138368820172,1.0
2025-12-16 17:51:46.782,0.009052693201349106,-0.5676799968684348,-0.8231878381040771,0.0,-0.9999486543975713,-0.006142257384936432,-0.006760779830196631,0.0,-0.001218295560915281,0.8232226238807274,-0.5677173832875444,0.0,0.4558652730712942,0.2559809423205022,0.2505975368100765,1.0
2025-12-16 17:51:46.832,0.009052851251785822,-0.5676805332188863,-0.8231874664921364,0.0,-0.9999486537704464,-0.0061418082748812275,-0.006761280573563525,0.0,-0.001217635675496648,0.823222257366269,-0.56771791616977,0.0,0.4559447564913793,0.255747508273983,0.2503556935496065,1.0
2025-12-16 17:51:46.882,0.009053016308507801,-0.567681028131173,-0.8231871233789194,0.0,-0.9999486528204027,-0.006141538006650867,-0.006761666568451881,0.0,-0.0012171886100108779,0.8232219180924867,-0.5677184090938172,0.0,0.45616006126404995,0.25561315228829895,0.250203981054025,1.0
2025-12-16 17:51:46.932,0.009053136281305614,-0.5676815231384997,-0.8231867806955075,0.0,-0.9999486522337583,-0.006141272281551987,-0.006761994665994823,0.0,-0.0012167781541289689,0.823221578718746,-0.5677189020833631,0.0,0.45635406541192985,0.2554885800602085,0.2500372261001439,1.0
2025-12-16 17:51:46.983,0.009053105618180575,-0.5676820811071016,-0.8231863962492241,0.0,-0.9999486530620235,-0.0061408868367583865,-0.0067622222317538765,0.0,-0.0012163255335303077,0.8232211968195,-0.5677194568264032,0.0,0.4564907242069926,0.2554191602867594,0.24975101084548715,1.0
2025-12-16 17:51:47.032,0.009052799051265457,-0.5676830590502806,-0.8231857252150703,0.0,-0.9999486565798442,-0.00614021826227167,-0.006762309151781095,0.0,-0.001215715083962799,0.82322052741653,-0.5677204288000256,0.0,0.45655973201573036,0.2554110259584543,0.24929584858511558,1.0
2025-12-16 17:51:47.082,0.00905213133949442,-0.567684508657499,-0.8231847328818208,0.0,-0.9999486633863746,-0.006139335095172248,-0.006762104524523356,0.0,-0.001215088330112366,0.8232195343505562,-0.5677218701300873,0.0,0.4565673490429617,0.25547173520851263,0.24868637321651083,1.0
2025-12-16 17:51:47.132,0.009051266344299197,-0.5676860502106315,-0.8231836793055516,0.0,-0.9999486718930687,-0.0061383981333764165,-0.006761697187280733,0.0,-0.0012145313750000115,0.823218478274507,-0.5677234026715334,0.0,0.4565710486218703,0.25557403287620845,0.24799933891415435,1.0
2025-12-16 17:51:47.182,0.009050435136827772,-0.5676877870078975,-0.8231824907073271,0.0,-0.9999486801734401,-0.00613742733711957,-0.00676135387956621,0.0,-0.0012139080723292527,0.8232172878031702,-0.5677251302251685,0.0,0.4566360517006587,0.2556181794768702,0.2472133979239216,1.0
2025-12-16 17:51:47.232,0.009049804992417265,-0.5676895825718585,-0.8231812593652726,0.0,-0.9999486868398667,-0.006136430862848184,-0.006761272417213275,0.0,-0.0012131143257148591,0.8232160569904408,-0.5677269166304729,0.0,0.4567889627989811,0.2555857155050731,0.2464444937106896,1.0
2025-12-16 17:51:47.282,0.009049239433022476,-0.5676919043695347,-0.8231796643990807,0.0,-0.9999486933530538,-0.006135181814303931,-0.0067614426592249015,0.0,-0.0012119639814875919,0.8232144651536266,-0.5677292272775254,0.0,0.4570900817858254,0.25549137562408153,0.24552749738932086,1.0
2025-12-16 17:51:47.332,0.009048871955668903,-0.5676944398280716,-0.8231779198969261,0.0,-0.9999486981689355,-0.006133981152943234,-0.006761819775401028,0.0,-0.0012107336669268975,0.8232127255996108,-0.5677317522693685,0.0,0.45743340977733504,0.2553560212272889,0.24465207002936304,1.0
2025-12-16 17:51:47.383,0.009048504660680825,-0.5676969669679313,-0.8231761811180068,0.0,-0.9999487028802974,-0.006132849419387127,-0.006762149600389126,0.0,-0.00120958703439717,0.823210991255624,-0.5677342695091949,0.0,0.45776919357593604,0.2552492122719186,0.24380385338169036,1.0
2025-12-16 17:51:47.432,0.009048147034603259,-0.5676990467645149,-0.823174750729825,0.0,-0.9999487072017929,-0.006131924477908916,-0.0067623493601415155,0.0,-0.0012086893889720087,0.8232095638598159,-0.5677363411300114,0.0,0.45803099292848537,0.2551754117756076,0.24307757905883176,1.0
2025-12-16 17:51:47.482,0.009047816065756428,-0.5677007733972124,-0.8231735635999586,0.0,-0.9999487110531906,-0.00613116713435403,-0.006762466550133726,0.0,-0.001207980465796699,0.8232083787605791,-0.5677380610119186,0.0,0.45824538257443004,0.25512458707487506,0.24245301854489126,1.0
2025-12-16 17:51:47.532,0.009047593317460441,-0.5677020599272136,-0.8231726787927114,0.0,-0.9999487136811641,-0.006130633734088118,-0.0067625615422125945,0.0,-0.0012074733232907797,0.823207495498105,-0.5677393428008235,0.0,0.4584092554213519,0.25507929414611447,0.24197630638926745,1.0
2025-12-16 17:51:47.582,0.009047410444698773,-0.5677030430513356,-0.8231720027890324,0.0,-0.9999487157482048,-0.006130256771559983,-0.006762597625115805,0.0,-0.00120713173457272,0.8232068203073947,-0.5677403225351922,0.0,0.45853583832786676,0.255053292684946,0.24159200137353187,1.0
2025-12-16 17:51:47.632,0.009047237746190527,-0.5677038163956842,-0.8231714713473417,0.0,-0.9999487176014602,-0.006129966795142971,-0.006762586449996737,0.0,-0.0012068908860887193,0.8232062891392845,-0.5677410932246472,0.0,0.4586229380533879,0.25504179584079395,0.24126733529250413,1.0
2025-12-16 17:51:47.682,0.009047041698758989,-0.5677046151525221,-0.8231709226352908,0.0,-0.9999487196704406,-0.006129660657663648,-0.006762558012840449,0.0,-0.0012066462565636152,0.8232057405648757,-0.5677418891590139,0.0,0.45871896922707256,0.25504019980530107,0.24093184045812824,1.0
2025-12-16 17:51:47.732,0.009046809301238313,-0.5677055710243926,-0.8231702659660053,0.0,-0.9999487221219349,-0.006129298499186008,-0.0067625237763686286,0.0,-0.0012063570798426903,0.8232050840532891,-0.5677428416910365,0.0,0.4588097496248879,0.255028765985595,0.240543973052457,1.0
2025-12-16 17:51:47.782,0.009046445540689601,-0.5677067765482287,-0.8231694385638397,0.0,-0.9999487258619589,-0.00612879539118898,-0.0067624267320328425,0.0,-0.0012059847984962498,0.8232042564184446,-0.5677440425184764,0.0,0.45891932640467215,0.2550405535595417,0.2400465281589792,1.0
2025-12-16 17:51:47.832,0.009045915070227293,-0.5677084163193493,-0.8231683135069808,0.0,-0.9999487312190982,-0.006128126594161625,-0.006762240676755945,0.0,-0.0012055218981340704,0.8232031305371145,-0.5677456759772354,0.0,0.45904173343011956,0.25506352069259,0.23938982257851826,1.0
2025-12-16 17:51:47.882,0.009045183355288767,-0.567710311908535,-0.8231670142273627,0.0,-0.99994873828744,-0.006127419891441493,-0.006761835848292631,0.0,-0.0012051492013034507,0.8232018285076865,-0.5677475646420723,0.0,0.45915808659610663,0.25512501502754287,0.23858869874709254,1.0
2025-12-16 17:51:47.932,0.009044393131420926,-0.5677123504728011,-0.8231656169779811,0.0,-0.9999487458573127,-0.006126699589723378,-0.0067613690723808476,0.0,-0.001204798915430489,0.8232004279691554,-0.5677495960817344,0.0,0.4593228835871276,0.2551747978526853,0.23769670739654303,1.0
2025-12-16 17:51:47.982,0.009043632537823023,-0.5677142816427821,-0.8231642934618513,0.0,-0.9999487531968494,-0.006125968989242143,-0.0067609455860478205,0.0,-0.0012044167569444891,0.8231991015644599,-0.5677515200893273,0.0,0.4595067512265563,0.2552052959858428,0.23681767597323333,1.0
2025-12-16 17:51:48.032,0.009042857027724137,-0.567716366377356,-0.8231628641923031,0.0,-0.9999487606469432,-0.006125247322706846,-0.006760497547263646,0.0,-0.0012040542093846522,0.8231976691784874,-0.5677535977099276,0.0,0.459678155989018,0.255220333028077,0.235881264716374,1.0
2025-12-16 17:51:48.082,0.009042066406040012,-0.5677184697625391,-0.823161422217294,0.0,-0.9999487682442956,-0.0061245094682388385,-0.006760042285216929,0.0,-0.0012036822371782167,0.8231962240418824,-0.5677556938263664,0.0,0.45981228961222975,0.25522882376001405,0.23495272948322296,1.0
2025-12-16 17:51:48.132,0.009041314615888633,-0.5677206809680807,-0.8231599054450865,0.0,-0.9999487755630913,-0.0061237443907268055,-0.006759652781013405,0.0,-0.0012032493399742575,0.8231947047389065,-0.5677578975944326,0.0,0.45989445740219925,0.25518981639349486,0.23400955664512466,1.0
2025-12-16 17:51:48.182,0.009040614417997798,-0.5677229039949067,-0.8231583799438253,0.0,-0.9999487824729193,-0.00612296884752768,-0.006759333149563473,0.0,-0.0012027680292497627,0.8231931773515052,-0.5677601131736899,0.0,0.45993691342260196,0.25511410867228124,0.2330771164871153,1.0
2025-12-16 17:51:48.232,0.009040053428596382,-0.5677249729126901,-0.8231569591921714,0.0,-0.9999487882031642,-0.006122216546501781,-0.00675916687098017,0.0,-0.0012022204736643273,0.8231917560670634,-0.5677621750426467,0.0,0.4600076783242,0.25501547798376906,0.23222678613981965,1.0
2025-12-16 17:51:48.282,0.009039706666617194,-0.5677268370620575,-0.8231556773078236,0.0,-0.9999487920127584,-0.006121572835912489,-0.006759186300764815,0.0,-0.001201659109949855,0.8231904751914093,-0.567764033353228,0.0,0.46011582129254924,0.2548881214832231,0.23149432681996246,1.0
2025-12-16 17:51:48.332,0.009039525999041644,-0.5677287121098168,-0.8231543860765427,0.0,-0.9999487942982609,-0.006121038724925384,-0.006759331889383992,0.0,-0.0012011162106930061,0.8231891859776358,-0.5677659037044455,0.0,0.4602324454861912,0.254713774397088,0.23082934688574944,1.0
2025-12-16 17:51:48.382,0.009039570001724053,-0.5677304037452915,-0.8231532188715541,0.0,-0.9999487945219124,-0.006120651606279322,-0.006759649347215118,0.0,-0.0012005987334751755,0.8231880221612183,-0.567767592182737,0.0,0.46037845302177355,0.25447133206736394,0.23028862533106817,1.0
2025-12-16 17:51:48.432,0.009039842017886983,-0.5677319410420012,-0.8231521556056216,0.0,-0.9999487928851364,-0.006120254718352933,-0.006760250805201669,0.0,-0.0011999136547559063,0.8231869648578781,-0.5677691265781327,0.0,0.4605299264346966,0.2541146948304969,0.22985277158448472,1.0
2025-12-16 17:51:48.483,0.009040211315895656,-0.5677335266740177,-0.8231510579297427,0.0,-0.9999487905399632,-0.00611979564537987,-0.006761013247406523,0.0,-0.0011990854510789347,0.8231858746759727,-0.5677707089380667,0.0,0.46066643819106967,0.2536608913392216,0.22941422228798514,1.0
2025-12-16 17:51:48.532,0.00904052328211041,-0.567735049809654,-0.8231500039832493,0.0,-0.9999487886371018,-0.00611935517058223,-0.006761693330601757,0.0,-0.0011983200045662997,0.8231848274544645,-0.5677722288716929,0.0,0.4607486384727237,0.2531814762575529,0.2289435325133852,1.0
2025-12-16 17:51:48.582,0.009040788953832346,-0.567736430845521,-0.8231490485489793,0.0,-0.999948787073101,-0.006118941558299176,-0.0067622989026344706,0.0,-0.0011976205364551424,0.8231838780346779,-0.5677736068617837,0.0,0.46080340556674376,0.2526982557896938,0.22847663048504985,1.0
2025-12-16 17:51:48.632,0.009040976491627694,-0.5677375144106769,-0.8231482991393914,0.0,-0.9999487860794459,-0.006118574351977433,-0.006762778079317599,0.0,-0.0011970343003450488,0.8231831334316199,-0.5677746876557496,0.0,0.46077149694255753,0.2522307509768553,0.2280405237738678,1.0
2025-12-16 17:51:48.682,0.009041121428410518,-0.5677384316634436,-0.82314766490397,0.0,-0.9999487854270983,-0.0061182115161524725,-0.006763202785883863,0.0,-0.001196484416262692,0.8231825034995724,-0.5677756021151473,0.0,0.4607041120714668,0.2517954382441199,0.2276263082125278,1.0
2025-12-16 17:51:48.732,0.009041262599631287,-0.5677393127116043,-0.823147055679341,0.0,-0.9999487848634454,-0.006117808407475947,-0.0067636507610127905,0.0,-0.0011958885679061073,0.823181898835564,-0.5677764800341843,0.0,0.46063860540169094,0.251370183087865,0.22721359279053227,1.0
2025-12-16 17:51:48.782,0.009041407664246992,-0.5677402183257947,-0.8231464294668573,0.0,-0.9999487843666106,-0.006117337190554464,-0.0067641504006706234,0.0,-0.0011952070524239296,0.8231812777328386,-0.5677773819642986,0.0,0.46057315251270536,0.250930014635789,0.22677393336665183,1.0
2025-12-16 17:51:48.832,0.009041565081206526,-0.567741177006032,-0.8231457665164148,0.0,-0.9999487838536811,-0.006116807210621292,-0.006764705485122663,0.0,-0.0011944451025669171,0.8231806204651034,-0.5677783364937274,0.0,0.4605656773591361,0.25049818610393365,0.22631100544240948,1.0
2025-12-16 17:51:48.884,0.009041705603701065,-0.5677422237325245,-0.8231450430223294,0.0,-0.9999487836814619,-0.006116138325405706,-0.006765335701783711,0.0,-0.0011935251884273035,0.823179903501334,-0.5677793779005706,0.0,0.4605988388951953,0.25003883762230406,0.2257517405384274,1.0
2025-12-16 17:51:48.932,0.009041716859936853,-0.5677432467363847,-0.8231443373082644,0.0,-0.9999487846909004,-0.006115386413090939,-0.006765866198641721,0.0,-0.0011925938149135223,0.8231792035136045,-0.5677803947149817,0.0,0.4606166569817174,0.2497011178258233,0.2251693286929029,1.0
2025-12-16 17:51:48.982,0.009041545213792794,-0.5677447058323765,-0.8231433328167482,0.0,-0.9999487875213106,-0.006114418160391584,-0.006766322962228962,0.0,-0.001191521443502552,0.8231782043526434,-0.567781845566946,0.0,0.46056727026720573,0.24941854905452016,0.22441668619812125,1.0
2025-12-16 17:51:49.032,0.009041129787321866,-0.5677468935936888,-0.8231418284160354,0.0,-0.9999487924049921,-0.006113421012837533,-0.006766502237236908,0.0,-0.0011905748469532482,0.8231767028299674,-0.5677840244754316,0.0,0.46045898807063373,0.24921964103259908,0.22352522721658918,1.0
2025-12-16 17:51:49.082,0.00904046457316361,-0.5677496217793713,-0.8231399539998593,0.0,-0.9999487993333763,-0.0061124335522300425,-0.006766370446308974,0.0,-0.0011898069187690121,0.8231748284840944,-0.5677867435135111,0.0,0.4603193394746699,0.24911641747275945,0.22250940049683848,1.0
2025-12-16 17:51:49.133,0.00903963656121563,-0.5677526628640394,-0.8231378655382351,0.0,-0.9999488073638481,-0.006111611371506376,-0.006765926342346011,0.0,-0.0011893489403847523,0.8231727370821461,-0.5677897765668081,0.0,0.46015764243829294,0.24907144771037112,0.22141047605572367,1.0
2025-12-16 17:51:49.183,0.009038856047267391,-0.5677553965736212,-0.8231359885487302,0.0,-0.9999488146440058,-0.006111035218952882,-0.006765370781332601,0.0,-0.0011891601401035727,0.8231708558425334,-0.5677925043443531,0.0,0.46002242030336005,0.2490524598817837,0.2204052643295623,1.0
2025-12-16 17:51:49.232,0.009038147329944004,-0.5677578661882777,-0.8231342929166444,0.0,-0.9999488211816421,-0.006110562002931213,-0.006764831901872953,0.0,-0.0011890495007636844,0.823169155980657,-0.5677949689838555,0.0,0.4598832455812524,0.24901762663579366,0.21947938274462356,1.0
2025-12-16 17:51:49.282,0.009037475610770927,-0.567760266522116,-0.8231326446536603,0.0,-0.9999488273166018,-0.006110156147600426,-0.006764291626876387,0.0,-0.0011889958639673894,0.8231675033933077,-0.567797364951674,0.0,0.45967382737492346,0.24895111520064617,0.21860820847368898,1.0
2025-12-16 17:51:49.333,0.009036835477602026,-0.5677625686384977,-0.8231310637795016,0.0,-0.9999488331045842,-0.0061098096998655985,-0.0067637489176203495,0.0,-0.0011889935904577332,0.8231659180993711,-0.5677996632385945,0.0,0.4593883092098037,0.2488704089347235,0.2177940700676976,1.0
2025-12-16 17:51:49.382,0.009036133844334071,-0.5677649392861598,-0.8231294363001112,0.0,-0.9999488393810188,-0.006109475199019142,-0.006763123136155502,0.0,-0.001189047572724377,0.8231642854378216,-0.5678020300646259,0.0,0.45902777534602757,0.24880513686547692,0.21699340933458242,1.0
2025-12-16 17:51:49.433,0.009035322716695042,-0.5677676697994389,-0.8231275617880431,0.0,-0.9999488465698214,-0.00610913443813886,-0.006762368025218741,0.0,-0.001189165893824464,0.8231624045943174,-0.5678047565378245,0.0,0.45858982942357357,0.24875027887100445,0.21612838014811314,1.0
2025-12-16 17:51:49.482,0.009034410824463093,-0.5677707237536394,-0.8231254652667065,0.0,-0.9999488547070721,-0.006108712310512494,-0.006761546060695905,0.0,-0.0011892516589757595,0.8231603012451908,-0.5678078056300551,0.0,0.4581244945550366,0.2487049403030994,0.21519948117542065,1.0
2025-12-16 17:51:49.536,0.009033501877868798,-0.5677740064496101,-0.823123210913888,0.0,-0.9999488628923879,-0.006108241461668838,-0.00676076087986787,0.0,-0.0011892739307644037,0.8231580404628518,-0.5678110830627346,0.0,0.45762264135268643,0.24861144989790143,0.2142366419958849,1.0
2025-12-16 17:51:49.583,0.009032621214801617,-0.567777192490539,-0.8231210229017112,0.0,-0.9999488708463059,-0.006107768628550597,-0.006760011596602754,0.0,-0.0011892752528908953,0.8231558463454128,-0.5678142638678072,0.0,0.457141353061668,0.24851689178318717,0.21329468259661852,1.0
2025-12-16 17:51:49.632,0.00903193601446139,-0.5677797520332656,-0.8231192648784756,0.0,-0.999948877123381,-0.006107339753130293,-0.006759470544183178,0.0,-0.0011892013943193076,0.8231540840262019,-0.567816818834233,0.0,0.45679066401766216,0.2484073308931625,0.2124752824072703,1.0
2025-12-16 17:51:49.683,0.009031377486351357,-0.567781937494988,-0.8231177634921658,0.0,-0.9999488823658276,-0.0061069036405619,-0.00675908902629375,0.0,-0.001189035096041462,0.8231525797818503,-0.5678189998529681,0.0,0.4565547393709471,0.24829420460887616,0.21172725382411947,1.0
2025-12-16 17:51:49.732,0.009031023484641989,-0.5677837370871321,-0.82311652602496,0.0,-0.9999488859685468,-0.006106436635184835,-0.006758977962063014,0.0,-0.0011886940293989096,0.8231513419237729,-0.5678207950538589,0.0,0.4563908962130068,0.24810660389486505,0.2110663326491195,1.0
2025-12-16 17:51:49.782,0.009030904780570035,-0.5677851830476032,-0.8231155299055245,0.0,-0.9999488875163659,-0.0061060515948783535,-0.006759096826589838,0.0,-0.001188293743563862,0.8231503473812753,-0.5678222376449029,0.0,0.4562616975952054,0.2478187268702119,0.2105149698024199,1.0
2025-12-16 17:51:49.832,0.009030854699662926,-0.5677864236188039,-0.8231146747074614,0.0,-0.9999488885056675,-0.00610566128095785,-0.006759303056549825,0.0,-0.0011878417601502195,0.8231494945487438,-0.5678234749075635,0.0,0.456095968724455,0.2474632812067221,0.20999429560839988,1.0
2025-12-16 17:51:49.882,0.009030772970999605,-0.5677874646233827,-0.8231139575157899,0.0,-0.9999488898212454,-0.006105223166681298,-0.006759504164649056,0.0,-0.0011873555307601292,0.8231487797265696,-0.567824512170356,0.0,0.4559184713898212,0.24713862403968095,0.2095003635358471,1.0
2025-12-16 17:51:49.932,0.009030619935798075,-0.5677886369296209,-0.8231131505318006,0.0,-0.9999488918604034,-0.0061046902606204725,-0.006759683807826126,0.0,-0.0011868020277360021,0.8231479750346374,-0.5678256798501833,0.0,0.4557316037976804,0.24683333864908674,0.20893363058042758,1.0
2025-12-16 17:51:49.983,0.009030388280307583,-0.567790118312662,-0.8231121312040106,0.0,-0.99994889459526,-0.006104124949566307,-0.00675978975453955,0.0,-0.0011862603110612204,0.8231469573812664,-0.5678271562196,0.0,0.4555210450034377,0.24655440154322153,0.20829515648843158,1.0
2025-12-16 17:51:50.032,0.009030114202556346,-0.5677918954182495,-0.823110908344707,0.0,-0.9999488975863806,-0.006103625783208859,-0.006759798021317684,0.0,-0.001185825262255707,0.8231457352448935,-0.5678289287862948,0.0,0.4552164274667332,0.24622578413652693,0.20758827115056336,1.0
2025-12-16 17:51:50.083,0.0090297942882455,-0.5677937496914577,-0.8231096327510902,0.0,-0.9999489008172572,-0.0061032219687751355,-0.006759684694358744,0.0,-0.001185536899233962,0.8231444591653844,-0.5678307792358452,0.0,0.4548012722691347,0.24586167304398449,0.20684876554282594,1.0
2025-12-16 17:51:50.132,0.009029385266563411,-0.5677959916466431,-0.823108090698252,0.0,-0.9999489048780752,-0.006102753028226996,-0.006759507365388402,0.0,-0.0011852270247863525,0.8231429161380989,-0.5678330166946677,0.0,0.45430192288499166,0.2454654796520459,0.20598274488606505,1.0
2025-12-16 17:51:50.182,0.00902892468769549,-0.5677983251882632,-0.823106486023282,0.0,-0.999948909459454,-0.006102217148733151,-0.006759313421215742,0.0,-0.001184870486684515,0.8231413104207741,-0.5678353451139693,0.0,0.4537900423223574,0.24510871476651352,0.20509158029440297,1.0
2025-12-16 17:51:50.232,0.009028452136724137,-0.5678009243740713,-0.8231046982208117,0.0,-0.9999489140549493,-0.006101741720648672,-0.0067590627686414375,0.0,-0.0011845929967447843,0.8231395210006403,-0.5678379396502743,0.0,0.4532623965413865,0.24471504353521426,0.204101158144195,1.0
2025-12-16 17:51:50.283,0.009027971491446839,-0.5678035718945132,-0.823102877151933,0.0,-0.9999489187594811,-0.006101236890379191,-0.006758822483261652,0.0,-0.0011842848920136703,0.8231376984440154,-0.5678405822672271,0.0,0.4528116058670818,0.2443798532189577,0.20311556409927506,1.0
2025-12-16 17:51:50.333,0.009027483322444818,-0.5678061382710731,-0.8231011121288576,0.0,-0.9999489233910984,-0.006100824803301102,-0.006758509222507512,0.0,-0.0011840954559058695,0.8231359311619595,-0.5678431444933408,0.0,0.4524376427571166,0.24413487537379652,0.2021698917088858,1.0
2025-12-16 17:51:50.383,0.009026956109339597,-0.567808734675986,-0.8230993268070774,0.0,-0.9999489284293688,-0.006100352923787254,-0.006758189725848689,0.0,-0.0011838600208944282,0.8231341435966912,-0.56784573620024,0.0,0.4520577248364698,0.24392579349681237,0.20123435319872926,1.0
2025-12-16 17:51:50.432,0.009026322515901438,-0.5678112668976123,-0.8230975869161418,0.0,-0.9999489341485178,-0.006100014155406135,-0.006757649277312811,0.0,-0.0011838603270481654,0.8231323993082419,-0.5678482646656438,0.0,0.45168398395143045,0.2438644667910742,0.20039084121560016,1.0
2025-12-16 17:51:50.483,0.009025545856269418,-0.5678142247667878,-0.8230955549483282,0.0,-0.9999489407683874,-0.0060998689007186755,-0.0067568007801251375,0.0,-0.0011841901804091944,0.8231303599471702,-0.5678512201508937,0.0,0.4512386984503523,0.2438696419038603,0.19948337328825377,1.0
2025-12-16 17:51:50.533,0.009024852634141371,-0.5678169080993127,-0.8230937114403662,0.0,-0.9999489465277328,-0.00609984295979517,-0.006755971813980276,0.0,-0.001184610161777325,0.823128509072921,-0.5678539022056243,0.0,0.450840804252646,0.24389720964924483,0.1986558642133828,1.0
2025-12-16 17:51:50.582,0.009024150177383911,-0.567819563446173,-0.8230918873264282,0.0,-0.999948952394729,-0.0060997941960722855,-0.006755147419400498,0.0,-0.0011850090735461161,0.8231266776606884,-0.5678565560744833,0.0,0.4504514854527431,0.24391691647465757,0.19783461247248907,1.0
2025-12-16 17:51:50.632,0.009023572627192868,-0.5678218561339401,-0.8230903120161586,0.0,-0.9999489572967621,-0.006099700304067544,-0.006754506534669789,0.0,-0.0011852706088271638,0.8231250967507066,-0.5678588471026264,0.0,0.4501446230292966,0.24389581990560544,0.1971043724726703,1.0
2025-12-16 17:51:50.683,0.009023126384668683,-0.567823697138759,-0.8230890468589201,0.0,-0.9999489611362694,-0.0060995920538260365,-0.0067540358661361335,0.0,-0.0011854286168690605,0.8231238275328153,-0.5678606865303519,0.0,0.4499225799520978,0.24385712209659746,0.1964750818028082,1.0
2025-12-16 17:51:50.733,0.009022744708726558,-0.5678252105134175,-0.8230880070105036,0.0,-0.9999489644182895,-0.00609950019285256,-0.006753632903556195,0.0,-0.0011855652581081496,0.8231227842050941,-0.567862198563589,0.0,0.4497352189641116,0.24382359733628928,0.19592305062667226,1.0
2025-12-16 17:51:50.782,0.009022468795356207,-0.567826437290464,-0.823087163714794,0.0,-0.9999489667833464,-0.006099440020347346,-0.006753337068753915,0.0,-0.0011856702868512131,0.8231219383502074,-0.5678634244187314,0.0,0.44954100786635237,0.2437382936838075,0.19546196409713332,1.0
2025-12-16 17:51:50.832,0.009022253075302317,-0.567827435536958,-0.8230864774142359,0.0,-0.9999489686182467,-0.006099403107303642,-0.0067530987144834905,0.0,-0.001185764322584369,0.8231212499743789,-0.567864422026585,0.0,0.4493361929385238,0.24364076163884396,0.19508542617909888,1.0
2025-12-16 17:51:50.883,0.009022030270719862,-0.5678285606653442,-0.8230857036565062,0.0,-0.999948970577886,-0.0060993209564873755,-0.006752882740252443,0.0,-0.001185807025017753,0.8231204744010069,-0.5678655461317941,0.0,0.44909066626478084,0.243500603177945,0.1946642034709894,1.0
2025-12-16 17:51:50.932,0.009021803775283088,-0.5678298989489455,-0.8230847828853836,0.0,-0.9999489726305175,-0.006099196987948951,-0.006752690758718134,0.0,-0.0011857993477567227,0.8231195520870859,-0.5678668830385004,0.0,0.4488753424285871,0.2433368120325449,0.19416624826312434,1.0
2025-12-16 17:51:50.982,0.009021540742518775,-0.5678316489244923,-0.8230835784922036,0.0,-0.999948975071524,-0.006099014839137588,-0.006752493806651556,0.0,-0.0011857420957006918,0.8231183461883079,-0.5678686310969352,0.0,0.44869338703298145,0.2431544919029232,0.19353322168969977,1.0
2025-12-16 17:51:51.033,0.00902115786222365,-0.5678338734979359,-0.8230820479881474,0.0,-0.9999489786057627,-0.006098760134791325,-0.006752200479749165,0.0,-0.0011856746567932089,0.8231168134102584,-0.5678708529735877,0.0,0.44846441216779936,0.2429528035376198,0.19272230587626155,1.0
2025-12-16 17:51:51.082,0.00902066400289142,-0.5678364607909949,-0.8230802684541235,0.0,-0.9999489832067755,-0.006098399719720895,-0.0067518446222062075,0.0,-0.0011855517499091447,0.8231150311750094,-0.5678734365338913,0.0,0.4482167310213832,0.2427678778315063,0.19179474707208635,1.0
2025-12-16 17:51:51.132,0.009019928143092845,-0.5678396788211971,-0.8230780564161224,0.0,-0.9999489898028021,-0.0060980373586138545,-0.006751195000654246,0.0,-0.0011855871624768303,0.8231128138082623,-0.5678766504512448,0.0,0.4480027342283749,0.24268848174046082,0.19069940203546942,1.0
2025-12-16 17:51:51.182,0.009019038003955822,-0.5678435688122592,-0.8230753824609558,0.0,-0.9999489975810489,-0.006097737812108264,-0.006750313432628371,0.0,-0.0011857986419610916,0.8231101323795537,-0.5678805366058027,0.0,0.44780523140986245,0.2426149335123553,0.1894736737894587,1.0
2025-12-16 17:51:51.233,0.009018039886443282,-0.5678482144268956,-0.8230721883468068,0.0,-0.9999490065485827,-0.00609723299250614,-0.006749440980241625,0.0,-0.001185827723850833,0.8231069311421898,-0.5678851765262902,0.0,0.4476184266957046,0.2424772055814454,0.18805576614381775,1.0
2025-12-16 17:51:51.282,0.00901729069053316,-0.5678524273082982,-0.8230692900174834,0.0,-0.9999490135248685,-0.006096689368921216,-0.006748898472279326,0.0,-0.0011856422384813276,0.8231040286981426,-0.5678893837653328,0.0,0.4474777796018587,0.24224758873797123,0.18671707117776173,1.0
2025-12-16 17:51:51.332,0.009016747956633405,-0.5678565387457009,-0.8230664593829876,0.0,-0.9999490188214714,-0.006096135370528885,-0.006748614133937823,0.0,-0.0011853027126626677,0.823101196286231,-0.5678934897757278,0.0,0.4473164924543809,0.2418961853316158,0.18537375579038018,1.0
2025-12-16 17:51:51.383,0.009016381504719128,-0.5678603308285924,-0.8230638471206296,0.0,-0.9999490227123472,-0.006095550929580396,-0.006748565528692765,0.0,-0.0011848077558990187,0.8230985843979154,-0.5678972764441905,0.0,0.44714574610848035,0.24146759985635038,0.18414384659593716,1.0
2025-12-16 17:51:51.432,0.009016127388497306,-0.5678638702165668,-0.8230614079464453,0.0,-0.9999490255853082,-0.006095031453405338,-0.006748609025803996,0.0,-0.0011843167313131467,0.8230961463430124,-0.5679008111185989,0.0,0.4469814789525844,0.2409973216273263,0.1829877319006187,1.0
2025-12-16 17:51:51.482,0.009015876108502041,-0.5678672145974825,-0.8230591032632475,0.0,-0.9999490282364641,-0.006094648204848717,-0.006748562322360149,0.0,-0.0011839911931508908,0.8230938417981197,-0.567904151911981,0.0,0.44693162036620454,0.2406758132964992,0.1819359841959002,1.0
2025-12-16 17:51:51.532,0.009015603450952337,-0.5678700605757753,-0.8230571426682892,0.0,-0.9999490308914982,-0.006094379932600712,-0.0067484111907190275,0.0,-0.001183825054298029,0.823091880247986,-0.5679069952272784,0.0,0.4470178583140373,0.24052645461757105,0.18102023701287456,1.0
2025-12-16 17:51:51.582,0.009015295924348011,-0.5678727522249127,-0.8230552889211682,0.0,-0.999949033712904,-0.006094193429632345,-0.006748161548164635,0.0,-0.0011837838546603606,0.8230900245558765,-0.5679096848376439,0.0,0.44716598242744915,0.24048341692922626,0.18016592577593082,1.0
2025-12-16 17:51:51.633,0.009014817650156316,-0.5678748651162644,-0.8230538363516248,0.0,-0.9999490379280145,-0.006094006403289527,-0.006747705832588985,0.0,-0.0011838656025346028,0.8230885681659236,-0.567911795454897,0.0,0.44736356378708697,0.24060169192857522,0.17941951978274395,1.0
2025-12-16 17:51:51.682,0.009014167011701681,-0.567876330340277,-0.823052832528723,0.0,-0.9999490436034445,-0.0060937810024321885,-0.006747068315910027,0.0,-0.0011840261152393082,0.8230875589089274,-0.5679132578585409,0.0,0.44760111263265684,0.24082533248904658,0.1787695029203672,1.0
2025-12-16 17:51:51.732,0.009013427241574347,-0.5678776681990096,-0.8230519175552808,0.0,-0.999949050037752,-0.006093534584245864,-0.0067463372341055585,0.0,-0.0011842238668441053,0.8230866376793092,-0.5679145925996292,0.0,0.44795736953905285,0.24113981628549558,0.17810357174114053,1.0
2025-12-16 17:51:51.782,0.00901271563519609,-0.5678792252107141,-0.8230508510609575,0.0,-0.9999490562434008,-0.0060932880459199385,-0.0067456400682230425,0.0,-0.001184399859828666,0.8230855652421463,-0.5679161465278028,0.0,0.44842310561900023,0.24147288128770159,0.1773741093881049,1.0
2025-12-16 17:51:51.833,0.009012019246305686,-0.5678810135282264,-0.8230496248006355,0.0,-0.9999490624326891,-0.006092967739628048,-0.0067450118842331255,0.0,-0.0011844734317289294,0.8230843337558809,-0.5679179311734462,0.0,0.44904701661041274,0.24180384460408555,0.17655503151839397,1.0
2025-12-16 17:51:51.882,0.009011353585928271,-0.5678826788925673,-0.8230484830321717,0.0,-0.999949068474611,-0.006092573511002922,-0.0067444722535855125,0.0,-0.0011844372189970208,0.8230831876436147,-0.5679195923076615,0.0,0.4497574595598361,0.24210213810572295,0.17571136401275472,1.0
2025-12-16 17:51:51.932,0.009010694466346114,-0.5678841800023327,-0.823047454518584,0.0,-0.9999490744352068,-0.006092196897016726,-0.006743928702887336,0.0,-0.0011844195308284477,0.8230821547251942,-0.5679210893454357,0.0,0.45040586646754366,0.24237449507490527,0.1748887832581058,1.0
2025-12-16 17:51:51.982,0.009010079640095717,-0.5678858522864141,-0.8230463074086538,0.0,-0.9999490799791303,-0.0060918587459017366,-0.006743412127322326,0.0,-0.001184416306510588,0.8230810034136894,-0.5679227579323854,0.0,0.45093014334380865,0.24257527029594064,0.174062659665557,1.0
2025-12-16 17:51:52.033,0.009009464931381765,-0.5678877994204659,-0.8230449706499877,0.0,-0.9999490855219174,-0.006091522702388063,-0.006742893759760594,0.0,-0.0011844128284615816,0.8230796624437877,-0.5679247013800968,0.0,0.4514528094962564,0.24276854766905714,0.1731881114106206,1.0
2025-12-16 17:51:52.083,0.009009079515120094,-0.5678899530290381,-0.8230434889094108,0.0,-0.9999490891099388,-0.006091241157505601,-0.006742616003672332,0.0,-0.001184315290182971,0.8230781786020344,-0.5679268520737958,0.0,0.4519151418549856,0.24284262062367373,0.17235674708229995,1.0
2025-12-16 17:51:52.132,0.009008864491777195,-0.5678923561298787,-0.8230418331476427,0.0,-0.999949091310949,-0.006090955383369836,-0.006742547747942713,0.0,-0.001184092554902816,0.8230765226394771,-0.5679292524641846,0.0,0.45235553183463806,0.24281773535965906,0.17150111682489003,1.0
2025-12-16 17:51:52.182,0.009008824389834124,-0.5678948664207886,-0.8230401015000645,0.0,-0.9999490920635422,-0.00609068113506822,-0.006742683873421092,0.0,-0.0011837620530846433,0.8230747926221019,-0.567931760388064,0.0,0.4527362619061248,0.2426771559670956,0.17066446208297392,1.0
2025-12-16 17:51:52.232,0.009008940157870493,-0.5678972314343523,-0.8230384683765626,0.0,-0.9999490913871605,-0.006090511324005016,-0.006742937565541276,0.0,-0.001183452321658039,0.823073162059742,-0.5679341241179123,0.0,0.4530247727957096,0.24243957037095037,0.16992085374464874,1.0
2025-12-16 17:51:52.282,0.009009060522824144,-0.5678993911548224,-0.8230369768459291,0.0,-0.999949090702775,-0.006090319123222058,-0.006743212652651984,0.0,-0.001183114257950737,0.8230716733029925,-0.5679362823828609,0.0,0.45325296227252626,0.24220834560443352,0.16924094391219088,1.0
2025-12-16 17:51:52.332,0.009009132535013984,-0.5679014338520784,-0.8230355665831995,0.0,-0.9999490904238801,-0.00609011939228739,-0.006743434395825623,0.0,-0.0011828015747093379,0.8230702653387175,-0.5679383234962122,0.0,0.4535039212411148,0.24204908356652977,0.16859621411538545,1.0
2025-12-16 17:51:52.382,0.009009238544210334,-0.567903510034511,-0.8230341328356583,0.0,-0.9999490898276931,-0.006089946824236757,-0.0067436786440355995,0.0,-0.0011824980977611721,0.8230688340612855,-0.56794039836522,0.0,0.4537440942973471,0.24188655802921594,0.167973359660876,1.0
2025-12-16 17:51:52.432,0.009009341231705556,-0.5679056328881481,-0.8230326669128578,0.0,-0.9999490892495357,-0.0060897809654374664,-0.006743914147265412,0.0,-0.0011822045980548878,0.8230673705233154,-0.5679425199543734,0.0,0.45398256401634196,0.24172586787444267,0.16734080647314015,1.0
2025-12-16 17:51:52.483,0.009009375144733498,-0.5679076816606056,-0.8230312528522753,0.0,-0.9999490891886085,-0.006089646690562425,-0.00674404442933317,0.0,-0.0011819976654005256,0.8230659578598474,-0.5679445676241396,0.0,0.4542475831749387,0.24163130054694426,0.16670946336273568,1.0
2025-12-16 17:51:52.532,0.009009293218119125,-0.5679096574490468,-0.8230298904128724,0.0,-0.9999490900014699,-0.00608956431597393,-0.006743998286054316,0.0,-0.0011819344510689122,0.8230645951643455,-0.5679465425706063,0.0,0.4544155305451945,0.24157132603737586,0.16608982526465038,1.0
2025-12-16 17:51:52.584,0.009009002989598065,-0.5679119139204499,-0.8230283365677957,0.0,-0.9999490926576757,-0.0060893891556065265,-0.006743762600420478,0.0,-0.0011818994572499885,0.8230630394739628,-0.5679487971336454,0.0,0.4545041156342265,0.24156273895650404,0.1653486066585487,1.0
2025-12-16 17:51:52.632,0.00900839377900259,-0.5679145710967597,-0.8230265097059233,0.0,-0.9999490980527681,-0.006089129928153653,-0.006743196673824036,0.0,-0.0011819784618263328,0.8230612079036703,-0.5679514512447935,0.0,0.45452108289641113,0.24161533446210612,0.1644289378207456,1.0
2025-12-16 17:51:52.682,0.009007360957867775,-0.5679178284888051,-0.8230242732959602,0.0,-0.999949107043231,-0.006088788281271568,-0.006742171899239331,0.0,-0.001182243687986704,0.8230589627686574,-0.5679547042731874,0.0,0.45457602258096924,0.24178028829492,0.16324153325381885,1.0
2025-12-16 17:51:52.732,0.009006107528953427,-0.5679213059061085,-0.8230218874527491,0.0,-0.9999491178040574,-0.006088473065331881,-0.006740860466491928,0.0,-0.0011826910853419133,0.823056565595374,-0.5679581772209503,0.0,0.45466775574203716,0.24203492672137658,0.1619097521939767,1.0
2025-12-16 17:51:52.783,0.009004577620401867,-0.5679252797807087,-0.82301916203032,0.0,-0.9999491307056537,-0.006088246366963104,-0.006739151162505511,0.0,-0.0011834318984528525,0.8230538251726593,-0.5679621469407932,0.0,0.45476106951425255,0.24236142757790624,0.16036137111236135,1.0
2025-12-16 17:51:52.832,0.009002993579762947,-0.56792976630266,-0.8230160834122363,0.0,-0.9999491438924298,-0.006088131619042757,-0.00673729792975737,0.0,-0.001184341003878616,0.8230507301447907,-0.5679666301328921,0.0,0.45476164496120514,0.24265747688884345,0.15873028993706145,1.0
2025-12-16 17:51:52.882,0.00900176586473208,-0.5679344744504805,-0.8230128479210888,0.0,-0.999949153876591,-0.006088215243209798,-0.006735740334240663,0.0,-0.0011852430389102978,0.8230474806801266,-0.5679713370805215,0.0,0.4547155944524572,0.2428086449069566,0.15717087017176198,1.0
2025-12-16 17:51:52.932,0.009001414695679888,-0.5679391307239129,-0.8230096385992396,0.0,-0.9999491564601348,-0.006088454956781151,-0.0067351400959547785,0.0,-0.0011857303311911666,0.8230442658174669,-0.5679759946939381,0.0,0.4546528311642317,0.2425738105804159,0.15582247623082354,1.0
2025-12-16 17:51:52.982,0.009001713829820136,-0.5679430168432578,-0.823006953596574,0.0,-0.9999491539236761,-0.006088548139344454,-0.006735432435063252,0.0,-0.0011855984655186479,0.8230415834584127,-0.5679798819100436,0.0,0.45460775237533774,0.24202153022020917,0.15476165633904335,1.0
2025-12-16 17:51:53.032,0.009002034131124612,-0.567945901266245,-0.8230049595947664,0.0,-0.999949151316334,-0.006088561986172398,-0.006735806996371335,0.0,-0.001185365558070783,0.823039592902994,-0.567982766835903,0.0,0.45462735993982933,0.24153850701077237,0.1539143175816005,1.0
2025-12-16 17:51:53.082,0.009002444438827816,-0.5679484091720143,-0.823003224425222,0.0,-0.9999491478135982,-0.00608868285384559,-0.006736217720073317,0.0,-0.0011852043021210853,0.8230378613668512,-0.5679852762593779,0.0,0.4546809200720655,0.24105289880819208,0.1532458751929714,1.0
2025-12-16 17:51:53.132,0.009002908352534481,-0.5679507875644936,-0.8230015780344989,0.0,-0.9999491437941043,-0.006088856679203812,-0.006736657256105609,0.0,-0.0011850716775554724,0.8230362188023028,-0.5679876566834238,0.0,0.45479200101102674,0.2406141735523143,0.15267463656139865,1.0
2025-12-16 17:51:53.183,0.009003258777168394,-0.56795272235229,-0.8230002390067832,0.0,-0.9999491406672151,-0.006089052001668345,-0.006736944843701573,0.0,-0.00118504790422454,0.8230348821934367,-0.5679895935264134,0.0,0.45485795885171876,0.24025295017877707,0.15220165348064016,1.0
2025-12-16 17:51:53.232,0.009003545893966092,-0.5679543282852941,-0.8229991276086166,0.0,-0.9999491380659196,-0.006089239446147187,-0.006737161523991609,0.0,-0.001185061520177434,0.8230337725747485,-0.5679912013672137,0.0,0.4548893128606663,0.23994566236885204,0.15182134769634373,1.0
2025-12-16 17:51:53.283,0.009003735465633935,-0.5679554766161661,-0.8229983330667061,0.0,-0.9999491363256321,-0.006089379701836578,-0.006737293052648804,0.0,-0.0011850896738504395,0.8230329790871433,-0.5679923510905817,0.0,0.45488090260193437,0.2397271216568403,0.15156081763334145,1.0
2025-12-16 17:51:53.332,0.00900385097063341,-0.5679562048452561,-0.8229978292478546,0.0,-0.9999491352478391,-0.006089477495804112,-0.006737364628343372,0.0,-0.0011851215325898203,0.823032475819855,-0.567993080268407,0.0,0.45487725665403683,0.23961076475369256,0.15140377154819018,1.0
2025-12-16 17:51:53.382,0.009003864858507325,-0.5679564191260986,-0.8229976812192595,0.0,-0.9999491350785368,-0.006089517869765247,-0.006737353264346641,0.0,-0.0011851588701350464,0.8230323276478487,-0.5679932948944175,0.0,0.4548788804210067,0.2396213006939288,0.15135745137456527,1.0
2025-12-16 17:51:53.432,0.009003862256065979,-0.5679564355600857,-0.8229976699065218,0.0,-0.9999491350902935,-0.006089524634493944,-0.006737345405112312,0.0,-0.0011851687217726342,0.8230323162568463,-0.5679933113796247,0.0,0.4548835230542003,0.2396366121188209,0.1513542465423571,1.0
2025-12-16 17:51:53.482,0.009003859836422129,-0.5679569852147837,-0.8229972906121795,0.0,-0.999949134927213,-0.006089656131489207,-0.006737250754344894,0.0,-0.0011853246910750142,0.823031935971736,-0.5679938620935907,0.0,0.4549298418910322,0.23976703165667176,0.15123940856808796,1.0
2025-12-16 17:51:53.532,0.009003958759254608,-0.5679587373281991,-0.8229960803797475,0.0,-0.9999491335933173,-0.006090034325172434,-0.006737106879121243,0.0,-0.0011856984910544304,0.8230307240507596,-0.5679956174017285,0.0,0.4551699995624784,0.24003667970376202,0.1508965728176213,1.0
2025-12-16 17:51:53.582,0.009004416623881214,-0.5679613612251408,-0.8229942645837557,0.0,-0.9999491292035504,-0.0060905011067811385,-0.0067373364572472505,0.0,-0.0011859235267348209,0.8230289098513488,-0.5679982457140946,0.0,0.45571090330166203,0.24024348617339425,0.15042994722356343,1.0
2025-12-16 17:51:53.632,0.009005282957763568,-0.5679644115744934,-0.8229921500019903,0.0,-0.9999491214673089,-0.006090972831192846,-0.006738058172464998,0.0,-0.0011858684125099263,0.8230268013057245,-0.5680013010976085,0.0,0.45648233509993325,0.24031769553612992,0.14999195128936568,1.0
2025-12-16 17:51:53.682,0.009006296400366574,-0.5679677051841959,-0.8229898659121846,0.0,-0.9999491125029747,-0.006091462359389566,-0.006738945915038472,0.0,-0.0011857309726338746,0.8230245247346507,-0.568004600093488,0.0,0.45731079168717365,0.2403190096852728,0.14959532868815292,1.0
2025-12-16 17:51:53.732,0.009007263766966653,-0.5679708585177794,-0.8229876791150748,0.0,-0.999949103901613,-0.006091959991018391,-0.00673977232829681,0.0,-0.0011856365659308789,0.8230223448907914,-0.5680077588170752,0.0,0.45807177741340543,0.24037318036084096,0.14923129589870693,1.0
2025-12-16 17:51:53.782,0.00900808105967465,-0.5679736508606509,-0.8229857430750877,0.0,-0.9999490962930557,-0.00609261806465403,-0.006740306300748577,0.0,-0.0011858442588334617,0.8230204129688453,-0.5680105576571487,0.0,0.4586131455333875,0.24038259572846873,0.1488596527256452,1.0
2025-12-16 17:51:53.832,0.009008597160564395,-0.5679754718419331,-0.8229844806947092,0.0,-0.999949091294723,-0.00609316826008987,-0.006740550468615318,0.0,-0.0011861384202697205,0.823019152193191,-0.5680123838428605,0.0,0.45890118112954625,0.24038386111176374,0.14857913752898616,1.0
2025-12-16 17:51:53.883,0.00900891110558782,-0.5679766326381903,-0.8229836761436292,0.0,-0.9999490881502111,-0.006093575421183054,-0.006740648882372545,0.0,-0.0011864048889479205,0.8230183480824692,-0.5680135483974329,0.0,0.4590501321735593,0.24038259610545074,0.14837913794181376,1.0
2025-12-16 17:51:53.932,0.00900912922584751,-0.5679774687389667,-0.8229830967259755,0.0,-0.999949085890484,-0.006093910503010504,-0.006740681180334039,0.0,-0.0011866531493063299,0.8230177685846888,-0.5680143875362516,0.0,0.4591258478369026,0.24040148227866362,0.14822090794892667,1.0
2025-12-16 17:51:53.982,0.009009315760099524,-0.567978324055725,-0.8229825043909458,0.0,-0.9999490838212775,-0.0060942929463406,-0.006740642378912193,0.0,-0.0011869805630919938,0.8230171754732709,-0.5680152462330057,0.0,0.45915433133216665,0.2404841634032483,0.148046815977332,1.0
2025-12-16 17:51:54.033,0.00900939735418388,-0.5679792429851754,-0.8229818693012074,0.0,-0.9999490825591463,-0.006094712149365201,-0.00674045058930428,0.0,-0.001187424436045273,0.8230165381869757,-0.5680161686905886,0.0,0.4591235264171395,0.2405998508384901,0.14786144551555502,1.0
2025-12-16 17:51:54.082,0.009009414815605027,-0.5679803608940632,-0.8229810975864139,0.0,-0.9999490817450245,-0.006095186350695661,-0.006740142568289251,0.0,-0.0011879774167214687,0.8230157631691564,-0.5680172904804469,0.0,0.4590731346297604,0.24076785960907535,0.1476411348726208,1.0
2025-12-16 17:51:54.132,0.009009308998136975,-0.567981973639455,-0.8229799857063439,0.0,-0.9999490817427649,-0.006095801289769204,-0.006739586756276177,0.0,-0.0011887815587076033,0.823014645601618,-0.5680189080687797,0.0,0.4589798015265009,0.24104494634454332,0.14734394301111656,1.0
2025-12-16 17:51:54.182,0.00900920012861962,-0.5679840712108689,-0.82297853924934,0.0,-0.9999490814554136,-0.006096634248569657,-0.006738875909368693,0.0,-0.0011898478820960953,0.8230131918158938,-0.5680210122513357,0.0,0.4588381806270225,0.24132708480778126,0.1469826386671696,1.0
2025-12-16 17:51:54.233,0.009009173781789316,-0.5679867032915316,-0.8229767229837035,0.0,-0.9999490802023139,-0.0060976712459675664,-0.0067381235615337695,0.0,-0.0011910998441147218,0.8230113676207653,-0.5680236527189327,0.0,0.4586992889560036,0.2415386591313051,0.14654486546730472,1.0
2025-12-16 17:51:54.282,0.00900931706103944,-0.5679896395813587,-0.8229746948937982,0.0,-0.9999490774242006,-0.00609880375247506,-0.006737510852479218,0.0,-0.0011923477530241245,0.8230093327539786,-0.5680265984147986,0.0,0.45864500977779366,0.2416294941338742,0.14605165946611431,1.0
2025-12-16 17:51:54.332,0.009009563014052606,-0.5679922161057995,-0.8229729139642004,0.0,-0.9999490739511416,-0.006099831847298561,-0.006737095583230653,0.0,-0.001193401516304428,0.8230075469381707,-0.5680291836478436,0.0,0.45866055999613126,0.24160642825880957,0.1456140564865667,1.0
2025-12-16 17:51:54.382,0.00900993207757619,-0.567994655549713,-0.8229712262844484,0.0,-0.9999490694677658,-0.006100859765580021,-0.006736830254519839,0.0,-0.0011943714581076458,0.8230058557179379,-0.5680316319808297,0.0,0.4587508339780257,0.24147815294102282,0.1451971851469293,1.0
2025-12-16 17:51:54.433,0.009010240131715702,-0.5679966761561873,-0.8229698283348549,0.0,-0.999949065700695,-0.0061017341654350694,-0.006736597486094553,0.0,-0.0011952011492948565,0.8230044546903919,-0.5680336601417061,0.0,0.45879557550666,0.24129468855262906,0.1448475407579021,1.0
2025-12-16 17:51:54.482,0.009010429498633718,-0.5679982640310691,-0.822968730341044,0.0,-0.9999490631856474,-0.006102411444342489,-0.0067363573181835786,0.0,-0.0011958775600968278,0.823003353773178,-0.568035253795891,0.0,0.4587744096557856,0.2412218260923877,0.14458147201799404,1.0
2025-12-16 17:51:54.532,0.009010525836598861,-0.5679993161921467,-0.8229680031025568,0.0,-0.9999490616929932,-0.006102904511729894,-0.006736132201154436,0.0,-0.0011963996895097708,0.82300262394982,-0.5680363101065758,0.0,0.4587327607202776,0.24118914731682417,0.14440174201180989,1.0
2025-12-16 17:51:54.583,0.009010567541271903,-0.5679996623414896,-0.8229677637391069,0.0,-0.9999490611212332,-0.006103065827387435,-0.006736070922964717,0.0,-0.0011965634637200215,0.8230023838521769,-0.568036657628283,0.0,0.45872778584510643,0.2411636728283961,0.14434371754510342,1.0
2025-12-16 17:51:54.632,0.00901057342655657,-0.5679997004486321,-0.8229677373737059,0.0,-0.9999490610476213,-0.006103083637118084,-0.006736065714289961,0.0,-0.0011965806618083196,0.8230023574197405,-0.5680366958888038,0.0,0.45872858993682036,0.24115408859118048,0.14433702931079292,1.0
2025-12-16 17:51:54.683,0.009010623561583709,-0.5680001432243834,-0.8229674312275788,0.0,-0.9999490603440163,-0.006103288937760543,-0.006735984150019813,0.0,-0.0011967910991172942,0.8230020503070191,-0.5680371404067763,0.0,0.4587183882996841,0.24114227534294563,0.1442639524259559,1.0
2025-12-16 17:51:54.735,0.009010742877594879,-0.5680012272175484,-0.8229666817638251,0.0,-0.9999490586448441,-0.00610379460520023,-0.006735778196783614,0.0,-0.0011973123623444052,0.8230012984165237,-0.5680382286852032,0.0,0.45869177512550663,0.24110026084968736,0.14408539632990516,1.0
2025-12-16 17:51:54.783,0.009010927591210156,-0.5680028285475002,-0.8229655745213124,0.0,-0.9999490560421125,-0.006104557342290768,-0.006735473357639571,0.0,-0.0011980956887055895,0.8230001875643759,-0.5680398364865998,0.0,0.4586584166998383,0.24103611397554217,0.14382597888599966,1.0
2025-12-16 17:51:54.832,0.009011306208523808,-0.5680052938406807,-0.822963868848801,0.0,-0.9999490513511265,-0.0061056708203938645,-0.006735160504639379,0.0,-0.0011991627463657005,0.8229984778162812,-0.5680423113825164,0.0,0.45868775763244446,0.24096649105204127,0.14345607063394825,1.0
2025-12-16 17:51:54.882,0.009011716106513126,-0.5680075332752774,-0.8229623187100115,0.0,-0.99994904656515,-0.006106671162993655,-0.006734964139665902,0.0,-0.0012000729973516725,0.8229969247790334,-0.5680445595453362,0.0,0.4587651113405878,0.24091219355295387,0.14313623184669066,1.0
2025-12-16 17:51:54.932,0.009011899327396052,-0.5680085211554526,-0.8229616348691579,0.0,-0.9999490444311334,-0.006107114363545778,-0.006734879109711448,0.0,-0.001200475210556265,0.822996239671324,-0.5680455512950785,0.0,0.45879851509700603,0.2408902323987829,0.1429978445540286,1.0
2025-12-16 17:51:54.982,0.009011885693815933,-0.568008431519957,-0.8229616968849087,0.0,-0.9999490446057494,-0.006107070409764807,-0.006734893040557006,0.0,-0.0012004321070320618,0.8229963018625372,-0.5680454612822321,0.0,0.45879885047480046,0.24088995435639593,0.14301097583091174,1.0
2025-12-16 17:51:55.032,0.00901191413744128,-0.5680085128149411,-0.8229616404636043,0.0,-0.9999490443412768,-0.0061070928061403565,-0.006734911998886215,0.0,-0.0012004388779462086,0.8229962455877893,-0.5680455427999622,0.0,0.4588126779214523,0.2408935932092086,0.14300307015014446,1.0
2025-12-16 17:51:55.082,0.009012106298393557,-0.5680094611565606,-0.8229609838126644,0.0,-0.999949042188363,-0.006107498365393158,-0.006734863881346001,0.0,-0.0012007895781324328,0.8229955880464325,-0.5680464947171983,0.0,0.4588555874973497,0.24089998875999108,0.14287693005849933,1.0
2025-12-16 17:51:55.132,0.00901249850373977,-0.5680113113491692,-0.8229597025075561,0.0,-0.9999490378531646,-0.006108284701341028,-0.006734794410074917,0.0,-0.0012014558878622648,0.822994305229565,-0.5680483518710842,0.0,0.45895764796726984,0.24088502225604158,0.14263462205348124,1.0
2025-12-16 17:51:55.182,0.009013014874713895,-0.568013702834671,-0.8229580462308649,0.0,-0.9999490321838727,-0.006109292733888665,-0.006734721823228039,0.0,-0.0012023004797701348,0.8229926471631948,-0.5680507523002444,0.0,0.4590927685047064,0.24086633085693188,0.14232599113184802,1.0
2025-12-16 17:51:55.232,0.009013603718495546,-0.5680162924185772,-0.8229562524194513,0.0,-0.999949025858231,-0.006110344993694765,-0.006734706410906115,0.0,-0.0012031468152548816,0.8229908520296979,-0.5680533512912082,0.0,0.45925803734443094,0.2408861627661284,0.1420048417451506,1.0
2025-12-16 17:51:55.282,0.009014178754400847,-0.5680189439702557,-0.8229544159754583,0.0,-0.9999490195243214,-0.006111479920710083,-0.006734617044436913,0.0,-0.0012041025099731875,0.8229890134985323,-0.5680560129052925,0.0,0.4594028805344762,0.2408594881900525,0.14166817655146707,1.0
2025-12-16 17:51:55.332,0.009014737928608322,-0.5680217206634864,-0.8229524933164604,0.0,-0.9999490131363297,-0.00611274059528637,-0.006734421378512341,0.0,-0.001205220699025219,0.8229870876454074,-0.5680588006641539,0.0,0.4595110294041552,0.2408092235048456,0.1413088666694409,1.0
2025-12-16 17:51:55.386,0.00901534952369061,-0.5680249927912839,-0.8229502281053429,0.0,-0.9999490058336784,-0.006114335561535227,-0.006734057772791169,0.0,-0.0012067039600227808,0.8229848173370632,-0.5680620866579934,0.0,0.4595875600864338,0.24073266235001367,0.14087357379017812,1.0
2025-12-16 17:51:55.432,0.009015691239207773,-0.5680272528184884,-0.8229486644184854,0.0,-0.9999490012639344,-0.0061155630723379525,-0.006733621668670173,0.0,-0.001207937101106256,0.8229832483084233,-0.5680643571741465,0.0,0.459574173942767,0.24065555664537627,0.14054857143009458,1.0
2025-12-16 17:51:55.483,0.009015984110609818,-0.5680295171538563,-0.8229470982837733,0.0,-0.999948996974246,-0.0061168708807895445,-0.006733070773064489,0.0,-0.0012093014845368118,0.8229816756983372,-0.568066632583429,0.0,0.4595141791841208,0.24058407518162755,0.1402113859748532,1.0
2025-12-16 17:51:55.533,0.009016222106802516,-0.5680314206812764,-0.8229457817857384,0.0,-0.9999489934018014,-0.006117992008256704,-0.006732582693108686,0.0,-0.0012104805096739514,0.8229803535038707,-0.5680685455854602,0.0,0.45945590365114125,0.24051349596947072,0.13992443024250037,1.0
2025-12-16 17:51:55.582,0.009016384214508785,-0.5680326764083887,-0.8229449132531458,0.0,-0.9999489910092902,-0.006118727023105814,-0.00673227007236972,0.0,-0.001211249212037969,0.8229794813025764,-0.5680698075327439,0.0,0.4594250379162642,0.24045357523991648,0.13973591181449307,1.0
2025-12-16 17:51:55.632,0.009016460269868281,-0.5680332858497255,-0.8229444917563848,0.0,-0.9999489898691676,-0.006119083869140446,-0.006732115079412098,0.0,-0.0012116242429488905,0.8229790579954454,-0.5680704199900076,0.0,0.4594045775519113,0.24043259241149437,0.1396446762735392,1.0
2025-12-16 17:51:55.682,0.009016480015738959,-0.5680335803020133,-0.8229442882957573,0.0,-0.9999489894284644,-0.006119275885141913,-0.006732006004343386,0.0,-0.0012118409966160827,0.8229788533280399,-0.5680707160347763,0.0,0.4593808380299494,0.24041836351178475,0.13959600687333307,1.0
2025-12-16 17:51:55.732,0.009016547805233727,-0.5680340916872983,-0.8229439345714082,0.0,-0.9999489884535525,-0.006119565514005735,-0.006731887539583915,0.0,-0.0012121410355459845,0.8229784982008157,-0.56807122987636,0.0,0.4593656568790865,0.24040682517133927,0.1395199423211112,1.0
2025-12-16 17:51:55.782,0.009016639890573705,-0.5680347795861538,-0.8229434587423377,0.0,-0.9999489871346305,-0.006119955122510369,-0.006731729267659105,0.0,-0.001212544030308076,0.8229780204942496,-0.5680719210807211,0.0,0.4593499211220339,0.2403794892626531,0.13941621059362477,1.0
2025-12-16 17:51:55.833,0.009016751266820618,-0.5680357256032893,-0.82294280453513,0.0,-0.9999489854241341,-0.006120505332010033,-0.006731483115501824,0.0,-0.0012131262836363851,0.8229773634303854,-0.5680728717389973,0.0,0.45931347895133584,0.2403473623445863,0.13927167051510908,1.0
2025-12-16 17:51:55.883,0.009016922330435778,-0.5680371411212407,-0.8229418255986888,0.0,-0.9999489828258179,-0.006121330074703031,-0.006731119144436294,0.0,-0.0012139962446058336,0.8229763802563054,-0.5680742942198204,0.0,0.45926385260800656,0.2402964337529211,0.13905669558940323,1.0
2025-12-16 17:51:55.932,0.009017188032607858,-0.5680391965965773,-0.8229404038878564,0.0,-0.9999489789846424,-0.006122477068387132,-0.006730646575673535,0.0,-0.0012151860741290287,0.8229749529566972,-0.5680763594172241,0.0,0.4592055089214205,0.24023537554602553,0.13874897718871826,1.0
2025-12-16 17:51:55.983,0.00901753810695579,-0.5680418196075603,-0.8229385894978006,0.0,-0.999948974053635,-0.0061238981764634125,-0.006730086285867456,0.0,-0.0012166450918150377,0.822973131870028,-0.5680789945023121,0.0,0.45914074771356256,0.24017888522275066,0.1383553732815141,1.0
2025-12-16 17:51:56.034,0.00901783765477703,-0.5680444839480498,-0.8229367471205999,0.0,-0.9999489697083155,-0.006125201542853001,-0.006729545790463736,0.0,-0.0012179955175728196,0.8229712831172019,-0.5680816698779724,0.0,0.4590413134574804,0.2401714615861971,0.13793227827357474,1.0
2025-12-16 17:51:56.084,0.009017205768607293,-0.5680477595266521,-0.8229344930175705,0.0,-0.9999489739166346,-0.006125875600746492,-0.006728306800542412,0.0,-0.0012192182020616422,0.8229690171242094,-0.5680849499507873,0.0,0.45879364383639204,0.24064441776769044,0.1372317684479733,1.0
2025-12-16 17:51:56.133,0.009011575055575484,-0.5680510961452839,-0.8229322515154984,0.0,-0.999949019764359,-0.006126014229405312,-0.006721363192600807,0.0,-0.0012232405046433855,0.8229667129637126,-0.568088279263329,0.0,0.4582968474982338,0.24257929344418752,0.13555138973760106,1.0
2025-12-16 17:51:56.183,0.009003242871790223,-0.5680552178304308,-0.8229294975966178,0.0,-0.9999490883388797,-0.006125664731359945,-0.006711472494960406,0.0,-0.0012285268826851066,0.8229638705105107,-0.568092385581833,0.0,0.4575009451071651,0.24477661666489647,0.1334207885927813,1.0
2025-12-16 17:51:56.234,0.008995352883952189,-0.5680579618007647,-0.8229276897531533,0.0,-0.9999491531206939,-0.0061253667053186795,-0.006702086029063668,0.0,-0.001233584292535749,0.8229619786454017,-0.568095115252577,0.0,0.4565788986476503,0.24694385540346075,0.13163411761191052,1.0
2025-12-16 17:51:56.282,0.008990104734074777,-0.5680603491552756,-0.822926099133856,0.0,-0.9999491952966323,-0.006125749049588305,-0.006695440643240105,0.0,-0.0012376482486673374,0.8229603278666137,-0.5680974977805203,0.0,0.45555367187696155,0.24861488775481785,0.13054731876712164,1.0
2025-12-16 17:51:56.332,0.008987933321558844,-0.568061203929459,-0.8229255328072093,0.0,-0.9999492124774817,-0.006126076450284759,-0.006692574556768045,0.0,-0.00123953663168414,0.822959735397134,-0.5680983519286235,0.0,0.4549823172930911,0.24954801810654484,0.13018703558890624,1.0
2025-12-16 17:51:56.382,0.008987969844283435,-0.5680610514298451,-0.8229256376779772,0.0,-0.9999492122608076,-0.006126021858480631,-0.006692656900500684,0.0,-0.001239446591749434,0.8229598410708377,-0.5680981990437988,0.0,0.4550416529788311,0.24950161467540669,0.13030021364200348,1.0
2025-12-16 17:51:56.433,0.008987675173586115,-0.5680628979974118,-0.822924366217798,0.0,-0.9999492154159482,-0.006125533065444476,-0.006692632882676907,0.0,-0.0012390378403786166,0.8229585700592099,-0.5681000411470948,0.0,0.4555107517902244,0.2484688185879921,0.1308419018161125,1.0
2025-12-16 17:51:56.482,0.008986651600084529,-0.5680665133285945,-0.8229218817293176,0.0,-0.9999492247837831,-0.00612486911027038,-0.006691840845535529,0.0,-0.001238901969398218,0.8229560793897827,-0.5681036494490314,0.0,0.45609920808417465,0.24724698625712282,0.13148214497836552,1.0
2025-12-16 17:51:56.532,0.008985881183582262,-0.5680694231747325,-0.8229198814553514,0.0,-0.9999492318659864,-0.006124349648909558,-0.006691257969180916,0.0,-0.001238773882441734,0.8229540746137066,-0.5681065538400047,0.0,0.4565493425306493,0.2463733666158885,0.13197940480019799,1.0
2025-12-16 17:51:56.582,0.008985543469978945,-0.5680708626583586,-0.8229188914518526,0.0,-0.9999492350142594,-0.006124094063324554,-0.006691021410050088,0.0,-0.00123868224173678,0.8229530828468058,-0.5681079907018054,0.0,0.4567710067383066,0.24590329814904224,0.1322387858633051,1.0
2025-12-16 17:51:56.633,0.008985524395699518,-0.568070969913816,-0.8229188176203767,0.0,-0.9999492351744614,-0.006124091538612461,-0.006690999779130806,0.0,-0.001238691282375574,0.8229530088274949,-0.56810809790539,0.0,0.4567829618411733,0.2458734159955032,0.13223922681211037,1.0
2025-12-16 17:51:56.683,0.00898550314477794,-0.568070871174581,-0.8229188860133153,0.0,-0.9999492351720777,-0.006124207106600957,-0.006690894357317737,0.0,-0.0012388473550307161,0.8229530761268374,-0.5681080000762238,0.0,0.4566813906774928,0.24592274227488076,0.13209935294629996,1.0
2025-12-16 17:51:56.733,0.008985444612185053,-0.5680709814601737,-0.8229188105209435,0.0,-0.9999492354049827,-0.006124369409055791,-0.006690710989114062,0.0,-0.0012390838872431724,0.822952998789191,-0.5681081115905653,0.0,0.45660478852013775,0.24602793342602508,0.13186915750063222,1.0
2025-12-16 17:51:56.782,0.008985405910351206,-0.5680715091063974,-0.8229184467025968,0.0,-0.9999492354289882,-0.006124566720317116,-0.006690526786345129,0.0,-0.001239345145208287,0.8229526330879473,-0.5681086407697259,0.0,0.45653416803298497,0.2460299860016768,0.1315349098532508,1.0
2025-12-16 17:51:56.832,0.008985506775458946,-0.5680723754656385,-0.8229178475413103,0.0,-0.999949234374336,-0.0061247295317637266,-0.0066905353709874995,0.0,-0.0012394647852559191,0.8229520338296253,-0.5681095085832744,0.0,0.4565260771927847,0.2458370163226939,0.13122631067294627,1.0
2025-12-16 17:51:56.882,0.00898568966216435,-0.5680733363066872,-0.8229171822607017,0.0,-0.9999492327778731,-0.006124810066543608,-0.00669070024736817,0.0,-0.0012394268929000144,0.8229513699613897,-0.5681104703309461,0.0,0.4565927105839312,0.2455755822910784,0.13094992320646062,1.0
2025-12-16 17:51:56.933,0.008985765121156503,-0.5680738593863605,-0.8229168203459457,0.0,-0.9999492320909992,-0.006124863024947237,-0.006690754423443789,0.0,-0.0012394339809569054,0.8229510084844949,-0.5681109939419937,0.0,0.45661392745041207,0.24549797342870938,0.1307243592432413,1.0
2025-12-16 17:51:56.982,0.008985779265204512,-0.5680741784230798,-0.8229165999547878,0.0,-0.999949231940272,-0.006124889341685296,-0.006690752859060534,0.0,-0.0012394530420282081,0.8229507880568229,-0.5681113132061456,0.0,0.456591035962771,0.24547352994081792,0.13056473292193357,1.0
2025-12-16 17:51:57.032,0.008985798636778359,-0.5680746253054927,-0.8229162912520879,0.0,-0.999949231717898,-0.006124936047374141,-0.006690743337586288,0.0,-0.001239492005808777,0.8229504792249065,-0.5681117604864945,0.0,0.4565695620761182,0.24544702768455506,0.13035398675504456,1.0
2025-12-16 17:51:57.082,0.008985779216152888,-0.5680749540857772,-0.8229160645008268,0.0,-0.9999492318095059,-0.0061249827327683705,-0.006690686908692213,0.0,-0.0012395588924774105,0.8229502519191706,-0.5681120896090189,0.0,0.4565294808915208,0.24544798273865998,0.13017772145947634,1.0
2025-12-16 17:51:57.133,0.00898576841116095,-0.5680752558395155,-0.8229158563122589,0.0,-0.9999492318293268,-0.0061250303496265006,-0.006690640355286105,0.0,-0.0012396212300922083,0.8229500432628546,-0.5681123917262074,0.0,0.4564738933710008,0.24541592510550111,0.13003867361577545,1.0
2025-12-16 17:51:57.182,0.008985744717965444,-0.5680753135109528,-0.8229158167592263,0.0,-0.9999492320015103,-0.00612504439531326,-0.006690601763176637,0.0,-0.0012396540842448242,0.8229500033474525,-0.5681124494747314,0.0,0.45644082909684275,0.24541904641217835,0.1299972942414426,1.0
2025-12-16 17:51:57.233,0.008985723927671546,-0.5680751864399232,-0.8229159047059126,0.0,-0.9999492321923806,-0.006125028864835843,-0.006690587454126257,0.0,-0.001239650821380599,0.8229500911807586,-0.5681123222492382,0.0,0.45641935494321495,0.24542713624351797,0.13004282234275022,1.0
2025-12-16 17:51:57.282,0.008985726311356582,-0.5680750109974562,-0.8229160257912745,0.0,-0.9999492322259799,-0.0061249922671997034,-0.006690615936408464,0.0,-0.0012396064391366221,0.8229502125618416,-0.5681121465171252,0.0,0.4564447011837528,0.24544286449160901,0.1301300656660702,1.0
2025-12-16 17:51:57.332,0.00898571637998246,-0.5680747675966648,-0.8229161939239877,0.0,-0.9999492324026535,-0.006124926602013087,-0.006690649645029118,0.0,-0.0012395359101291688,0.8229503810711002,-0.5681119025734795,0.0,0.45646434454761237,0.2454622162148308,0.13026028171936146,1.0
2025-12-16 17:51:57.382,0.008985706290076166,-0.5680746409251233,-0.822916281477933,0.0,-0.9999492325454632,-0.006124885222074728,-0.00669066618236629,0.0,-0.0012394938464287194,0.8229504688209022,-0.5681117755534221,0.0,0.45647015850941447,0.24547320358563574,0.13033361339691052,1.0
2025-12-16 17:51:57.432,0.00898569940706005,-0.5680746386097965,-0.8229162831514051,0.0,-0.9999492325923571,-0.006124891223731462,-0.006690653679697077,0.0,-0.0012395059137122414,0.8229504703745117,-0.5681117732765796,0.0,0.45645328592758644,0.24546785873351923,0.13032751303253107,1.0
2025-12-16 17:51:57.482,0.008985632943627779,-0.5680745627168886,-0.8229163362674402,0.0,-0.9999492330995804,-0.006124912614472468,-0.006690558290192949,0.0,-0.0012395785393549462,0.8229505226044393,-0.5681116974593334,0.0,0.45630964791316353,0.24542927785106156,0.13031494663320042,1.0
2025-12-16 17:51:57.532,0.00898552494649294,-0.5680744361110911,-0.8229164248450204,0.0,-0.9999492339623535,-0.006124921720446534,-0.00669042100534674,0.0,-0.001239665412087937,0.8229506099330566,-0.5681115707679927,0.0,0.4561052951205991,0.24540059095995065,0.13031384168429308,1.0
2025-12-16 17:51:57.583,0.008985450512701339,-0.5680742915251332,-0.8229165254681122,0.0,-0.99994923458077,-0.006124911740261629,-0.006690337713055724,0.0,-0.001239706099870959,0.822950709815456,-0.5681114259923162,0.0,0.45596652604827376,0.24538523060066347,0.13035477825388964,1.0
2025-12-16 17:51:57.632,0.008985443388805235,-0.5680742735080772,-0.8229165379834005,0.0,-0.9999492346385479,-0.0061249116864007525,-0.006690329126769184,0.0,-0.0012397111304886473,0.822950722253082,-0.5681114079645325,0.0,0.4559592004123427,0.24539022509538405,0.13035864849140194,1.0
2025-12-16 17:51:57.682,0.008985454525580862,-0.5680742921633402,-0.8229165249837292,0.0,-0.9999492345507105,-0.006124910042345339,-0.006690343760182073,0.0,-0.0012397012600807973,0.8229507093875369,-0.568111426622749,0.0,0.4559698300282117,0.24538160151434962,0.13035792371071936,1.0
2025-12-16 17:51:57.733,0.008985451124013211,-0.5680742878956986,-0.8229165279669022,0.0,-0.9999492345774926,-0.006124910587032958,-0.006690339258635708,0.0,-0.001239704312408513,0.8229507123294483,-0.5681114223545161,0.0,0.45596564926701644,0.24538325200277225,0.1303577082649582,1.0
2025-12-16 17:51:57.782,0.008985442516459403,-0.5680742779768687,-0.8229165349080373,0.0,-0.9999492346465931,-0.00612491108995102,-0.006690328470327089,0.0,-0.0012397109638309157,0.8229507191727017,-0.5681114124270512,0.0,0.4559511264427074,0.2453830995153429,0.1303584052660666,1.0
2025-12-16 17:51:57.832,0.008985426219459013,-0.5680742426812433,-0.8229165594511968,0.0,-0.9999492347850425,-0.006124906850265813,-0.006690311658789984,0.0,-0.0012397174117130079,0.822950743568926,-0.5681113770732733,0.0,0.45591626399605034,0.2453746188417034,0.13037102090249789,1.0
2025-12-16 17:51:57.882,0.00898537801452189,-0.5680741420706964,-0.8229166294308234,0.0,-0.9999492351863832,-0.006124899768515941,-0.006690258156553615,0.0,-0.0012397430794891336,0.8229508130733642,-0.5681112763350026,0.0,0.4558282744479612,0.24536726563885214,0.13040137995098566,1.0
2025-12-16 17:51:57.932,0.008985359994630035,-0.5680740447829689,-0.8229166967870399,0.0,-0.9999492353721505,-0.006124872911816901,-0.006690254978264168,0.0,-0.0012397238472265607,0.8229508804312134,-0.5681111788041786,0.0,0.455727333560755,0.24529585529726605,0.13046822709222697,1.0
2025-12-16 17:51:57.985,0.008985345257462671,-0.5680739268065818,-0.8229167783891412,0.0,-0.999949235611565,-0.006124792555774208,-0.006690292759188222,0.0,-0.0012396375459660881,0.8229509624686495,-0.5681110601552114,0.0,0.4556411215959015,0.24512776854880433,0.13061683762727724,1.0
2025-12-16 17:51:58.032,0.008985287408268613,-0.5680738495074269,-0.8229168323817495,0.0,-0.9999492361715063,-0.006124732424568147,-0.006690264117113472,0.0,-0.0012396051810223108,0.8229510162759527,-0.5681109822819588,0.0,0.4555655594167496,0.24501720983290617,0.13070423288827646,1.0
