timestamp,ee_pose_cmd
2025-12-16 18:10:20.332,0.009983899743169006,-0.5650913001368919,-0.8249562965131692,0.0,-0.9999399487417553,-0.00653363931527865,-0.00762609787781713,0.0,-0.0010805461313996019,0.824998778829202,-0.5651334774638493,0.0,0.5195744710625132,0.2483793745354715,0.13835691004949693,1.0
2025-12-16 18:10:20.382,0.009983905437966354,-0.5650913112437151,-0.8249562888361255,0.0,-0.9999399486895383,-0.006533639091806967,-0.007626104916000722,0.0,-0.0010805418348854663,0.824998771223094,-0.5651334885756888,0.0,0.5195758115628691,0.24837235345831568,0.13835664757122226,1.0
2025-12-16 18:10:20.432,0.009983915499555563,-0.5650912945166539,-0.8249563001723172,0.0,-0.999939948603539,-0.006533633582894906,-0.007626120912002287,0.0,-0.0010805284524437965,0.8249987827243143,-0.5651334718114501,0.0,0.5195858584567772,0.24836954736789657,0.13836749944863566,1.0
2025-12-16 18:10:20.482,0.009983915821982959,-0.5650912830683179,-0.8249563080104728,0.0,-0.9999399486025361,-0.0065336319670149644,-0.007626122427891159,0.0,-0.0010805264012762493,0.8249987905789163,-0.5651334603489881,0.0,0.519588833683335,0.24837279533751838,0.1383709672189365,1.0
2025-12-16 18:10:20.532,0.009983897015911677,-0.5650912812837974,-0.8249563094604586,0.0,-0.9999399487707079,-0.006533636284376214,-0.007626096678206838,0.0,-0.0010805445372646593,0.8249987917670731,-0.5651334585798055,0.0,0.5195721107648905,0.24838197553401428,0.13836425535034447,1.0
2025-12-16 18:10:20.582,0.009983901082498454,-0.565091286084285,-0.8249563061229316,0.0,-0.999939948733956,-0.006533635687259678,-0.007626102008778594,0.0,-0.0010805409739262216,0.8249987884835963,-0.5651334633799368,0.0,0.5195737682659878,0.24837782021284868,0.1383649762145124,1.0
2025-12-16 18:10:20.632,0.009983905923431572,-0.5650912589900766,-0.8249563246237527,0.0,-0.9999399486968704,-0.006533629584270923,-0.0076261121001640715,0.0,-0.0010805305639735115,0.8249988070907396,-0.5651334362365733,0.0,0.5195801430043343,0.2483791172946119,0.1383775492308634,1.0
2025-12-16 18:10:20.682,0.0099839146137673,-0.5650912727802243,-0.8249563150723918,0.0,-0.9999399486165053,-0.00653362973400321,-0.007626122509368598,0.0,-0.0010805246376611331,0.8249987976436707,-0.5651334500390195,0.0,0.5195865649946716,0.2483726769785078,0.13837597653297065,1.0
2025-12-16 18:10:20.732,0.009983900722891546,-0.565091236333221,-0.8249563402065322,0.0,-0.9999399487470283,-0.0065336277846687356,-0.007626107065240473,0.0,-0.0010805321991989864,0.8249988226243321,-0.5651334135570399,0.0,0.5195805212076482,0.24838806979047767,0.13838200923484031,1.0
2025-12-16 18:10:20.782,0.009983909059936012,-0.5650912429585705,-0.8249563355673007,0.0,-0.9999399486724707,-0.006533625927434882,-0.007626118432384915,0.0,-0.0010805241625971562,0.8249988181008536,-0.5651334201759161,0.0,0.5195848621126424,0.24838033897937808,0.13838475619647156,1.0
2025-12-16 18:10:20.832,0.009983887419688172,-0.5650912446363239,-0.8249563346799452,0.0,-0.9999399488632716,-0.006533633003280774,-0.007626087352271294,0.0,-0.0010805475448187158,0.8249988168955988,-0.5651334218906767,0.0,0.5195699668114093,0.24839498798398085,0.13837264779298167,1.0
2025-12-16 18:10:20.882,0.00998386809537841,-0.5650912647821196,-0.8249563211140373,0.0,-0.999939949031695,-0.006533640988431353,-0.007626058427131285,0.0,-0.0010805702357317701,0.8249988030330271,-0.5651334420842907,0.0,0.5195523756935839,0.24840193284901568,0.13835862970951615,1.0
2025-12-16 18:10:20.932,0.009983811097186018,-0.5650912960443301,-0.824956300389374,0.0,-0.999939949535189,-0.006533659146593062,-0.007625976850724847,0.0,-0.0010806309408926975,0.8249987814754389,-0.5651334734386296,0.0,0.5195158704602273,0.2484342653167192,0.13832781409202732,1.0
2025-12-16 18:10:20.982,0.009983805044095928,-0.5650912949494784,-0.8249563012125982,0.0,-0.9999399495896871,-0.0065336602491055705,-0.007625968760202727,0.0,-0.0010806364361347375,0.8249987822166513,-0.5651334723460776,0.0,0.519512334758951,0.24843812197893675,0.13832663183003813,1.0
2025-12-16 18:10:21.033,0.009983830144559577,-0.5650911744127327,-0.8249563834759336,0.0,-0.9999399493853843,-0.0065336379653644725,-0.007626014640774565,0.0,-0.0010805935821791288,0.824998864957578,-0.565133351640317,0.0,0.5195395792978693,0.24844305520050353,0.13837485081289,1.0
2025-12-16 18:10:21.083,0.00998391884417318,-0.5650909176147574,-0.8249565583077892,0.0,-0.9999399486760725,-0.006533551108034175,-0.007626182060558171,0.0,-0.0010804304187474615,0.8249990415451134,-0.5651330941643344,0.0,0.5196206390978647,0.24840917324558406,0.13853319946606185,1.0
2025-12-16 18:10:21.133,0.009984043575438282,-0.5650910753398618,-0.8249564487573455,0.0,-0.9999399476894233,-0.00653342547053339,-0.00762641906155566,0.0,-0.0010801909229276908,0.8249989345026966,-0.5651332508860059,0.0,0.5198248026671161,0.24825276910037286,0.1387271559154983,1.0
2025-12-16 18:10:21.182,0.009984054293768384,-0.5650908759733628,-0.8249565851926542,0.0,-0.9999399477738111,-0.006533283486000426,-0.007626529630678738,0.0,-0.001080013718680211,0.8249990721877499,-0.5651330502277488,0.0,0.5199382830268948,0.2482904460039986,0.13893710572161583,1.0
2025-12-16 18:10:21.232,0.009983956586875804,-0.5650901952310263,-0.8249570526796169,0.0,-0.9999399489773478,-0.006533047810318878,-0.007626573719261677,0.0,-0.0010798026242010126,0.8249995403435325,-0.5651323672019263,0.0,0.519901337150247,0.24843018617899576,0.13924901828509637,1.0
2025-12-16 18:10:21.283,0.009983903540623815,-0.565090184621816,-0.8249570605888414,0.0,-0.9999399498474738,-0.006532757553836045,-0.007626708266507352,0.0,-0.0010794872702496678,0.8249995499090286,-0.5651323538403492,0.0,0.5200419081538642,0.2483323607536517,0.13960049177078426,1.0
2025-12-16 18:10:21.332,0.009983892901892893,-0.565090742143387,-0.824956678818693,0.0,-0.999939950268433,-0.0065325161251309355,-0.007626859868083972,0.0,-0.0010791956816993747,0.8249991699341978,-0.5651329090971126,0.0,0.5203330031025846,0.24815710145383865,0.13985872702753385,1.0
2025-12-16 18:10:21.382,0.00998380705860212,-0.5650920612575477,-0.8249557762701712,0.0,-0.9999399514594047,-0.00653222453435812,-0.007626953468085715,0.0,-0.001078886277020456,0.8249982686847908,-0.565134225358453,0.0,0.5207754607475934,0.24785122723288516,0.14015033018068077,1.0
2025-12-16 18:10:21.432,0.009983570236885208,-0.5650941768012105,-0.8249543299916037,0.0,-0.9999399542500165,-0.006531784344965606,-0.007626964596362161,0.0,-0.00107849126217639,0.8249968230722364,-0.5651363364510499,0.0,0.5213607825778545,0.2474686341397891,0.14056478735005926,1.0
2025-12-16 18:10:21.482,0.009983182839021686,-0.5650966798827101,-0.8249526200619942,0.0,-0.9999399585589424,-0.0065312510062524995,-0.007626856406312153,0.0,-0.0010780821531635796,0.8249951127322805,-0.565138834010478,0.0,0.5220267752269363,0.2470566832576334,0.14110168669307022,1.0
2025-12-16 18:10:21.532,0.00998277795994452,-0.5650989387778137,-0.8249510776025446,0.0,-0.9999399630822656,-0.006530674759491607,-0.007626756809528988,0.0,-0.0010776357487604974,0.824993569985053,-0.5651410869725457,0.0,0.5226201606414983,0.24670270579074602,0.14165656118139747,1.0
2025-12-16 18:10:21.583,0.009982417670915778,-0.5651011632140187,-0.8249495581990541,0.0,-0.9999399670701881,-0.006530192241476886,-0.007626647111857103,0.0,-0.001077272791067436,0.8249920500904704,-0.5651433064018863,0.0,0.5231423974230878,0.24635680284749503,0.14211504497949587,1.0
2025-12-16 18:10:21.637,0.009982054947542465,-0.5651033165276185,-0.8249480875362516,0.0,-0.999939971182626,-0.006529630714677174,-0.007626588701859036,0.0,-0.001076816533233364,0.8249905795307759,-0.5651454539776714,0.0,0.5236623847414388,0.2460540474863907,0.14262619199808327,1.0
2025-12-16 18:10:21.683,0.0099816736442849,-0.5651050792013791,-0.824946884686081,0.0,-0.9999399754989263,-0.006529040716977555,-0.0076265278948498974,0.0,-0.001076342872344268,0.8249893767753743,-0.5651472106396712,0.0,0.524081243848751,0.24578420891313726,0.14312849163333005,1.0
2025-12-16 18:10:21.732,0.009981198490581955,-0.5651071240576451,-0.824945489664134,0.0,-0.9999399808975384,-0.00652828841329581,-0.007626464071355885,0.0,-0.0010757336148876954,0.8249879820030613,-0.5651492478520223,0.0,0.5245680721550906,0.24548420560278428,0.14371755962702504,1.0
2025-12-16 18:10:21.782,0.009980578893858439,-0.5651098217343877,-0.824943649181858,0.0,-0.9999399878001505,-0.0065274122568418375,-0.007626308980924664,0.0,-0.001075065876521212,0.8249861410168466,-0.5651519365298971,0.0,0.525147407077058,0.24507585576638852,0.1443911386000552,1.0
2025-12-16 18:10:21.832,0.009979959600127531,-0.5651121964386223,-0.8249420299293182,0.0,-0.9999399948994677,-0.0065263792708149864,-0.007626262208588824,0.0,-0.0010742114583415568,0.8249845224971338,-0.5651543007975067,0.0,0.5257149279030615,0.24478768255943034,0.14512803387126866,1.0
2025-12-16 18:10:21.882,0.009979123517198193,-0.5651147295069805,-0.8249403048034987,0.0,-0.9999400041632318,-0.006525223648797504,-0.007626036426439755,0.0,-0.0010733551388246892,0.8249827964543558,-0.5651568220088092,0.0,0.5262371529120617,0.24439191799093057,0.14599782877974388,1.0
2025-12-16 18:10:21.932,0.009978223038279522,-0.5651168105241352,-0.8249388901180714,0.0,-0.9999400143573017,-0.006523805010823661,-0.007625913486827152,0.0,-0.0010722292017016919,0.8249813821422548,-0.565158888670429,0.0,0.5267618687085571,0.24410929234570547,0.1471174802149302,1.0
2025-12-16 18:10:21.982,0.009976987180478514,-0.5651190377927255,-0.8249373792914423,0.0,-0.9999400279784033,-0.0065221344006757475,-0.0076255564136593545,0.0,-0.0010710259773275203,0.8249798696266296,-0.5651610988153599,0.0,0.527214057907594,0.24374516111759967,0.14842741251829644,1.0
2025-12-16 18:10:22.032,0.009975593965477482,-0.5651207921583292,-0.8249361943184373,0.0,-0.9999400436194281,-0.006520021036405139,-0.007625312666980551,0.0,-0.001069399195077643,0.8249786845491637,-0.5651628317793846,0.0,0.5276877357900513,0.24352978824051777,0.1500218846571856,1.0
2025-12-16 18:10:22.082,0.009973834262718051,-0.5651229181560178,-0.8249347591816791,0.0,-0.9999400629303697,-0.006517689335113219,-0.007624773684970487,0.0,-0.0010677546845394138,0.8249772466070323,-0.5651649338738325,0.0,0.5281502860288868,0.24322667055713215,0.15187443357813832,1.0
2025-12-16 18:10:22.132,0.009971951441046968,-0.5651242961122223,-0.8249338379708588,0.0,-0.9999400838925235,-0.00651494894553166,-0.007624366626726124,0.0,-0.0010657075327639184,0.8249763243108053,-0.5651662840209843,0.0,0.5285466584307748,0.24309892881777503,0.153984647284529,1.0
2025-12-16 18:10:22.182,0.009969996246367687,-0.5651254554357219,-0.8249330674028188,0.0,-0.9999401053926681,-0.006512302026795053,-0.007623808157345824,0.0,-0.0010638257116846524,0.8249755510351682,-0.5651674163193378,0.0,0.5288449185518378,0.24296879028115365,0.15611215786962396,1.0
2025-12-16 18:10:22.232,0.00996827357030625,-0.565125427298419,-0.8249331074966112,0.0,-0.9999401252841444,-0.006509218672914102,-0.007623832383130553,0.0,-0.0010612688867683599,0.8249755946446734,-0.5651673574694644,0.0,0.5290351835985727,0.24312915658168838,0.15836431461501949,1.0
2025-12-16 18:10:22.283,0.009966443737001222,-0.5651251247549333,-0.8249333368649655,0.0,-0.9999401458996402,-0.006506332844269136,-0.007623591826295979,0.0,-0.0010590279716309388,0.8249758246622942,-0.5651670259158108,0.0,0.5290868239580815,0.2432028870253558,0.16058487230085428,1.0
2025-12-16 18:10:22.332,0.009965103850329345,-0.5651236383843699,-0.8249343712960882,0.0,-0.999940161771604,-0.0065035979431161675,-0.0076238435962912654,0.0,-0.001056647592498072,0.8249768644390147,-0.565165512603376,0.0,0.5290306698300492,0.24362435566595209,0.16280812516976056,1.0
2025-12-16 18:10:22.382,0.00996362665379902,-0.5651219308907326,-0.8249355588598676,0.0,-0.9999401790947546,-0.006500712603862041,-0.007624032318918724,0.0,-0.001054181415872717,0.8249780568636195,-0.565163776612646,0.0,0.5287624717347275,0.2439691261528126,0.16498214285030208,1.0
2025-12-16 18:10:22.432,0.00996271436228876,-0.5651200839397533,-0.8249368351284051,0.0,-0.9999401907660914,-0.006498157335196759,-0.007624679870521114,0.0,-0.0010517298668800067,0.8249793422047037,-0.5651619049438675,0.0,0.5284587704807318,0.24452392842452608,0.1669819645945812,1.0
2025-12-16 18:10:22.482,0.009962006694879792,-0.5651183303454674,-0.824938044965421,0.0,-0.9999401999977772,-0.0064960284933305405,-0.007625283170317821,0.0,-0.0010496539607977382,0.8249805602227186,-0.5651601308312292,0.0,0.5280554762086938,0.2450687592296001,0.1688119049185699,1.0
2025-12-16 18:10:22.532,0.009961613666112068,-0.5651159159397655,-0.824939703678963,0.0,-0.9999402058807929,-0.006494236276935744,-0.007626038254882419,0.0,-0.0010477779294888812,0.8249822282472228,-0.5651576994411895,0.0,0.5275073413044395,0.24573387177961276,0.17041722900805725,1.0
2025-12-16 18:10:22.582,0.009961461463706705,-0.565113140514838,-0.8249416067844878,0.0,-0.9999402089851419,-0.00649287328258719,-0.00762679175639189,0.0,-0.0010462612206489374,0.824984140181945,-0.5651549113169904,0.0,0.5267431834011782,0.24641752374705544,0.1717362015045638,1.0
2025-12-16 18:10:22.632,0.009961063878567078,-0.5651109079088084,-0.8249431409922127,0.0,-0.9999402137106963,-0.006492024609153386,-0.007626894642590451,0.0,-0.0010455299461659365,0.8249856762183824,-0.5651526704366087,0.0,0.5258435608653027,0.24671097638300374,0.17283048628906175,1.0
2025-12-16 18:10:22.682,0.009960487305634091,-0.5651090158015459,-0.824944444101329,0.0,-0.9999402204922077,-0.006490861757865185,-0.007626995269685844,0.0,-0.0010445366647730558,0.8249869814739246,-0.5651507669124216,0.0,0.5251304764858468,0.24683290864009386,0.17398497909731647,1.0
2025-12-16 18:10:22.732,0.009959991812357839,-0.5651078590176827,-0.8249452425105301,0.0,-0.9999402264293071,-0.006489779591547002,-0.007627137770331672,0.0,-0.0010435773952622183,0.8249877823887796,-0.5651495995357901,0.0,0.5245898963877283,0.24691106114703013,0.17501650917817646,1.0
2025-12-16 18:10:22.783,0.0099592611503124,-0.565107042114604,-0.8249458109300462,0.0,-0.9999402348738476,-0.0064884360268378,-0.007627173760230004,0.0,-0.0010424585870480237,0.8249883525371573,-0.5651487693148783,0.0,0.5241168577288318,0.24692563169808868,0.17625219241236362,1.0
2025-12-16 18:10:22.832,0.009958411802878476,-0.5651062105080022,-0.8249463908526771,0.0,-0.9999402444334575,-0.006487076850144211,-0.00762707660285256,0.0,-0.0010414023286400185,0.8249889328768147,-0.5651479240977219,0.0,0.5235804611126851,0.2469019522584662,0.17752753263767157,1.0
2025-12-16 18:10:22.882,0.00995755259159066,-0.5651052193366345,-0.824947080197323,0.0,-0.9999402540771211,-0.00648572040516523,-0.007626965859191328,0.0,-0.0010403579265999595,0.8249896224930512,-0.5651469193352799,0.0,0.5228876768518326,0.2469180509834186,0.17890734387807586,1.0
2025-12-16 18:10:22.932,0.009956575614417693,-0.5651038547416722,-0.8249480267625019,0.0,-0.9999402646709121,-0.00648446908925162,-0.007626640918820941,0.0,-0.001039525811917572,0.8249905670725254,-0.5651455419866984,0.0,0.5219383444005463,0.2468485351424442,0.18027712815571767,1.0
2025-12-16 18:10:22.982,0.009955315610294753,-0.5651022818406386,-0.8249491194315025,0.0,-0.9999402780939257,-0.006483045527330247,-0.0076260912229777055,0.0,-0.00103868114520651,0.8249916556885227,-0.5651439543919661,0.0,0.5208877799101638,0.24666641369991096,0.18171781849299784,1.0
2025-12-16 18:10:23.032,0.009953361904967387,-0.5651005838186202,-0.8249503061735606,0.0,-0.9999402982501427,-0.00648136370687952,-0.007624877777574947,0.0,-0.001038000075477342,0.8249928320332359,-0.5651422384228808,0.0,0.5197735970428606,0.24617394951909244,0.18320178442848079,1.0
2025-12-16 18:10:23.082,0.009952343618749058,-0.5650984297715671,-0.8249517940021781,0.0,-0.9999403102471887,-0.006479287414291874,-0.007625069086093861,0.0,-0.0010362051589848308,0.8249943238383936,-0.5651400639782144,0.0,0.5185294233581917,0.24548420899784842,0.18488570668825582,1.0
2025-12-16 18:10:23.132,0.009950030554458238,-0.5650957701832101,-0.8249536437365546,0.0,-0.9999403344359714,-0.006477023744646653,-0.007623820085586933,0.0,-0.0010350757841277184,0.8249961633875333,-0.5651373806553338,0.0,0.5171266229050091,0.2445850236905736,0.1865664181186974,1.0
2025-12-16 18:10:23.183,0.009946487185831783,-0.5650923856270524,-0.824956004887653,0.0,-0.9999403702663459,-0.006474529050797881,-0.007621239163147033,0.0,-0.0010345173168023075,0.8249985013161303,-0.5651339687189759,0.0,0.5156352201234408,0.24355342345881534,0.1881862134898892,1.0
2025-12-16 18:10:23.233,0.009942533974179624,-0.5650876672671851,-0.8249592845843433,0.0,-0.9999404100348372,-0.006471889534192242,-0.007618262690873664,0.0,-0.001034078976646245,0.8250017539652146,-0.5651292211830751,0.0,0.513890750649507,0.2424355656984003,0.18974678228738143,1.0
2025-12-16 18:10:23.283,0.00993973735511426,-0.5650828106808404,-0.8249626449697957,0.0,-0.9999404380571582,-0.006470089286869302,-0.007616113437107185,0.0,-0.0010338670889269391,0.8250050946637122,-0.5651243446337821,0.0,0.5120819824564501,0.241688878437133,0.1909362685037497,1.0
2025-12-16 18:10:23.332,0.009937842770450322,-0.5650781820991504,-0.8249658382610745,0.0,-0.9999404568559008,-0.006469001530846556,-0.007614569141723466,0.0,-0.0010338982882796299,0.8250082735579802,-0.565119703793108,0.0,0.5101541037546257,0.2412336842582425,0.1918378660729666,1.0
2025-12-16 18:10:23.382,0.009936167615187189,-0.5650740424460956,-0.8249686939684194,0.0,-0.9999404735279642,-0.006467996592477456,-0.007613233344567392,0.0,-0.0010338740646676872,0.8250111168756701,-0.5651155529057558,0.0,0.5082797563624353,0.24076326952023203,0.1925533663588464,1.0
2025-12-16 18:10:23.432,0.009934745338613458,-0.5650706577817473,-0.8249710294612586,0.0,-0.9999404878192503,-0.00646703426746273,-0.007612173723169329,0.0,-0.0010337198065993927,0.8250134427089699,-0.5651121576933688,0.0,0.5066418080547715,0.24026011078935683,0.19307177882300972,1.0
2025-12-16 18:10:23.482,0.009933492015714036,-0.5650678718264943,-0.8249729528093988,0.0,-0.999940500511542,-0.006466107952706154,-0.007611293311861163,0.0,-0.0010334867551702535,0.825015358164253,-0.5651093617152668,0.0,0.5052704175462723,0.23963029455689727,0.19340859668290322,1.0
2025-12-16 18:10:23.532,0.009932424832097345,-0.565065767589538,-0.824974406958549,0.0,-0.9999405114646297,-0.006465204234730289,-0.007610622002587778,0.0,-0.00103314595694759,0.8250168065004075,-0.5651072478753929,0.0,0.5041567780588683,0.23880552857383996,0.19355872773141336,1.0
2025-12-16 18:10:23.582,0.009931344465387366,-0.5650641067180691,-0.8249755575756345,0.0,-0.9999405224731577,-0.006464356459908533,-0.007609895720430851,0.0,-0.001032877033481362,0.8250179507176199,-0.5651055778867633,0.0,0.5032515444066219,0.23780520736025818,0.1935901679574595,1.0
2025-12-16 18:10:23.632,0.009930188123497614,-0.5650627375639173,-0.8249765092909083,0.0,-0.9999405337978946,-0.0064638175552794,-0.007608865342625454,0.0,-0.0010330312522413077,0.8250188927055792,-0.5651042023603186,0.0,0.5024556854317214,0.23685417461106603,0.19351022192604053,1.0
2025-12-16 18:10:23.682,0.009929090876290217,-0.5650615780033651,-0.8249773167305421,0.0,-0.999940544225879,-0.006463560373487916,-0.007607713306853106,0.0,-0.0010334841050499573,0.8250196889279044,-0.5651030390927908,0.0,0.501697190888725,0.23592601853356635,0.19323204863913984,1.0
2025-12-16 18:10:23.732,0.009928154409044036,-0.5650606030445646,-0.8249779957902825,0.0,-0.9999405530568733,-0.006463395164767025,-0.007606692873163681,0.0,-0.00103393623342181,0.8250203579901306,-0.5651020614700516,0.0,0.5009388652313199,0.2350522465119758,0.19282866885312108,1.0
2025-12-16 18:10:23.782,0.009927363301894232,-0.565059844567609,-0.8249785248212891,0.0,-0.9999405607475726,-0.006463071678587336,-0.007605956712713651,0.0,-0.0010340945308654668,0.8250208800185587,-0.5651012990446086,0.0,0.500131162521678,0.2342109120743572,0.19238232487379572,1.0
2025-12-16 18:10:23.834,0.009926688142058998,-0.5650592513913302,-0.8249789392346982,0.0,-0.9999405676691216,-0.006462510043492699,-0.007605523959654438,0.0,-0.001033882910842721,0.8250212906943334,-0.5651006998643541,0.0,0.4993097431309237,0.23344138615808646,0.19199272101678758,1.0
2025-12-16 18:10:23.882,0.00992606233658151,-0.5650585076482042,-0.8249794561818391,0.0,-0.9999405741215875,-0.006461957881288806,-0.007605144767797211,0.0,-0.0010336506468133994,0.8250218044203328,-0.5650999502719485,0.0,0.49846913675402077,0.23287623628950063,0.1917588545311356,1.0
2025-12-16 18:10:23.932,0.00992532406667692,-0.5650573290983739,-0.8249802722947936,0.0,-0.999940581624956,-0.006461390019104932,-0.0076046406735761525,0.0,-0.001033481247316792,0.825022616072599,-0.5650987656022942,0.0,0.4974889879625007,0.23242429794466832,0.19164114437255964,1.0
2025-12-16 18:10:23.982,0.009924478937424574,-0.5650557507290312,-0.8249813635392498,0.0,-0.9999405901973802,-0.006460750866025367,-0.007604056494442527,0.0,-0.0010333031021745544,0.8250237021206374,-0.5650971803361409,0.0,0.49644287169983714,0.2320858159285706,0.19163844179027253,1.0
2025-12-16 18:10:24.032,0.009923488458641947,-0.5650540137148071,-0.824982565187172,0.0,-0.9999406001062716,-0.006460112160612413,-0.007603296074089818,0.0,-0.001033226830350639,0.8250248968171547,-0.5650954362531698,0.0,0.4952483797750378,0.2318339042256182,0.19170115994002015,1.0
2025-12-16 18:10:24.082,0.00992232092776382,-0.5650520913272469,-0.8249838959248352,0.0,-0.9999406114795846,-0.0064596044200943325,-0.007602231631507309,0.0,-0.001033432635266055,0.8250262174451748,-0.5650935077888397,0.0,0.49386501794647736,0.23170362128412006,0.19188640503668536,1.0
2025-12-16 18:10:24.132,0.009921057283406497,-0.5650499567800316,-0.8249853731227433,0.0,-0.9999406236614767,-0.006459155041313761,-0.007601011041789535,0.0,-0.0010337773745860079,0.8250276829173945,-0.5650913675896092,0.0,0.49236149310914173,0.23164762655421653,0.19215573321230184,1.0
2025-12-16 18:10:24.182,0.009919775784349463,-0.5650479521987746,-0.8249867615092787,0.0,-0.9999406358503611,-0.00645883112985385,-0.0075996826789121825,0.0,-0.0010342849550641138,0.8250290583858924,-0.5650893584854693,0.0,0.4908198519406424,0.2316846101526076,0.19244890814720225,1.0
2025-12-16 18:10:24.232,0.009918419753568736,-0.565046303903541,-0.8249879067572734,0.0,-0.9999406485754383,-0.006458628777712753,-0.00759818018028206,0.0,-0.0010349869352917341,0.8250301888778847,-0.5650877066811535,0.0,0.48928262615334456,0.2318406792110555,0.1926925365684145,1.0
2025-12-16 18:10:24.282,0.00991706952111604,-0.5650450281374707,-0.8249887967787481,0.0,-0.9999406610170445,-0.0064586112667039276,-0.007596557543379306,0.0,-0.0010359048113106637,0.8250310627764342,-0.5650864291019642,0.0,0.48775818664561105,0.23210904284404446,0.19291346240806265,1.0
2025-12-16 18:10:24.333,0.009915820699898676,-0.5650442184539737,-0.824989366351345,0.0,-0.999940672400754,-0.006458694830889427,-0.007594987887929874,0.0,-0.001036870523659997,0.8250316166661725,-0.5650856186461649,0.0,0.48634747740692963,0.23240887285226383,0.19309750008705526,1.0
2025-12-16 18:10:24.382,0.009914670130137393,-0.5650440822371734,-0.8249894734759767,0.0,-0.99994068279877,-0.006458847290684976,-0.007593489106696499,0.0,-0.0010378449240636232,0.8250317087659907,-0.5650854823905698,0.0,0.48498525735038045,0.2325812276151584,0.1931242367724657,1.0
2025-12-16 18:10:24.432,0.00991350696028495,-0.5650443392505736,-0.8249893114227842,0.0,-0.9999406932523628,-0.006459049513071061,-0.00759194036990336,0.0,-0.0010388838820263137,0.8250315311571628,-0.5650857397924205,0.0,0.483594938509859,0.23267755911029311,0.19302183287589186,1.0
2025-12-16 18:10:24.482,0.009912349132115068,-0.56504514885689,-0.8249887708261164,0.0,-0.9999407036065937,-0.006459294726526772,-0.007590367816800845,0.0,-0.0010399651264695624,0.8250309747461101,-0.565086550169104,0.0,0.48228130833013216,0.2327512738156891,0.1927629269162098,1.0
2025-12-16 18:10:24.532,0.009911184891591505,-0.5650462612381177,-0.8249880229288653,0.0,-0.999940714068006,-0.006459502536504719,-0.007588812644602166,0.0,-0.001041002057141507,0.825030211258434,-0.5650876629564485,0.0,0.48109050919338076,0.23284794734476144,0.19242654379170734,1.0
2025-12-16 18:10:24.583,0.009910001707395914,-0.565047880379278,-0.8249869281668968,0.0,-0.9999407245755247,-0.006459814505701075,-0.007587162390144148,0.0,-0.0010421725639933647,0.8250290998755502,-0.5650892834189005,0.0,0.47999487171283034,0.23299067575249685,0.19193705538061212,1.0
2025-12-16 18:10:24.632,0.009908947599313062,-0.5650496157982711,-0.8249857522072176,0.0,-0.9999407338184447,-0.006460186845505315,-0.007585627051188083,0.0,-0.001043326540544429,0.8250279083766308,-0.5650910208713384,0.0,0.47908204415436684,0.2331564703199959,0.19139729491663857,1.0
2025-12-16 18:10:24.682,0.009907781226793958,-0.5650518221740981,-0.8249842550195134,0.0,-0.9999407441035306,-0.006460553579866889,-0.007583958750376595,0.0,-0.0010445453816420416,0.8250263943567173,-0.5650932290690628,0.0,0.4780634777125938,0.23328798263601247,0.19075462113898856,1.0
2025-12-16 18:10:24.732,0.00990670369254684,-0.5650539787555365,-0.8249827908603269,0.0,-0.9999407536191148,-0.006460880517414045,-0.007582425455268246,0.0,-0.001045655700667235,0.8250249147441212,-0.5650953872184863,0.0,0.4771159068100496,0.2333973901511002,0.19013586455349207,1.0
2025-12-16 18:10:24.782,0.00990569871166446,-0.5650560042336034,-0.8249814156172223,0.0,-0.999940762563021,-0.00646112944829762,-0.0075810337253365695,0.0,-0.0010466232446844667,0.8250235255280544,-0.5650974136421466,0.0,0.47624677384927727,0.23349778288119716,0.18955173042424842,1.0
2025-12-16 18:10:24.832,0.009904825337526695,-0.5650578202533681,-0.8249801822509154,0.0,-0.99994077041587,-0.006461281881504803,-0.0075798679257648586,0.0,-0.001047386021663837,0.8250222805211638,-0.5650992298934584,0.0,0.47545475945270804,0.2335372368358942,0.18901364750538927,1.0
2025-12-16 18:10:24.882,0.009903989538192926,-0.5650596494543763,-0.8249789393984145,0.0,-0.9999407780332661,-0.006461346994644716,-0.007578807455637894,0.0,-0.0010480170841386618,0.825021027164203,-0.5651010585701592,0.0,0.47467054953088794,0.23352348674987478,0.18848656022045263,1.0
2025-12-16 18:10:24.932,0.009903146722078485,-0.5650616180727921,-0.8249776011305805,0.0,-0.9999407856883301,-0.006461433592405509,-0.0075777235463124785,0.0,-0.0010486774468301747,0.8250196781432533,-0.5651030268473308,0.0,0.4738908158573079,0.2335171021304879,0.18794061906425336,1.0
2025-12-16 18:10:24.982,0.009902198461457876,-0.5650636195623199,-0.8249762416057618,0.0,-0.9999407943022901,-0.006461527058482718,-0.007576507070260543,0.0,-0.0010494180035285237,0.8250183065473986,-0.5651050279227007,0.0,0.47312427092932824,0.23361163255296613,0.18740957103472586,1.0
2025-12-16 18:10:25.032,0.009901065978869365,-0.5650658235720414,-0.8249747455677301,0.0,-0.9999408045029852,-0.006461703598355432,-0.007575010081749706,0.0,-0.0010503831947083642,0.8250167955821216,-0.5651072320387983,0.0,0.4723069347359133,0.23382525818937186,0.18684009381054487,1.0
2025-12-16 18:10:25.082,0.009899807584598073,-0.565068013325544,-0.8249732607953538,0.0,-0.9999408157851774,-0.006461936637898165,-0.007573321792300413,0.0,-0.001051503284466242,0.8250152939301428,-0.565109422255728,0.0,0.47149412994340134,0.23412677735847864,0.186300176729728,1.0
2025-12-16 18:10:25.133,0.009898772002529362,-0.5650697899045644,-0.8249720563457053,0.0,-0.9999408249355294,-0.006462231707362781,-0.007571861714363566,0.0,-0.0010525505369431702,0.8250140747813163,-0.5651112001633801,0.0,0.47079027297193693,0.23441154413516493,0.18581269074873613,1.0
2025-12-16 18:10:25.182,0.009897961881319311,-0.5650713015824985,-0.8249710306305703,0.0,-0.999940831973394,-0.006462556701903466,-0.00757065482236169,0.0,-0.0010534825713779863,0.8250130368330317,-0.5651127137394898,0.0,0.4701861492674172,0.23465538259012206,0.18535921063743585,1.0
2025-12-16 18:10:25.232,0.009897249959592859,-0.5650726178042069,-0.8249701376124752,0.0,-0.9999408380991427,-0.006462887380853499,-0.007569563362222823,0.0,-0.0010543564068586113,0.8250121327117597,-0.5651140320421719,0.0,0.46966703493960227,0.23489557307621986,0.18493554014492994,1.0
2025-12-16 18:10:25.282,0.009896556471541718,-0.5650741106648105,-0.8249691233783161,0.0,-0.9999408440122454,-0.006463252716779559,-0.007568470228877743,0.0,-0.0010552576612379333,0.8250111073283325,-0.5651155273182173,0.0,0.4691968423301165,0.2351379192285665,0.18446491124199665,1.0
2025-12-16 18:10:25.332,0.009895955201949799,-0.565075437645836,-0.8249682216553653,0.0,-0.9999408490966727,-0.006463602045556943,-0.0075675000911813945,0.0,-0.001056078191879613,0.825010195684533,-0.5651168566902081,0.0,0.46887724061892544,0.2354570792281315,0.18402804019362526,1.0
2025-12-16 18:10:25.382,0.009895408208730883,-0.5650764900411828,-0.8249675073603371,0.0,-0.9999408537975292,-0.006463858854602283,-0.007566659539363595,0.0,-0.0010567524591295278,0.8250094728389179,-0.565117910705625,0.0,0.46863632734695665,0.23577923826801572,0.18366236344405587,1.0
2025-12-16 18:10:25.432,0.009894820017729393,-0.5650773988729716,-0.8249668918938392,0.0,-0.9999408588793622,-0.00646411129844771,-0.007565772262817113,0.0,-0.0010574512552118103,0.8250088483590609,-0.5651188210687191,0.0,0.4683850642446685,0.23612972415600533,0.1833178164031576,1.0
2025-12-16 18:10:25.482,0.00989414293582972,-0.5650782142027239,-0.824966341537783,0.0,-0.9999408647708127,-0.006464366520790964,-0.007564775481950045,0.0,-0.0010582153527560515,0.8250082879000712,-0.5651196378435811,0.0,0.468037147546016,0.23649229461134968,0.18301369254487596,1.0
2025-12-16 18:10:25.532,0.00989340335114745,-0.5650793716265077,-0.824965557604395,0.0,-0.9999408711979029,-0.0064646532164032355,-0.0075636808485312484,0.0,-0.0010590566144393064,0.825007492875421,-0.565120796908501,0.0,0.46767215129465345,0.23689217876276022,0.18265125771868856,1.0
2025-12-16 18:10:25.583,0.009892728147996278,-0.5650805995086162,-0.8249647246337147,0.0,-0.9999408770617949,-0.006464918560267538,-0.007562678765205412,0.0,-0.0010598271142732859,0.8250066497549053,-0.5651220263152682,0.0,0.4673657871360527,0.23726891581668635,0.18227543931125992,1.0
2025-12-16 18:10:25.632,0.009892150990002766,-0.5650819230673318,-0.8249638249478126,0.0,-0.9999408820267337,-0.0064651841617745795,-0.0075617951943037645,0.0,-0.0010605297033342632,0.8250057410953182,-0.5651233515229335,0.0,0.4671189095847775,0.2375469000824008,0.1818412285667138,1.0
2025-12-16 18:10:25.682,0.009891579389880148,-0.5650837308360386,-0.8249625935173094,0.0,-0.9999408868944264,-0.006465489554324024,-0.0075608903456705675,0.0,-0.0010612713388823047,0.8250045004566878,-0.5651251612955808,0.0,0.4668615461705794,0.23774658389044792,0.18126131356850933,1.0
2025-12-16 18:10:25.733,0.009890943001780847,-0.5650858070004969,-0.8249611790104676,0.0,-0.9999408923728424,-0.006465783510783826,-0.00755991437804225,0.0,-0.0010620405186830908,0.8250030760606177,-0.5651272392660394,0.0,0.46653029693546866,0.2379293532907309,0.1806553674946794,1.0
2025-12-16 18:10:25.783,0.009890241975492872,-0.5650884768075757,-0.8249593586317864,0.0,-0.9999408983930229,-0.0064661213253107,-0.007558829087129879,0.0,-0.0010629005501979778,0.825001244687191,-0.5651299111770726,0.0,0.4661198080719041,0.2380742477546614,0.1799347459686316,1.0
2025-12-16 18:10:25.832,0.009889623936623078,-0.5650909859236107,-0.8249576473174134,0.0,-0.9999409036159627,-0.006466485369079508,-0.007557826663235116,0.0,-0.0010637373161607728,0.8249995231642735,-0.5651324227485481,0.0,0.465661871009934,0.2381530050827183,0.1792653460471146,1.0
2025-12-16 18:10:25.883,0.009889259548894481,-0.5650930012344701,-0.8249562712062996,0.0,-0.999940906561649,-0.006466808150958971,-0.007557160724405332,0.0,-0.0010643557964035864,0.8249981401982975,-0.5651344404795101,0.0,0.46521780738551866,0.23799149735862243,0.1786765977133945,1.0
2025-12-16 18:10:25.932,0.009889100116856304,-0.5650943572231137,-0.8249553442669992,0.0,-0.9999409078311855,-0.006466968553432704,-0.007556855475780412,0.0,-0.0010646443793501867,0.8249972101196893,-0.5651357976867815,0.0,0.46481188776398297,0.23762792677744698,0.1782201273173746,1.0
2025-12-16 18:10:25.982,0.009888978142297496,-0.5650954238562298,-0.8249546150845254,0.0,-0.9999409089286786,-0.006466993682724988,-0.007556688745999755,0.0,-0.0010647465540866259,0.8249964793010847,-0.5651368643572905,0.0,0.4644120838475824,0.23721197424454393,0.1778060918234991,1.0
2025-12-16 18:10:26.032,0.009888870586548247,-0.5650963456275631,-0.8249539849580126,0.0,-0.9999409100000375,-0.006466935382360135,-0.007556596870698826,0.0,-0.0010647393366629311,0.8249958483621724,-0.5651377854252223,0.0,0.464083611328943,0.2368704011093663,0.17742631351583202,1.0
2025-12-16 18:10:26.082,0.009888757603973975,-0.5650974198537636,-0.8249532504626413,0.0,-0.9999409110809815,-0.006466909557848692,-0.007556475932318503,0.0,-0.0010647735078444772,0.8249951127380739,-0.5651388592334364,0.0,0.4638118285393851,0.23663047845820234,0.17702679184043718,1.0
2025-12-16 18:10:26.132,0.009888646170878094,-0.5650988706966714,-0.8249522579613089,0.0,-0.9999409120234412,-0.006466983465977248,-0.007556287963563088,0.0,-0.0010649233206617606,0.8249941183529282,-0.5651403105613647,0.0,0.46364292470573437,0.23652440954680468,0.17658041436975602,1.0
2025-12-16 18:10:26.182,0.009888492285955551,-0.5651009120753139,-0.8249508614415572,0.0,-0.9999409131062408,-0.006467255209380159,-0.007555912090721963,0.0,-0.001065335453121406,0.8249927179023733,-0.5651423541625841,0.0,0.4635725438387167,0.23654844419002277,0.17604076186555154,1.0
2025-12-16 18:10:26.233,0.009888296338658344,-0.5651032333338499,-0.8249492736964834,0.0,-0.999940914506362,-0.0064675819360534735,-0.007555447127001939,0.0,-0.0010658399406897224,0.8249911252972213,-0.565144678083449,0.0,0.4635587812453861,0.23660660524196797,0.17541749984178465,1.0
2025-12-16 18:10:26.282,0.009888117653893132,-0.5651055641506647,-0.8249476791872502,0.0,-0.9999409158455367,-0.006467833358889699,-0.0075550546549265725,0.0,-0.0010662412242721283,0.8249895267253186,-0.5651470108946756,0.0,0.46368773173041317,0.23670393775542806,0.1747748131388032,1.0
2025-12-16 18:10:26.332,0.009887993251225222,-0.5651078588837917,-0.8249461087358668,0.0,-0.999940916780608,-0.006468012363315491,-0.007554777642910312,0.0,-0.0010665179460198505,0.8249879534288546,-0.5651493070302227,0.0,0.4639216066402588,0.2367856427469041,0.17412055750528202,1.0
2025-12-16 18:10:26.382,0.009887956286988216,-0.5651101244218716,-0.8249445572264669,0.0,-0.9999409169833425,-0.0064681381315132205,-0.007554643130658266,0.0,-0.0010666705641654982,0.8249864005391622,-0.5651515735971585,0.0,0.46424017474430085,0.23683167393975668,0.1734748405543394,1.0
2025-12-16 18:10:26.432,0.00988799628019695,-0.565112398954993,-0.8249429986236043,0.0,-0.99994091647102,-0.006468271933145119,-0.007554596382595606,0.0,-0.0010667800983589963,0.824984841415621,-0.5651538493319003,0.0,0.46461146654683666,0.23686074109300276,0.17284182042962945,1.0
2025-12-16 18:10:26.482,0.009888033794161383,-0.5651146296344025,-0.824941470082615,0.0,-0.9999409159851399,-0.006468402431547807,-0.007554548960147641,0.0,-0.001066887814194657,0.8249833123491696,-0.5651560811809285,0.0,0.4649031693983165,0.23686322176273103,0.1722367062977682,1.0
2025-12-16 18:10:26.532,0.00988781183891969,-0.5651167443330171,-0.8249400240942961,0.0,-0.9999409179220298,-0.006468495759764399,-0.007554212669947235,0.0,-0.0010671295234243351,0.8249818630142535,-0.5651581963770073,0.0,0.4650794528932177,0.23695679746724077,0.17162203882984717,1.0
2025-12-16 18:10:26.583,0.009887267358155746,-0.5651186918975498,-0.8249386964577422,0.0,-0.9999409228706225,-0.006468542306758154,-0.007553517742179144,0.0,-0.0010675373462356763,0.8249805285286717,-0.5651601435987573,0.0,0.465152774175973,0.237178767819881,0.17101768526363234,1.0
2025-12-16 18:10:26.633,0.009886397648513602,-0.5651205424282761,-0.8249374391845204,0.0,-0.999940930811059,-0.00646857660283928,-0.007552437133470796,0.0,-0.001068154213671177,0.824979260602983,-0.5651619932563858,0.0,0.46512994857198514,0.23750385458911297,0.1703928270425498,1.0
2025-12-16 18:10:26.682,0.009885384730488726,-0.5651223961386243,-0.8249361814422241,0.0,-0.9999409400085003,-0.006468651638100332,-0.00755115501825952,0.0,-0.0010689185438757273,0.8249779901736213,-0.5651638462802081,0.0,0.4650224083194766,0.2378786570148546,0.1697848313212395,1.0
2025-12-16 18:10:26.732,0.009884381615138204,-0.5651241852982851,-0.8249349677957917,0.0,-0.9999409490321849,-0.006468789649272985,-0.007549841739728498,0.0,-0.0010697532147700506,0.8249767634635762,-0.5651656353435001,0.0,0.4648880265643227,0.2382739247871188,0.16918910470288365,1.0
2025-12-16 18:10:26.782,0.009883491950858974,-0.5651256845913604,-0.8249339513580538,0.0,-0.9999409570451203,-0.006468902581639735,-0.0075486836128325395,0.0,-0.0010704829832714272,0.8249757355130486,-0.5651671344663337,0.0,0.4647806619028397,0.23862324366694054,0.1686575077155962,1.0
2025-12-16 18:10:26.832,0.009882800286221955,-0.5651268646669039,-0.8249331512258832,0.0,-0.9999409633292831,-0.006468947786731273,-0.007547812388111179,0.0,-0.0010709985528774837,0.8249749267652663,-0.5651683140187033,0.0,0.4647420715670715,0.2388977476482473,0.168214812865977,1.0
2025-12-16 18:10:26.882,0.009882459369916498,-0.5651280555647601,-0.8249323394749437,0.0,-0.9999409663917912,-0.006469002313116545,-0.007547359918013865,0.0,-0.001071285002669498,0.8249741105282066,-0.5651695049333759,0.0,0.4647968371996239,0.23903928827807885,0.16781766686364816,1.0
2025-12-16 18:10:26.932,0.009882352314274798,-0.5651294129224815,-0.8249314108844663,0.0,-0.9999409673222165,-0.006469052481385169,-0.00754719364475385,0.0,-0.0010714041047317705,0.8249731802910162,-0.5651708625661543,0.0,0.4649883934052112,0.23909464608661637,0.16739557522758158,1.0
2025-12-16 18:10:26.982,0.009882372570642057,-0.5651309204216894,-0.8249303779088981,0.0,-0.9999409670990383,-0.006469095421133979,-0.007547186408217538,0.0,-0.0010714255572769938,0.8249721472537965,-0.5651723704346628,0.0,0.46525078442992046,0.2390977622674715,0.1669480023567424,1.0
2025-12-16 18:10:27.032,0.00988233295531872,-0.5651328496066955,-0.8249290567630557,0.0,-0.9999409673657642,-0.0064691867594353575,-0.007547072776905005,0.0,-0.0010715420173878225,0.8249708249585898,-0.5651743003400357,0.0,0.4654864100713827,0.23910386893233473,0.16639886102515855,1.0
2025-12-16 18:10:27.082,0.00988211549538456,-0.5651349207813068,-0.8249276404679688,0.0,-0.9999409692372085,-0.006469296543286713,-0.007546730709054737,0.0,-0.0010718011070141647,0.8249694052420428,-0.5651763721679959,0.0,0.4656897509067705,0.23918405120842384,0.1657762166629045,1.0
2025-12-16 18:10:27.132,0.009881802869302918,-0.5651372614634718,-0.8249260406720279,0.0,-0.9999409719081187,-0.006469463413308643,-0.007546233749304894,0.0,-0.0010721916063787132,0.824967800442782,-0.5651787138930106,0.0,0.4658202987265919,0.23926281943571337,0.16506946234331607,1.0
2025-12-16 18:10:27.182,0.00988136373314895,-0.5651393257440069,-0.8249246317389188,0.0,-0.9999409756983016,-0.006469656727756367,-0.007545565754915455,0.0,-0.001072703903405917,0.8249663847776793,-0.5651807793026772,0.0,0.46592485327772326,0.23941847349795373,0.16437588324082922,1.0
2025-12-16 18:10:27.232,0.009880768971345433,-0.5651410367675859,-0.8249234666725157,0.0,-0.999940980914259,-0.006469844604486509,-0.007544713396255324,0.0,-0.001073320153830383,0.8249652111504399,-0.5651824912144373,0.0,0.465949840994422,0.2396412307788998,0.163756566852124,1.0
2025-12-16 18:10:27.285,0.00988013357882182,-0.5651430732917969,-0.8249220790910956,0.0,-0.99994098634121,-0.006470158224394944,-0.00754372512277468,0.0,-0.0010741130545675118,0.8249638135426882,-0.5651845297124213,0.0,0.4658887413084026,0.23987114967630901,0.16309798153678579,1.0
2025-12-16 18:10:27.332,0.009879446609264028,-0.5651452613142682,-0.8249205883295255,0.0,-0.9999409920364153,-0.00647062847386019,-0.007542566777379845,0.0,-0.0010751294747098556,0.8249623109121346,-0.5651867210675808,0.0,0.46572565746951766,0.24011418778733454,0.16243375435600377,1.0
2025-12-16 18:10:27.382,0.009878769250591363,-0.5651481635936236,-0.8249186081099498,0.0,-0.9999409974300155,-0.006471267931546464,-0.007541303019500284,0.0,-0.0010763365050372553,0.8249603176269161,-0.5651896282139522,0.0,0.4655271053491194,0.24030212449979016,0.16161205335191053,1.0
2025-12-16 18:10:27.432,0.009878131451357576,-0.5651514893680654,-0.8249163372641469,0.0,-0.9999410023427987,-0.006472001062685911,-0.007540022356211214,0.0,-0.001077625294545434,0.8249580334633593,-0.5651929597473695,0.0,0.4654394806167073,0.24049463601399634,0.16065519065967296,1.0
2025-12-16 18:10:27.482,0.00987781262941062,-0.5651555698026328,-0.824913545554883,0.0,-0.9999410042480839,-0.00647281012077086,-0.007539075121157535,0.0,-0.0010787792203888675,0.8249552316760171,-0.5651970470249844,0.0,0.46545950577766626,0.24048689739988185,0.1595904996470781,1.0
2025-12-16 18:10:27.533,0.00987788554382297,-0.5651604095528522,-0.8249102289052087,0.0,-0.9999410025233377,-0.006473663360244459,-0.007538571252500156,0.0,-0.0010797098956093658,0.8249519093078347,-0.5652018945084132,0.0,0.46560397479377674,0.24029280696890137,0.15843309345171105,1.0
2025-12-16 18:10:27.582,0.009878406508648673,-0.5651656140829155,-0.8249066569281274,0.0,-0.9999409965225272,-0.006474657918668162,-0.007538513088122319,0.0,-0.0010805008427104846,0.824948335875342,-0.5652071086375621,0.0,0.4657808765305844,0.23994195599591048,0.1573804506206811,1.0
2025-12-16 18:10:27.632,0.009879179394547893,-0.5651709004074663,-0.8249030258450457,0.0,-0.9999409882002908,-0.0064756671709329085,-0.0075387500903955395,0.0,-0.0010811360823519726,0.8249447062393858,-0.5652124050234434,0.0,0.46595450608253747,0.23950766425454167,0.15640467726513152,1.0
2025-12-16 18:10:27.682,0.009879880973207932,-0.5651753188234409,-0.8248999902085012,0.0,-0.9999409807551884,-0.006476495804787693,-0.0075390257759521346,0.0,-0.0010816108537735451,0.8249416725948745,-0.5652168317861137,0.0,0.4661098896093944,0.23912071595737375,0.15557485470402346,1.0
2025-12-16 18:10:27.733,0.00988054391279723,-0.5651792614544074,-0.8248972809841515,0.0,-0.9999409736565569,-0.0064773246369200605,-0.007539255237335804,0.0,-0.001082117608210518,0.8249389648877691,-0.5652207827312954,0.0,0.4662575681292411,0.23877702811893534,0.15485994507516074,1.0
2025-12-16 18:10:27.782,0.009881225633454551,-0.5651825564946107,-0.8248950152082416,0.0,-0.9999409665048671,-0.006478056645248331,-0.007539574830283901,0.0,-0.0010825012989439716,0.8249367016002674,-0.5652240852474435,0.0,0.46645555108808817,0.23846722890652708,0.15433183432312184,1.0
2025-12-16 18:10:27.832,0.009881935039218253,-0.5651856489505185,-0.8248928878839181,0.0,-0.9999409590967382,-0.006478788916702487,-0.007539928121459041,0.0,-0.0010828685796976914,0.8249345770895292,-0.5652271852253382,0.0,0.4666960539070679,0.23815351206160926,0.15388574904449148,1.0
2025-12-16 18:10:27.882,0.009882646958184704,-0.5651887150051076,-0.8248907786011335,0.0,-0.999940951569087,-0.006479593987160069,-0.007540234616973976,0.0,-0.0010833226724015436,0.8249324700780263,-0.5652302594721499,0.0,0.46698539837252084,0.23787353369085504,0.1534622220001762,1.0
2025-12-16 18:10:27.932,0.009883265002991111,-0.5651914655649672,-0.8248888865941967,0.0,-0.9999409448965939,-0.00648039789043679,-0.007540428614931812,0.0,-0.0010838431680080152,0.8249305792198761,-0.5652330181013377,0.0,0.467263541759522,0.23762541510851837,0.1530835700304183,1.0
2025-12-16 18:10:27.982,0.009883747880057553,-0.565193925521629,-0.8248871953076389,0.0,-0.9999409393635911,-0.006481271755304464,-0.0075404112819872395,0.0,-0.0010845443085844488,0.8249288869062973,-0.5652354865993288,0.0,0.46744449816844785,0.23737520067216905,0.15271641172210315,1.0
2025-12-16 18:10:28.032,0.009884130090608201,-0.5651960465352357,-0.8248857374536789,0.0,-0.9999409347406358,-0.006482149686849465,-0.0075402696681892995,0.0,-0.0010853231142849834,0.8249274267792128,-0.5652376160705902,0.0,0.46753686957020524,0.23716135689915285,0.15236910662651626,1.0
2025-12-16 18:10:28.083,0.009884406402154485,-0.5651976615696916,-0.824884627549476,0.0,-0.9999409312625992,-0.006482888042659942,-0.007540096121436979,0.0,-0.0010860109017427012,0.8249263144182282,-0.5652392381644076,0.0,0.46755582599525486,0.23702050131802976,0.15207152544576116,1.0
2025-12-16 18:10:28.132,0.009884557061807235,-0.5651988719789202,-0.8248837963899257,0.0,-0.9999409291371906,-0.006483467341113033,-0.007539879886116683,0.0,-0.001086596467966933,0.8249254805371016,-0.5652404540270873,0.0,0.46749318273714907,0.23694113723454893,0.1518220143322215,1.0
2025-12-16 18:10:28.182,0.009884572160485695,-0.5651997242784499,-0.8248832122246015,0.0,-0.9999409285021542,-0.006483852389293227,-0.007539632991850323,0.0,-0.0010870434272703732,0.8249248935445502,-0.5652413098377541,0.0,0.4673790941959872,0.23681217393152013,0.15162919204771735,1.0
2025-12-16 18:10:28.232,0.009884601578501464,-0.5652008320582477,-0.824882452834043,0.0,-0.9999409276889553,-0.006484275487941036,-0.007539376974011863,0.0,-0.001087523868636668,0.8249241312045458,-0.5652424214867993,0.0,0.4672462136247127,0.23663143633742637,0.1513967999028715,1.0
2025-12-16 18:10:28.282,0.0098846308340474,-0.565202045781427,-0.824881620851727,0.0,-0.9999409268034873,-0.0064847552968626205,-0.007539081729943047,0.0,-0.001088071991783183,0.8249232958270771,-0.5652436395937004,0.0,0.46709975590020764,0.23652056647856143,0.15114462896800732,1.0
2025-12-16 18:10:28.332,0.009884703397285073,-0.5652035382952529,-0.8248805973221109,0.0,-0.9999409253437513,-0.00648537265497305,-0.0075387442864622905,0.0,-0.0010887540863690182,0.8249222683455656,-0.5652451377961125,0.0,0.46696343934662243,0.236495040426855,0.15086114166141676,1.0
2025-12-16 18:10:28.382,0.00988481843782634,-0.56520536827757,-0.8248793420469904,0.0,-0.9999409232765565,-0.006486158757065255,-0.007538342166160167,0.0,-0.0010896078860416656,0.8249210083075293,-0.5652469750538643,0.0,0.4668393527333985,0.23648450582641445,0.15054371390867344,1.0
2025-12-16 18:10:28.432,0.009884965223696621,-0.5652072723680898,-0.8248780356064517,0.0,-0.9999409208130662,-0.006487025308701007,-0.007537923279655749,0.0,-0.0010905366335659111,0.8249196968526856,-0.5652488871942379,0.0,0.466737166026992,0.23636333616418487,0.15021725108930045,1.0
2025-12-16 18:10:28.482,0.009885143225679715,-0.5652090433275344,-0.8248768200073207,0.0,-0.9999409181813639,-0.00648780151496462,-0.007537604348990378,0.0,-0.001091335951027242,0.8249184773201509,-0.5652506654234436,0.0,0.46667162382216365,0.23614677160076752,0.14991441308885736,1.0
2025-12-16 18:10:28.532,0.009885407834061609,-0.5652110724085847,-0.8248754264977837,0.0,-0.9999409147048132,-0.006488619966883029,-0.007537361039212123,0.0,-0.0010921242732374532,0.8249170805876294,-0.5652527022663003,0.0,0.4666371644565549,0.23594044792116442,0.14957845612207166,1.0
2025-12-16 18:10:28.582,0.009885722518877135,-0.5652130694715168,-0.8248740543198547,0.0,-0.999940910845232,-0.00648938134180078,-0.007537217591169444,0.0,-0.0010928094474274147,0.8249157062344525,-0.5652547066369515,0.0,0.4666427245937049,0.23573545479390717,0.1492584589254623,1.0
2025-12-16 18:10:28.632,0.009885987505464756,-0.5652147451777522,-0.8248729029286263,0.0,-0.9999409075953033,-0.006490022003592161,-0.007537097125701102,0.0,-0.0010933859099574981,0.824914553014619,-0.5652563884928177,0.0,0.46664467334363463,0.2355562620517481,0.14899692877135293,1.0
2025-12-16 18:10:28.682,0.009886101421806709,-0.5652157129275726,-0.824872238446453,0.0,-0.9999409060580731,-0.00649040525926037,-0.007536971045371539,0.0,-0.0010937617102089933,0.824913886903024,-0.5652573598635104,0.0,0.4666117691592748,0.235450385613181,0.14883550251547248,1.0
2025-12-16 18:10:28.732,0.009886102019373233,-0.5652161825130244,-0.8248719166715973,0.0,-0.9999409057789183,-0.0064906159467207755,-0.007536826645034259,0.0,-0.001094011494893372,0.8249135634876367,-0.5652578313592638,0.0,0.4665510496409559,0.23538870940013926,0.14873976166027353,1.0
2025-12-16 18:10:28.783,0.009886100879278433,-0.5652163057529518,-0.824871832239166,0.0,-0.9999409057126135,-0.006490674921072,-0.007536784653664449,0.0,-0.0010940823998902133,0.8249134785801436,-0.5652579551324414,0.0,0.4665295691895045,0.23540438775209319,0.1487162270346925,1.0
2025-12-16 18:10:28.832,0.009886194991150428,-0.5652168700285017,-0.824871444459674,0.0,-0.9999409045734511,-0.006490890623066888,-0.0075367500261153235,0.0,-0.001094273132279533,0.8249130902433943,-0.5652585214849977,0.0,0.46652445713265966,0.23546145934780952,0.14864193946676055,1.0
2025-12-16 18:10:28.882,0.009886218453510084,-0.5652174886185816,-0.8248710203089943,0.0,-0.9999409039742607,-0.0064911863254898386,-0.0075365748476802705,0.0,-0.0010946086537392478,0.8249126640602975,-0.565259142787481,0.0,0.46645959820845423,0.23549520590096523,0.14853785839503864,1.0
2025-12-16 18:10:28.932,0.009886216140294776,-0.5652182173283149,-0.8248705210103203,0.0,-0.9999409034961179,-0.00649156916699807,-0.007536308534382048,0.0,-0.0010950662493353226,0.8249121617367886,-0.5652598749678308,0.0,0.46637226111820457,0.2354023038721054,0.14839813475521124,1.0
2025-12-16 18:10:28.982,0.00988622857645012,-0.5652191810187818,-0.8248698605199488,0.0,-0.9999409027651057,-0.006492042935222094,-0.007535997415125011,0.0,-0.0010956213574358589,0.8249114976876014,-0.565260842971313,0.0,0.46626802055831307,0.23526439053920017,0.14821531991109305,1.0
2025-12-16 18:10:29.032,0.009886288675677582,-0.5652206876561484,-0.8248688274161778,0.0,-0.9999409012776516,-0.006492762976032382,-0.007535574442808221,0.0,-0.0010964363240797222,0.8249104596692256,-0.5652623562167343,0.0,0.4661277774085748,0.23512213353919323,0.14794570954824832,1.0
2025-12-16 18:10:29.082,0.009886386298715105,-0.5652224425696852,-0.8248676237328748,0.0,-0.999940899320819,-0.006493579954656346,-0.0075351301284565225,0.0,-0.001097340337632133,0.8249092507626379,-0.5652641186652544,0.0,0.4659861753438779,0.23494140231403804,0.14764030998300695,1.0
2025-12-16 18:10:29.132,0.009886592742683149,-0.5652246684975559,-0.8248660959858736,0.0,-0.9999408961438022,-0.006494570478964328,-0.007534698045132436,0.0,-0.0010983749384204614,0.8249077177395492,-0.5652663538423481,0.0,0.46585720129109515,0.2347937394639145,0.14728010734714791,1.0
2025-12-16 18:10:29.182,0.009887033865966966,-0.565227521194174,-0.8248641359322341,0.0,-0.9999408905589244,-0.006495764187369547,-0.0075344101995761924,0.0,-0.0010994880814201456,0.8249057536349674,-0.5652692179359186,0.0,0.4658238123498491,0.23474540404450187,0.146886429439444,1.0
2025-12-16 18:10:29.232,0.009887581861485095,-0.5652304330860549,-0.8248621340196745,0.0,-0.9999408839460121,-0.006496996243512177,-0.007534225526753317,0.0,-0.0011005738181429018,0.8249037486502522,-0.5652721417158573,0.0,0.46587054132138384,0.23468928280266552,0.14651373638468962,1.0
2025-12-16 18:10:29.282,0.009888048204449221,-0.5652329974645538,-0.8248603712029996,0.0,-0.9999408781833383,-0.006498145805721975,-0.007533998953402063,0.0,-0.001101619359699091,0.8249019824235466,-0.5652747171318465,0.0,0.46590808662736327,0.23455268318951583,0.1461734939190213,1.0
2025-12-16 18:10:29.332,0.009888234276313948,-0.5652347376912128,-0.8248591764848414,0.0,-0.9999408753547641,-0.006499006832230517,-0.00753363167078171,0.0,-0.0011025163291623601,0.8249007831898464,-0.5652764654136255,0.0,0.4658403170156852,0.23438416718637495,0.14590275750713907,1.0
2025-12-16 18:10:29.382,0.00988832845239154,-0.5652361765780706,-0.8248581893568312,0.0,-0.9999408735086014,-0.006499757458790708,-0.007533229124363609,0.0,-0.0011033457840002104,0.8248997913072574,-0.5652779112342211,0.0,0.465729063173338,0.2342533275182793,0.14565916729228084,1.0
2025-12-16 18:10:29.432,0.009888474172320354,-0.5652378310468047,-0.824857053878583,0.0,-0.9999408710578677,-0.006500609530408196,-0.007532819191684805,0.0,-0.001104260504528507,0.8248986508968172,-0.5652795736247233,0.0,0.4656123589579792,0.234169512031707,0.14539449616739403,1.0
2025-12-16 18:10:29.482,0.009888682541167261,-0.5652396640482028,-0.8248557953033264,0.0,-0.9999408679140616,-0.0065015528828071024,-0.007532422358973822,0.0,-0.0011052409695125219,0.8248973874239187,-0.5652814154592319,0.0,0.465521003828039,0.23408424763713653,0.14511851588494326,1.0
2025-12-16 18:10:29.532,0.009888979641089528,-0.5652417356625157,-0.824854372145831,0.0,-0.9999408638304351,-0.006502594290346118,-0.007532065503351604,0.0,-0.0011062768517018922,0.8248959596636357,-0.5652834969129532,0.0,0.46546576097428227,0.23399248873001582,0.14482598635184346,1.0
2025-12-16 18:10:29.582,0.009889371452358667,-0.5652441351085224,-0.8248527231929975,0.0,-0.9999408586972139,-0.006503775475603315,-0.0075317271359074825,0.0,-0.0011074136424220477,0.824894306147235,-0.5652859075909253,0.0,0.465417791796433,0.23395704118740482,0.14451035334342702,1.0
2025-12-16 18:10:29.632,0.009889850091451411,-0.5652469438420157,-0.8248507927156513,0.0,-0.9999408525261076,-0.006505141687152011,-0.007531366555915877,0.0,-0.001108710694806044,0.8248923706954512,-0.5652887293490235,0.0,0.465378170323764,0.23397534553747867,0.14416522754982633,1.0
2025-12-16 18:10:29.682,0.009890163052941702,-0.5652494322340814,-0.8248490837329232,0.0,-0.9999408479144195,-0.006506468793928413,-0.00753083243960397,0.0,-0.0011100774347031228,0.8248906550513577,-0.5652912301964635,0.0,0.4652724317497384,0.23399242076515445,0.1438402255755645,1.0
2025-12-16 18:10:29.732,0.009890265758248135,-0.5652509297280223,-0.8248480563025203,0.0,-0.9999408457848912,-0.006507367730934902,-0.007530338466444618,0.0,-0.0011110801969196195,0.824889621793229,-0.5652927359860725,0.0,0.4651452132132115,0.2339766222908227,0.14361818907338395,1.0
2025-12-16 18:10:29.782,0.009890407666361777,-0.5652521585689554,-0.8248472125009201,0.0,-0.999940843563353,-0.0065080662279885446,-0.007530029813369836,0.0,-0.0011118160867367316,0.8248887742087064,-0.5652939713542389,0.0,0.4650887413352724,0.23394563877145264,0.14344330657473886,1.0
2025-12-16 18:10:29.832,0.009890686642564442,-0.5652536824769829,-0.8248461648484262,0.0,-0.99994084001414,-0.0065088236624350594,-0.007529846449657708,0.0,-0.0011125262210563082,0.8248877239575187,-0.5652955025025334,0.0,0.4650889125046848,0.23395639946422972,0.14325689566192007,1.0
2025-12-16 18:10:29.883,0.0098910088921457,-0.5652554929826845,-0.8248449202712025,0.0,-0.9999408358966668,-0.006509711639124626,-0.007529625612148751,0.0,-0.0011133617762562637,0.8248864762758096,-0.5652973214891732,0.0,0.4650649073422665,0.2340542201446744,0.14304067988273317,1.0
2025-12-16 18:10:29.932,0.009891291877609114,-0.565257492018887,-0.8248435469607057,0.0,-0.9999408319834221,-0.0065107148809445325,-0.007529277870352692,0.0,-0.0011143618848587725,0.8248850984833812,-0.5652993299992952,0.0,0.46498981169863046,0.23419670628848127,0.1427964671685186,1.0
2025-12-16 18:10:29.982,0.009891703062109375,-0.5652608899676453,-0.8248412134373044,0.0,-0.9999408259718653,-0.006512416305934074,-0.007528604769133401,0.0,-0.001116105024660877,0.8248827565321852,-0.5653027439217303,0.0,0.46486021120579357,0.23435430183330597,0.14237471985296607,1.0
2025-12-16 18:10:30.032,0.009892361414972786,-0.5652657327530709,-0.8248378867765338,0.0,-0.9999408168948626,-0.006514725867132028,-0.007527812146945621,0.0,-0.0011184000005686427,0.8248794196325381,-0.5653076085178104,0.0,0.4647680492790411,0.2345790388704743,0.14180396766703474,1.0
2025-12-16 18:10:30.082,0.009893177178592474,-0.5652712280528205,-0.8248341110078906,0.0,-0.9999408059237717,-0.006517373976026544,-0.007526977227474216,0.0,-0.0011209902912586458,0.8248756328460287,-0.5653131289096606,0.0,0.46472517588200074,0.23471716998362585,0.1411567972006674,1.0
2025-12-16 18:10:30.132,0.009893767846063047,-0.5652755286387505,-0.8248311566503764,0.0,-0.9999407976084547,-0.006519563809608127,-0.007526185428766846,0.0,-0.0011231925359924313,0.8248726683596547,-0.5653174501390792,0.0,0.4646642869775017,0.23469976800044018,0.1406121836597503,1.0
2025-12-16 18:10:30.182,0.009894175799870274,-0.5652787173218347,-0.8248289664708864,0.0,-0.999940791809438,-0.006521117019745588,-0.007525610243485487,0.0,-0.0011247605612572755,0.8248704708636749,-0.5653206534444135,0.0,0.46460386146324567,0.23455460928145466,0.1401606440514042,1.0
2025-12-16 18:10:30.232,0.009893451675417275,-0.5652827434416181,-0.8248262159281022,0.0,-0.9999407975740967,-0.006521770590728213,-0.0075242778025314365,0.0,-0.0011260046379482963,0.8248677065534467,-0.5653246844060609,0.0,0.4644319208847586,0.235023382673149,0.13933651078258838,1.0
2025-12-16 18:10:30.282,0.009888433596392904,-0.5652891328769297,-0.8248218971593001,0.0,-0.9999408421155133,-0.006522716695670963,-0.007517535329793802,0.0,-0.001130520297624068,0.8248633202646977,-0.5653310753936632,0.0,0.46413620814096906,0.2367292339056593,0.13743012697271792,1.0
2025-12-16 18:10:30.332,0.009881854711967489,-0.5652974847732173,-0.8248162519966092,0.0,-0.9999409017942447,-0.006522974600583169,-0.007509368980232874,0.0,-0.0011352499222412964,0.8248575943940336,-0.5653394203291524,0.0,0.4637131601183839,0.23851104852282973,0.1349027596297048,1.0
2025-12-16 18:10:30.382,0.009877119751297243,-0.5653034523878402,-0.8248122187049705,0.0,-0.9999409439219639,-0.006523727257751955,-0.007503102846627905,0.0,-0.0011393419467357953,0.8248534985614361,-0.5653453880689993,0.0,0.4633830135533346,0.23989225755008511,0.1325525180320373,1.0
2025-12-16 18:10:30.432,0.009874916597187235,-0.5653075890160721,-0.8248094099391946,0.0,-0.9999409629053561,-0.006524527027122092,-0.007499876811644145,0.0,-0.0011417759917907752,0.8248506571771922,-0.565349528788995,0.0,0.4631522705656301,0.24056862536687984,0.13094293773158988,1.0
2025-12-16 18:10:30.482,0.009874980790489412,-0.5653103875107403,-0.8248074911323566,0.0,-0.9999409616144757,-0.006525063237677472,-0.007499582419711725,0.0,-0.0011423511884929478,0.8248487349562256,-0.5653523321565733,0.0,0.4630992295312179,0.24028740239732008,0.1301815846861554,1.0
2025-12-16 18:10:30.532,0.009875120550167578,-0.5653116187054308,-0.8248066456157913,0.0,-0.9999409605572889,-0.00652492017775469,-0.007499847841702108,0.0,-0.0011420683896431656,0.8248478922705925,-0.5653535622038253,0.0,0.4632898407627696,0.23951284560545172,0.13031428955315807,1.0
2025-12-16 18:10:30.582,0.00987442470638593,-0.5653134292946581,-0.8248054129896578,0.0,-0.9999409677171487,-0.0065243350670322695,-0.007499402245096365,0.0,-0.0011418160621085192,0.8248466559801886,-0.5653553664505017,0.0,0.46365275389698346,0.23855892715979962,0.1307694433991827,1.0
2025-12-16 18:10:30.632,0.009873449230495235,-0.5653157119765204,-0.8248038601352328,0.0,-0.9999409777144579,-0.006523540601278275,-0.0074987603432432525,0.0,-0.0011414964046444894,0.8248450977799799,-0.5653576404845816,0.0,0.46403819334179586,0.237702586114265,0.13131215885407355,1.0
2025-12-16 18:10:30.682,0.009872738374951236,-0.5653176911719123,-0.8248025121119881,0.0,-0.9999409849963463,-0.00652296651329002,-0.007498288712214022,0.0,-0.0011412658769594567,0.8248437458295639,-0.5653596134126064,0.0,0.4643363407909996,0.23706939380797742,0.13171411298037652,1.0
2025-12-16 18:10:30.733,0.00987245869553154,-0.5653186255956753,-0.8248018750070407,0.0,-0.9999409879367458,-0.006522687440682772,-0.007498139358818632,0.0,-0.0011411089641914782,0.8248431076035722,-0.5653605448819483,0.0,0.4644935543833232,0.23677504862634624,0.13191987601685026,1.0
2025-12-16 18:10:30.782,0.009872424357838328,-0.5653187710346387,-0.8248017757342625,0.0,-0.9999409883126844,-0.006522642658770816,-0.007498128180142397,0.0,-0.0011410766088365662,0.8248430082769856,-0.5653606898615655,0.0,0.4645184061839195,0.23672587891304053,0.1319507280123048,1.0
2025-12-16 18:10:30.833,0.009872431658630963,-0.5653186816404825,-0.8248018369175841,0.0,-0.999940988202549,-0.006522673482076692,-0.0074981160543326816,0.0,-0.0011411099569104766,0.8248430693020624,-0.565360600760629,0.0,0.46449269767371565,0.236749119405367,0.13193307973823126,1.0
2025-12-16 18:10:30.884,0.009872403942321058,-0.5653185832296704,-0.8248019047000352,0.0,-0.99994098845361,-0.006522673239327429,-0.007498082784157017,0.0,-0.0011411297453386812,0.8248431367526114,-0.5653605023124776,0.0,0.4644534249141106,0.23674731975320987,0.13194095390289,1.0
2025-12-16 18:10:30.932,0.009872362551655122,-0.5653183419483471,-0.824802070569436,0.0,-0.9999409888228492,-0.00652267612932193,-0.00749803102840882,0.0,-0.0011411642792099222,0.8248433020986542,-0.5653602610080374,0.0,0.46437472129043106,0.2367745282208455,0.13195416060796786,1.0
2025-12-16 18:10:30.982,0.009872340762011126,-0.5653180539052552,-0.8248022682545568,0.0,-0.9999409889432116,-0.0065227296854329245,-0.007497968386918009,0.0,-0.001141247315568189,0.82484349909338,-0.5653599734310472,0.0,0.4642884516344232,0.23686848186596382,0.13193396072862265,1.0
2025-12-16 18:10:31.032,0.009872283625201261,-0.5653177731435077,-0.8248024613719926,0.0,-0.9999409893641314,-0.006522798310064763,-0.007497852552319089,0.0,-0.001141372767901707,0.8248436909783277,-0.5653596932232203,0.0,0.46418215780245636,0.23697906307737768,0.13190954444802214,1.0
2025-12-16 18:10:31.082,0.009872213838872919,-0.5653175314679115,-0.824802627851145,0.0,-0.9999409898788965,-0.006522882554238741,-0.007497710610880465,0.0,-0.0011415253955981517,0.824843855950888,-0.5653594522247255,0.0,0.464083497637028,0.23710687187693147,0.13186331238863278,1.0
2025-12-16 18:10:31.133,0.009872163866606262,-0.5653173986571934,-0.8248027194773687,0.0,-0.9999409902631172,-0.006522931954378987,-0.007497616390820424,0.0,-0.001141621000491528,0.8248439465855223,-0.5653593197982247,0.0,0.4640177824759709,0.23717613588924039,0.13183798610440361,1.0
2025-12-16 18:10:31.183,0.009872130905079317,-0.5653172921748371,-0.8248027928545776,0.0,-0.9999409906004162,-0.006522903766764932,-0.007497595929100624,0.0,-0.0011416105954306604,0.8248440197888824,-0.5653592130174993,0.0,0.46397682902068776,0.23716692788656504,0.13187207575643567,1.0
2025-12-16 18:10:31.232,0.00987209190638457,-0.5653172162120228,-0.8248028453860287,0.0,-0.9999409909577797,-0.006522901009962084,-0.007497550666455169,0.0,-0.0011416348220271825,0.8248440718737574,-0.5653591369781271,0.0,0.46391713855349537,0.23715032797525837,0.13188895781009427,1.0
2025-12-16 18:10:31.282,0.009872050630046213,-0.5653171567668972,-0.8248028866235603,0.0,-0.9999409912997955,-0.0065229244484722075,-0.007497484660206904,0.0,-0.001141692184428069,0.8248441124306436,-0.5653590776908599,0.0,0.4638515066267664,0.23715322008272885,0.1318854213274821,1.0
