timestamp,ee_pose_cmd
2025-12-16 17:53:21.987,0.008718804342470842,-0.5697233748788357,-0.821778562307825,0.0,-0.9999512435334635,-0.006197543303957757,-0.0063125204224383225,0.0,-0.0014966466021886814,0.8218093552960278,-0.5697606020048027,0.0,0.4591750161919484,0.22941633295187028,0.21304666319064383,1.0
2025-12-16 17:53:22.032,0.008718793911712423,-0.56972341040088,-0.821778537791736,0.0,-0.9999512436103145,-0.006197545374183742,-0.006312506216144898,0.0,-0.0014966560211220363,0.8218093306541082,-0.5697606375229873,0.0,0.45912249305596287,0.22939088285889933,0.21302957233683698,1.0
2025-12-16 17:53:22.082,0.008718762346559083,-0.5697233942983652,-0.8217785492901979,0.0,-0.9999512438269433,-0.006197559438259049,-0.00631245809229626,0.0,-0.0014966951696229953,0.8218093417114074,-0.5697606214713619,0.0,0.4590211544118381,0.22937467289008842,0.21302523026220302,1.0
2025-12-16 17:53:22.132,0.008718687845120652,-0.5697234534382312,-0.8217785090800824,0.0,-0.9999512443626818,-0.006197579953375879,-0.00631235308373789,0.0,-0.0014967712332856777,0.8218093005568949,-0.5697606806318442,0.0,0.45877816015612943,0.22931398883854592,0.21298458134467038,1.0
2025-12-16 17:53:22.182,0.008718600555767985,-0.5697236798444113,-0.821778353043021,0.0,-0.9999512450945188,-0.006197548012164199,-0.006312268511954624,0.0,-0.0014967907714052043,0.8218091438374825,-0.5697609066288163,0.0,0.4584461915325416,0.22916996312013932,0.2128783768652211,1.0
2025-12-16 17:53:22.232,0.008718511415726868,-0.5697240754251438,-0.8217780797398206,0.0,-0.9999512459793484,-0.006197441169315259,-0.006312233242694495,0.0,-0.001496718871834749,0.8218088703993048,-0.5697613012180077,0.0,0.4581025893456417,0.22897107548174045,0.21269941483600427,1.0
2025-12-16 17:53:22.283,0.008718463426800372,-0.5697244471024862,-0.8217778225715574,0.0,-0.9999512465742414,-0.006197319774844348,-0.00631225818843356,0.0,-0.0014966009581838856,0.8218086136420774,-0.5697616718675088,0.0,0.4578491437561869,0.2287839555243,0.21253374636680936,1.0
2025-12-16 17:53:22.332,0.008718403557867507,-0.5697245610145822,-0.82177774423341,0.0,-0.999951247117272,-0.006197274981957783,-0.0063122161416255245,0.0,-0.0014965868986860267,0.8218085350079964,-0.5697617853240643,0.0,0.45769877133876036,0.22872930218015228,0.21246918678783203,1.0
2025-12-16 17:53:22.383,0.008718348057883076,-0.5697247223248907,-0.8217776329884965,0.0,-0.9999512476321339,-0.006197227591502553,-0.006312181106894523,0.0,-0.0014965662063830623,0.8218084235336895,-0.5697619461658193,0.0,0.4575708156579245,0.22867361081316362,0.2123911666719569,1.0
2025-12-16 17:53:22.432,0.008718301326676916,-0.5697248602831891,-0.821777537840069,0.0,-0.9999512480521326,-0.006197195126063664,-0.006312146446341944,0.0,-0.001496557813357222,0.8218083281360524,-0.569762083786678,0.0,0.4575110731316189,0.22865208219422453,0.21232347287222197,1.0
2025-12-16 17:53:22.482,0.008718247683198746,-0.5697247670766254,-0.8217776030277459,0.0,-0.9999512484344063,-0.00619721075433841,-0.006312070543567314,0.0,-0.0014966148934271353,0.8218083926355924,-0.5697619906044671,0.0,0.45749287997933874,0.22870191090948258,0.21233641187201469,1.0
2025-12-16 17:53:22.532,0.008718198821746168,-0.5697245682241048,-0.821777741407231,0.0,-0.9999512487367447,-0.006197249290969866,-0.006311984811346881,0.0,-0.001496697520054323,0.8218085302035876,-0.5697617919632314,0.0,0.45745045263991974,0.22876089389503665,0.212392871465095,1.0
2025-12-16 17:53:22.582,0.008718183218959482,-0.5697244472215868,-0.8217778254617404,0.0,-0.9999512487995633,-0.00619727967201869,-0.00631194503055501,0.0,-0.0014967464362307863,0.8218086138619317,-0.569761671168249,0.0,0.45739442206533426,0.22877790390334143,0.21243941215568216,1.0
2025-12-16 17:53:22.632,0.008718179265498113,-0.5697245942832759,-0.8217777235483203,0.0,-0.9999512488888848,-0.006197248430942575,-0.006311961553525476,0.0,-0.001496709788930983,0.8218085121440203,-0.5697618179796181,0.0,0.45734873000606624,0.22872741791417733,0.21238447787168477,1.0
2025-12-16 17:53:22.682,0.008718153835338709,-0.5697249554391776,-0.821777473434712,0.0,-0.9999512492636866,-0.006197152655557187,-0.0063119962107295235,0.0,-0.0014966075062149743,0.8218082624874351,-0.5697621783458037,0.0,0.4571971284463881,0.22859552061052674,0.21224493739509168,1.0
2025-12-16 17:53:22.732,0.008718083223411322,-0.5697254332201768,-0.8217771429458232,0.0,-0.9999512500890658,-0.006197000910848161,-0.006312014435492585,0.0,-0.0014964673562303128,0.8218079323997631,-0.5697626548224078,0.0,0.45697251192718075,0.22843449554595452,0.21204590237468826,1.0
2025-12-16 17:53:22.782,0.008717900122523634,-0.5697259445615921,-0.8217767903829261,0.0,-0.9999512517402789,-0.006196870378040232,-0.00631188100139995,0.0,-0.0014964306951299022,0.8218075788851751,-0.5697631648168048,0.0,0.45674486618738563,0.22836441443436203,0.2118161112295355,1.0
2025-12-16 17:53:22.832,0.008717553948743108,-0.5697264965736946,-0.8217764113530049,0.0,-0.9999512546089266,-0.00619675938311513,-0.006311535501700495,0.0,-0.0014965304913395084,0.8218071970268463,-0.5697637153341433,0.0,0.4564776092752908,0.22840801926746226,0.2115532853112671,1.0
2025-12-16 17:53:22.882,0.008717116246731592,-0.5697271750746375,-0.8217759456001512,0.0,-0.9999512581455418,-0.0061966684827374505,-0.006311064416698881,0.0,-0.0014967170165728965,0.8218067273248832,-0.569764392325229,0.0,0.45617874416061766,0.22849683860882472,0.2112451478374668,1.0
2025-12-16 17:53:22.932,0.008716592994828397,-0.5697279981713312,-0.8217753805070204,0.0,-0.9999512623263248,-0.006196585584964043,-0.006310483363890666,0.0,-0.0014969712438605114,0.8218061573169092,-0.5697652138145242,0.0,0.45584886825970233,0.22862000557776263,0.2108922484130488,1.0
2025-12-16 17:53:22.982,0.008715916882005839,-0.5697289544909072,-0.8217747246714346,0.0,-0.9999512676184056,-0.006196537776321839,-0.006309691683355777,0.0,-0.0014973729082032503,0.8218054946826072,-0.5697661685146366,0.0,0.4555051379036192,0.22884961488425823,0.21051661909611896,1.0
2025-12-16 17:53:23.032,0.008715013059421411,-0.5697298951207526,-0.8217740821261514,0.0,-0.9999512745427058,-0.006196553095011165,-0.006308579187702161,0.0,-0.0014980094143515307,0.8218048424480335,-0.5697671075946358,0.0,0.4551695621782448,0.22928261040700032,0.21014487285698327,1.0
2025-12-16 17:53:23.082,0.008713782532387233,-0.5697311700969686,-0.8217732112420834,0.0,-0.9999512839603187,-0.006196578096068847,-0.006307061694439015,0.0,-0.001498881099778314,0.8218039583425366,-0.5697683804915705,0.0,0.4547951670048491,0.22988217133680408,0.20970980229120711,1.0
2025-12-16 17:53:23.132,0.008712520938248983,-0.5697324809354809,-0.8217723158194189,0.0,-0.9999512936405401,-0.00619658884584791,-0.006305516195715976,0.0,-0.0014997566552321408,0.8218030494787909,-0.569769689082646,0.0,0.45440674369785233,0.23047897841493192,0.20926695838293455,1.0
2025-12-16 17:53:23.182,0.00871140078358463,-0.5697336486334484,-0.8217715181316607,0.0,-0.9999513022332435,-0.006196598566245644,-0.0063041438322606475,0.0,-0.0015005342339060772,0.8218022398571749,-0.5697708547852752,0.0,0.45405079456127845,0.23100702556614947,0.20883355116650998,1.0
2025-12-16 17:53:23.232,0.008710516784262457,-0.5697347763285217,-0.8217707456708647,0.0,-0.9999513091190794,-0.006196549789296502,-0.006303099472207421,0.0,-0.0015010772733513962,0.8218014584077545,-0.5697719804675438,0.0,0.4537211737940515,0.23137449891852713,0.20841094579794608,1.0
2025-12-16 17:53:23.282,0.008709703701536514,-0.5697358728005603,-0.821769994102257,0.0,-0.9999513155797236,-0.006196435235710499,-0.006302187077357328,0.0,-0.0015014914003966353,0.8218006990986559,-0.5697730745520843,0.0,0.4534283266592852,0.23168249684131428,0.2079995607893046,1.0
2025-12-16 17:53:23.332,0.008708975187645067,-0.5697368842998952,-0.8217693005464717,0.0,-0.9999513214959447,-0.006196262635434492,-0.006301418020971658,0.0,-0.001501777055845697,0.8217999991360045,-0.5697740833749264,0.0,0.4532281003925069,0.23193891976466594,0.20757295113463717,1.0
2025-12-16 17:53:23.382,0.008708346913240813,-0.5697376792705723,-0.8217687560467539,0.0,-0.9999513265804323,-0.006196122601242993,-0.0063007488406083435,0.0,-0.0015020348590470596,0.8217994490439997,-0.569774876106573,0.0,0.4530922026748001,0.2321736110997474,0.2072006724224504,1.0
2025-12-16 17:53:23.432,0.008707808286051314,-0.5697384319100119,-0.8217682399440748,0.0,-0.9999513309492463,-0.006195997518530609,-0.006300178472843207,0.0,-0.001502249094580163,0.8217989281861579,-0.5697756267863167,0.0,0.452968798574246,0.23236549876874202,0.20685457268782742,1.0
2025-12-16 17:53:23.482,0.008707456723634918,-0.5697391601887014,-0.8217677387474441,0.0,-0.9999513339238111,-0.006195850292357713,-0.006299851137440417,0.0,-0.0015023069120727235,0.8217984243834566,-0.5697763532780296,0.0,0.45287615830054245,0.2324332285312418,0.20652589921564463,1.0
2025-12-16 17:53:23.532,0.008707171715612248,-0.5697399043837773,-0.8217672258095279,0.0,-0.9999513364295799,-0.006195680470531575,-0.006299620418149067,0.0,-0.0015022909413366465,0.8217979097153322,-0.5697770956342826,0.0,0.4527669083193495,0.2324213423841548,0.20617492329594628,1.0
2025-12-16 17:53:23.583,0.008706908529503553,-0.5697406264394802,-0.8217667279887985,0.0,-0.999951338695219,-0.006195550285084184,-0.006299388820574478,0.0,-0.001502308277133333,0.8217974100965645,-0.5697778161954178,0.0,0.4526754605611591,0.23240877141070168,0.20584371705957122,1.0
2025-12-16 17:53:23.632,0.00870663439585065,-0.569741276994131,-0.8217662798556545,0.0,-0.9999513410181952,-0.006195434052637068,-0.006299134386620053,0.0,-0.0015023508490453056,0.8217969599433665,-0.5697784653440029,0.0,0.45259854411108286,0.23243886311696976,0.20554421208363585,1.0
2025-12-16 17:53:23.685,0.008706230839409832,-0.5697421354569199,-0.8217656889471401,0.0,-0.9999513444274739,-0.006195267801790934,-0.00629875668364246,0.0,-0.0015024203559363214,0.8217963660233731,-0.569779321776293,0.0,0.4525205779474344,0.23252438363421,0.20516881910311305,1.0
2025-12-16 17:53:23.732,0.008705712482544833,-0.5697432801233994,-0.8217649008235928,0.0,-0.9999513488659857,-0.006195021960029622,-0.006298293833953032,0.0,-0.0015024699456486598,0.8217955742759016,-0.5697804635862864,0.0,0.4524422441589833,0.23261369824934366,0.2046707594039206,1.0
2025-12-16 17:53:23.782,0.008704913960123054,-0.5697449322999573,-0.8217637637987406,0.0,-0.9999513556504814,-0.0061946710741032345,-0.006297561770779068,0.0,-0.001502581241948093,0.8217944314577411,-0.5697821115783291,0.0,0.4523105778161727,0.23275661216344373,0.2039892289888789,1.0
2025-12-16 17:53:23.832,0.008703889271647924,-0.5697470508911507,-0.8217623057877452,0.0,-0.9999513643921131,-0.006194200823374973,-0.006296636222558859,0.0,-0.0015026997644186704,0.8217929661640937,-0.5697842246470489,0.0,0.4521184185945146,0.2329145938818344,0.20315904494846726,1.0
2025-12-16 17:53:23.883,0.008702863448487301,-0.5697494912354327,-0.8217606246991703,0.0,-0.9999513732233974,-0.0061936881789937835,-0.006295737970326761,0.0,-0.0015027644944898696,0.8217912781053792,-0.569786659135506,0.0,0.45196670579883186,0.23304151186753322,0.2022506701615652,1.0
2025-12-16 17:53:23.933,0.008701816460045636,-0.5697520158583489,-0.8217588853896572,0.0,-0.9999513822098012,-0.006193179430839439,-0.006294811073703628,0.0,-0.0015028478618930392,0.8217895315742249,-0.5697891778924201,0.0,0.451862648084371,0.23318667139740618,0.20133560516316054,1.0
2025-12-16 17:53:23.982,0.008700804181559338,-0.5697542068204654,-0.8217573770391018,0.0,-0.9999513908617873,-0.006192705012388594,-0.006293903352830801,0.0,-0.0015029520516449432,0.8217880161076547,-0.5697913633225546,0.0,0.4518338170482643,0.23336034382141482,0.20048816230548694,1.0
2025-12-16 17:53:24.032,0.008699817744071291,-0.5697560700980865,-0.8217560956018594,0.0,-0.9999513992632492,-0.00619225629065347,-0.006293009987992815,0.0,-0.0015030726513329759,0.8217867276311938,-0.5697932213196458,0.0,0.4518699576291013,0.23355509667569646,0.19971135724472758,1.0
2025-12-16 17:53:24.082,0.008698941598874374,-0.5697576120458593,-0.8217550357813865,0.0,-0.9999514066903015,-0.006191875581997971,-0.006292204389000617,0.0,-0.0015032025345641691,0.8217856614234696,-0.5697947587166198,0.0,0.4519805368617029,0.2337592235540979,0.199018133704529,1.0
2025-12-16 17:53:24.132,0.008698048549303035,-0.5697591123965995,-0.8217540049757477,0.0,-0.9999514142548884,-0.006191489687309382,-0.006291381907693734,0.0,-0.0015033382197561947,0.8217846240909461,-0.5697962544470604,0.0,0.452101771672864,0.23397317668680878,0.1983364585003764,1.0
2025-12-16 17:53:24.182,0.008697085139752966,-0.5697606530279359,-0.8217529469813056,0.0,-0.9999514223462603,-0.00619111011302721,-0.006290469336052141,0.0,-0.0015035300113163694,0.8217835587786146,-0.5697977903771305,0.0,0.45213042093109024,0.2341888805732562,0.19765570874413785,1.0
2025-12-16 17:53:24.232,0.008695993411844483,-0.5697621867392526,-0.8217518951373916,0.0,-0.9999514313825163,-0.0061907503006049,-0.006289386932017395,0.0,-0.001503834893690711,0.8217824981108769,-0.5697993193039625,0.0,0.4520547141803669,0.23444750901653225,0.19694745820514695,1.0
2025-12-16 17:53:24.282,0.008694845606825551,-0.5697635263729721,-0.8217509784454881,0.0,-0.9999514407099107,-0.006190463677501148,-0.00628818597367977,0.0,-0.0015042695310148624,0.8217815714493132,-0.5698006546148183,0.0,0.45192003705389605,0.2347505052006009,0.1962619972804782,1.0
2025-12-16 17:53:24.332,0.008693918259046628,-0.5697647033858725,-0.8217501721704245,0.0,-0.999951448023769,-0.006190353490871959,-0.006287131304040884,0.0,-0.001504767515762597,0.8217807562073229,-0.5698018290616871,0.0,0.45173538807666686,0.23501265867467538,0.1956762384051627,1.0
2025-12-16 17:53:24.382,0.008693136589341724,-0.5697658749913193,-0.8217493681000453,0.0,-0.9999514541895911,-0.006190261019747641,-0.00628624163056377,0.0,-0.0015051860978037282,0.821779944578604,-0.5698029985031646,0.0,0.45157234833893717,0.23522939714747257,0.19514224244792266,1.0
2025-12-16 17:53:24.432,0.00869254448531472,-0.5697668363404248,-0.8217487078044009,0.0,-0.9999514588423193,-0.006190200966339845,-0.006285560621129422,0.0,-0.0015055146412345601,0.8217792784837495,-0.5698039582877544,0.0,0.45146957883424255,0.2353997596862341,0.1946845918919292,1.0
2025-12-16 17:53:24.482,0.008692125866981875,-0.5697674937053909,-0.8217482564422016,0.0,-0.9999514621585431,-0.006190143592793127,-0.006285089537972918,0.0,-0.001505728980688595,0.8217788231338289,-0.5698046144328913,0.0,0.45144521042828967,0.23552628603163508,0.19432692693064485,1.0
2025-12-16 17:53:24.532,0.008691921323123178,-0.5697679280001319,-0.821747957482924,0.0,-0.9999514638520597,-0.006190076456639433,-0.006284886219494426,0.0,-0.0015057850769374921,0.8217785225221136,-0.56980504783011,0.0,0.45145642869809505,0.2355549692626631,0.19408568295646444,1.0
2025-12-16 17:53:24.582,0.008691865493659781,-0.5697682497115591,-0.8217477350112227,0.0,-0.9999514643347375,-0.0061900485272374794,-0.006284836931277217,0.0,-0.0015057868098728123,0.821778299674271,-0.5698053692187776,0.0,0.45146441025244893,0.23551964922717136,0.1939390406929077,1.0
2025-12-16 17:53:24.632,0.00869181401055219,-0.5697684836975018,-0.8217475733188775,0.0,-0.9999514647725161,-0.006190026287429424,-0.006284789182506574,0.0,-0.0015057932687865085,0.8217781376078103,-0.5698056029353085,0.0,0.45146837562082237,0.2355028370411393,0.19383185678121417,1.0
2025-12-16 17:53:24.683,0.008691647202495649,-0.5697686819126292,-0.8217474376483694,0.0,-0.9999514661002252,-0.006189999443605319,-0.006284604371529971,0.0,-0.001505874425467602,0.8217780003776212,-0.5698058006352457,0.0,0.45146290210722534,0.23554899496397338,0.19368651501082376,1.0
2025-12-16 17:53:24.732,0.008691313624826306,-0.5697690129295993,-0.8217472116617819,0.0,-0.9999514687555482,-0.006189945090506364,-0.006284235403502012,0.0,-0.0015060365114622862,0.8217777712763743,-0.5698061306181788,0.0,0.4514453930065496,0.23564614812312712,0.19342431030946794,1.0
2025-12-16 17:53:24.782,0.008690799122472436,-0.5697695672764871,-0.8217468327394915,0.0,-0.9999514728769143,-0.006189847337265002,-0.006283675869998448,0.0,-0.0015062691635328092,0.8217773876557601,-0.5698066832627374,0.0,0.45138232365891034,0.23578938735231286,0.19305742388082814,1.0
2025-12-16 17:53:24.832,0.008690155884341988,-0.5697706919662805,-0.8217460597217244,0.0,-0.9999514780668142,-0.006189707828125442,-0.006282987363063313,0.0,-0.0015065349665893649,0.8217766089001591,-0.5698078056827137,0.0,0.4512834342928835,0.23591657128489016,0.19251549414429642,1.0
2025-12-16 17:53:24.883,0.008689527164184769,-0.5697720774157646,-0.8217451057452031,0.0,-0.9999514831389887,-0.006189573719026698,-0.006282312195475327,0.0,-0.0015067948501390216,0.8217756493023581,-0.5698091889246498,0.0,0.45115853178824317,0.23600838265000917,0.19192370599217565,1.0
2025-12-16 17:53:24.933,0.008688964475736713,-0.5697734467943201,-0.8217441622096672,0.0,-0.9999514877469202,-0.006189417134290131,-0.006281732998698968,0.0,-0.0015069817491415772,0.8217747010132782,-0.5698105560452045,0.0,0.451042911978372,0.23606188199272682,0.191346015164254,1.0
2025-12-16 17:53:24.982,0.008688509072746558,-0.5697747222594073,-0.8217432826531144,0.0,-0.9999514915389737,-0.006189257354382031,-0.006281286778265817,0.0,-0.0015070912422332913,0.8217738178607755,-0.5698118294266209,0.0,0.45090888233337056,0.23605881169516907,0.19081020626186698,1.0
2025-12-16 17:53:25.033,0.008688178584606588,-0.5697758712271525,-0.8217424894828242,0.0,-0.999951494286111,-0.006189145636081301,-0.006280959518839614,0.0,-0.0015071737785414868,0.8217730220518992,-0.5698129769098716,0.0,0.4507143735678341,0.23599474847040558,0.19036207321525137,1.0
2025-12-16 17:53:25.082,0.008687919515601102,-0.5697769181066358,-0.8217417663406205,0.0,-0.999951496370727,-0.006189096675612316,-0.00628067587858262,0.0,-0.0015072841084349548,0.8217722965523743,-0.5698140229176999,0.0,0.4504799884156014,0.2359045409767446,0.18997903565048432,1.0
2025-12-16 17:53:25.132,0.008687704542149378,-0.569777858033173,-0.8217411168890878,0.0,-0.9999514981061975,-0.0061890534675181404,-0.006280442146535116,0.0,-0.001507371856709999,0.8217716451651352,-0.5698149620996914,0.0,0.4502724130704378,0.23581009658264115,0.1896270130805317,1.0
2025-12-16 17:53:25.182,0.008687480326139576,-0.569778917620311,-0.8217403845632866,0.0,-0.9999514999595899,-0.006188985366975379,-0.006280214160549263,0.0,-0.0015074346114808922,0.8217709109949257,-0.5698160207325361,0.0,0.4501089493446034,0.2357094841078364,0.18921319002726647,1.0
2025-12-16 17:53:25.232,0.00868722507894168,-0.5697801879382207,-0.8217395064463688,0.0,-0.999951502091914,-0.006188896070090033,-0.006279962640556232,0.0,-0.0015074911323781999,0.8217700308678487,-0.5698172898727629,0.0,0.4500050619656668,0.23561433881611268,0.1887180005935046,1.0
2025-12-16 17:53:25.282,0.0086870275727141,-0.5697815027926308,-0.8217385968351067,0.0,-0.9999515039045955,-0.00618874077912056,-0.006279827044938476,0.0,-0.0015074268957069401,0.8217691203544668,-0.5698186031501602,0.0,0.4499718007091244,0.23548978615441435,0.1881991486391686,1.0
2025-12-16 17:53:25.332,0.008686806239671578,-0.5697829180667338,-0.8217376178427764,0.0,-0.9999515058917193,-0.006188590397522098,-0.0062796588269573295,0.0,-0.001507384221994548,0.8217681401724257,-0.5698200168389662,0.0,0.4500190779733491,0.23542587772489743,0.18766523856177025,1.0
2025-12-16 17:53:25.382,0.008686530823662986,-0.5697844320482698,-0.8217365709756921,0.0,-0.999951508360689,-0.006188403364619905,-0.0062794499909151775,0.0,-0.001507333534849657,0.8217670918211879,-0.5698215288538705,0.0,0.4500972463124685,0.23540372758342115,0.18711182960386774,1.0
2025-12-16 17:53:25.432,0.008686297822832749,-0.5697858621030866,-0.8217355818502591,0.0,-0.9999515105068849,-0.006188214915764535,-0.006279293938298142,0.0,-0.0015072524936694271,0.8217661016696248,-0.5698229570108843,0.0,0.45015254789898,0.23535664954846294,0.18659226420622949,1.0
2025-12-16 17:53:25.482,0.008686093488104089,-0.5697869627262242,-0.8217348208445039,0.0,-0.9999515122678367,-0.006188114530530837,-0.006279112439793762,0.0,-0.0015072617988849035,0.8217653392735366,-0.5698240564687657,0.0,0.45014869489537274,0.2353265881374796,0.18619389650033796,1.0
2025-12-16 17:53:25.532,0.00868583165864208,-0.5697878501265364,-0.8217342082923076,0.0,-0.999951514427706,-0.006188034518942101,-0.006278847325571077,0.0,-0.0015073377483210454,0.8217647245672509,-0.5698249427585833,0.0,0.450150770880821,0.23535744041410916,0.18584565306343315,1.0
2025-12-16 17:53:25.582,0.008685698505181092,-0.5697886686692217,-0.8217336421242842,0.0,-0.9999515155943418,-0.006187959420564582,-0.0062787355412281315,0.0,-0.0015073310878095775,0.8217641575674505,-0.5698257604658202,0.0,0.4501779906165992,0.2353178117566606,0.1855346866002528,1.0
2025-12-16 17:53:25.632,0.008685681105693562,-0.5697895268564277,-0.8217330472420266,0.0,-0.999951515903862,-0.006187869710674391,-0.006278774659140266,0.0,-0.0015072260097907647,0.8217635631874537,-0.5698266179174287,0.0,0.4502676286056758,0.23522913861028863,0.18523101243418114,1.0
2025-12-16 17:53:25.682,0.008685484284187646,-0.5697906021380471,-0.8217323037213028,0.0,-0.9999515176320305,-0.006187755637050077,-0.006278611851645639,0.0,-0.0015072136854912706,0.821762818458672,-0.5698276919435958,0.0,0.4504219190799364,0.23526117425449738,0.18481688101208577,1.0
2025-12-16 17:53:25.732,0.008685056057409785,-0.5697917635656051,-0.8217315029103396,0.0,-0.9999515212848484,-0.006187556805096205,-0.006278226032032684,0.0,-0.0015072578893243376,0.8217620146331591,-0.5698288510418777,0.0,0.4505872118969545,0.2353784599709752,0.1843052271489244,1.0
2025-12-16 17:53:25.782,0.008684473552681213,-0.5697930705699036,-0.8217306027834437,0.0,-0.9999515261675349,-0.006187331051134233,-0.006277670817215994,0.0,-0.001507374964939727,0.8217611100658929,-0.5698301552252094,0.0,0.4506663476556602,0.23547958926175974,0.1836839148766787,1.0
2025-12-16 17:53:25.832,0.008683658331059286,-0.5697945686082162,-0.8217295726477016,0.0,-0.9999515328404636,-0.006187099705598675,-0.0062768358627994176,0.0,-0.0015076448411770428,0.8217600730753111,-0.5698316499689118,0.0,0.45069448158758807,0.23563749431563996,0.18295448194589672,1.0
2025-12-16 17:53:25.882,0.008682784665629568,-0.5697963337138646,-0.8217283579370355,0.0,-0.9999515400008617,-0.006186847594979059,-0.00627594359037781,0.0,-0.00150792749891355,0.8217588510526292,-0.5698334115084167,0.0,0.45075922526946116,0.23580186644951087,0.18214210185068558,1.0
2025-12-16 17:53:25.932,0.008682052759140572,-0.5697981973176959,-0.8217270734219482,0.0,-0.9999515460170458,-0.006186629375724932,-0.006275200100040611,0.0,-0.001508152183052754,0.821757560470177,-0.569835272062985,0.0,0.45091106286282945,0.23593153077639017,0.1813358105313502,1.0
2025-12-16 17:53:25.982,0.008681585390142453,-0.5698000329061887,-0.8217258055315216,0.0,-0.9999515500970282,-0.006186364970096596,-0.006274810611925401,0.0,-0.0015081374815294679,0.8217562896551361,-0.5698371047356963,0.0,0.45105618691158805,0.2359269090949872,0.18060390014101804,1.0
2025-12-16 17:53:26.032,0.008681365222956827,-0.5698016157452291,-0.8217247102851417,0.0,-0.999951552362227,-0.00618605883307794,-0.006274751444856774,0.0,-0.0015079029225427032,0.8217551944069452,-0.5698386847994614,0.0,0.45121602589016774,0.2358398625526315,0.1799929458016559,1.0
2025-12-16 17:53:26.082,0.00868127306867143,-0.5698030189921542,-0.8217237382153093,0.0,-0.999951553427165,-0.006185872673716668,-0.006274765260350252,0.0,-0.0015077272571775234,0.8217542227822762,-0.569840086426021,0.0,0.4513579823201122,0.2357439972733152,0.17950183865714256,1.0
2025-12-16 17:53:26.132,0.008681160669874155,-0.5698041036956004,-0.8217229872422249,0.0,-0.9999515545778324,-0.006185721594617175,-0.0062747308259604884,0.0,-0.0015076112789488092,0.821753471772438,-0.5698411697466028,0.0,0.45154641680824814,0.2357284543084276,0.17910057669875523,1.0
2025-12-16 17:53:26.185,0.008681011060096399,-0.5698050899995576,-0.8217223048930695,0.0,-0.9999515560562617,-0.0061855459730788135,-0.006274668348535948,0.0,-0.0015074921548608301,0.8217527891769272,-0.5698421544141355,0.0,0.4518178773570011,0.23577236313581582,0.1787077624965757,1.0
2025-12-16 17:53:26.232,0.00868091304795325,-0.5698061989604943,-0.8217215369430546,0.0,-0.9999515571642996,-0.0061853583985487315,-0.006274676675512739,0.0,-0.001507321564230072,0.8217520216171277,-0.5698432617394592,0.0,0.4520973482103024,0.23577951723063184,0.17830110684658082,1.0
2025-12-16 17:53:26.282,0.008680786459245514,-0.5698076216828195,-0.82172055172049,0.0,-0.9999515585621898,-0.006185134137568287,-0.006274674968218458,0.0,-0.0015071232323069946,0.8217510367628793,-0.5698446824869876,0.0,0.4523767647703892,0.23576993891173179,0.17780202251470795,1.0
2025-12-16 17:53:26.332,0.008680500988085527,-0.5698093577616321,-0.8217193508802625,0.0,-0.9999515613652445,-0.006184807567220624,-0.006274550165075297,0.0,-0.001506907672293506,0.8217498353864245,-0.5698464155118037,0.0,0.45262247507894415,0.23578193814407178,0.1771806963598463,1.0
2025-12-16 17:53:26.383,0.008680143528920685,-0.5698113155593137,-0.8217179970464866,0.0,-0.999951564841681,-0.006184415152269959,-0.006274382926315826,0.0,-0.001506659850131276,0.8217484807542439,-0.5698483696161533,0.0,0.45279288279703966,0.2357736188832604,0.17651103956775036,1.0
2025-12-16 17:53:26.433,0.00867983972651615,-0.5698135380516973,-0.8217164590882534,0.0,-0.9999515679600126,-0.006183996509335766,-0.006274298581785791,0.0,-0.0015063404427067952,0.8217469427650056,-0.5698505883078805,0.0,0.4528851560501145,0.23570056875671894,0.17582178673800083,1.0
2025-12-16 17:53:26.482,0.008679551065774779,-0.5698156659587709,-0.821714986550974,0.0,-0.9999515708955895,-0.006183613671798081,-0.006274208046396329,0.0,-0.001506054985062117,0.8217454700859477,-0.5698527127175994,0.0,0.45295510492436575,0.23561994999709085,0.17516091610567108,1.0
2025-12-16 17:53:26.532,0.008679341975761005,-0.569817207348128,-0.8217139198857816,0.0,-0.9999515729714291,-0.0061833638838381545,-0.006274123385216419,0.0,-0.001505881702036392,0.8217444031109391,-0.5698542517838625,0.0,0.4529779116544532,0.23555308879704964,0.17467905303702336,1.0
2025-12-16 17:53:26.583,0.008679136072007628,-0.5698183700498423,-0.8217131157843307,0.0,-0.999951574858929,-0.0061832006706860326,-0.006273983409449071,0.0,-0.001505815080143722,0.8217435980771783,-0.5698554128374295,0.0,0.45297689970269067,0.23552274606481427,0.17430205219714626,1.0
2025-12-16 17:53:26.632,0.008678932681061593,-0.5698190277499653,-0.8217126618489033,0.0,-0.9999515765831626,-0.006183112203696598,-0.0062737957834405715,0.0,-0.001505842365919909,0.8217431426673245,-0.5698560694754407,0.0,0.45295959043643785,0.2355384368222436,0.1740595348312511,1.0
2025-12-16 17:53:26.682,0.0086786355258427,-0.5698196059153308,-0.8217122640566554,0.0,-0.9999515790601963,-0.0061830029515139275,-0.006273508645836554,0.0,-0.0015059101231170097,0.8217427425657913,-0.5698566462498728,0.0,0.4529980376936657,0.2356130793700714,0.17379652184148142,1.0
2025-12-16 17:53:26.734,0.008678277310934356,-0.5698201319288294,-0.8217119030735373,0.0,-0.9999515820786955,-0.00618285215319821,-0.0062731761312862615,0.0,-0.0015059701530766452,0.8217423789405699,-0.5698571704444816,0.0,0.45310139047272224,0.2357209349936685,0.17349789093581702,1.0
2025-12-16 17:53:26.782,0.008677814645534843,-0.5698204480550223,-0.8217116887403754,0.0,-0.9999515859081788,-0.006182692243160309,-0.006272723296339138,0.0,-0.0015060934818106639,0.8217421609283203,-0.5698574844952714,0.0,0.4532164429138123,0.2358865271209492,0.17321200401750483,1.0
2025-12-16 17:53:26.832,0.008677253423380151,-0.5698207439096001,-0.8217114895050116,0.0,-0.9999515904914782,-0.0061825312229377375,-0.006272151341357718,0.0,-0.0015062839974999418,0.8217419569814356,-0.56985777808576,0.0,0.4532887323316673,0.2360797447803421,0.17291627516519736,1.0
2025-12-16 17:53:26.882,0.00867681188795569,-0.5698212853762319,-0.8217111186839621,0.0,-0.9999515940597639,-0.006182427259852449,-0.006271684918925727,0.0,-0.0015064586618960697,0.8217415822867865,-0.5698583179379839,0.0,0.45326532408742565,0.2361962328611011,0.17263757779736869,1.0
2025-12-16 17:53:26.932,0.008676456160980414,-0.5698220303086344,-0.8217106058611148,0.0,-0.9999515969106691,-0.006182358811475431,-0.006271297835137489,0.0,-0.0015066151465502494,0.8217410662319236,-0.5698590616800099,0.0,0.45315042512129844,0.2362387275764501,0.17235661676962702,1.0
2025-12-16 17:53:26.982,0.008676079749865333,-0.5698228044712116,-0.8217100729855668,0.0,-0.9999515998883878,-0.0061823074299450454,-0.00627087367942371,0.0,-0.00150680647367934,0.8217405297780664,-0.5698598347438724,0.0,0.45299925623358495,0.2362798093945186,0.17207388011372707,1.0
2025-12-16 17:53:27.032,0.008675672229246834,-0.569823475921319,-0.8217096116643183,0.0,-0.9999516031267552,-0.0061822424869916095,-0.006270421299412072,0.0,-0.0015070038273721793,0.8217400646509777,-0.5698605049368408,0.0,0.4528810743319955,0.23635575355848584,0.17180213923436607,1.0
2025-12-16 17:53:27.082,0.008675278676675719,-0.5698241641246881,-0.821709138576839,0.0,-0.9999516062727701,-0.0061821698015257455,-0.006269991248847205,0.0,-0.0015071819176263274,0.8217395879637766,-0.5698611918491993,0.0,0.45278881046940045,0.23642949510839514,0.17152068995540515,1.0
2025-12-16 17:53:27.132,0.008674891462826793,-0.5698250438063402,-0.821708532638197,0.0,-0.9999516093918914,-0.00618208676958535,-0.006269575659290759,0.0,-0.0015073412443653042,0.8217389785727125,-0.5698620701684295,0.0,0.4527337641532978,0.2364812401321203,0.17116386884769302,1.0
2025-12-16 17:53:27.182,0.008674495579663275,-0.5698259855235395,-0.821707883770001,0.0,-0.9999516125841946,-0.006182000277239215,-0.006269151780702733,0.0,-0.0015075017975213266,0.8217383261875433,-0.5698630104795581,0.0,0.45268891865596195,0.23652734815136553,0.170775351579943,1.0
2025-12-16 17:53:27.232,0.008673987751136538,-0.5698271094937041,-0.8217071096952683,0.0,-0.9999516166767782,-0.0061818898572311,-0.0062686078597266074,0.0,-0.0015077091778560793,0.8217375475965629,-0.5698641326518292,0.0,0.45261402605999246,0.23659272312510235,0.17030455597800517,1.0
2025-12-16 17:53:27.282,0.008673391508801798,-0.5698283670302136,-0.8217062439270032,0.0,-0.9999516214422346,-0.006181781136113242,-0.006267954868988069,0.0,-0.0015079787037828758,0.8217366763679643,-0.5698653882382756,0.0,0.45250208400905373,0.23666920746259182,0.1697622499371114,1.0
2025-12-16 17:53:27.333,0.008672643437337757,-0.569829900419203,-0.8217051884619314,0.0,-0.9999516274365985,-0.006181635660019705,-0.006267141986052138,0.0,-0.0015083062407635407,0.8217356141203808,-0.5698669191122475,0.0,0.4524136406476075,0.23677340469224828,0.1690825770946215,1.0
2025-12-16 17:53:27.382,0.008671916006491292,-0.5698313716437522,-0.8217041758836233,0.0,-0.9999516333031249,-0.006181473237620604,-0.006266366110709683,0.0,-0.0015085994215917533,0.8217345951047457,-0.5698683877316103,0.0,0.4523664515121743,0.2368795339336892,0.16842338699414966,1.0
2025-12-16 17:53:27.433,0.008671206537208936,-0.5698330791647968,-0.8217029992448388,0.0,-0.9999516389361881,-0.006181364834110476,-0.006265574101963289,0.0,-0.0015089436922001115,0.8217334118153284,-0.5698700930872522,0.0,0.45224334860467325,0.2369438787734875,0.16770564922648099,1.0
2025-12-16 17:53:27.482,0.008670656783381636,-0.5698345999811164,-0.8217019503910857,0.0,-0.9999516432660321,-0.006181301220926464,-0.006264945808755541,0.0,-0.0015092334377750601,0.8217323576576063,-0.5698716123767722,0.0,0.4520955673350462,0.23695840400542548,0.16708643863460257,1.0
2025-12-16 17:53:27.532,0.008670179775039377,-0.5698361022075523,-0.8217009136570197,0.0,-0.9999516469935676,-0.006181263232337587,-0.0062643883111165935,0.0,-0.001509504090276424,0.8217313161945052,-0.5698731134056492,0.0,0.4519917841855716,0.23694618526223243,0.1664597086900379,1.0
2025-12-16 17:53:27.582,0.008669823127969234,-0.5698374801166017,-0.8216999618610799,0.0,-0.9999516497689273,-0.006181242989974841,-0.006263965254378508,0.0,-0.0015097140196965917,0.821730360804703,-0.5698744904760622,0.0,0.4520016365135627,0.2369247304036215,0.16587770433975574,1.0
2025-12-16 17:53:27.632,0.008669668093864472,-0.5698388169139291,-0.8216990364449043,0.0,-0.9999516510147392,-0.006181218359820456,-0.006263790680868993,0.0,-0.0015097791672645056,0.8217294339544868,-0.5698758267725562,0.0,0.45211401355207964,0.23683625583013962,0.16535734134634966,1.0
2025-12-16 17:53:27.682,0.008669797467736575,-0.5698400979114869,-0.8216981467213517,0.0,-0.9999516500927674,-0.006181193150775842,-0.006263962738777811,0.0,-0.001509646881520702,0.8217285458013472,-0.5698771077885971,0.0,0.4522705697762092,0.2366473158882892,0.16496538609829722,1.0
2025-12-16 17:53:27.732,0.008669953615881219,-0.5698412032872443,-0.821697378504795,0.0,-0.9999516490157881,-0.006181139853503436,-0.006264187251820022,0.0,-0.0015094634744507861,0.821727779646856,-0.5698782130215785,0.0,0.4524262316993631,0.2364856958946645,0.1646462755074367,1.0
2025-12-16 17:53:27.782,0.008670090040551894,-0.5698422297406036,-0.8216966652263803,0.0,-0.9999516481307384,-0.006181063294681085,-0.006264404071865948,0.0,-0.0015092661705349878,0.8217270683964316,-0.5698792391202128,0.0,0.45256534203401044,0.2363481826847598,0.16434530147470838,1.0
2025-12-16 17:53:27.832,0.008670120744164749,-0.5698430860654448,-0.821696071045067,0.0,-0.9999516480888472,-0.006180965180629516,-0.006264507565816833,0.0,-0.0015091175353932396,0.8217264752876522,-0.5698800947353712,0.0,0.4526966597306087,0.2362943466002275,0.1640558732783163,1.0
2025-12-16 17:53:27.882,0.008670030269899116,-0.5698439961441969,-0.8216954408628173,0.0,-0.9999516489636123,-0.006180871381383473,-0.006264460481761969,0.0,-0.0015090576940644815,0.8217258448675289,-0.5698810039136429,0.0,0.45287520458663283,0.23633219032140343,0.16370472523086457,1.0
2025-12-16 17:53:27.932,0.008669748247817577,-0.5698450817396898,-0.8216946909793283,0.0,-0.999951651240314,-0.00618081068657801,-0.006264156945200272,0.0,-0.001509169356828439,0.821725092478264,-0.5698820885055443,0.0,0.4530772630001033,0.236450139983027,0.16325056095550192,1.0
2025-12-16 17:53:27.982,0.008669216293140488,-0.569846652955106,-0.8216936069520889,0.0,-0.9999516554806407,-0.006180721844388488,-0.006263567690717318,0.0,-0.001509415602697698,0.8217240035260974,-0.569883658033445,0.0,0.4532530058230082,0.23659296031501928,0.16259283535535682,1.0
2025-12-16 17:53:28.032,0.008668448101240308,-0.5698486526367776,-0.8216922282684519,0.0,-0.9999516615812447,-0.006180603582415379,-0.006262710393511677,0.0,-0.0015097859181393762,0.8217226176521901,-0.5698856553601904,0.0,0.4533704662133517,0.2367496179714466,0.16175748495320483,1.0
2025-12-16 17:53:28.082,0.00866754550925854,-0.5698510105985617,-0.8216906025237547,0.0,-0.9999516686261636,-0.006180531119683717,-0.00626165697220583,0.0,-0.0015103018640076778,0.8217209829601003,-0.569888011061266,0.0,0.453435453139595,0.23689910124797925,0.16079254505952592,1.0
2025-12-16 17:53:28.132,0.008666822440159863,-0.5698535556498666,-0.8216888451252113,0.0,-0.9999516741648511,-0.0061805347609993665,-0.006260768817629837,0.0,-0.0015107841854708492,0.8217192179385014,-0.5698905547573871,0.0,0.4534843407218536,0.236968945523602,0.15983422292728675,1.0
2025-12-16 17:53:28.182,0.008666521943911858,-0.5698559986032792,-0.8216871540644064,0.0,-0.9999516765052566,-0.006180525706763389,-0.006260403942447581,0.0,-0.001510958928970457,0.8217175238063461,-0.5698929970377615,0.0,0.45357243608806325,0.23686277993361687,0.15899642541832165,1.0
2025-12-16 17:53:28.232,0.008666712033084542,-0.5698582106448891,-0.8216856179612427,0.0,-0.9999516750376393,-0.00618055306241186,-0.006260611349598447,0.0,-0.0015108398695542005,0.8217159895295254,-0.5698952095906769,0.0,0.4536690547101652,0.23655762535180996,0.1583854698227427,1.0
2025-12-16 17:53:28.282,0.008666976726570732,-0.5698600045793876,-0.8216843710308781,0.0,-0.9999516731361493,-0.006180504000750066,-0.006260963481807368,0.0,-0.001510579947440984,0.8217147457821129,-0.5698970036001768,0.0,0.45378189020402526,0.23626742818410734,0.15790521602619412,1.0
2025-12-16 17:53:28.332,0.008667259826105547,-0.5698614314209355,-0.8216833784902781,0.0,-0.9999516711695132,-0.006180411202611094,-0.006261369169153002,0.0,-0.0015102574371678985,0.8217137569431626,-0.5698984302249189,0.0,0.45389165476999765,0.23598260111360347,0.15752463789573745,1.0
2025-12-16 17:53:28.382,0.008667449698633315,-0.5698626860309407,-0.8216825063773303,0.0,-0.9999516698860218,-0.006180331850273837,-0.006261652464436375,0.0,-0.0015100175451177279,0.8217128874453095,-0.5698996845527341,0.0,0.4540254366162086,0.23578850889754527,0.15715118395498157,1.0
2025-12-16 17:53:28.432,0.0086676100848392,-0.5698637556975189,-0.8216817628370147,0.0,-0.9999516688275396,-0.006180250876042955,-0.006261901415386888,0.0,-0.0015097978445090955,0.8217121462190152,-0.5699007538743992,0.0,0.4541550913600648,0.23565068914316697,0.15684168479553673,1.0
2025-12-16 17:53:28.482,0.008667719121279727,-0.569864532509897,-0.8216812229409405,0.0,-0.9999516680958452,-0.006180202767943165,-0.006262065736786855,0.0,-0.0015096564703113438,0.8217116078445171,-0.5699015305041039,0.0,0.454228173571014,0.23556293687028013,0.15663087509832208,1.0
2025-12-16 17:53:28.532,0.008667797397191195,-0.5698650609942378,-0.8216808555926828,0.0,-0.9999516675468433,-0.006180180914689874,-0.006262174970186978,0.0,-0.0015095706842713494,0.8217112414928381,-0.5699020589545609,0.0,0.45429329401608987,0.23551679204951698,0.15649269419949816,1.0
2025-12-16 17:53:28.583,0.008667858796289674,-0.5698654564765242,-0.8216805806637387,0.0,-0.9999516671084412,-0.006180167851810347,-0.006262257866043909,0.0,-0.0015095085343851226,0.8217109673146985,-0.5699024544417469,0.0,0.4543388831863988,0.23547996720249137,0.15639239523601245,1.0
2025-12-16 17:53:28.632,0.008667919028001974,-0.56986601107428,-0.8216801953943035,0.0,-0.9999516666774277,-0.006180156818671993,-0.0062623375778653005,0.0,-0.001509448188390392,0.8217105827704477,-0.5699030090543634,0.0,0.4544239481417663,0.23546716767073322,0.15624589457016907,1.0
2025-12-16 17:53:28.682,0.008667996639137178,-0.5698668344822786,-0.8216796235106597,0.0,-0.9999516661134057,-0.006180148130791341,-0.006262436212376293,0.0,-0.0015093761490225723,0.8217100117809966,-0.5699038325213431,0.0,0.4545552389827661,0.2354605720745939,0.15602676861755677,1.0
2025-12-16 17:53:28.732,0.008668031961661462,-0.5698676541020925,-0.8216790546991555,0.0,-0.9999516658415637,-0.006180155809390634,-0.006262472040780547,0.0,-0.0015093533923241102,0.8217094432944403,-0.5699046522472668,0.0,0.4547534027409739,0.23552540684278284,0.1557949110556693,1.0
2025-12-16 17:53:28.782,0.008667851448881886,-0.5698681403469742,-0.8216787193726934,0.0,-0.9999516672033888,-0.006180167103011953,-0.006262243443863589,0.0,-0.0015094878272758545,0.821709105984774,-0.5699051382363582,0.0,0.45489268009476985,0.2357018507127505,0.15558776957812467,1.0
2025-12-16 17:53:28.832,0.008667490316428111,-0.5698682844514487,-0.821678623239759,0.0,-0.9999516699151059,-0.006180190232165931,-0.006261787595751972,0.0,-0.0015097651141921607,0.8217090058701595,-0.5699052818505669,0.0,0.45490093580183494,0.2359315201036436,0.1554383641074094,1.0
2025-12-16 17:53:28.882,0.008667066778323752,-0.5698684449897042,-0.8216785163673714,0.0,-0.9999516730657878,-0.006180233274678211,-0.006261241954320514,0.0,-0.0015101097660215428,0.821708894208419,-0.5699054419351265,0.0,0.454851501384365,0.23618170823161724,0.15528974919594274,1.0
2025-12-16 17:53:28.932,0.008666454361268026,-0.5698688557776939,-0.8216782379281043,0.0,-0.9999516775785773,-0.0061803199520422715,-0.006260435630823972,0.0,-0.0015106362028465704,0.821708608662714,-0.569905852249167,0.0,0.4547716876439599,0.2364921597668992,0.15503451075882757,1.0
2025-12-16 17:53:28.982,0.008665952318108494,-0.5698695451939224,-0.8216777650831867,0.0,-0.9999516811944117,-0.006180438905907291,-0.006259740618287628,0.0,-0.0015111227820597966,0.8217081296365193,-0.5699065416339691,0.0,0.4546972233020987,0.23672198038136524,0.15473104334108986,1.0
2025-12-16 17:53:29.032,0.008665519424084132,-0.5698705247510292,-0.8216770902820071,0.0,-0.999951684271613,-0.006180566268170838,-0.00625912327546464,0.0,-0.0015115689444414433,0.8217074493239123,-0.5699075213443987,0.0,0.45471490095819106,0.2369437939384261,0.15435209810240355,1.0
2025-12-16 17:53:29.083,0.0086653176574627,-0.5698715697721922,-0.8216763676390364,0.0,-0.9999516855925433,-0.006180691629970891,-0.006258788446237174,0.0,-0.0015118517591135355,0.8217067236229779,-0.5699085669272304,0.0,0.45477457165686297,0.23702593371668337,0.15399167145047551,1.0
2025-12-16 17:53:29.132,0.008665416761968796,-0.5698725448861524,-0.8216756903052019,0.0,-0.9999516846439481,-0.006180804335453211,-0.006258828700742342,0.0,-0.0015119111382508473,0.8217060464984902,-0.5699095430614679,0.0,0.4548839118832909,0.23692687129460338,0.153719612413451,1.0
2025-12-16 17:53:29.182,0.00866556034883856,-0.569873490065681,-0.8216750332615742,0.0,-0.9999516833782572,-0.006180904992102978,-0.006258931512387528,0.0,-0.0015119252791734243,0.8217053902235919,-0.5699104892519917,0.0,0.4550041948206852,0.236821303954754,0.15347430163732761,1.0
2025-12-16 17:53:29.232,0.008665659774953068,-0.5698744874148909,-0.8216743404996217,0.0,-0.9999516824241786,-0.006181019500336985,-0.0062589708578421445,0.0,-0.0015119864226210268,0.8217046976610913,-0.5699114876353629,0.0,0.4550559547048614,0.2367255861693903,0.15321645767420083,1.0
2025-12-16 17:53:29.282,0.008665711939588793,-0.5698754474371579,-0.8216736741225724,0.0,-0.999951681814813,-0.0061811420285373024,-0.006258947208477892,0.0,-0.0015120904523716109,0.8217040309242616,-0.5699124486667088,0.0,0.455036671633538,0.23663091058564054,0.1529668634597464,1.0
2025-12-16 17:53:29.332,0.008665780937176288,-0.5698763814035314,-0.821673025637555,0.0,-0.99995168108069,-0.006181262468257766,-0.006258945550877291,0.0,-0.001512180506778229,0.8217033822723679,-0.569913383657785,0.0,0.4550466518264408,0.23655275613961527,0.15273343814409227,1.0
2025-12-16 17:53:29.382,0.008665958055355442,-0.569877284027844,-0.8216723977481775,0.0,-0.9999516795544321,-0.0061813655655299764,-0.006259087571187456,0.0,-0.0015121747540762333,0.8217027554864931,-0.569914287374354,0.0,0.45517827142416495,0.23648178450494126,0.1525424009263424,1.0
2025-12-16 17:53:29.432,0.008666223548817813,-0.5698780725801943,-0.8216718480408668,0.0,-0.9999516774117381,-0.0061814369194703985,-0.006259359413717781,0.0,-0.0015120701309287495,0.8217022080522081,-0.5699150769422098,0.0,0.4554043910883512,0.23639229054074073,0.15241680299749757,1.0
2025-12-16 17:53:29.482,0.008666414043236677,-0.5698788109785096,-0.821671333908248,0.0,-0.9999516757950939,-0.006181532466326992,-0.006259523317272637,0.0,-0.0015120474334630232,0.8217016952190389,-0.5699158164033672,0.0,0.45555809832708044,0.23629148665353383,0.15228000972167116,1.0
2025-12-16 17:53:29.533,0.008666493024861218,-0.5698795425793526,-0.8216708256652455,0.0,-0.9999516748926918,-0.006181701452966692,-0.006259500591508693,0.0,-0.001512191517383659,0.8217011865467602,-0.5699165494214576,0.0,0.45556165765896595,0.23619359222128278,0.15206787401666785,1.0
2025-12-16 17:53:29.582,0.008666501137327285,-0.5698805375603305,-0.8216701354979344,0.0,-0.9999516745040571,-0.006181886616835081,-0.00625937980927834,0.0,-0.0015124020020071106,0.8217004950841803,-0.569917545806933,0.0,0.45547902184525313,0.2361222536686163,0.1517747894891215,1.0
2025-12-16 17:53:29.632,0.008666520996849088,-0.5698816288261004,-0.8216693784251242,0.0,-0.9999516740692973,-0.006182048934414819,-0.0062592889524329745,0.0,-0.0015125756435969086,0.8216997370130275,-0.5699186383227378,0.0,0.45541690564586274,0.23604740487336262,0.15149334165163625,1.0
2025-12-16 17:53:29.682,0.008666672073472716,-0.5698829808187186,-0.821668439134394,0.0,-0.999951672530687,-0.006182269861133999,-0.006259316548501537,0.0,-0.001512727179243473,0.8216987976701746,-0.5699199922479213,0.0,0.4554737055513103,0.23596494076591182,0.15118751824179055,1.0
2025-12-16 17:53:29.732,0.00866695275893483,-0.5698845572584317,-0.8216673428033052,0.0,-0.9999516699634107,-0.006182514911976721,-0.006259484639961875,0.0,-0.0015128160932528101,0.8216977024752755,-0.5699215710379119,0.0,0.45560014536975574,0.2358236078226869,0.1508649876295516,1.0
2025-12-16 17:53:29.782,0.008667219889649544,-0.5698862354448865,-0.8216661760417353,0.0,-0.9999516674726587,-0.006182775213869581,-0.006259625429089142,0.0,-0.0015129320248568501,0.8216965365934329,-0.5699232516638053,0.0,0.45569749536691234,0.23568434537127164,0.15051486817051413,1.0
2025-12-16 17:53:29.833,0.008667425476967191,-0.5698877909681432,-0.8216650950005479,0.0,-0.9999516654099672,-0.006183056691676521,-0.0062596769077266174,0.0,-0.0015131175510433165,0.821695455621928,-0.5699248096771615,0.0,0.45573918009342007,0.23555982879852772,0.15018577904988106,1.0
2025-12-16 17:53:29.883,0.008667599749251846,-0.569889305532004,-0.8216640426938767,0.0,-0.9999516635706075,-0.0061833460888690165,-0.0062596848745093536,0.0,-0.0015133348151567974,0.8216944029944588,-0.5699263267347078,0.0,0.4557286949656557,0.23542109493314486,0.14986396259343926,1.0
2025-12-16 17:53:29.932,0.008667718244504824,-0.5698905774704897,-0.8216631592520101,0.0,-0.9999516621984605,-0.006183610638468366,-0.006259642738677942,0.0,-0.0015135627784577757,0.8216935188273505,-0.5699276008800085,0.0,0.45570392629924406,0.23533874240229324,0.14959661751313888,1.0
2025-12-16 17:53:29.982,0.008667856703703158,-0.5698916975860987,-0.8216623808985092,0.0,-0.9999516607022169,-0.006183858800350796,-0.006259636604766852,0.0,-0.0015137583586130269,0.8216927400806106,-0.5699287231175929,0.0,0.455734153036159,0.23530516244055677,0.14938097008699994,1.0
2025-12-16 17:53:30.032,0.008668051862895949,-0.5698925373871851,-0.821661796366672,0.0,-0.9999516589046918,-0.006184033867886863,-0.006259750800463192,0.0,-0.0015138282554777508,0.8216921563003114,-0.5699295645942201,0.0,0.455837212179515,0.23526267491243205,0.14924886111454272,1.0
2025-12-16 17:53:30.085,0.008668303263398961,-0.5698935749796016,-0.8216610740546928,0.0,-0.9999516565888011,-0.006184259206476478,-0.0062598981291502554,0.0,-0.001513918485618812,0.8216914349572787,-0.569930604344658,0.0,0.4559664982936787,0.2352010248625217,0.1490873344485746,1.0
2025-12-16 17:53:30.132,0.008668567129986681,-0.5698950324691381,-0.8216600603729751,0.0,-0.9999516539353964,-0.006184619330953046,-0.0062599661983358265,0.0,-0.0015141602052743885,0.8216904213666948,-0.5699320650332778,0.0,0.4560537615084234,0.23510168865371145,0.14882666116970308,1.0
2025-12-16 17:53:30.182,0.008668913745596021,-0.569897212667079,-0.8216585445487521,0.0,-0.9999516503170699,-0.006185166364261408,-0.006260003707884638,0.0,-0.0015145652883170014,0.8216889051085033,-0.5699342499916777,0.0,0.4561325257794243,0.23496801916620233,0.14843162066832405,1.0
2025-12-16 17:53:30.233,0.008669397181529129,-0.5698998493204108,-0.8216567106756265,0.0,-0.9999516454390701,-0.006185834556436094,-0.0062601226621414865,0.0,-0.001515018681347725,0.8216870713382701,-0.5699368925713896,0.0,0.4562746934078396,0.23482336252065672,0.14799275488827365,1.0
2025-12-16 17:53:30.282,0.008669976780243636,-0.5699027692845281,-0.8216546792696215,0.0,-0.9999516396612572,-0.006186595290975981,-0.0062602938171449525,0.0,-0.0015155153650191406,0.8216850403562922,-0.5699398193387237,0.0,0.4564567841323326,0.23465545161637572,0.1475422017186309,1.0
2025-12-16 17:53:30.332,0.008670460009020841,-0.5699050690985896,-0.8216530790060802,0.0,-0.999951634891622,-0.006187202525010248,-0.006260455550123731,0.0,-0.0015158978379579042,0.821683440647809,-0.5699421246222492,0.0,0.4566206178641233,0.2345321622507934,0.14720336226989222,1.0
2025-12-16 17:53:30.382,0.008670818044069275,-0.5699068122592668,-0.8216518661550863,0.0,-0.9999516312987909,-0.00618768452541709,-0.006260553035419949,0.0,-0.0015162199060234313,0.8216822279668102,-0.5699438720792563,0.0,0.4567305340813867,0.23443476241212913,0.14694405784820977,1.0
2025-12-16 17:53:30.432,0.008671025129919435,-0.5699080427040226,-0.821651010518258,0.0,-0.9999516290589694,-0.0061880525880546695,-0.006260546996007497,0.0,-0.0015165127749343689,0.8216813717586355,-0.569945105684618,0.0,0.45676393431386964,0.23437699746199228,0.14674684026447726,1.0
2025-12-16 17:53:30.483,0.008671169770361408,-0.5699090035255008,-0.8216503425524708,0.0,-0.9999516274131242,-0.00618835450760815,-0.0062605114440469935,0.0,-0.0015167709649166739,0.8216807030572257,-0.5699460690532244,0.0,0.4567694798431528,0.23431891778447234,0.1465874467109875,1.0
2025-12-16 17:53:30.532,0.008671335734897702,-0.5699101777991414,-0.8216495263059134,0.0,-0.9999516254796108,-0.006188725813111378,-0.006260453234625035,0.0,-0.0015170968255468083,0.8216798857800163,-0.5699472464375639,0.0,0.45676720746348687,0.23426249531942764,0.14639584677814077,1.0
2025-12-16 17:53:30.582,0.008671556609045006,-0.5699117361783136,-0.8216484430542084,0.0,-0.9999516229032196,-0.006189221536854792,-0.00626037468473762,0.0,-0.0015175324509709334,0.8216788011445654,-0.5699488089687441,0.0,0.45676282348544966,0.23418042718890358,0.1461441907264983,1.0
2025-12-16 17:53:30.632,0.008671847891007693,-0.5699136913598244,-0.8216470838236952,0.0,-0.9999516195451918,-0.006189852869024078,-0.006260286863753789,0.0,-0.001518080591393589,0.8216774402564565,-0.5699507694572535,0.0,0.4567720033702432,0.2340866983133762,0.14583318680089596,1.0
2025-12-16 17:53:30.683,0.008672275267232073,-0.5699160752732828,-0.8216454257695319,0.0,-0.9999516149185952,-0.006190612592105502,-0.006260274645404084,0.0,-0.0015186866023964376,0.8216757810186804,-0.5699531598985527,0.0,0.4568480333995072,0.23399781235268782,0.14547988285907296,1.0
2025-12-16 17:53:30.733,0.008672723800854756,-0.5699183440610969,-0.8216438473363864,0.0,-0.9999516101763654,-0.006191346495218447,-0.006260306340625951,0.0,-0.001519247581783019,0.8216742018179067,-0.5699554350593482,0.0,0.4569473840510963,0.23387671670101812,0.14515156619779335,1.0
2025-12-16 17:53:30.782,0.0086731718359422,-0.5699205940334325,-0.821642281950054,0.0,-0.9999516054462957,-0.00619207545564311,-0.006260340896130599,0.0,-0.0015198030659255245,0.8216726356952875,-0.5699576913668243,0.0,0.45704783845585,0.23378085896997003,0.14483505587351606,1.0
2025-12-16 17:53:30.835,0.008673617686150862,-0.5699228666223672,-0.82164070088962,0.0,-0.9999516006635255,-0.00619284179155832,-0.006260346812003074,0.0,-0.001520405341481721,0.8216710535936756,-0.5699599705714925,0.0,0.45714082158764163,0.2336695560813954,0.14451435348872027,1.0
2025-12-16 17:53:30.882,0.008673991977872508,-0.569924726116697,-0.821639407115545,0.0,-0.999951596669108,-0.006193473333070892,-0.006260360068128708,0.0,-0.0015208970421310992,0.8216697590335027,-0.5699618355311282,0.0,0.4572215215250455,0.2335813875296499,0.144257468512061,1.0
2025-12-16 17:53:30.932,0.008674281549975914,-0.5699262581723054,-0.821638341356168,0.0,-0.9999515934927995,-0.006194008954486147,-0.006260337490212005,0.0,-0.001521333813407093,0.8216686923123757,-0.5699633721714918,0.0,0.4572678245119129,0.23350329791168287,0.144040666956534,1.0
2025-12-16 17:53:30.982,0.008674589016580064,-0.56992786064876,-0.8216372265561789,0.0,-0.9999515901372847,-0.006194568107019695,-0.0062603202067647665,0.0,-0.0015217861558465605,0.8216675765627711,-0.5699649794437889,0.0,0.45731779679164625,0.2334267262280269,0.14382016557310828,1.0
2025-12-16 17:53:31.032,0.008674898055584116,-0.5699293469094825,-0.8216361923480882,0.0,-0.9999515868600897,-0.006195077469963979,-0.00626033963440792,0.0,-0.0015221778910941533,0.8216665417953771,-0.5699664701265272,0.0,0.4573832873763197,0.23336393678662137,0.14362532597544655,1.0
2025-12-16 17:53:31.082,0.00867525503843877,-0.569930992718953,-0.8216350469579637,0.0,-0.9999515831167484,-0.006195642334216936,-0.006260378549577273,0.0,-0.0015226024334671208,0.8216653959354159,-0.5699681208665324,0.0,0.4574677002129927,0.23329963908003967,0.14341405197655474,1.0
2025-12-16 17:53:31.132,0.008675733906363458,-0.5699332355268504,-0.8216334861629546,0.0,-0.9999515780513707,-0.006196423771697725,-0.006260414221363105,0.0,-0.0015232004586920667,0.8216638343313994,-0.5699703704686628,0.0,0.45757437022647274,0.23321454132927202,0.1431233479570985,1.0
2025-12-16 17:53:31.183,0.008676527370809184,-0.5699369414269754,-0.8216309071419212,0.0,-0.9999515696523883,-0.00619772096625732,-0.006260471688119673,0.0,-0.001524194359366063,0.8216612539507314,-0.5699740876458038,0.0,0.45774587457238425,0.23308117670320738,0.14265370825846724,1.0
2025-12-16 17:53:31.232,0.008677418640481955,-0.5699411357270449,-0.8216279882727415,0.0,-0.9999515600970381,-0.0061992424818126685,-0.00626049146310951,0.0,-0.0015253888829153993,0.8216583330670989,-0.5699782951044297,0.0,0.45792979143001916,0.23291890981897012,0.14213574259504053,1.0
2025-12-16 17:53:31.282,0.008678442584155755,-0.5699459884396489,-0.8216246112410905,0.0,-0.9999515490601691,-0.0062010210864538815,-0.006260492860884932,0.0,-0.001526798143334552,0.821654953488322,-0.5699831631684684,0.0,0.45812308398180485,0.23273519440791848,0.14154193352416128,1.0
2025-12-16 17:53:31.335,0.008679391668431007,-0.5699505430174826,-0.821621441769597,0.0,-0.9999515386824174,-0.00620274809030798,-0.006260439601387105,0.0,-0.0015281993011256596,0.8216517810622046,-0.5699877325734328,0.0,0.4582841185808762,0.2325618284203128,0.14098002222654374,1.0
2025-12-16 17:53:31.383,0.0086799967931688,-0.5699535281031028,-0.8216193646450309,0.0,-0.9999515319373788,-0.006203917965685539,-0.006260357751132148,0.0,-0.0015291755911998872,0.8216497015342946,-0.5699907276356484,0.0,0.45837008653628303,0.23244686883539106,0.1406075052954168,1.0
2025-12-16 17:53:31.437,0.008680433046307702,-0.56995559849613,-0.8216179238102437,0.0,-0.9999515271548467,-0.0062047172433393775,-0.006260329530350004,0.0,-0.0015298264889490396,0.8216482592982919,-0.5699928048870448,0.0,0.45843866243291437,0.23237308551883057,0.14035691141965045,1.0
2025-12-16 17:53:31.482,0.00868065920542787,-0.5699565910035858,-0.8216172329184307,0.0,-0.9999515247428348,-0.0062050947079188585,-0.006260340673954017,0.0,-0.001530119774416282,0.821647567957472,-0.5699938006707156,0.0,0.4584847321615645,0.2323412989373281,0.14024091705040642,1.0
2025-12-16 17:53:31.532,0.008681010683310153,-0.5699579636533908,-0.8216162769948053,0.0,-0.9999515211698871,-0.006205585621394905,-0.006260424772541054,0.0,-0.0015304606659706783,0.821646612056621,-0.5699951776866417,0.0,0.4585806937979911,0.23230143301471234,0.14009308633064427,1.0
2025-12-16 17:53:31.582,0.008681710735677368,-0.5699608085040817,-0.8216142961081457,0.0,-0.9999515139671615,-0.006206610189410696,-0.006260559555383512,0.0,-0.0015311955563753381,0.8216446308627569,-0.5699980315883308,0.0,0.45875661966085934,0.23221971157047802,0.13977766107315015,1.0
2025-12-16 17:53:31.632,0.008682843205316367,-0.5699657337791302,-0.8216108674139467,0.0,-0.9999515020028127,-0.006208436495641915,-0.006260659694219579,0.0,-0.001532586904958556,0.8216412003980993,-0.5700029727867649,0.0,0.4589924452096519,0.23208977176975706,0.1392150980709377,1.0
2025-12-16 17:53:31.682,0.00868420902460957,-0.5699721847118957,-0.8216063778170016,0.0,-0.9999514870622641,-0.006210914291029751,-0.006260588378425357,0.0,-0.0015345951036629954,0.8216367065887296,-0.5700094450128818,0.0,0.4592011125842461,0.23188897254588053,0.13845511149132328,1.0
2025-12-16 17:53:31.732,0.008685548227747223,-0.5699788582164326,-0.8216017340168434,0.0,-0.999951472167145,-0.00621347477784859,-0.006260426754861775,0.0,-0.0015367203446953535,0.8216320576669037,-0.5700161403895788,0.0,0.4593681103247614,0.2317099485631744,0.13765969611305134,1.0
2025-12-16 17:53:31.782,0.008686494975845624,-0.5699855016276982,-0.8215971151607484,0.0,-0.9999514611766468,-0.006215543448959509,-0.0062601287152160715,0.0,-0.0015385195820946287,0.8216274332542837,-0.5700228011943673,0.0,0.4594282504760569,0.23166596913892915,0.13676582672498275,1.0
2025-12-16 17:53:31.832,0.008683522135828261,-0.569991678413204,-0.8215928613883057,0.0,-0.9999514840681658,-0.0062154589507734,-0.006256555051506343,0.0,-0.0015404220472125417,0.8216231487709835,-0.5700289716352763,0.0,0.4592502628296379,0.23274724775027278,0.13518930571485271,1.0
2025-12-16 17:53:31.882,0.008675107745975567,-0.5699975356685144,-0.8215888866937191,0.0,-0.9999515494566441,-0.006214778468730884,-0.006246772690710231,0.0,-0.0015453776368947619,0.8216190904054169,-0.5700348077875024,0.0,0.45877995044021536,0.23478299456351703,0.13270409711099837,1.0
2025-12-16 17:53:31.932,0.008665581742072595,-0.5700035051785555,-0.8215848456966817,0.0,-0.9999516239277989,-0.006213706538138539,-0.0062359086285608085,0.0,-0.0015506272054669485,0.8216149570587609,-0.5700407510806574,0.0,0.4580935455047619,0.2370393252607481,0.12987127972821694,1.0
2025-12-16 17:53:31.982,0.008657582058018089,-0.5700082344166617,-0.8215816489377771,0.0,-0.9999516856092968,-0.006213208741547078,-0.006226506682565975,0.0,-0.0015555281510991007,0.8216116797843742,-0.5700454613222263,0.0,0.4574557337676189,0.23890761901803867,0.12734503480367815,1.0
2025-12-16 17:53:32.032,0.008654790371138777,-0.5700117529458325,-0.8215792372062839,0.0,-0.9999517061145716,-0.006213576269588064,-0.006222845788531095,0.0,-0.0015578800096768264,0.8216092359023306,-0.5700489772728867,0.0,0.45690715251038005,0.2395445838676985,0.12589553775954357,1.0
2025-12-16 17:53:32.082,0.008654894525566621,-0.5700132929430813,-0.8215781676567024,0.0,-0.9999517048940099,-0.006213815578101229,-0.006222802964306606,0.0,-0.0015580848057533514,0.8216081656585071,-0.5700505192480761,0.0,0.45680060256695265,0.23921561197209515,0.12548956733548813,1.0
2025-12-16 17:53:32.132,0.008654921861175098,-0.5700141229844815,-0.8215775914830065,0.0,-0.999951705259777,-0.006213519770479268,-0.006223039557501573,0.0,-0.001557698162512016,0.8216075920198991,-0.5700513470834866,0.0,0.45701574330584155,0.23853034076392315,0.12584259788771737,1.0
2025-12-16 17:53:32.183,0.008654525025079449,-0.5700149608895307,-0.821577014320572,0.0,-0.9999517095026098,-0.006212873550443385,-0.0062230029939698344,0.0,-0.001557179274227753,0.8216070155740873,-0.5700521793240945,0.0,0.45729686549700543,0.23801150879098518,0.12656157856771277,1.0
2025-12-16 17:53:32.236,0.008654161551976123,-0.5700150890032556,-0.8215769292632622,0.0,-0.9999517136330328,-0.006212147676899125,-0.006223063940696943,0.0,-0.001556546834837425,0.8216069321782881,-0.5700523012483442,0.0,0.45743282566996873,0.23779023201133612,0.12730457842666243,1.0
2025-12-16 17:53:32.282,0.00865380842052235,-0.5700153710734547,-0.8215767372808344,0.0,-0.9999517172520506,-0.006211651354021708,-0.006222977851407117,0.0,-0.0015561851847986567,0.8216067402321762,-0.5700525788843763,0.0,0.4574570985686344,0.2374969967935804,0.12775816523841615,1.0
2025-12-16 17:53:32.332,0.008653221392476493,-0.570016395385043,-0.8215760327888001,0.0,-0.9999517224426603,-0.006211266107665602,-0.006222528304851199,0.0,-0.0015561141728386717,0.8216060324819223,-0.5700535991448484,0.0,0.45752194065381807,0.23689130686774387,0.12805334512452954,1.0
2025-12-16 17:53:32.382,0.008652661024109862,-0.570017465347277,-0.8215752963408015,0.0,-0.9999517271658126,-0.006211021230238816,-0.0062220137089413485,0.0,-0.00155619508566341,0.8216052919961141,-0.5700546661688116,0.0,0.4575699859307358,0.23627770890257146,0.12820411385478309,1.0
2025-12-16 17:53:32.432,0.008651893762244832,-0.5700188135691352,-0.8215743690091423,0.0,-0.9999517334279233,-0.006210792933818088,-0.006221235153303028,0.0,-0.0015564371708662302,0.8216043583261391,-0.570056011180328,0.0,0.45761527944107494,0.23549007501075833,0.12829237926125425,1.0
2025-12-16 17:53:32.482,0.008650707495221541,-0.5700201508875049,-0.8215734536505098,0.0,-0.9999517434326787,-0.006210263220375774,-0.006220155776865318,0.0,-0.0015566032370062238,0.8216034344961266,-0.5700573422126335,0.0,0.45768606711394877,0.23459615065398456,0.12856827919967784,1.0
2025-12-16 17:53:32.532,0.008649343905413918,-0.5700212828677268,-0.821572682620987,0.0,-0.999951754969283,-0.006209631138536143,-0.0062189320773520925,0.0,-0.001556769644414251,0.8216026539010023,-0.5700584668006466,0.0,0.4577633988880262,0.233712508751432,0.12888347410754245,1.0
2025-12-16 17:53:32.582,0.008648124576315551,-0.5700223713291362,-0.8215719402625853,0.0,-0.9999517652881681,-0.006209064184143347,-0.00621783887227926,0.0,-0.001556915625912988,0.8216019030045666,-0.5700595486376914,0.0,0.45787305331081196,0.2329258005442822,0.12916191671211738,1.0
2025-12-16 17:53:32.633,0.008647158711996753,-0.5700234902124812,-0.8215711741251631,0.0,-0.9999517734861773,-0.0062086037241511,-0.006216980203729493,0.0,-0.0015570150743819075,0.8216011301938356,-0.5700606621827802,0.0,0.45798811316403043,0.2322542230872541,0.12940291112206986,1.0
2025-12-16 17:53:32.682,0.008646675653731312,-0.5700242212455778,-0.8215706720025491,0.0,-0.9999517776557268,-0.006208337884310334,-0.0062165750276585215,0.0,-0.0015570199661352152,0.8216006250047009,-0.5700613902736354,0.0,0.45807239896260327,0.23187531856339086,0.1295622425136621,1.0
2025-12-16 17:53:32.733,0.008646602126982953,-0.5700243328797983,-0.8215705953220375,0.0,-0.9999517783152672,-0.0062082842789511015,-0.0062165224728154425,0.0,-0.0015570047127530563,0.8216005479567571,-0.5700615013605823,0.0,0.4580900240434363,0.23181309273022552,0.12959767404119138,1.0
2025-12-16 17:53:32.782,0.008646606284191262,-0.5700242729705451,-0.8215706368446819,0.0,-0.9999517782486465,-0.006208302381151994,-0.0062165151107523445,0.0,-0.0015570244121352256,0.8216005893856496,-0.5700614415974239,0.0,0.45806361424062,0.23182384516000176,0.12958801766998831,1.0
2025-12-16 17:53:32.832,0.008646597772582925,-0.5700242364175293,-0.8215706622955691,0.0,-0.9999517783056634,-0.006208306002485982,-0.006216502322763272,0.0,-0.001557035062224916,0.8216006147191558,-0.570061405056438,0.0,0.458043516401854,0.23182223433573118,0.12958875669331443,1.0
2025-12-16 17:53:32.883,0.00864655441103668,-0.5700240390837068,-0.8215707996665425,0.0,-0.99995177865575,-0.006208292907051976,-0.006216459087811231,0.0,-0.0015570510282354132,0.8216007517303734,-0.570061207545454,0.0,0.4579540904836763,0.23182890266592882,0.129623158752767,1.0
2025-12-16 17:53:32.932,0.008646511973945472,-0.5700238955800299,-0.8215708996791816,0.0,-0.9999517789561155,-0.006208302762491232,-0.006216400929598392,0.0,-0.0015570937905642743,0.8216008512202024,-0.5700610640389029,0.0,0.45786609241484966,0.23181796336147656,0.12963150157636855,1.0
2025-12-16 17:53:32.982,0.008646517524684677,-0.5700239266311978,-0.8215708780767818,0.0,-0.999951778886716,-0.0062083174548089055,-0.006216397419752751,0.0,-0.0015571075351645406,0.8216008295655687,-0.5700610952111125,0.0,0.4578693910558603,0.2318118068362897,0.1296138029794301,1.0
2025-12-16 17:53:33.032,0.008646533270863314,-0.5700239426320932,-0.8215708668092899,0.0,-0.9999517787524942,-0.006208325531994774,-0.006216410943569598,0.0,-0.0015571062928016724,0.8216008184029512,-0.5700611113026335,0.0,0.45788408530557806,0.23182521077291046,0.12960354193430626,1.0
2025-12-16 17:53:33.082,0.008646547109774048,-0.5700238880447519,-0.8215709045375396,0.0,-0.9999517786386957,-0.0062083299135991905,-0.006216424872984203,0.0,-0.0015571025259952355,0.8216008562430859,-0.5700610567758088,0.0,0.45788421890315756,0.23186279571514462,0.12960318415096053,1.0
2025-12-16 17:53:33.132,0.008646560434558954,-0.5700238321645149,-0.8215709431682333,0.0,-0.9999517784912657,-0.006208354082949135,-0.006216424450063543,0.0,-0.0015571232115115495,0.8216008948307115,-0.5700610011048625,0.0,0.4578747649530276,0.23190661060532483,0.12958311114794052,1.0
2025-12-16 17:53:33.182,0.008646559582183105,-0.5700238548228163,-0.8215709274563804,0.0,-0.9999517784591317,-0.006208374612502947,-0.00621640911608913,0.0,-0.0015571485808172916,0.8216008789550254,-0.5700610239164113,0.0,0.45786352598619223,0.23189768402549335,0.12956215297819548,1.0
2025-12-16 17:53:33.232,0.00864655888540036,-0.5700239006470262,-0.8215708956698738,0.0,-0.9999517784398784,-0.0062083878996249476,-0.006216398943152729,0.0,-0.0015571648140548593,0.8216008470613272,-0.5700610698388829,0.0,0.4578609051977077,0.23187676896502754,0.12954500022641785,1.0
