timestamp,ee_pose_cmd
2025-12-16 18:41:39.932,0.009987319642644642,-0.5645879002753252,-0.8253008561792865,0.0,-0.9999400964293524,-0.006379102860669581,-0.007736762938004312,0.0,-0.0008966135730603048,0.8253445776762951,-0.5646286604348371,0.0,0.4445339086002074,0.2656122094528783,0.21400948569131803,1.0
2025-12-16 18:41:39.983,0.009987281342154214,-0.5645876208231496,-0.8253010478157994,0.0,-0.999940096721926,-0.006379161425364268,-0.007736676835886842,0.0,-0.0008967139052097537,0.8253447683902136,-0.5646283814997941,0.0,0.44460730909451457,0.265729850584559,0.2141148293100038,1.0
2025-12-16 18:41:40.033,0.009987271714766096,-0.5645875158217648,-0.8253011197636364,0.0,-0.9999400967740855,-0.006379195499388677,-0.007736641999056039,0.0,-0.0008967629672533123,0.8253448399557571,-0.564628276811024,0.0,0.4446492746900574,0.26578146448962886,0.2141655117566297,1.0
2025-12-16 18:41:40.082,0.009987267826762722,-0.5645875340796824,-0.8253011073204666,0.0,-0.9999400968251445,-0.006379182222364958,-0.007736646347261664,0.0,-0.0008967493338732492,0.8253448275685799,-0.5646282949396209,0.0,0.44465558224169877,0.26577833937589085,0.21414951883806407,1.0
2025-12-16 18:41:40.135,0.009987244683102529,-0.5645875530905374,-0.8253010945952317,0.0,-0.9999400970647813,-0.006379161526015967,-0.00773663243984915,0.0,-0.000896739876666914,0.8253448147236814,-0.5646283137306575,0.0,0.4446432383612761,0.2657782454421596,0.21411574555083585,1.0
2025-12-16 18:41:40.182,0.009987205898320643,-0.5645875129012788,-0.8253011225580038,0.0,-0.9999400974228244,-0.006379166244826785,-0.0077365822726712975,0.0,-0.0008967725848072633,0.8253448421797068,-0.5646282735448926,0.0,0.4446206494816163,0.2658029741130586,0.21410798542695159,1.0
2025-12-16 18:41:40.232,0.009987227175823165,-0.5645875099263096,-0.825301124335691,0.0,-0.9999400972153999,-0.0063791735460839265,-0.007736603061668109,0.0,-0.0008967669075818688,0.8253448441583776,-0.564628270661589,0.0,0.4446394313585642,0.26579887966479,0.2141252301733626,1.0
2025-12-16 18:41:40.283,0.009987261664767584,-0.5645875374317524,-0.8253011051018877,0.0,-0.999940096891566,-0.006379174286108312,-0.007736644306224321,0.0,-0.0008967438962249436,0.8253448253368513,-0.5646282982104838,0.0,0.44466547749130697,0.26578227972533947,0.2141404015229196,1.0
2025-12-16 18:41:40.333,0.009987256175926277,-0.5645875151116514,-0.8253011204374653,0.0,-0.9999400969355136,-0.006379180985906968,-0.0077366331018794985,0.0,-0.0008967560221540083,0.825344840553707,-0.5646282759480016,0.0,0.44466673551167646,0.2657921709348948,0.2141479351901618,1.0
2025-12-16 18:41:40.382,0.009987232527023814,-0.5645874287791919,-0.8253011797835749,0.0,-0.9999400971337252,-0.006379201786205481,-0.0077365903326422555,0.0,-0.0008967983829563989,0.8253448994508708,-0.5646281897878396,0.0,0.44467662714103134,0.265831244408572,0.2141731212300242,1.0
2025-12-16 18:41:40.432,0.009987223010006648,-0.5645874172465062,-0.8253011877882378,0.0,-0.9999400972243813,-0.006379200352001327,-0.0077365797981034205,0.0,-0.0008968032873554246,0.8253449073511846,-0.5646281782317707,0.0,0.4446779675679046,0.26583851008509407,0.21416990611444545,1.0
2025-12-16 18:41:40.482,0.009987242989056603,-0.5645874418562054,-0.8253011707110027,0.0,-0.9999400970396793,-0.0063791982018588265,-0.007736605443385104,0.0,-0.0008967867341835441,0.8253448905329093,-0.5646282028421654,0.0,0.4446900886532077,0.26582636451743746,0.21417538778609355,1.0
2025-12-16 18:41:40.532,0.009987252738511391,-0.5645874290027184,-0.8253011793860746,0.0,-0.9999400969432742,-0.006379202693052804,-0.00773661420032843,0.0,-0.000896785651472626,0.8253448992909522,-0.5646281900418213,0.0,0.44471305444665715,0.2658329942847604,0.21419267127063354,1.0
2025-12-16 18:41:40.582,0.009987246784740151,-0.5645873522613187,-0.8253012319568065,0.0,-0.9999400969840183,-0.006379215841167525,-0.007736598092952292,0.0,-0.0008968065261287567,0.8253449516862398,-0.5646281134198803,0.0,0.4447539075747412,0.2658714988435921,0.21422990205677095,1.0
2025-12-16 18:41:40.632,0.009987236783301177,-0.5645873078287006,-0.8253012624741237,0.0,-0.9999400970849075,-0.006379208860156959,-0.007736590809433342,0.0,-0.0008968054152866758,0.8253449821354597,-0.5646280689125053,0.0,0.44480023572949645,0.2659015029724851,0.21424077898496713,1.0
2025-12-16 18:41:40.682,0.009987228725911677,-0.5645873334642002,-0.825301245034423,0.0,-0.9999400972164935,-0.006379157511509662,-0.007736616141508281,0.0,-0.0008967484243354571,0.8253449649957321,-0.5646280940570148,0.0,0.44489743857972,0.26591435176781036,0.21420478577442084,1.0
2025-12-16 18:41:40.733,0.009987222977206493,-0.5645874433581871,-0.825301169925669,0.0,-0.9999400973678051,-0.006379068872222872,-0.007736669670858272,0.0,-0.0008966437168754182,0.8253448905050548,-0.5646282031100147,0.0,0.4450340169121143,0.26590761343412644,0.2141178303351226,1.0
2025-12-16 18:41:40.782,0.00998722005545674,-0.564587560808987,-0.8253010896130761,0.0,-0.9999400974752916,-0.006378996242106549,-0.007736715663387063,0.0,-0.0008965563856724557,0.8253448107211784,-0.5646283198727016,0.0,0.445137122133433,0.26589530067306066,0.21403488394429898,1.0
2025-12-16 18:41:40.832,0.00998722380546223,-0.5645876293054365,-0.8253010427093466,0.0,-0.999940097476209,-0.006378963676820117,-0.00773674239507531,0.0,-0.0008965135871667343,0.8253447641161065,-0.5646283880655634,0.0,0.44518053219593773,0.2658834486531567,0.21399726790811396,1.0
2025-12-16 18:41:40.882,0.009987200429583133,-0.5645876615157834,-0.8253010209571576,0.0,-0.9999400977110259,-0.006378949542445845,-0.007736723699814278,0.0,-0.0008965120891785925,0.8253447421910266,-0.5646284201168957,0.0,0.4451570442145568,0.26587423817350664,0.21394281961271552,1.0
2025-12-16 18:41:40.932,0.00998706861363731,-0.5645876551272675,-0.8253010269226669,0.0,-0.9999400989959584,-0.006378904148596026,-0.0077365950536501605,0.0,-0.0008965473457825534,0.825344746912104,-0.5646284131598869,0.0,0.4451343557990765,0.26593442978785714,0.21382677594633975,1.0
2025-12-16 18:41:40.982,0.009986771916791827,-0.5645877296595363,-0.8253009795255187,0.0,-0.9999401019331138,-0.006378761344137635,-0.007736333169995289,0.0,-0.0008965764670142304,0.8253446970300758,-0.5646284860286197,0.0,0.445095607603339,0.2660310085431805,0.21363130987376283,1.0
2025-12-16 18:41:41.032,0.009986415961146425,-0.5645881267729438,-0.8253007121676786,0.0,-0.9999401055825652,-0.006378477110155128,-0.007736095817152498,0.0,-0.0008964711154610071,0.8253444275708613,-0.5646288800772296,0.0,0.4449491516734752,0.2660565504090586,0.21331158182953008,1.0
2025-12-16 18:41:41.082,0.009985985754496978,-0.5645888606239098,-0.8253002153453702,0.0,-0.9999401101108967,-0.006378027486574865,-0.0077358812036324625,0.0,-0.0008962123583332109,0.8253439290346971,-0.5646296092209279,0.0,0.44486782834353805,0.2660623586647117,0.21285604484343595,1.0
2025-12-16 18:41:41.133,0.009985527378908066,-0.5645895614051375,-0.8252997414857998,0.0,-0.9999401149502577,-0.006377534025955628,-0.007735662494028961,0.0,-0.0008959201374948831,0.8253434534584032,-0.564630304854835,0.0,0.4449151318233835,0.26610099169358203,0.21237402684493548,1.0
2025-12-16 18:41:41.182,0.009985182071627283,-0.5645902771457345,-0.8252992560233575,0.0,-0.999940118677815,-0.0063770883703150915,-0.007735548055750084,0.0,-0.0008956083101814578,0.8253429672781551,-0.5646310160186429,0.0,0.44498740088385125,0.2660929070652083,0.211930629654853,1.0
2025-12-16 18:41:41.232,0.009984903377831273,-0.5645912404612867,-0.8252986003866292,0.0,-0.9999401218047849,-0.006376622914959506,-0.007735527547648924,0.0,-0.0008952241089980247,0.8253423118881322,-0.5646319746356451,0.0,0.4449959169073818,0.2660066874875748,0.21144166105582637,1.0
2025-12-16 18:41:41.282,0.00998470502308109,-0.5645924135433368,-0.8252978002734044,0.0,-0.9999401242209507,-0.006376120276213973,-0.007735629542674152,0.0,-0.0008947375109321962,0.8253415132855089,-0.5646331427505586,0.0,0.4449818019069124,0.2658520479173201,0.2109093249337088,1.0
2025-12-16 18:41:41.332,0.00998449577809822,-0.5645937197414443,-0.8252969092234531,0.0,-0.9999401267499266,-0.006375608724352161,-0.007735724267518483,0.0,-0.0008942460525411675,0.8253406236860766,-0.5646344438815927,0.0,0.4449742929028005,0.2657004837230151,0.2103383409740281,1.0
2025-12-16 18:41:41.382,0.009984176600142749,-0.5645952311092199,-0.8252958791412641,0.0,-0.9999401304060854,-0.006375009492760205,-0.007735745512625949,0.0,-0.0008937212452616539,0.8253395944062003,-0.5646359492343226,0.0,0.4449954236605309,0.2655903902675712,0.20968712109001825,1.0
2025-12-16 18:41:41.433,0.009983729675176254,-0.5645970065988113,-0.825294669910477,0.0,-0.9999401354681573,-0.006374219713972752,-0.0077357419921950865,0.0,-0.0008930499761453262,0.8253383859097978,-0.5646377167755885,0.0,0.44511379668502726,0.2655186585997051,0.20890534755210302,1.0
2025-12-16 18:41:41.483,0.009983415335575532,-0.564599073819978,-0.8252932594908726,0.0,-0.9999401393632187,-0.006373361982308481,-0.007735945224590995,0.0,-0.0008922023530284703,0.8253369783593991,-0.5646397755450265,0.0,0.44533113363370824,0.26537431395520594,0.20806723190716836,1.0
2025-12-16 18:41:41.533,0.009983167938095049,-0.5646016474532137,-0.8252915018054198,0.0,-0.9999401427857044,-0.006372364763713422,-0.007736324335994686,0.0,-0.0008911341776562351,0.8253352254408414,-0.5646423394737532,0.0,0.4456908861821037,0.26517132466671983,0.20708052372396035,1.0
2025-12-16 18:41:41.582,0.009983028039394767,-0.5646047100855598,-0.82528940826935,0.0,-0.9999401454013279,-0.006371184691669891,-0.0077369581622355795,0.0,-0.0008897653547700727,0.8253331393937716,-0.5646453907861414,0.0,0.4460937879624156,0.2648406275934092,0.2059434942247817,1.0
2025-12-16 18:41:41.632,0.009983066925464159,-0.5646082501018423,-0.8252869859587666,0.0,-0.9999401464971881,-0.006369861933961726,-0.007737905616670454,0.0,-0.0008880959053694629,0.8253307278455051,-0.564648918319757,0.0,0.4464864784680124,0.26438198561902404,0.20471110673946163,1.0
2025-12-16 18:41:41.682,0.00998340380698156,-0.5646121505508066,-0.8252843134338786,0.0,-0.9999401450763459,-0.006368281280236997,-0.00773939012070354,0.0,-0.0008859060005478196,0.8253280716839996,-0.56465280417344,0.0,0.4468383656094663,0.2637648047697422,0.20342847830644223,1.0
2025-12-16 18:41:41.733,0.009984005487265666,-0.564616300671729,-0.8252814668653417,0.0,-0.9999401413557443,-0.006366526480150163,-0.007741314309587438,0.0,-0.0008833210712268089,0.8253252460286487,-0.5646569383365758,0.0,0.4472267899949376,0.2630409969812184,0.20211947365878014,1.0
2025-12-16 18:41:41.782,0.00998462348027809,-0.5646205169815139,-0.8252785747847168,0.0,-0.9999401374290062,-0.006364815460308102,-0.007743228256012758,0.0,-0.000880777248526234,0.8253223747193176,-0.5646611391083193,0.0,0.447644618164767,0.2623232002915091,0.20079485755949528,1.0
2025-12-16 18:41:41.832,0.00998521977442319,-0.5646248355910257,-0.8252756129445923,0.0,-0.9999401336718494,-0.006363130987404705,-0.007745097647518984,0.0,-0.0008782792496074696,0.8253194331826994,-0.5646654423962456,0.0,0.44804131658488955,0.26165053999423926,0.1994830083848039,1.0
2025-12-16 18:41:41.882,0.009985847926350377,-0.5646292990451663,-0.8252725515865436,0.0,-0.9999401296645216,-0.006361395607768199,-0.0077470403141735545,0.0,-0.0008756961024714108,0.8253163929065227,-0.5646698900739283,0.0,0.4483941399736965,0.26097138548578114,0.19816678180393663,1.0
2025-12-16 18:41:41.932,0.009986455260240749,-0.5646337078080409,-0.8252695278631627,0.0,-0.999940125849457,-0.006359656090396672,-0.00774896069114375,0.0,-0.0008731227827135812,0.8253133900407005,-0.5646742829951907,0.0,0.4487407987540842,0.2603305110092391,0.19687775142450997,1.0
2025-12-16 18:41:41.982,0.00998707290081251,-0.5646382676435278,-0.8252664006177629,0.0,-0.9999401220285882,-0.006357825110239982,-0.007750955975103388,0.0,-0.0008704298485932637,0.8253102844826352,-0.5646788261295712,0.0,0.4491730055312316,0.2597213018410824,0.19555617185975271,1.0
2025-12-16 18:41:42.032,0.009987651018582275,-0.5646425414527533,-0.8252634695114737,0.0,-0.999940118479215,-0.006356079118058859,-0.007752845621219982,0.0,-0.0008678701595922045,0.8253073739207405,-0.5646830839979511,0.0,0.4496451348993431,0.25919294218582095,0.19432352258211377,1.0
2025-12-16 18:41:42.082,0.00998816954247165,-0.5646465364081521,-0.8252607298864261,0.0,-0.9999401153997544,-0.006354409856764945,-0.007754610944921463,0.0,-0.0008654473676923157,0.8253046535183997,-0.564687063674854,0.0,0.4501078958822886,0.2587198809988729,0.19315105780615852,1.0
2025-12-16 18:41:42.135,0.009988647799995018,-0.5646504336745477,-0.8252580575598648,0.0,-0.9999401126714901,-0.0063527598857507596,-0.0077563144320818116,0.0,-0.000863076592566749,0.8253019997734892,-0.5646909458001561,0.0,0.4505713190802815,0.2582691088532117,0.19198431464316432,1.0
2025-12-16 18:41:42.182,0.009989125416148718,-0.5646544199003306,-0.8252553243461381,0.0,-0.9999401100092755,-0.006351047605085761,-0.0077580596906586035,0.0,-0.0008606297268810068,0.8252992856123326,-0.5646949162904219,0.0,0.45099705490388303,0.25780042071539505,0.19079095042222974,1.0
2025-12-16 18:41:42.232,0.009989625263371084,-0.5646586239400392,-0.8252524418009604,0.0,-0.9999401073642314,-0.006349113833266911,-0.007759983192630199,0.0,-0.0008578967799987947,0.8252964240947762,-0.5646991025222992,0.0,0.45142356605319756,0.2573113317840003,0.18952852017521823,1.0
2025-12-16 18:41:42.282,0.009990128877749891,-0.5646630639529074,-0.825249397717762,0.0,-0.9999401047543801,-0.006347106688709478,-0.00776196120125492,0.0,-0.0008550696406638843,0.8252934016505268,-0.5647035240265567,0.0,0.45185698110679456,0.25679291607030186,0.1881878783487182,1.0
2025-12-16 18:41:42.332,0.00999062082560357,-0.5646677344454908,-0.8252461960366277,0.0,-0.9999401024178273,-0.006344935362401636,-0.007764037163761506,0.0,-0.0008520489010899908,0.825290222730357,-0.5647081744391061,0.0,0.4523152947744031,0.25626746414601553,0.186753787338718,1.0
2025-12-16 18:41:42.382,0.009991128130654772,-0.564672594907976,-0.8252428641435067,0.0,-0.9999400999742708,-0.006342720270899234,-0.007766161485480016,0.0,-0.0008489624294952701,0.8252869141196854,-0.5647130144113913,0.0,0.4528349662827832,0.2557681494903246,0.1852866311034146,1.0
2025-12-16 18:41:42.432,0.009991624155470427,-0.5646775411681726,-0.82523947363672,0.0,-0.9999400974590393,-0.006340669975739424,-0.007768159310515133,0.0,-0.0008460823441261517,0.8252835454891913,-0.564717941710246,0.0,0.4534251222094793,0.25531615926554085,0.18380866345725252,1.0
2025-12-16 18:41:42.482,0.009992167631679719,-0.5646825710218408,-0.8252360253111789,0.0,-0.9999400943673081,-0.006338739081096693,-0.007770132866881942,0.0,-0.0008433134767143278,0.8252801186947449,-0.5647229537654441,0.0,0.45405550134857975,0.2548844919848939,0.18234934144795004,1.0
2025-12-16 18:41:42.533,0.00999270324643376,-0.5646875653446394,-0.8252326013483597,0.0,-0.9999400911952494,-0.0063369516059054685,-0.007771998841297662,0.0,-0.0008407241413511362,0.8252767150617498,-0.5647279316270849,0.0,0.4546976855243422,0.25449646941109944,0.18093888212842252,1.0
2025-12-16 18:41:42.582,0.009993210824063608,-0.5646921648120344,-0.825229447874064,0.0,-0.9999400881192888,-0.0063353189675393355,-0.007773725411739462,0.0,-0.0008383460830390223,0.8252735803765244,-0.5647325160714207,0.0,0.4552976002363928,0.25413819315621117,0.17963817980478614,1.0
2025-12-16 18:41:42.632,0.009993718499866968,-0.5646965903835338,-0.8252264133563377,0.0,-0.9999400849776328,-0.006333742811705233,-0.007775413694971661,0.0,-0.0008360383575819742,0.8252705642087136,-0.5647369271532509,0.0,0.45588332007155685,0.25377847266334136,0.17837372086532788,1.0
2025-12-16 18:41:42.682,0.009994233202126097,-0.564700569419463,-0.8252236842827794,0.0,-0.9999400816205959,-0.006332304573280393,-0.007777016689939176,0.0,-0.0008338980118907314,0.8252678524988812,-0.564740893017312,0.0,0.4564108878843081,0.25340938209722175,0.17722271802674744,1.0
2025-12-16 18:41:42.732,0.00999477603787596,-0.5647044147100087,-0.8252210463628442,0.0,-0.9999400779020946,-0.006330955800588072,-0.007778592739840465,0.0,-0.0008318483254770597,0.8252652315918685,-0.5647447260081173,0.0,0.45692577054734823,0.25302672061672904,0.17611236054696994,1.0
2025-12-16 18:41:42.782,0.00999538185367838,-0.5647082853775958,-0.8252183902875064,0.0,-0.9999400735527991,-0.006329639623936821,-0.0077802227900265345,0.0,-0.0008297947260733643,0.8252625930411375,-0.5647485847416801,0.0,0.4574561842527771,0.25263417963154167,0.17503430163215414,1.0
2025-12-16 18:41:42.832,0.009996079669519958,-0.5647123660002011,-0.8252155893940102,0.0,-0.9999400682883948,-0.006328368265770939,-0.00778193341668181,0.0,-0.0008277300529186633,0.82525981044637,-0.5647526539335438,0.0,0.4580516083639964,0.2522315605453373,0.1739464225573515,1.0
2025-12-16 18:41:42.882,0.009996839954715649,-0.5647164688312142,-0.8252127725156295,0.0,-0.9999400622118647,-0.006327315146524596,-0.0077835703874674835,0.0,-0.0008258867914138026,0.8252570109495043,-0.5647567474494637,0.0,0.4587850811647816,0.251891149177324,0.17291954200617257,1.0
2025-12-16 18:41:42.932,0.009997516889934652,-0.5647203274739779,-0.8252101237229987,0.0,-0.9999400568122538,-0.006326365321249833,-0.007785035988146587,0.0,-0.000824228505795596,0.8252543777304655,-0.5647605976730958,0.0,0.4596043363026067,0.25164020320732916,0.17191187836988267,1.0
2025-12-16 18:41:42.982,0.00999797302267387,-0.5647235372280025,-0.825207921639958,0.0,-0.9999400534860079,-0.006325416249809316,-0.007786234319277002,0.0,-0.000822729650639876,0.8252521885243231,-0.5647637988148116,0.0,0.46040101575405934,0.2514802121154052,0.1709426738298918,1.0
2025-12-16 18:41:43.032,0.00999821160594944,-0.5647262475262617,-0.82520606397481,0.0,-0.9999400522724117,-0.006324400045047154,-0.00778721559514057,0.0,-0.0008213040391015919,0.8252503416021788,-0.5647664996661564,0.0,0.46106225804430795,0.25135598808380233,0.17001426337796186,1.0
2025-12-16 18:41:43.082,0.0099983265925486,-0.5647287744948686,-0.8252043332557586,0.0,-0.9999400522110001,-0.006323394403336337,-0.007788040105867942,0.0,-0.0008199779049302058,0.8252486200422102,-0.5647690171695532,0.0,0.46158012913246976,0.2512299354680463,0.1690986322021499,1.0
2025-12-16 18:41:43.132,0.009998422061553594,-0.5647313238726018,-0.8252025874260127,0.0,-0.9999400522233507,-0.006322498530218718,-0.00778876582691786,0.0,-0.0008187978737610547,0.8252468822934396,-0.5647715580967227,0.0,0.46205947633179584,0.25111136472653584,0.1682025561332142,1.0
2025-12-16 18:41:43.182,0.009998657798414778,-0.5647339767922538,-0.8252007690252384,0.0,-0.9999400507530027,-0.006321762328338009,-0.007789552128003808,0.0,-0.0008177141277920019,0.8252450724515517,-0.5647742042073438,0.0,0.46251006039393805,0.2509329478166052,0.16735344947772432,1.0
2025-12-16 18:41:43.233,0.009999030925127795,-0.5647367177192979,-0.8251988887179871,0.0,-0.9999400480042399,-0.006321006884426369,-0.00779051798368676,0.0,-0.0008165120215534067,0.8252432025168562,-0.5647769382754947,0.0,0.46299893155058663,0.2506988940608096,0.16651707346492975,1.0
2025-12-16 18:41:43.282,0.009999438265148208,-0.5647393029849421,-0.8251971145124488,0.0,-0.999940044999658,-0.006320180326233509,-0.007791574162793887,0.0,-0.0008152021017211299,0.8252414396389597,-0.564779516048653,0.0,0.46347483243577003,0.25043747148702766,0.16570070847604898,1.0
2025-12-16 18:41:43.332,0.009999951223943005,-0.5647420827683177,-0.8251952058920542,0.0,-0.9999400409863606,-0.0063193651715521,-0.007792750299637944,0.0,-0.0008138314779128541,0.8252395435428042,-0.5647822885427531,0.0,0.46393348966223374,0.2501105674127381,0.1648680207478541,1.0
2025-12-16 18:41:43.382,0.010000471073821723,-0.5647449007470677,-0.8251932710339406,0.0,-0.9999400368369978,-0.006318620302182592,-0.0077938866496957224,0.0,-0.0008125408570925766,0.8252376207547532,-0.5647850998994127,0.0,0.46439626484657504,0.249804306522031,0.1640523579738395,1.0
2025-12-16 18:41:43.432,0.010000954136213828,-0.5647478009282955,-0.825191280349125,0.0,-0.9999400330638826,-0.006317845010877411,-0.007794999155124026,0.0,-0.0008112376013167505,0.8252356419287142,-0.5647879931302162,0.0,0.4648259741941355,0.2495057848582062,0.16320352276382258,1.0
2025-12-16 18:41:43.483,0.010001302952287633,-0.56475079298127,-0.8251892284000633,0.0,-0.999940030598873,-0.006317028073646469,-0.007795977389010728,0.0,-0.000809974703888941,0.8252336005319335,-0.5647909777024419,0.0,0.46526018091923066,0.2492774761338011,0.16226747791855842,1.0
2025-12-16 18:41:43.532,0.010001583005180887,-0.5647536759959983,-0.8251872518935358,0.0,-0.9999400286262432,-0.006316368887767161,-0.007796764471859639,0.0,-0.0008089512629031838,0.8252316325336176,-0.5647938546618179,0.0,0.46567837929671185,0.2491207831597219,0.16137549029547,1.0
2025-12-16 18:41:43.583,0.010001934442160425,-0.5647567557361292,-0.825185139868033,0.0,-0.9999400258328476,-0.00631585976194181,-0.007797535128495795,0.0,-0.0008080585367679585,0.8252295287373309,-0.5647969298264323,0.0,0.46605702202670674,0.24895124812595462,0.1604998382569916,1.0
2025-12-16 18:41:43.632,0.01000222455675421,-0.5647591748542756,-0.8251834807017422,0.0,-0.9999400234590463,-0.006315506931588127,-0.007798125295699212,0.0,-0.0008074047298375213,0.8252278758450661,-0.5647993458086178,0.0,0.466292011154308,0.24878584719822666,0.15982301431704873,1.0
2025-12-16 18:41:43.683,0.010002440518427762,-0.5647613311429214,-0.8251820023064966,0.0,-0.9999400217650196,-0.006315172611100629,-0.007798613253161057,0.0,-0.0008068271121373006,0.8252264026771079,-0.5648014990725597,0.0,0.4664216608698127,0.24861584977473306,0.15919795441167262,1.0
2025-12-16 18:41:43.732,0.010002547097944852,-0.5647631939342876,-0.8251807261018063,0.0,-0.9999400210654357,-0.0063148754134482125,-0.007798943606490311,0.0,-0.0008063727035701111,0.8252251300827246,-0.5648033590932453,0.0,0.4664550110893315,0.24847654578991077,0.1586376908960327,1.0
2025-12-16 18:41:43.784,0.010002621130674535,-0.5647648190556886,-0.8251796129502472,0.0,-0.9999400205427372,-0.006314709595383145,-0.007799144884169975,0.0,-0.0008061024904850502,0.8252240191359033,-0.5648049826621228,0.0,0.4664965340421592,0.24838825925122915,0.15815906762506265,1.0
2025-12-16 18:41:43.832,0.010002697156666376,-0.5647663516827175,-0.8251785630745587,0.0,-0.9999400198950343,-0.006314651534699875,-0.007799274935671429,0.0,-0.0008059625458069547,0.8252229706623323,-0.5648065147602409,0.0,0.46657120923252504,0.24834061950538575,0.1577310486755519,1.0
2025-12-16 18:41:43.883,0.010002818789009816,-0.5647682431090072,-0.8251772670723835,0.0,-0.999940018741132,-0.006314673782926624,-0.007799404862412406,0.0,-0.0008058845889841999,0.8252216760090695,-0.564808406448427,0.0,0.4666795793440856,0.24828596684771378,0.15723297143713183,1.0
2025-12-16 18:41:43.932,0.010002989871988338,-0.5647703211112133,-0.8251758427673258,0.0,-0.9999400170657978,-0.0063147531001189056,-0.00779955543248686,0.0,-0.0008058398000412189,0.8252202532201012,-0.5648104852935794,0.0,0.4667578039912953,0.24817668725190217,0.15672018211723845,1.0
2025-12-16 18:41:43.982,0.010003378649513643,-0.5647729359730662,-0.8251740483735329,0.0,-0.9999400133398556,-0.006314830171006963,-0.0077999707056635205,0.0,-0.0008056371320708739,0.82521846301135,-0.564813101170641,0.0,0.4668363546973948,0.24788154258145598,0.1561136437847495,1.0
2025-12-16 18:41:44.032,0.010003898174514105,-0.5647754262753633,-0.8251723376349959,0.0,-0.9999400085591267,-0.0063147201859872215,-0.00780067259628017,0.0,-0.0008051197276329631,0.8252167594716332,-0.5648155908518823,0.0,0.46694623871923757,0.24748773413339115,0.15552710904337136,1.0
2025-12-16 18:41:44.082,0.010004715081794176,-0.5647787559888546,-0.825170048754208,0.0,-0.9999400010792748,-0.0063145021995871025,-0.007801807787903536,0.0,-0.0008042582754394627,0.82521448224186,-0.5648189191828875,0.0,0.467143071029151,0.24687246391422107,0.15473653786313246,1.0
2025-12-16 18:41:44.132,0.01000572960792735,-0.5647828303829885,-0.8251672477630227,0.0,-0.9999399913596714,-0.006314670847521299,-0.007802916949204009,0.0,-0.0008037215180934001,0.8252116923578247,-0.5648229960152618,0.0,0.467431900832016,0.2461097749363963,0.15390543704138218,1.0
2025-12-16 18:41:44.183,0.010006684690395206,-0.5647875896317754,-0.8251639787100771,0.0,-0.9999399816177739,-0.006315444838346077,-0.007803538937476355,0.0,-0.0008039511215889992,0.8252084290760286,-0.564827763344249,0.0,0.4677542422294875,0.2451994509114161,0.15298179381010185,1.0
2025-12-16 18:41:44.232,0.01000746612707074,-0.5647921826540205,-0.8251608254975702,0.0,-0.9999399731374597,-0.006316606747294956,-0.0078036851720661,0.0,-0.0008047715512114929,0.825205276555863,-0.564832367952751,0.0,0.4679895184799372,0.2443609509701347,0.1520611163990066,1.0
2025-12-16 18:41:44.282,0.01000815971146399,-0.564796641768621,-0.8251577649681826,0.0,-0.9999399651724115,-0.006318089238286406,-0.007803505659782441,0.0,-0.0008060421228750291,0.8252022131947153,-0.5648368416052904,0.0,0.4681213528776206,0.24357264907774834,0.1510908107298685,1.0
2025-12-16 18:41:44.333,0.010008756312578441,-0.5648007029525131,-0.8251549779542211,0.0,-0.999939958044806,-0.006319647279338532,-0.007803157362585983,0.0,-0.0008074751942229639,0.8251994215825036,-0.5648409179616082,0.0,0.4680868470310506,0.2429433420114915,0.1501319499761144,1.0
2025-12-16 18:41:44.382,0.010009223541383176,-0.5648046668257113,-0.8251522590874996,0.0,-0.9999399523670933,-0.006320970827538679,-0.007802812896687947,0.0,-0.0008087137897990035,0.8251966983396442,-0.5648448946669843,0.0,0.4679113485072126,0.24244219597236197,0.14923799448435274,1.0
2025-12-16 18:41:44.432,0.010009551522864483,-0.5648081482323648,-0.825149872126177,0.0,-0.9999399483064625,-0.006321981939868545,-0.007802514109514096,0.0,-0.0008096746322606601,0.8251943076934493,-0.5648483858322682,0.0,0.4676915446080937,0.24194991747710004,0.1484476263939244,1.0
2025-12-16 18:41:44.482,0.010009836867753133,-0.5648112772519694,-0.8251477268684002,0.0,-0.9999399447527879,-0.006322882994295292,-0.007802239399042219,0.0,-0.0008105353349157679,0.825192159067425,-0.5648515235405781,0.0,0.46750271864835885,0.24154399259341763,0.14775254634852444,1.0
2025-12-16 18:41:44.532,0.010010146989112942,-0.564814308268453,-0.8251456483759058,0.0,-0.9999399409143296,-0.006323833657536895,-0.007801960864269346,0.0,-0.0008114403176205638,0.8251900771238506,-0.56485456374269,0.0,0.4673577390062587,0.24114167012196097,0.1470925433460977,1.0
2025-12-16 18:41:44.582,0.010010424925469226,-0.5648168653251099,-0.8251438946864581,0.0,-0.9999399374222444,-0.006324736175469748,-0.007801676840077499,0.0,-0.0008123144231691694,0.82518831994967,-0.5648571295149943,0.0,0.4672589175919719,0.24072758963023727,0.14653605909206538,1.0
2025-12-16 18:41:44.632,0.010010753421533439,-0.5648193165012814,-0.8251422128482865,0.0,-0.9999399335019492,-0.006325586284112722,-0.007801490081266551,0.0,-0.0008130916231763792,0.8251866356385085,-0.5648595889649143,0.0,0.4672185126064737,0.2404629115307184,0.14605901541198826,1.0
2025-12-16 18:41:44.682,0.010011030535172499,-0.5648217241639664,-0.8251405614083437,0.0,-0.9999399300628456,-0.0063264399245761905,-0.007801238683736149,0.0,-0.0008139087773845584,0.8251849810733133,-0.56486200488574,0.0,0.46713617964202037,0.24033221245920663,0.14560754594476044,1.0
2025-12-16 18:41:44.732,0.010011258534752394,-0.5648243961251269,-0.8251387296362013,0.0,-0.9999399269538234,-0.006327431260563643,-0.007800833188405864,0.0,-0.0008149233870882416,0.8251831445296325,-0.5648646863489175,0.0,0.4670031850230138,0.24028482058866066,0.1451375466636517,1.0
2025-12-16 18:41:44.782,0.010011372946514465,-0.5648268061867194,-0.825137078506259,0.0,-0.9999399248680294,-0.0063284701551134925,-0.007800257792140834,0.0,-0.0008160763910358934,0.8251814868778979,-0.564867106258902,0.0,0.46681593548761036,0.2401559312531187,0.14469429598717498,1.0
2025-12-16 18:41:44.832,0.010011517158609255,-0.5648294597939111,-0.8251352602902811,0.0,-0.9999399223480585,-0.006329663948171009,-0.007799612174347511,0.0,-0.0008173939157512163,0.8251796613179628,-0.5648697711989539,0.0,0.466623378050019,0.24001710640998272,0.14422072866823704,1.0
2025-12-16 18:41:44.882,0.010011833021335554,-0.5648328077902957,-0.8251329646453911,0.0,-0.9999399179505885,-0.006331119609158027,-0.007798994465525782,0.0,-0.0008189033171516181,0.8251773584173635,-0.564873133148231,0.0,0.466500509228641,0.23988634578857082,0.1436791421455822,1.0
2025-12-16 18:41:44.933,0.010012174848228804,-0.5648362042861033,-0.8251306354654907,0.0,-0.999939913247012,-0.00633263439931282,-0.007798367670935209,0.0,-0.000820466047710931,0.8251750218416827,-0.5648765441793837,0.0,0.46638531426049074,0.23971593379203457,0.1431308439877154,1.0
2025-12-16 18:41:44.982,0.010012390319684265,-0.5648387960318165,-0.8251288586873099,0.0,-0.999939909984408,-0.006333891163513101,-0.007797765340839615,0.0,-0.0008218118223649657,0.825173238093413,-0.5648791479243679,0.0,0.4662543246470561,0.2395318584677672,0.14269290170452653,1.0
2025-12-16 18:41:45.032,0.01001254308365429,-0.5648409125277615,-0.825127407990434,0.0,-0.9999399075136882,-0.006334941740901998,-0.007797228729771481,0.0,-0.0008229561119844919,0.8251717812353779,-0.5648812744250524,0.0,0.4661221364160829,0.23939331508804582,0.14233637958758216,1.0
2025-12-16 18:41:45.082,0.010012640239176607,-0.5648428187160002,-0.8251261019272224,0.0,-0.9999399056556887,-0.006335901605437141,-0.007796687075076423,0.0,-0.000824030954905389,0.8251704690264533,-0.5648831897123939,0.0,0.46597161185309566,0.23929700109081997,0.14202162261476678,1.0
2025-12-16 18:41:45.132,0.010012685433512119,-0.5648445680230226,-0.8251249038821351,0.0,-0.9999399042942185,-0.006336853241295974,-0.007796088267538046,0.0,-0.0008251331982636406,0.825169264263478,-0.5648849479939037,0.0,0.46580738714542874,0.23913175240913087,0.14171093508167398,1.0
2025-12-16 18:41:45.183,0.010012591344028331,-0.5648459365457208,-0.8251239681911885,0.0,-0.9999399043718975,-0.006337676967313969,-0.007795408686328946,0.0,-0.0008261801547259332,0.8251683211367997,-0.5648863241561324,0.0,0.4656040122797585,0.23882824849667167,0.14140646309362542,1.0
2025-12-16 18:41:45.233,0.010012492442740112,-0.5648476693956143,-0.8251227831508686,0.0,-0.9999399043284124,-0.006338669214749709,-0.0077946074615729685,0.0,-0.0008274304560241909,0.8251671273155977,-0.564888066218932,0.0,0.4653950005289639,0.2382527802744568,0.14094481298594452,1.0
2025-12-16 18:41:45.282,0.010012573963980524,-0.5648502602684934,-0.8251210085426496,0.0,-0.9999399021187187,-0.006340127929232646,-0.007793704501470242,0.0,-0.000829112698135465,0.8251653425508699,-0.5648906708603353,0.0,0.46524567589744475,0.23758125457156928,0.14031988775107196,1.0
2025-12-16 18:41:45.332,0.010012865184094135,-0.5648545228150882,-0.8251180869956448,0.0,-0.9999398970914365,-0.006342430642245029,-0.007792475827637947,0.0,-0.0008316550351997029,0.8251624069419602,-0.5648949552966932,0.0,0.46503250712821664,0.2367961653127513,0.139420083727829,1.0
2025-12-16 18:41:45.382,0.010013240357583013,-0.5648599992537502,-0.8251143333876844,0.0,-0.9999398906861869,-0.006345317010471939,-0.0077909478076608005,0.0,-0.000834833315536185,0.825158635825033,-0.5649004591755133,0.0,0.46470896191759953,0.23599175401948333,0.13834973011192817,1.0
2025-12-16 18:41:45.432,0.010013584466791906,-0.5648663584205817,-0.8251099757923217,0.0,-0.9999398841774224,-0.006348592180016242,-0.007789114826699268,0.0,-0.0008384939560981044,0.8251542573630839,-0.5649068493862179,0.0,0.4642345174629019,0.2352878378566981,0.13719064852648227,1.0
2025-12-16 18:41:45.482,0.010013947802208012,-0.5648724451758794,-0.8251058043861078,0.0,-0.9999398779521055,-0.006351395822620439,-0.007787628229492303,0.0,-0.0008415731619750242,0.8251500689338068,-0.5649129627589958,0.0,0.4637771403971554,0.2346777629932059,0.1360905233748451,1.0
2025-12-16 18:41:45.532,0.010014109524246681,-0.564878622982982,-0.8251015730251002,0.0,-0.9999398755569028,-0.006352305559964419,-0.007787193751736108,0.0,-0.0008424942471052717,0.8251458326778738,-0.5649191490981534,0.0,0.4634402042497999,0.23455183419518935,0.13494855904701525,1.0
2025-12-16 18:41:45.583,0.010011635289569994,-0.5648841809165069,-0.825097797967201,0.0,-0.9999398993387186,-0.006351932845535636,-0.007784443513006187,0.0,-0.0008436730492722551,0.8251420305943382,-0.5649247007897938,0.0,0.46313929196772435,0.2353453885658112,0.1333011012194058,1.0
2025-12-16 18:41:45.632,0.010008333594382607,-0.5648878020646582,-0.8250953588758281,0.0,-0.9999399309536616,-0.006351505590425081,-0.007780730192566492,0.0,-0.0008453744836750224,0.825139554821223,-0.5649283144005228,0.0,0.46272096328076,0.23623738374435346,0.13167142276881302,1.0
2025-12-16 18:41:45.682,0.010005658959773713,-0.564890076427672,-0.8250938342052544,0.0,-0.9999399565965749,-0.006351111903946027,-0.007777755488036937,0.0,-0.0008467026818708209,0.8251380007956356,-0.5649305822289585,0.0,0.4622843135543571,0.23704539053323706,0.13046230306889495,1.0
2025-12-16 18:41:45.732,0.010004474014874898,-0.5648911339704512,-0.8250931245395707,0.0,-0.9999399677585747,-0.006351128553949186,-0.007776306724921056,0.0,-0.0008475220964144085,0.8251372766579852,-0.5649316386747508,0.0,0.46183242899448673,0.2374512425727989,0.1299328130516362,1.0
2025-12-16 18:41:45.783,0.01000425515424411,-0.5648912315683124,-0.8250930603739508,0.0,-0.9999399697526391,-0.006351196256472027,-0.007775995011004152,0.0,-0.0008477528797229838,0.825137209319817,-0.5649317366823707,0.0,0.46162420139316684,0.23755884264519486,0.1299365464406408,1.0
2025-12-16 18:41:45.832,0.010004434381549616,-0.5648910741928457,-0.825093165946226,0.0,-0.9999399680198616,-0.006351237260379357,-0.007776184341214543,0.0,-0.0008476816537105223,0.8251373167459324,-0.5649315798830306,0.0,0.4616222099739225,0.23744346631688257,0.13018452583339513,1.0
2025-12-16 18:41:45.882,0.010004532937907623,-0.5648912095810751,-0.8250930720591056,0.0,-0.9999399671365394,-0.006351194202141389,-0.007776333094160775,0.0,-0.0008475604459879766,0.8251372243884431,-0.5649317149619293,0.0,0.4616243859737752,0.23721856565273514,0.1305401734623978,1.0
2025-12-16 18:41:45.932,0.010004516619543024,-0.5648914453233317,-0.8250929108584896,0.0,-0.9999399674259116,-0.006351064425141707,-0.007776401876392282,0.0,-0.0008474116535199147,0.8251370639944107,-0.5649319494560149,0.0,0.4615988939397207,0.23701457644359378,0.13093975642595745,1.0
2025-12-16 18:41:45.982,0.010004469483445057,-0.5648914681085192,-0.8250928958303817,0.0,-0.9999399679860399,-0.00635095180294053,-0.007776421830279345,0.0,-0.0008473071833184857,0.8251370492621584,-0.5649319711305738,0.0,0.4615382443750335,0.23692939892832535,0.1312729604087988,1.0
2025-12-16 18:41:46.032,0.01000444540264233,-0.5648913693985361,-0.8250929637031457,0.0,-0.9999399682836497,-0.006350882068236602,-0.007776440513323064,0.0,-0.0008472402891942108,0.8251371173773661,-0.5649318717421271,0.0,0.4614977262697442,0.23693704085972125,0.13152327797015004,1.0
2025-12-16 18:41:46.082,0.010004435890880544,-0.5648913847931443,-0.8250929532787183,0.0,-0.9999399684354547,-0.00635082167529766,-0.007776470314904234,0.0,-0.0008471734375427732,0.8251371073028042,-0.5649318865572445,0.0,0.4615212846936689,0.2369339068596851,0.13167806666252715,1.0
2025-12-16 18:41:46.132,0.010004421189135899,-0.5648914792524198,-0.825092888786403,0.0,-0.9999399686435237,-0.0063507548653352775,-0.0077764981217448206,0.0,-0.0008471014597457213,0.8251370431486651,-0.5649319803684288,0.0,0.46157265728689306,0.23690409558000666,0.13182841426959652,1.0
2025-12-16 18:41:46.182,0.010004394479885216,-0.5648917006896326,-0.8250927375054719,0.0,-0.9999399690063685,-0.0063506487167381285,-0.007776538151895504,0.0,-0.0008469885796817139,0.8251368923660661,-0.5649322007699834,0.0,0.4616645978363439,0.23683172862500915,0.13202605856425714,1.0
2025-12-16 18:41:46.232,0.01000435080488014,-0.5648920731077484,-0.8250924830624814,0.0,-0.9999399695836536,-0.00635049083975113,-0.007776592849327339,0.0,-0.0008468229032294043,0.8251366386173503,-0.5649325716421656,0.0,0.4617943761881278,0.23672693228020533,0.13224942139541396,1.0
2025-12-16 18:41:46.282,0.010004306706475575,-0.5648924219222446,-0.825092244784395,0.0,-0.9999399701648215,-0.00635033281708158,-0.00777664716290733,0.0,-0.0008466576096670488,0.8251364010289449,-0.5649329189097518,0.0,0.46191157378893805,0.23665100854190504,0.13248446316040036,1.0
2025-12-16 18:41:46.332,0.010004280035325571,-0.5648925361574826,-0.8250921668975838,0.0,-0.9999399705413429,-0.006350211925632747,-0.0077766974665742835,0.0,-0.000846528061445008,0.825136323751826,-0.5649330319742004,0.0,0.46197730695335293,0.2366546429396624,0.13271236747278464,1.0
2025-12-16 18:41:46.383,0.01000425045325658,-0.5648925938633453,-0.825092127748422,0.0,-0.9999399709463821,-0.006350089429564364,-0.007776745411386888,0.0,-0.0008463992073863111,0.8251362851880676,-0.5649330884931575,0.0,0.46203269879779074,0.23669018413234383,0.1330124093169872,1.0
2025-12-16 18:41:46.432,0.010004191869820824,-0.5648927298291389,-0.8250920353708572,0.0,-0.9999399716878653,-0.006349906132506212,-0.007776799739479045,0.0,-0.0008462156333877798,0.8251361935139953,-0.5649332226664816,0.0,0.4620808038931534,0.23671381131509842,0.13342174717992725,1.0
2025-12-16 18:41:46.482,0.010004122731869453,-0.5648928926018927,-0.825091924768047,0.0,-0.9999399725802512,-0.006349672898692971,-0.007776875432613539,0.0,-0.0008459784628033379,0.8251360838715854,-0.5649333831643378,0.0,0.46213191354061656,0.23675198569293188,0.13387422766057752,1.0
2025-12-16 18:41:46.532,0.010004054797110716,-0.5648930160949456,-0.8250918410431536,0.0,-0.9999399734708941,-0.006349429871175202,-0.0077769593381267,0.0,-0.0008457290483250404,0.8251360011960631,-0.5649335042928038,0.0,0.4621780990077417,0.23680225385025566,0.13430858767269296,1.0
